"X1","X2","component","subcomponent"
"14001",9.27923441882387,28.5306412506451,8,6.5
"14002",8.41690660181823,25.5632388834609,8,6.5
"14003",6.2693347393947,24.4592769456805,8,6.5
"14004",5.77827208162319,25.7912978046366,8,6.5
"14005",8.86680745226634,24.4928965720836,8,6.5
"14006",6.1435558450314,23.4679349348555,8,6.5
"14007",9.01595365182873,29.7447365075223,8,6.5
"14008",8.09629309212017,21.5024898567629,8,6.5
"14009",7.06409369971966,23.2882037346242,8,6.5
"14010",8.53333102393063,20.6310894220221,8,6.5
"14011",8.58862820034143,29.3546800431581,8,6.5
"14012",8.86330280664802,30.5901774573298,8,6.5
"14013",8.1275762384774,28.0329897598592,8,6.5
"14014",8.61351073866686,25.6027585202731,8,6.5
"14015",6.97765538927031,25.6158265085248,8,6.5
"14016",8.85766922949535,23.4333784531704,8,6.5
"14017",8.09914660003878,22.8917783329913,8,6.5
"14018",7.24364187669135,32.3330951611417,8,6.5
"14019",8.86406546222487,26.9402299336865,8,6.5
"14020",7.55905651995862,26.7271523443493,8,6.5
"14021",9.05904846659217,27.0868657051004,8,6.5
"14022",4.86594823313366,21.5345483147786,8,6.5
"14023",9.35803499403144,27.951433023444,8,6.5
"14024",7.18632550793817,30.9442482089224,8,6.5
"14025",7.24448118945523,25.9243974357531,8,6.5
"14026",7.39862369740838,29.2576307336962,8,6.5
"14027",7.00713725690327,22.3187550906753,8,6.5
"14028",8.27700477179041,25.3679444833919,8,6.5
"14029",7.91497447813502,32.1946109214478,8,6.5
"14030",7.06259266650073,20.6877637025891,8,6.5
"14031",7.19677631787745,27.5255714252905,8,6.5
"14032",9.32307912073549,32.5819512567353,8,6.5
"14033",6.57926866976341,23.0347939875111,8,6.5
"14034",6.4183277193531,25.179193305097,8,6.5
"14035",6.94440838387919,27.1195115122449,8,6.5
"14036",9.38852977258652,27.101546477778,8,6.5
"14037",8.80347645622071,29.6259403650702,8,6.5
"14038",5.54445294527523,18.7189546400881,8,6.5
"14039",8.29694934720412,27.1707581156532,8,6.5
"14040",6.62085342053594,26.0497249324404,8,6.5
"14041",9.41356373616052,28.1418377349553,8,6.5
"14042",6.23759896102552,22.5707350297217,8,6.5
"14043",9.36719617441652,28.1026118568655,8,6.5
"14044",7.10125519158077,29.6082707033156,8,6.5
"14045",8.73445667493798,29.9459477843036,8,6.5
"14046",9.29071785099111,30.6372478365133,8,6.5
"14047",6.61734848187224,27.9372650675149,8,6.5
"14048",7.13490813357275,26.9579549436455,8,6.5
"14049",9.26577187091347,25.4383731122612,8,6.5
"14050",7.97350364399871,28.0807354028897,8,6.5
"14051",7.99925781041033,29.7922896498778,8,6.5
"14052",7.9129967823952,19.3411860484661,8,6.5
"14053",9.18961052732506,25.5044290466461,8,6.5
"14054",9.60569982687866,29.308770225122,8,6.5
"14055",8.42468101191157,29.2551891745952,8,6.5
"14056",7.29586977192195,25.4726156124065,8,6.5
"14057",8.38761983293628,26.5030800090812,8,6.5
"14058",7.62648204555846,25.8555164260359,8,6.5
"14059",9.49799467624321,30.2621618763351,8,6.5
"14060",5.59454500707498,26.0861098569632,8,6.5
"14061",6.26456666333742,21.6639265948649,8,6.5
"14062",7.37580453819924,24.4002973326711,8,6.5
"14063",7.9380414062512,26.6114356180499,8,6.5
"14064",8.8724321651,25.1488736319881,8,6.5
"14065",8.0358959781277,27.9669782958021,8,6.5
"14066",5.37972978002432,24.3822837601692,8,6.5
"14067",7.31133374316549,24.9920149247422,8,6.5
"14068",6.90694118488683,24.6080120923326,8,6.5
"14069",10.1016206550223,25.4712512473057,8,6.5
"14070",7.037164630875,20.5055716777757,8,6.5
"14071",6.35704059780877,27.7489015330624,8,6.5
"14072",8.7557294746013,27.7560959777967,8,6.5
"14073",8.447383003533,27.1313215338004,8,6.5
"14074",9.36113993180097,28.6746381315375,8,6.5
"14075",6.25513010984372,24.4650893597892,8,6.5
"14076",6.06123376270437,22.7496175359508,8,6.5
"14077",6.03025294775713,25.5501085237332,8,6.5
"14078",9.44512423264056,25.7250443232378,8,6.5
"14079",7.35939890350356,29.5209487830606,8,6.5
"14080",8.71849273233566,27.1672271125557,8,6.5
"14081",9.61281520315397,29.5361808501948,8,6.5
"14082",7.35745104061883,28.4486578373011,8,6.5
"14083",8.33604847055626,28.4212281608116,8,6.5
"14084",7.40993547331132,28.5341682183219,8,6.5
"14085",6.94201894560639,26.018940491307,8,6.5
"14086",6.27640537346335,28.0709651973497,8,6.5
"14087",7.82636360483769,27.4907151602451,8,6.5
"14088",6.43302732468486,28.624694727291,8,6.5
"14089",6.46294010783655,26.7755044271633,8,6.5
"14090",7.10067355230069,30.9999580071115,8,6.5
"14091",5.41694863030853,21.0337438155037,8,6.5
"14092",8.0701991297235,21.1500746454354,8,6.5
"14093",10.6032678836949,30.4215809689649,8,6.5
"14094",8.47250987506322,28.3714512809156,8,6.5
"14095",8.60951695936904,26.0000769434159,8,6.5
"14096",6.04733862482211,21.9499589992299,8,6.5
"14097",7.93823100085464,29.4612760255498,8,6.5
"14098",8.04426386061212,27.7080119757796,8,6.5
"14099",8.24707514198544,30.9216484779268,8,6.5
"14100",7.55258654158068,26.0453206139832,8,6.5
"14101",7.94471766410838,21.5622027717169,8,6.5
"14102",8.3851611123567,24.2738544232323,8,6.5
"14103",9.03314673935029,29.9786937161137,8,6.5
"14104",10.8709535296896,27.7912548765824,8,6.5
"14105",6.50411785316909,21.3145714907337,8,6.5
"14106",8.39647189504083,29.1839905946496,8,6.5
"14107",5.33008461042582,23.6426517162235,8,6.5
"14108",8.8924247867006,27.5237831082825,8,6.5
"14109",6.81091960440982,26.3085436246617,8,6.5
"14110",7.85492749848512,25.4532408818162,8,6.5
"14111",7.8252159932264,28.4007261144393,8,6.5
"14112",10.0540517555862,26.8771491078983,8,6.5
"14113",6.76006647527399,25.3389506248527,8,6.5
"14114",7.0788961626865,24.9516752629472,8,6.5
"14115",8.98745467127493,24.8748431425326,8,6.5
"14116",7.68849788254139,28.3203460004496,8,6.5
"14117",7.21904534046389,24.826810930217,8,6.5
"14118",6.19160486036589,22.2274498557808,8,6.5
"14119",9.24050218449714,28.2330473916736,8,6.5
"14120",7.45488342120377,26.6459351217724,8,6.5
"14121",8.47836598609081,28.2045337336932,8,6.5
"14122",9.32150863555762,29.1834787170541,8,6.5
"14123",7.30459146409187,24.3037531194475,8,6.5
"14124",7.96483731026711,23.5592049647711,8,6.5
"14125",9.83170094337623,27.0979647588019,8,6.5
"14126",10.1314477009721,27.2889528582441,8,6.5
"14127",7.70973731962437,20.6850079352935,8,6.5
"14128",10.19554728642,28.1689328940233,8,6.5
"14129",9.02035559818264,28.2835334786696,8,6.5
"14130",8.05288277065217,24.7091742279093,8,6.5
"14131",7.67454547032181,24.3480268873207,8,6.5
"14132",8.07688665477934,29.1356208629267,8,6.5
"14133",8.19740457450449,26.1044112302755,8,6.5
"14134",6.55523283331893,29.4787988002374,8,6.5
"14135",7.63620141211113,27.3456449117444,8,6.5
"14136",6.2086657276691,30.8776695319314,8,6.5
"14137",8.60846123782651,32.1093389045297,8,6.5
"14138",7.30653743618365,25.1572094411932,8,6.5
"14139",7.82884999619014,28.4300455040753,8,6.5
"14140",7.15835484100026,28.1877754076923,8,6.5
"14141",8.03319739462466,27.043431627092,8,6.5
"14142",8.06276918487454,27.9534163075234,8,6.5
"14143",9.78513770651344,24.7420899207794,8,6.5
"14144",9.29455329364619,24.6224731209023,8,6.5
"14145",9.00640953578742,24.0582935343679,8,6.5
"14146",7.90977819722735,29.9706406295384,8,6.5
"14147",6.1121006454638,25.2017893658353,8,6.5
"14148",8.56496807517293,24.0735149682728,8,6.5
"14149",8.7232388506576,21.5986227431752,8,6.5
"14150",7.33456718185299,24.5378533053066,8,6.5
"14151",5.80630752404003,26.0375695731642,8,6.5
"14152",8.72065299790362,26.8675402314641,8,6.5
"14153",6.4194562543055,26.3044491671142,8,6.5
"14154",9.47216518755714,35.7902819179347,8,6.5
"14155",7.00572435416783,29.3183947069865,8,6.5
"14156",8.2694620315382,29.2507731386772,8,6.5
"14157",8.04657440640238,26.0589218831822,8,6.5
"14158",7.75629945538748,27.3944807731341,8,6.5
"14159",8.09245113273033,26.3140997605474,8,6.5
"14160",7.49357235273747,24.8764743032726,8,6.5
"14161",9.4975269244482,26.8564799098686,8,6.5
"14162",8.64135745971782,31.5716275146446,8,6.5
"14163",8.25006655875494,25.9605389696315,8,6.5
"14164",9.08809480440386,24.7940209241211,8,6.5
"14165",7.02417324734976,25.2955484006164,8,6.5
"14166",7.43333684882388,30.1175063214335,8,6.5
"14167",7.70868764635371,26.2651643060465,8,6.5
"14168",8.01595588962626,24.2621207149021,8,6.5
"14169",7.01299540119655,23.7786691162219,8,6.5
"14170",6.60979948310387,24.6199509590301,8,6.5
"14171",7.57895950251303,22.9442704865745,8,6.5
"14172",8.06409490954488,24.4110261425791,8,6.5
"14173",8.93927268784345,30.3701882520414,8,6.5
"14174",8.02191477842513,29.8994882836493,8,6.5
"14175",8.48356540132921,28.4343776469883,8,6.5
"14176",8.48690008096046,24.8473244798156,8,6.5
"14177",7.93420356912863,24.9422617852414,8,6.5
"14178",10.2733943858632,30.1948538422659,8,6.5
"14179",8.13858135081241,25.6891005788468,8,6.5
"14180",9.59415629931305,28.9169020178423,8,6.5
"14181",9.70712181359109,29.9807696676277,8,6.5
"14182",6.80662728282029,23.6307928876806,8,6.5
"14183",8.85845886302063,29.4859169500187,8,6.5
"14184",6.38148884254891,24.1311738401341,8,6.5
"14185",7.89915585874454,34.8200196031715,8,6.5
"14186",7.36222408559958,25.1787073453103,8,6.5
"14187",7.53701696086419,29.4347336472347,8,6.5
"14188",8.21114581383819,28.7255880857421,8,6.5
"14189",7.71497538805544,26.1023478996275,8,6.5
"14190",8.42388068180405,21.1956672201902,8,6.5
"14191",8.86623284758168,27.8276778712489,8,6.5
"14192",6.26873401464029,21.1749882412799,8,6.5
"14193",8.48582787498292,31.9686840370932,8,6.5
"14194",6.90102254901924,21.5013180283203,8,6.5
"14195",8.41137307666616,30.3253766914883,8,6.5
"14196",7.91815533923072,28.3472683167842,8,6.5
"14197",7.47334519063276,21.3891598321163,8,6.5
"14198",7.18330661658514,25.0883516829656,8,6.5
"14199",9.47246599836498,27.0398785100413,8,6.5
"14200",7.7904724598736,21.5126841115323,8,6.5
"14201",7.38295356562235,30.37026864566,8,6.5
"14202",9.57718474479605,31.9871538365374,8,6.5
"14203",10.416608999952,28.6155961258475,8,6.5
"14204",8.46745278044665,29.5718772799548,8,6.5
"14205",7.19953023617205,23.9340817885642,8,6.5
"14206",6.64118711162285,25.5416172700168,8,6.5
"14207",9.21886960331138,23.8357735807053,8,6.5
"14208",7.19359571705714,27.1676476280578,8,6.5
"14209",9.98994498379831,27.257462663724,8,6.5
"14210",8.12722725056486,29.8521481379408,8,6.5
"14211",8.72253794700874,27.7890680075986,8,6.5
"14212",7.0126131705105,27.9124429805079,8,6.5
"14213",9.45351220980896,25.9418102620292,8,6.5
"14214",9.3084024849919,29.0256798803304,8,6.5
"14215",9.189372967456,25.5034762441293,8,6.5
"14216",5.75803730904222,22.1419585887872,8,6.5
"14217",6.23931306420588,26.6811170976146,8,6.5
"14218",8.64658243218737,28.398486012328,8,6.5
"14219",10.7530620632951,29.5809789717919,8,6.5
"14220",6.55958077921691,26.6046483091905,8,6.5
"14221",8.13777716280792,27.6481243530125,8,6.5
"14222",8.80082668520867,25.9869787002019,8,6.5
"14223",8.67513904051164,28.9898286658231,8,6.5
"14224",7.97685735199091,24.8303714279268,8,6.5
"14225",7.68732050777893,22.1987448518042,8,6.5
"14226",8.28077630558791,26.4017194761504,8,6.5
"14227",8.48976357893368,31.2144186413224,8,6.5
"14228",10.1966785111586,26.902914048442,8,6.5
"14229",8.31273664033075,27.8794714373174,8,6.5
"14230",7.25297182034361,28.2016424177473,8,6.5
"14231",8.81371676849961,26.7622035445542,8,6.5
"14232",10.8655106760148,34.9993598399939,8,6.5
"14233",8.23360640060082,26.5967920932816,8,6.5
"14234",7.61379361351552,24.2038594197896,8,6.5
"14235",9.49675653962649,30.9252264452359,8,6.5
"14236",8.80846671295745,28.8473203509939,8,6.5
"14237",6.00879351256818,23.1337972645922,8,6.5
"14238",8.65600741432902,29.0811931493249,8,6.5
"14239",8.85389127714327,21.489146162012,8,6.5
"14240",7.39529280688004,22.9036753310236,8,6.5
"14241",8.60932478737898,24.0201533973346,8,6.5
"14242",6.66652744542945,23.4477013157824,8,6.5
"14243",7.29933201066958,30.7233431418765,8,6.5
"14244",9.76812284794535,30.6716122340112,8,6.5
"14245",6.81405916178503,26.4314115666331,8,6.5
"14246",5.46094303990535,20.3059825973191,8,6.5
"14247",7.13145192035406,25.9587167326674,8,6.5
"14248",8.826891244327,27.5530426002853,8,6.5
"14249",9.51709261132698,23.8895290071218,8,6.5
"14250",8.05116996370417,26.9819316621652,8,6.5
"14251",7.82939157796872,21.9177162266453,8,6.5
"14252",6.7855620538224,24.4328606172918,8,6.5
"14253",7.9785947443646,26.9980584447018,8,6.5
"14254",8.5798209062255,24.7550639452748,8,6.5
"14255",8.29381618797539,29.6192235411131,8,6.5
"14256",7.69917620271305,26.7718570267414,8,6.5
"14257",8.32169732386406,26.4841392280802,8,6.5
"14258",6.56842655095925,24.4299991514436,8,6.5
"14259",8.5250950035818,30.9688280404115,8,6.5
"14260",9.48095220251525,32.5239519755972,8,6.5
"14261",7.70335560633885,30.517428689744,8,6.5
"14262",8.62423238327664,29.0009945100875,8,6.5
"14263",9.59856506942653,30.1274467099484,8,6.5
"14264",7.61470079041487,26.6664319595722,8,6.5
"14265",8.17709428559172,22.4882132163057,8,6.5
"14266",9.37172325513768,27.9579374817327,8,6.5
"14267",8.27133543726402,27.441388843308,8,6.5
"14268",7.76451115065364,27.5075906484933,8,6.5
"14269",9.41352776460875,24.9102253281973,8,6.5
"14270",8.85404730963878,27.3132798412067,8,6.5
"14271",6.70439036261803,28.5486093673474,8,6.5
"14272",9.70400686378277,26.1097686194695,8,6.5
"14273",10.2918477721355,29.2260794732906,8,6.5
"14274",8.14483899400394,26.5988634761005,8,6.5
"14275",9.46779706982918,27.3968681420778,8,6.5
"14276",6.9867985811248,27.9071010248255,8,6.5
"14277",8.37229746218368,28.6669266637896,8,6.5
"14278",9.38690965215599,30.4214884838839,8,6.5
"14279",5.58793720523353,29.2292610091279,8,6.5
"14280",8.34273004886901,25.9497012350112,8,6.5
"14281",8.76002493661138,29.1428602807237,8,6.5
"14282",6.59847060029389,29.0657290090143,8,6.5
"14283",7.90068230433154,28.074209862784,8,6.5
"14284",7.48651521178301,27.3684277818783,8,6.5
"14285",8.52985549316989,27.4225254078534,8,6.5
"14286",7.39319308952901,28.489640514623,8,6.5
"14287",7.91585379799507,27.6984822360492,8,6.5
"14288",9.02369512189359,27.1264338114699,8,6.5
"14289",6.66955732872142,22.9102338606632,8,6.5
"14290",10.3168908332187,26.63942071048,8,6.5
"14291",7.21904784258415,23.7980793368798,8,6.5
"14292",7.24547088494197,21.4111723672319,8,6.5
"14293",8.94411486001484,23.7451804188969,8,6.5
"14294",8.21368032219562,24.3514411777818,8,6.5
"14295",7.85040790371544,25.4611670613902,8,6.5
"14296",10.0910927040687,29.0802150945675,8,6.5
"14297",8.74106332984161,26.6442415768624,8,6.5
"14298",8.64466128578403,28.6595115592261,8,6.5
"14299",7.15032372007831,20.5445816857836,8,6.5
"14300",8.75889772320581,26.2196163194052,8,6.5
"14301",8.27619602604255,31.6159394293806,8,6.5
"14302",6.90351921643503,26.1603239099896,8,6.5
"14303",8.20697816614294,29.3940037208431,8,6.5
"14304",9.04285347275906,22.7410630921493,8,6.5
"14305",8.87581374925175,27.9389717050628,8,6.5
"14306",6.88246909358062,29.521207639685,8,6.5
"14307",6.79211423600556,25.9411400866284,8,6.5
"14308",8.06506273336107,26.5236810540197,8,6.5
"14309",5.73357600489234,24.0813740295833,8,6.5
"14310",7.83407610940605,23.2424510458781,8,6.5
"14311",8.76646709282676,27.4136440721856,8,6.5
"14312",8.56983033295937,33.0287274072254,8,6.5
"14313",9.49812580060481,29.9712932292745,8,6.5
"14314",6.78986458672713,25.3183137258223,8,6.5
"14315",9.09612006918559,30.3043101953596,8,6.5
"14316",7.58287472936102,26.9760760258411,8,6.5
"14317",7.08763949569737,23.7506102079631,8,6.5
"14318",5.70312444035619,20.7958975124064,8,6.5
"14319",9.55169331509641,25.6735339739617,8,6.5
"14320",8.50237335016249,31.5037512531386,8,6.5
"14321",8.03191943981143,27.7666254802725,8,6.5
"14322",7.07862790795873,28.8279912961303,8,6.5
"14323",9.42388320112201,24.7512207386173,8,6.5
"14324",7.86523132011877,27.1421745599058,8,6.5
"14325",6.64885815478125,25.4301440851084,8,6.5
"14326",8.74004681663983,27.5362631858867,8,6.5
"14327",8.43357812334097,26.6107469283601,8,6.5
"14328",10.2967289586338,27.6634073539125,8,6.5
"14329",8.20169736885153,27.7128874354364,8,6.5
"14330",7.98033282075552,25.0142199432533,8,6.5
"14331",6.82898305130656,23.5275053639505,8,6.5
"14332",7.4704666939412,23.4124452614136,8,6.5
"14333",8.94988755505737,31.1169242446125,8,6.5
"14334",6.66967506233389,28.4692786587158,8,6.5
"14335",8.9711166544464,27.9019174747166,8,6.5
"14336",8.6278753155557,23.8062861685701,8,6.5
"14337",10.0522075464933,27.0819713051332,8,6.5
"14338",9.22144989364388,28.1727190318002,8,6.5
"14339",7.4589391873891,24.1316534602312,8,6.5
"14340",7.09243292593512,27.7944945651081,8,6.5
"14341",7.54352902682001,22.7809679165314,8,6.5
"14342",5.91097188451042,20.6299904321212,8,6.5
"14343",10.5364507876663,33.9457793587348,8,6.5
"14344",9.97227912121664,28.4028593307952,8,6.5
"14345",9.38221110588326,24.719447912611,8,6.5
"14346",8.68568756475744,27.0697509656947,8,6.5
"14347",9.47669851539292,29.5729841295798,8,6.5
"14348",8.27834414147654,30.3455224181336,8,6.5
"14349",6.67870792233454,26.4305380879758,8,6.5
"14350",7.876456215723,26.5110997204698,8,6.5
"14351",8.44532003362214,23.9207756234102,8,6.5
"14352",8.23070151959401,26.2890981214276,8,6.5
"14353",8.33327830088746,28.805342684321,8,6.5
"14354",8.20862574757846,24.6081336531677,8,6.5
"14355",8.25469563393339,25.9562870712342,8,6.5
"14356",9.32669842876214,28.9261341598909,8,6.5
"14357",6.56917561138165,23.5216480077404,8,6.5
"14358",8.69294638130101,25.0655934166355,8,6.5
"14359",9.95370893257784,28.2421748375322,8,6.5
"14360",9.98577034833628,23.9444032864631,8,6.5
"14361",6.30786798461014,20.2584602654089,8,6.5
"14362",8.84217128758183,29.2469151273808,8,6.5
"14363",8.7297978047989,24.4664662890297,8,6.5
"14364",8.00006312157937,26.077476271885,8,6.5
"14365",5.15880961833044,23.5541125323831,8,6.5
"14366",7.13380854005283,24.4299730071966,8,6.5
"14367",7.40593571282947,27.2480728475519,8,6.5
"14368",6.75710493910172,22.047021320157,8,6.5
"14369",8.82973203118809,27.3041600249632,8,6.5
"14370",9.42946800779981,26.1256327277371,8,6.5
"14371",7.96918775149036,23.6835582666575,8,6.5
"14372",8.71904647175402,28.1548795828986,8,6.5
"14373",8.04213464632,27.6115943346357,8,6.5
"14374",7.41856704634862,26.1021730289059,8,6.5
"14375",7.28857924907825,27.8965647668602,8,6.5
"14376",9.73412553280951,28.6960462479195,8,6.5
"14377",9.0500714120218,27.1357072394499,8,6.5
"14378",8.57718128341953,23.8536722470224,8,6.5
"14379",7.28130937489721,25.379708382095,8,6.5
"14380",8.2898664128949,25.4477893139876,8,6.5
"14381",6.81312027836076,28.185276613849,8,6.5
"14382",6.38899881055041,29.6302431058742,8,6.5
"14383",7.47499916552103,27.9622568921402,8,6.5
"14384",8.98270073227012,27.1186511362101,8,6.5
"14385",7.29302538314909,26.6877805845301,8,6.5
"14386",6.97114034705779,21.5066394322324,8,6.5
"14387",8.22549505944017,27.0757496909545,8,6.5
"14388",7.18060550472916,28.5906236309761,8,6.5
"14389",6.43465924022313,26.8129687192749,8,6.5
"14390",9.5971076031451,26.5256024258539,8,6.5
"14391",12.1564490973176,31.5284586015424,8,6.5
"14392",6.57355320428455,28.6562691175757,8,6.5
"14393",9.0819451609829,31.2522282834776,8,6.5
"14394",8.22063995312796,23.0327136203804,8,6.5
"14395",9.08652899787937,29.6127927108488,8,6.5
"14396",8.28338050990792,24.8004192734115,8,6.5
"14397",5.85903238093083,26.9596282118039,8,6.5
"14398",5.55230799026462,31.1065714192836,8,6.5
"14399",7.44140921101289,30.3109620088765,8,6.5
"14400",7.27211615108363,27.0086269514815,8,6.5
"14401",8.24365939622313,24.7459766992683,8,6.5
"14402",6.80545812939598,28.1612839088077,8,6.5
"14403",9.61173078037072,25.4929550131804,8,6.5
"14404",6.87702480154442,23.7956344430149,8,6.5
"14405",6.93869685074819,26.5031414941577,8,6.5
"14406",7.41482129297349,27.9156199658226,8,6.5
"14407",7.9312553214588,28.2578925338462,8,6.5
"14408",9.4280204016299,30.5741248065663,8,6.5
"14409",7.58376102316108,32.7168071456983,8,6.5
"14410",6.24196269853843,25.8959717427584,8,6.5
"14411",7.01906195931987,28.2579549530837,8,6.5
"14412",5.70434988464261,22.1180447763617,8,6.5
"14413",8.49202200577793,24.9812225541028,8,6.5
"14414",7.16561111239689,30.3165550008281,8,6.5
"14415",6.28050697371306,28.6974209092382,8,6.5
"14416",6.43139519546498,22.7632032994016,8,6.5
"14417",8.09869107510987,31.8494157048651,8,6.5
"14418",4.79827053466666,25.341882677524,8,6.5
"14419",8.0594215770351,28.6951544723607,8,6.5
"14420",8.34371316389659,25.116566280196,8,6.5
"14421",7.1469988569852,30.1561892093765,8,6.5
"14422",6.77292547813558,27.0312610832805,8,6.5
"14423",5.69709784164251,24.5341756123789,8,6.5
"14424",9.07298717896922,25.6159475981113,8,6.5
"14425",6.92771361405465,28.6849560219118,8,6.5
"14426",8.84625734988401,30.1792080146503,8,6.5
"14427",9.05163037343173,25.9423513611635,8,6.5
"14428",8.37366676453796,27.4515334754293,8,6.5
"14429",9.38028225521221,25.1380121218387,8,6.5
"14430",8.08097238674068,29.4797196668107,8,6.5
"14431",8.94551476417533,32.7875305054814,8,6.5
"14432",9.45151748673543,29.3472081106187,8,6.5
"14433",8.10159411341865,22.0225881108683,8,6.5
"14434",9.1549707495364,29.5098175417165,8,6.5
"14435",8.01615449497128,30.6151082782301,8,6.5
"14436",6.97951627034542,27.4639804650184,8,6.5
"14437",8.27167967559278,27.6473142603244,8,6.5
"14438",6.86677809689485,25.7264593556171,8,6.5
"14439",7.78369082402661,27.1260962742292,8,6.5
"14440",8.12144126285263,22.1051607487906,8,6.5
"14441",8.95231391987585,28.0055163946092,8,6.5
"14442",9.14763082588005,30.8568436848962,8,6.5
"14443",7.78173959267747,27.1238528574978,8,6.5
"14444",7.75723161987959,28.8244365089758,8,6.5
"14445",7.19200935969815,29.47284840321,8,6.5
"14446",7.9243088939737,28.631677622234,8,6.5
"14447",7.02724924217275,27.3104229871039,8,6.5
"14448",5.88464664635844,23.6501036714645,8,6.5
"14449",8.05508133877177,29.985504788464,8,6.5
"14450",8.64079473909343,22.9845903195153,8,6.5
"14451",8.09989308044511,25.6600526511786,8,6.5
"14452",7.9877732127244,31.7636440787624,8,6.5
"14453",8.52305344138321,22.6794375528869,8,6.5
"14454",7.95225221447528,27.1371942003493,8,6.5
"14455",7.56323804613823,26.5791103206193,8,6.5
"14456",6.48403429765759,24.1468123177738,8,6.5
"14457",8.86547388255158,28.0628454856331,8,6.5
"14458",6.24694409856644,21.4264125452099,8,6.5
"14459",8.95353956458377,28.5591548429678,8,6.5
"14460",9.77621786546381,26.6229435815759,8,6.5
"14461",5.28064560180155,22.2962353550723,8,6.5
"14462",9.1078197623239,26.5280228650038,8,6.5
"14463",8.8792795508385,19.9319339727359,8,6.5
"14464",7.52885715818068,22.3484119874913,8,6.5
"14465",8.95565960459649,28.700514273784,8,6.5
"14466",10.7761978656553,31.9602743672446,8,6.5
"14467",8.04219494284902,25.8468596428736,8,6.5
"14468",7.75004214105873,26.0157647539569,8,6.5
"14469",9.41374660083858,23.8493574470707,8,6.5
"14470",8.6788179572521,29.6858261374802,8,6.5
"14471",8.55823596279438,27.4568553346361,8,6.5
"14472",5.86131221066744,27.7563490270101,8,6.5
"14473",6.03700587121574,21.9221546937274,8,6.5
"14474",8.80941620368893,30.0390251381458,8,6.5
"14475",7.03411606368766,25.8863968705501,8,6.5
"14476",9.25379606929186,28.5295421156548,8,6.5
"14477",7.04785795464273,28.3714134588451,8,6.5
"14478",8.37312942223575,21.9662923106234,8,6.5
"14479",7.01136719080145,23.239226101271,8,6.5
"14480",8.62304018047623,32.9965787349821,8,6.5
"14481",8.02290340227588,25.0072088428927,8,6.5
"14482",7.86230379034929,29.3240008724107,8,6.5
"14483",8.35071782745256,29.6421004132076,8,6.5
"14484",7.948230385215,30.6921081286597,8,6.5
"14485",9.29991571124387,25.7271834367858,8,6.5
"14486",6.99288581467923,26.2393336344515,8,6.5
"14487",6.23744610226023,24.6749868220055,8,6.5
"14488",9.80077498190192,26.3542315421986,8,6.5
"14489",8.17408270245606,30.5739369644888,8,6.5
"14490",7.85469419815086,22.1652319657967,8,6.5
"14491",8.66558399220453,32.8497414555557,8,6.5
"14492",7.9873290320879,28.1131334953957,8,6.5
"14493",7.52708802747768,25.6893176682502,8,6.5
"14494",8.31220240692975,27.9634768009279,8,6.5
"14495",5.90384952436725,29.4505746554039,8,6.5
"14496",8.53485050528647,30.0436403734558,8,6.5
"14497",7.74336003980623,20.5916458147604,8,6.5
"14498",7.5852492375904,24.3374725531163,8,6.5
"14499",7.28675985456632,23.4031070241936,8,6.5
"14500",9.60361972156735,26.9482100870564,8,6.5
"14501",8.05634169804563,23.7181039898585,8,6.5
"14502",8.71168290546571,25.5945880716884,8,6.5
"14503",7.99953821884568,28.6851045398014,8,6.5
"14504",8.51125716694786,26.5568496654983,8,6.5
"14505",7.21540529365846,25.6106470666784,8,6.5
"14506",9.66052124293602,29.4977512701324,8,6.5
"14507",9.35176881210796,26.9708880986239,8,6.5
"14508",8.53890918155087,24.9598162986349,8,6.5
"14509",6.38251363104625,20.3130374600628,8,6.5
"14510",7.61279149926025,25.2059608835207,8,6.5
"14511",8.39651330154671,30.0508939157911,8,6.5
"14512",5.5204864591236,23.8932788559378,8,6.5
"14513",9.53506178069417,29.9095451235502,8,6.5
"14514",9.23594375384656,33.4027183659726,8,6.5
"14515",4.73479187832248,24.6490203023297,8,6.5
"14516",7.12478642207332,26.8739711847351,8,6.5
"14517",7.98752244587714,24.474961150359,8,6.5
"14518",7.0953310342274,22.9997708299185,8,6.5
"14519",8.33219611494839,25.3589882693214,8,6.5
"14520",10.3939339715813,29.3191827272322,8,6.5
"14521",6.28580265828457,19.6664697597068,8,6.5
"14522",8.26281113555168,28.3142291575765,8,6.5
"14523",8.9550787884472,29.457455417643,8,6.5
"14524",8.43960134408669,22.5720203254094,8,6.5
"14525",7.8861389430067,23.8394373118598,8,6.5
"14526",8.5289222420668,29.6333904198932,8,6.5
"14527",10.1599822110998,27.9411593351464,8,6.5
"14528",9.10216789351034,26.7900366041721,8,6.5
"14529",8.40122993160472,25.6384235922373,8,6.5
"14530",7.64052188720446,25.5278721480164,8,6.5
"14531",7.42125802741638,24.8585424634545,8,6.5
"14532",8.81788278120963,29.7396467651341,8,6.5
"14533",5.59032616605623,24.0966823497199,8,6.5
"14534",8.76758199481376,24.6823317442527,8,6.5
"14535",6.39743550915063,23.5174947494702,8,6.5
"14536",8.56070955676638,25.7672901961898,8,6.5
"14537",9.76644491756644,27.7890723343683,8,6.5
"14538",10.0527609840793,27.8191861601186,8,6.5
"14539",10.5437808071138,31.859791770118,8,6.5
"14540",7.56185898203998,23.5717042013823,8,6.5
"14541",7.51561008513681,25.3674040275366,8,6.5
"14542",7.36474113900305,23.7863201068825,8,6.5
"14543",10.1320046142338,32.7034463196349,8,6.5
"14544",7.41459324103442,32.0781381409115,8,6.5
"14545",9.86401314074929,31.6848394361718,8,6.5
"14546",8.66776303917516,26.5352841807907,8,6.5
"14547",7.23622272971459,18.8644230733311,8,6.5
"14548",7.98544056329666,27.208151758357,8,6.5
"14549",6.75725887672514,24.7521847205504,8,6.5
"14550",8.27925206703613,24.8501275029117,8,6.5
"14551",7.11271201381582,25.7977252154955,8,6.5
"14552",7.57658314214504,26.1639990050492,8,6.5
"14553",8.4154227204972,25.831950218294,8,6.5
"14554",7.73727057743508,27.0078981757416,8,6.5
"14555",8.24059588505568,24.8546395089216,8,6.5
"14556",9.88874679994056,26.1438704252189,8,6.5
"14557",8.94161321953764,28.3229527111253,8,6.5
"14558",7.41731289307319,26.2524394351993,8,6.5
"14559",6.58407849907175,30.1829917839445,8,6.5
"14560",8.97608785971113,30.9912532536092,8,6.5
"14561",7.38834334339191,30.223875068522,8,6.5
"14562",7.02681459717185,25.5372718263543,8,6.5
"14563",9.070822021299,30.3705116515712,8,6.5
"14564",6.17082102749799,26.2177218853852,8,6.5
"14565",7.53531545969821,29.3189827267273,8,6.5
"14566",6.95267688012187,23.312517526579,8,6.5
"14567",8.85967747659148,25.6632517421864,8,6.5
"14568",7.84947395937085,26.5777168468465,8,6.5
"14569",9.91161889896584,24.7618507769162,8,6.5
"14570",8.13377870307076,32.1610798974487,8,6.5
"14571",8.51287578875957,26.7105900196545,8,6.5
"14572",7.57062974096957,27.5484955395326,8,6.5
"14573",7.9924634970519,27.0326291277377,8,6.5
"14574",9.40066166769945,26.0584307790345,8,6.5
"14575",5.26254277529731,24.7597837558288,8,6.5
"14576",7.46516947332168,25.4904557275678,8,6.5
"14577",7.31513399971274,29.6025634839616,8,6.5
"14578",8.92977303061087,24.1990064247884,8,6.5
"14579",5.88767410623091,22.9125554445024,8,6.5
"14580",7.58673549481692,22.9863062222228,8,6.5
"14581",8.52241642959457,27.2986665531048,8,6.5
"14582",6.87993432563506,25.9423855005057,8,6.5
"14583",10.1426776293178,32.6963584727899,8,6.5
"14584",8.32194611296872,28.1608135086431,8,6.5
"14585",8.90250783065233,30.2659366243414,8,6.5
"14586",9.44330838507921,30.9923088019948,8,6.5
"14587",7.77821028835598,23.7497953964372,8,6.5
"14588",9.12784862981128,25.5669592243683,8,6.5
"14589",6.10174321608452,22.9012981618732,8,6.5
"14590",7.89862702656044,24.7709965598571,8,6.5
"14591",9.43171111740252,27.0965048971705,8,6.5
"14592",8.43601071245829,30.9257583773392,8,6.5
"14593",7.79923239945994,21.1609285922581,8,6.5
"14594",8.51580041646534,24.3895384757683,8,6.5
"14595",7.94654909532951,24.885752919651,8,6.5
"14596",9.5669529130416,24.8548175975585,8,6.5
"14597",8.0522650083801,27.2404888982847,8,6.5
"14598",8.68537775186056,27.4265787608802,8,6.5
"14599",8.20992599516773,27.9991356844016,8,6.5
"14600",9.73887984632508,29.5300820699029,8,6.5
"14601",7.99561762675368,29.6551651396063,8,6.5
"14602",7.68338801284961,24.75159975041,8,6.5
"14603",7.34857228329487,23.4095778840836,8,6.5
"14604",7.95601704462246,31.8429326588333,8,6.5
"14605",6.7320320428952,25.090793348685,8,6.5
"14606",7.17931452110691,26.4430773297121,8,6.5
"14607",7.58447500213351,27.3610124306697,8,6.5
"14608",7.07081954975922,27.2772614398115,8,6.5
"14609",8.72532392179615,28.5463579783162,8,6.5
"14610",5.65028220278668,25.3236275951997,8,6.5
"14611",5.72339303275182,30.1645428807804,8,6.5
"14612",8.99462138708049,25.4800016195234,8,6.5
"14613",7.21077320827771,26.1470838519798,8,6.5
"14614",6.59448810032312,29.9106329624544,8,6.5
"14615",5.85926634407372,24.0384529880566,8,6.5
"14616",8.88721871693824,24.7331611024888,8,6.5
"14617",10.7252497493781,28.7070030318676,8,6.5
"14618",9.1998369623219,25.4772881508041,8,6.5
"14619",7.79902543772623,29.0014542831868,8,6.5
"14620",7.39511990456074,24.391792473365,8,6.5
"14621",7.40875595101535,26.8958809723752,8,6.5
"14622",7.4309463999789,30.7249613741973,8,6.5
"14623",7.2959502122635,27.7456421167631,8,6.5
"14624",9.90745570206696,29.2053792166544,8,6.5
"14625",8.06636444666336,31.3369551534392,8,6.5
"14626",9.32532265421884,22.7749079583574,8,6.5
"14627",8.37668250765339,26.109181182382,8,6.5
"14628",9.91539148700424,31.8964786076844,8,6.5
"14629",7.20567997883828,27.9917500833144,8,6.5
"14630",7.17706310638617,25.1461126207156,8,6.5
"14631",8.93433513391682,27.6187878640254,8,6.5
"14632",9.0212186488979,27.4764444674644,8,6.5
"14633",8.5580169258279,28.624426969138,8,6.5
"14634",6.46489432476551,26.0459445978651,8,6.5
"14635",7.22392174192631,23.6468248528691,8,6.5
"14636",8.66220514674795,23.819760051805,8,6.5
"14637",5.75360535833048,21.1434591316127,8,6.5
"14638",6.78477879448551,25.8181694958882,8,6.5
"14639",7.56478781416999,23.7620374532304,8,6.5
"14640",8.31736295632109,26.7408839618059,8,6.5
"14641",8.47389869580006,30.0456086137694,8,6.5
"14642",8.7272168487492,24.2037305345456,8,6.5
"14643",8.6599663450991,30.4565150481358,8,6.5
"14644",6.72451121583638,26.3465883223292,8,6.5
"14645",8.14845775111208,27.3566200265773,8,6.5
"14646",5.61825634785348,28.7502488838736,8,6.5
"14647",7.92757587220496,27.3959834160359,8,6.5
"14648",9.11364735508532,30.7730251678925,8,6.5
"14649",7.65023269259905,23.8756354895684,8,6.5
"14650",6.69410915723414,24.7425869471641,8,6.5
"14651",8.22736777047405,28.6098285446413,8,6.5
"14652",8.2845544487294,26.8253643889047,8,6.5
"14653",5.55584887636318,26.2201604319657,8,6.5
"14654",9.55255354250524,25.5509480064702,8,6.5
"14655",6.44597723835425,26.0440085346118,8,6.5
"14656",9.64029702115915,27.4995327988775,8,6.5
"14657",7.40055936075436,23.3910164148375,8,6.5
"14658",9.42838385204553,26.4533911507174,8,6.5
"14659",8.47968689772191,26.4717920048133,8,6.5
"14660",7.87698850656701,31.0010286927529,8,6.5
"14661",6.29213811706645,27.685148887776,8,6.5
"14662",8.54144044613756,25.826436217822,8,6.5
"14663",9.37913829391422,29.2500585241451,8,6.5
"14664",5.13515758819493,26.1727725228859,8,6.5
"14665",7.33069364930686,27.8296396390701,8,6.5
"14666",7.84278785744933,26.1803271852653,8,6.5
"14667",10.5487947599142,29.7504307372469,8,6.5
"14668",7.76484159040948,28.1833435603606,8,6.5
"14669",6.44944611598764,25.8381453059676,8,6.5
"14670",7.78032533452626,28.2164977334424,8,6.5
"14671",8.40912561108462,27.4821874444242,8,6.5
"14672",8.9273122203975,28.1000641083701,8,6.5
"14673",8.28927906941456,29.9369252455936,8,6.5
"14674",9.64453636231638,29.9400348269133,8,6.5
"14675",7.96291843656967,30.3988841308493,8,6.5
"14676",9.21961435627296,30.5627918089151,8,6.5
"14677",9.20854562539581,26.6004399892521,8,6.5
"14678",8.52246536103793,26.7096686253353,8,6.5
"14679",6.00666049466978,21.9152675284953,8,6.5
"14680",8.57545915643362,29.6252621218133,8,6.5
"14681",8.18699936849391,25.5242953091326,8,6.5
"14682",8.90573214021455,24.4111150158323,8,6.5
"14683",7.26745955559416,23.0716903818546,8,6.5
"14684",6.71322100625589,22.2121566311692,8,6.5
"14685",7.26968725710618,21.9576930410504,8,6.5
"14686",7.53560868616834,29.2536227207234,8,6.5
"14687",8.95560376507446,26.3476084560924,8,6.5
"14688",7.71003183314061,27.1346869248021,8,6.5
"14689",8.84234673633881,30.3599936479055,8,6.5
"14690",9.00945947635369,25.1836800298341,8,6.5
"14691",7.06734876859089,28.1280977837113,8,6.5
"14692",6.28197307183803,20.8432732401731,8,6.5
"14693",8.24328710578892,28.5122200957008,8,6.5
"14694",7.61244487715752,25.5719535251837,8,6.5
"14695",9.59762069354224,29.5972531070556,8,6.5
"14696",9.18689564044949,27.7006672814276,8,6.5
"14697",6.24970580099428,27.541146786082,8,6.5
"14698",7.46792248969415,25.8532502216246,8,6.5
"14699",6.75051790104935,25.1392064161318,8,6.5
"14700",7.53449710053046,24.8379666915041,8,6.5
"14701",6.88651745030564,30.2372559491025,8,6.5
"14702",8.4658216694912,21.291105191897,8,6.5
"14703",6.62941557281703,25.7527658647766,8,6.5
"14704",7.98612179789966,27.1528892949354,8,6.5
"14705",8.48567455070032,25.2224924581882,8,6.5
"14706",6.61959955154134,24.6463949712662,8,6.5
"14707",8.65279245694602,30.3566556556109,8,6.5
"14708",7.05476233952838,26.5806302700631,8,6.5
"14709",8.80075626917625,23.1123247652601,8,6.5
"14710",7.94895489660064,26.0882727417799,8,6.5
"14711",7.44314728659721,28.1448871511685,8,6.5
"14712",7.08512460553043,28.0842468847755,8,6.5
"14713",7.51049794808478,23.5951659702433,8,6.5
"14714",7.824601158019,27.7085703174805,8,6.5
"14715",7.93252950055556,22.6881637820406,8,6.5
"14716",7.78569344766567,29.0233992869938,8,6.5
"14717",8.14026642709403,30.1864297684738,8,6.5
"14718",6.14513853342685,26.7451163187884,8,6.5
"14719",7.9525453919552,26.4219779759263,8,6.5
"14720",8.91884723486184,25.8919632390505,8,6.5
"14721",9.17421720971041,30.1734350122373,8,6.5
"14722",8.72461055162075,24.9083726050872,8,6.5
"14723",7.6620980656969,28.6572656520245,8,6.5
"14724",8.65992608952075,28.3182393873622,8,6.5
"14725",8.86204218741992,28.8745229206255,8,6.5
"14726",7.60075981746624,23.4481027356685,8,6.5
"14727",6.60562381904148,30.1903491821327,8,6.5
"14728",9.49562891992823,31.3101714352345,8,6.5
"14729",5.97764841449463,24.3220370478768,8,6.5
"14730",8.06429541606506,27.3126209201715,8,6.5
"14731",7.19984945271772,27.1734391090503,8,6.5
"14732",7.50726880063986,26.5183418315971,8,6.5
"14733",8.2516734182617,30.0725524413607,8,6.5
"14734",8.50810306927792,27.0119679875868,8,6.5
"14735",8.70990882182369,26.6280942171221,8,6.5
"14736",8.57906511898996,27.3636643202513,8,6.5
"14737",9.47298767345584,35.4613355487009,8,6.5
"14738",8.30884220682641,26.7278815004405,8,6.5
"14739",10.108028040687,27.2413338528031,8,6.5
"14740",8.97825732377525,26.9432869402909,8,6.5
"14741",6.49448789867986,27.1858144157716,8,6.5
"14742",7.51848861978839,27.5439170977285,8,6.5
"14743",9.11276946684044,26.3248524995041,8,6.5
"14744",8.14399737309087,23.6875623064496,8,6.5
"14745",8.23236547892102,25.4165483854109,8,6.5
"14746",8.24470915869083,24.4584550436423,8,6.5
"14747",6.96782580457358,25.5054601208482,8,6.5
"14748",9.76323235842239,32.1359215563826,8,6.5
"14749",7.01343607043335,21.5590367364426,8,6.5
"14750",9.12588888840886,29.46039166415,8,6.5
"14751",6.71072561051222,29.4021256703918,8,6.5
"14752",7.12895258466772,23.8290755859069,8,6.5
"14753",6.93993458395058,24.9383962377868,8,6.5
"14754",6.59234476389351,28.4304549654758,8,6.5
"14755",8.48595555718496,27.7592640325457,8,6.5
"14756",10.6106260308565,30.370207430028,8,6.5
"14757",8.49531184123811,26.8748975426939,8,6.5
"14758",7.5568613743723,23.9887992838003,8,6.5
"14759",9.89139001746086,24.7751874191356,8,6.5
"14760",7.6682709858574,27.1388515051735,8,6.5
"14761",7.45423263996196,23.7477915849531,8,6.5
"14762",7.80161832328777,31.0943168142587,8,6.5
"14763",8.60555199862624,30.1222809872157,8,6.5
"14764",11.2580300275333,27.5917170376905,8,6.5
"14765",11.3129415800148,30.4354201827019,8,6.5
"14766",8.63222150403429,32.0544949876191,8,6.5
"14767",7.71826151388572,28.042041292223,8,6.5
"14768",7.19070409173724,25.8912469735164,8,6.5
"14769",9.64512836456074,28.1062775658718,8,6.5
"14770",7.78447501007097,24.1302742909143,8,6.5
"14771",7.70542308033579,25.7033626520307,8,6.5
"14772",8.82529503194749,26.5006506667785,8,6.5
"14773",10.2213893864537,27.3636132177591,8,6.5
"14774",9.51930643024918,30.7148746740422,8,6.5
"14775",7.91649526127441,25.1276820557434,8,6.5
"14776",6.44866966227225,29.2371734485846,8,6.5
"14777",8.88517381709998,24.1431764108871,8,6.5
"14778",9.29472122033672,24.380410911155,8,6.5
"14779",9.82962787639442,29.3610824178555,8,6.5
"14780",7.87607401432427,24.9899986487245,8,6.5
"14781",7.94397070549334,25.358180782478,8,6.5
"14782",7.12618330045798,22.3073174599851,8,6.5
"14783",7.79909157836673,24.7456167437287,8,6.5
"14784",6.98433664029406,23.2439407762724,8,6.5
"14785",8.94088211834343,34.7046500991886,8,6.5
"14786",6.22589413679187,28.4725412048221,8,6.5
"14787",7.28665625257352,30.029411070268,8,6.5
"14788",8.01341970242796,26.9650289190996,8,6.5
"14789",7.41439364153032,28.0080526655502,8,6.5
"14790",8.80063592707904,24.0188791196514,8,6.5
"14791",7.34376194526427,28.482543605447,8,6.5
"14792",7.53945165384743,23.9881260235177,8,6.5
"14793",6.56851484189171,20.1755525582008,8,6.5
"14794",8.15692969989505,25.0521387199433,8,6.5
"14795",7.19997720151612,24.6038251108079,8,6.5
"14796",6.72489886326264,20.3555947175925,8,6.5
"14797",7.77530196862806,24.9493532705732,8,6.5
"14798",8.13572652655114,28.1450413393886,8,6.5
"14799",7.83569620183597,25.3978825840758,8,6.5
"14800",8.12208103219404,21.4209446948774,8,6.5
"14801",7.07288810704888,24.0240455737066,8,6.5
"14802",9.05110574333343,25.8461382646992,8,6.5
"14803",9.15240273567819,26.6304027745573,8,6.5
"14804",8.20618177011583,28.2116247407336,8,6.5
"14805",8.37234315787102,28.8562458804156,8,6.5
"14806",8.70271743572913,27.5146624067043,8,6.5
"14807",8.70135430392884,29.0519800133706,8,6.5
"14808",8.38026055717511,26.7358584409037,8,6.5
"14809",8.33390268787308,29.3804386007407,8,6.5
"14810",10.2526529382926,28.9815631710033,8,6.5
"14811",9.6969802517598,25.6219993550705,8,6.5
"14812",6.90048760491847,24.7675056879203,8,6.5
"14813",7.67477079682475,28.9469530276007,8,6.5
"14814",9.81008011756771,30.7875589317757,8,6.5
"14815",6.8462271685964,27.1166542633275,8,6.5
"14816",11.0304823815474,29.2746135341966,8,6.5
"14817",9.56853865199835,32.0056990841636,8,6.5
"14818",8.10774686787144,34.2359423291605,8,6.5
"14819",7.43733652709508,28.0615609481061,8,6.5
"14820",8.2224576176068,28.2377673146106,8,6.5
"14821",8.22304812047125,28.8342183976505,8,6.5
"14822",6.47575615213517,23.7025224341315,8,6.5
"14823",8.03552824063614,29.4959346431418,8,6.5
"14824",7.4661932375292,28.4452778247009,8,6.5
"14825",11.0557202026253,29.1081541108912,8,6.5
"14826",10.673699183484,31.775363711717,8,6.5
"14827",7.80164651833079,27.5799079354004,8,6.5
"14828",9.08758504232206,28.8227038668552,8,6.5
"14829",9.29339104644665,28.6522061719584,8,6.5
"14830",8.15157253175865,22.824998522538,8,6.5
"14831",9.72361439259059,24.5862029035807,8,6.5
"14832",9.12848023607193,29.0970921968079,8,6.5
"14833",8.25610043383283,30.2790557084751,8,6.5
"14834",9.15374590776902,25.4719751400608,8,6.5
"14835",10.1027517423605,30.8130164500652,8,6.5
"14836",7.14729027319951,29.8798136314255,8,6.5
"14837",8.87765823059085,23.9324386285229,8,6.5
"14838",8.63160623807991,25.1343777495766,8,6.5
"14839",7.90517310491435,25.6345581741882,8,6.5
"14840",4.03531654134765,25.4297080371765,8,6.5
"14841",6.63119826108963,27.7050311936907,8,6.5
"14842",8.35007121417284,28.1201991599286,8,6.5
"14843",8.18422684300964,23.2922943171319,8,6.5
"14844",9.25959631359948,27.9885928636448,8,6.5
"14845",6.45657300113409,24.9698018704266,8,6.5
"14846",6.31590420803897,28.872560931251,8,6.5
"14847",7.87640568829807,20.0549179774473,8,6.5
"14848",7.82023420896099,28.0213685535581,8,6.5
"14849",9.92721873952579,32.2327984561404,8,6.5
"14850",10.261104453232,28.2707813485683,8,6.5
"14851",9.02136988292468,23.0717092467489,8,6.5
"14852",8.69883461888898,29.6206151588312,8,6.5
"14853",9.17140564963301,26.0498295647545,8,6.5
"14854",8.96518174817552,24.3358616239569,8,6.5
"14855",9.19442878331224,29.8178475641618,8,6.5
"14856",7.45190474792935,27.8321887827264,8,6.5
"14857",8.69848286344217,30.7946180690991,8,6.5
"14858",7.17023699951154,25.6238881837811,8,6.5
"14859",7.39296943347037,26.8323568171562,8,6.5
"14860",7.92140050880682,26.1985446422337,8,6.5
"14861",8.15132398811303,25.9713259428297,8,6.5
"14862",7.64952228736783,23.7380850533497,8,6.5
"14863",9.76260417288497,27.9612436986831,8,6.5
"14864",7.41955527728467,25.0840352794528,8,6.5
"14865",8.28216259005383,26.9840784864129,8,6.5
"14866",10.1988173607936,30.6577481410126,8,6.5
"14867",10.5596518666013,24.8000527280474,8,6.5
"14868",8.16817583756652,25.2867463646936,8,6.5
"14869",8.70018116737834,27.7529364526858,8,6.5
"14870",8.2940136684854,27.2822365860359,8,6.5
"14871",6.85641874737055,22.7872593408679,8,6.5
"14872",7.62041223440412,25.7444261557291,8,6.5
"14873",7.66366767242246,28.9449597302053,8,6.5
"14874",9.7980620541522,27.1194389786645,8,6.5
"14875",8.86855446785786,27.9042336051888,8,6.5
"14876",8.99164606231584,27.7293480283656,8,6.5
"14877",7.49109888704623,23.8263654854894,8,6.5
"14878",9.20856736901234,30.0397219349291,8,6.5
"14879",8.41486411442717,28.6890236190013,8,6.5
"14880",7.77902496429771,27.0199628546918,8,6.5
"14881",8.8170036234448,26.0179064639357,8,6.5
"14882",8.8852722210625,28.8215146481638,8,6.5
"14883",6.6679548929043,26.3885526596387,8,6.5
"14884",7.96931541151486,31.2694870318589,8,6.5
"14885",10.2576024691381,30.2486787287215,8,6.5
"14886",6.22273520755802,20.7162835734026,8,6.5
"14887",8.75146672340723,28.8854048764946,8,6.5
"14888",8.17366764079939,25.1020247374884,8,6.5
"14889",8.71146098001136,27.8942262999365,8,6.5
"14890",8.61469770606123,26.978269689178,8,6.5
"14891",8.20904746680277,22.7010702807644,8,6.5
"14892",8.96628177434493,27.4880266129855,8,6.5
"14893",10.2297800292447,30.1649362888035,8,6.5
"14894",7.15453252379864,26.2240508492819,8,6.5
"14895",8.04431618685643,26.8239749871985,8,6.5
"14896",8.9655094175231,27.0018897783879,8,6.5
"14897",9.66434509080064,30.5184658793505,8,6.5
"14898",7.54991151980729,23.0241283132413,8,6.5
"14899",9.92604278506184,30.3054204483536,8,6.5
"14900",10.0053557210411,30.710696488603,8,6.5
"14901",7.24591107250474,27.5107000098147,8,6.5
"14902",8.54556901549278,22.2574092012257,8,6.5
"14903",6.99531846801515,26.513186561082,8,6.5
"14904",8.35849458051026,30.9505294551885,8,6.5
"14905",5.7123008078956,23.7711204992417,8,6.5
"14906",9.20762370113935,27.1347788596911,8,6.5
"14907",9.10551765646334,27.4468619733326,8,6.5
"14908",5.47696002883965,24.3442984846446,8,6.5
"14909",9.91658077862351,29.2644024749384,8,6.5
"14910",10.5670047589253,27.9766321724331,8,6.5
"14911",6.84843187669553,29.1306926469513,8,6.5
"14912",7.04474767147815,30.6869610282656,8,6.5
"14913",9.41262479143565,22.9482713234528,8,6.5
"14914",6.24788778940946,23.4676049568286,8,6.5
"14915",6.72413808070448,29.0832536869424,8,6.5
"14916",7.41101452001283,21.6999302454409,8,6.5
"14917",8.64280810011826,25.7066505045651,8,6.5
"14918",6.30032413506953,29.5664060425361,8,6.5
"14919",8.38961507771947,30.982799613313,8,6.5
"14920",10.6204265716781,25.4431508007002,8,6.5
"14921",8.23205524574316,29.2758970858363,8,6.5
"14922",8.7685513106665,29.5803236337475,8,6.5
"14923",8.26817729984115,30.1200779927657,8,6.5
"14924",8.15161422656109,29.2634761120782,8,6.5
"14925",9.04334437359155,27.4086033972699,8,6.5
"14926",6.81655890160424,25.1769001398395,8,6.5
"14927",7.90756787847517,27.9365336732228,8,6.5
"14928",9.27380017227558,25.917132921198,8,6.5
"14929",8.95705083716032,26.710287568396,8,6.5
"14930",10.0757508327715,30.9128919891226,8,6.5
"14931",7.21181907588406,25.7083317995685,8,6.5
"14932",8.31820275032482,27.6277131363994,8,6.5
"14933",9.5104049772517,30.6221132309324,8,6.5
"14934",7.67127246759716,24.1957917228043,8,6.5
"14935",5.76234228017624,21.2891847700264,8,6.5
"14936",9.31966613770527,27.1998101181337,8,6.5
"14937",9.48442323148889,30.1554790099606,8,6.5
"14938",7.21367634170817,27.4760198291923,8,6.5
"14939",7.75395272294012,23.8819541542804,8,6.5
"14940",10.0118837908529,31.9952312600767,8,6.5
"14941",7.62869510669891,24.4081850466125,8,6.5
"14942",7.84544098571952,28.8509542385191,8,6.5
"14943",8.84880651922369,33.5330769043123,8,6.5
"14944",8.42578408079532,30.0355758509368,8,6.5
"14945",9.44766115028396,24.8621514796657,8,6.5
"14946",7.91431067643113,29.3703492848671,8,6.5
"14947",10.7981499220944,24.375250551751,8,6.5
"14948",7.16529630907833,23.9292845972221,8,6.5
"14949",7.86724742970077,24.0990343835898,8,6.5
"14950",9.12654210191738,27.1459447133794,8,6.5
"14951",7.90217590234466,24.6821603825279,8,6.5
"14952",10.47171628688,24.7229907317671,8,6.5
"14953",8.42174094773057,26.651289313854,8,6.5
"14954",9.24954676898398,25.8535590669597,8,6.5
"14955",8.42264418635431,26.4180905189355,8,6.5
"14956",7.56014838986948,24.5251484255943,8,6.5
"14957",10.5906137806427,27.735773441078,8,6.5
"14958",8.82429821778071,31.5400227538881,8,6.5
"14959",9.43638425855135,25.9767825809518,8,6.5
"14960",5.95730238250321,28.7246960944849,8,6.5
"14961",6.87689347043265,31.0106126680911,8,6.5
"14962",8.80401829227146,30.8720078011079,8,6.5
"14963",7.02879495282698,25.5877457162192,8,6.5
"14964",7.53217058325863,29.180106527882,8,6.5
"14965",7.19656493055589,25.6236277636593,8,6.5
"14966",8.78697317764247,24.7375798228136,8,6.5
"14967",5.41918341569418,23.1413653643482,8,6.5
"14968",8.14039652890594,29.6762105582628,8,6.5
"14969",9.51767104336589,27.4830088651025,8,6.5
"14970",9.98822900797235,28.0259572856121,8,6.5
"14971",8.37515477369413,24.0922613908008,8,6.5
"14972",6.91166758946304,23.9563172411502,8,6.5
"14973",7.60876656489309,24.268594316728,8,6.5
"14974",8.75992264001627,22.2242424114839,8,6.5
"14975",8.42837112601721,30.9286006977358,8,6.5
"14976",9.60192404138308,28.0140055015317,8,6.5
"14977",9.57362955102427,28.8308020300569,8,6.5
"14978",7.05344302245865,19.8906136322693,8,6.5
"14979",8.89270166390224,26.0841719968412,8,6.5
"14980",6.725998151936,24.7742404425546,8,6.5
"14981",10.4574715536051,29.4200775443873,8,6.5
"14982",5.58944002695696,20.4830421955193,8,6.5
"14983",9.43422473582684,27.4050695697991,8,6.5
"14984",10.1198018592044,27.0990966626504,8,6.5
"14985",8.32762549448372,26.6551227028465,8,6.5
"14986",12.1940774492885,27.4582800186586,8,6.5
"14987",7.49881895140772,24.7199124328146,8,6.5
"14988",7.05302876217628,27.7769399814368,8,6.5
"14989",7.93758423525637,26.7626566684175,8,6.5
"14990",8.9593101746215,27.6236828389688,8,6.5
"14991",7.19066993712933,28.7730805055015,8,6.5
"14992",5.54663754702548,27.3592405433302,8,6.5
"14993",8.9543600252754,31.9076830196656,8,6.5
"14994",5.36213921021533,26.8951081346108,8,6.5
"14995",6.78985490415833,27.5169049538483,8,6.5
"14996",5.97093624878055,28.2935447353157,8,6.5
"14997",9.71376975190771,27.4715766280674,8,6.5
"14998",6.0019511425197,26.0959625082379,8,6.5
"14999",8.62011410684915,35.0826942793444,8,6.5
"15000",7.83612602938308,23.9422747599415,8,6.5
