"X1","X2","component","subcomponent"
"14001",5.96541574628586,4.82812257855538,1,2
"14002",6.19707068699322,6.09038829137921,1,2
"14003",3.26265324635412,5.40010636907161,1,2
"14004",6.23556112204088,4.32008931938954,1,2
"14005",6.33229419960568,2.36415018192325,1,2
"14006",4.48977980964859,2.73515202843963,1,2
"14007",6.22840062438741,4.09913544905914,1,2
"14008",8.16303076281057,3.97062584202798,1,2
"14009",5.01448689291894,3.52858251333963,1,2
"14010",6.66870963645573,4.86774977822917,1,2
"14011",3.21763809375407,5.06420433117486,1,2
"14012",0.32090027216613,2.45630141213416,1,2
"14013",5.49235102504978,4.28513045080521,1,2
"14014",2.67829919816455,4.88370574308469,1,2
"14015",6.06838794636477,5.54482442007225,1,2
"14016",5.56871419464228,1.01084521516818,1,2
"14017",3.02637331953469,3.08260163035347,1,2
"14018",5.8144999641289,6.24578194149339,1,2
"14019",4.64581437861282,2.83025513198154,1,2
"14020",2.65600575730533,7.63524981957338,1,2
"14021",5.94893075359132,3.09014863336242,1,2
"14022",6.70036043006713,1.11942019947749,1,2
"14023",2.54527882498895,2.3304166559885,1,2
"14024",4.23931505820809,3.28950078329382,1,2
"14025",4.25710462155545,3.3608840389154,1,2
"14026",2.88564227856587,4.03466164924152,1,2
"14027",3.36482877236479,4.52532943389029,1,2
"14028",5.81334178172931,2.44430090066072,1,2
"14029",4.26313541434686,2.83932108442223,1,2
"14030",5.62374133513717,5.18624430705,1,2
"14031",4.08579700203763,3.41376570122804,1,2
"14032",5.18644994995233,6.73851301538064,1,2
"14033",3.39004443320468,5.98859608330251,1,2
"14034",3.89365795648335,4.82776963322848,1,2
"14035",7.07147431005225,2.45519971288009,1,2
"14036",4.94054454484002,5.60710402469028,1,2
"14037",4.03350408347571,4.50349222366678,1,2
"14038",4.89623109094594,4.18264167126552,1,2
"14039",4.92006434974889,3.81368171285984,1,2
"14040",3.11766758282943,2.23218161447781,1,2
"14041",2.0693181661529,4.07589095308877,1,2
"14042",1.17617801991112,5.17441133242979,1,2
"14043",4.27078855020062,2.47929874555505,1,2
"14044",2.88148122203195,2.83511260874735,1,2
"14045",7.03831369278353,5.7484682619351,1,2
"14046",6.51179886102038,3.84413212589151,1,2
"14047",6.69862938109152,3.25609832600604,1,2
"14048",1.77301778905946,4.04094484675268,1,2
"14049",5.89167530779617,4.83255361613026,1,2
"14050",5.22614757951547,6.25010422484262,1,2
"14051",3.96858554284892,2.47797852207549,1,2
"14052",3.76996292470665,4.82301453519803,1,2
"14053",3.538177995047,3.80517689066133,1,2
"14054",6.2546612479768,3.39473350269186,1,2
"14055",5.21099537487463,5.2665920096317,1,2
"14056",4.65921395396589,3.68925627440252,1,2
"14057",3.35303629710808,3.13049394805802,1,2
"14058",3.14107542646008,1.24460732561208,1,2
"14059",1.79095156615128,4.77229488737268,1,2
"14060",4.38481971441157,1.57339975832986,1,2
"14061",4.54750597981635,2.95646929332012,1,2
"14062",7.37639874785408,3.66795312975781,1,2
"14063",5.20965700246653,1.95282405424241,1,2
"14064",1.74393093015454,1.5414463722279,1,2
"14065",5.51253334194223,4.99441279481439,1,2
"14066",8.38410317637353,4.03240681240664,1,2
"14067",5.95261669755555,1.47159359713234,1,2
"14068",4.52988723714848,3.41093222208625,1,2
"14069",4.56648485091271,2.35420779109162,1,2
"14070",3.93248917209836,3.6879637132651,1,2
"14071",6.06670759982434,4.80834485165973,1,2
"14072",3.38414841370653,7.30585779158997,1,2
"14073",2.99520727814432,3.04263355891404,1,2
"14074",3.8795699334815,5.51652741162302,1,2
"14075",1.52749994011289,4.71574990695929,1,2
"14076",3.50634541898587,4.81394454841639,1,2
"14077",3.41103823573658,3.10980172550817,1,2
"14078",3.6328124020905,3.50122522557131,1,2
"14079",5.32886011100277,3.03870891456052,1,2
"14080",8.0660549465215,4.1409350962413,1,2
"14081",3.39506221790576,3.12301788209832,1,2
"14082",4.21593740667246,2.9880929624187,1,2
"14083",4.31126905872453,2.44812867230096,1,2
"14084",2.11179723998236,4.2411177962004,1,2
"14085",4.32328120155352,4.28046691548504,1,2
"14086",5.31182521009507,3.56834006614176,1,2
"14087",4.67813941967836,3.07877238971535,1,2
"14088",2.94600735883729,3.4676168855846,1,2
"14089",2.93172858993874,3.30053638273204,1,2
"14090",5.71695049555533,4.7870406550523,1,2
"14091",7.21748183598046,2.89622974854133,1,2
"14092",5.19788098036907,2.77121906450219,1,2
"14093",5.07688666290054,3.4033074408045,1,2
"14094",4.85873483985121,3.5156719056024,1,2
"14095",3.76676450202163,2.5013800514962,1,2
"14096",4.71316744779503,2.11700103833612,1,2
"14097",3.95692174773656,3.09097473475073,1,2
"14098",2.1007331531901,3.94217744082835,1,2
"14099",6.137892504982,2.20868646064544,1,2
"14100",2.51075476619235,3.33049219176298,1,2
"14101",5.68459290201086,0.455461958374866,1,2
"14102",3.76535800815779,2.66102080732229,1,2
"14103",5.19818875203473,3.84947851007069,1,2
"14104",3.1880998845367,4.70402148196996,1,2
"14105",2.58463340448927,2.39733349638529,1,2
"14106",4.08817065355058,4.46373696267659,1,2
"14107",2.68071980974377,2.65259397928313,1,2
"14108",5.25984583728099,4.41878588178767,1,2
"14109",4.92197449246083,4.38561983528633,1,2
"14110",7.46664848623432,4.05074782351838,1,2
"14111",4.42533451881765,4.04624194126495,1,2
"14112",5.39471507601487,4.13523331572553,1,2
"14113",0.628191791597746,4.93036075314549,1,2
"14114",6.27131329897766,4.02306113752598,1,2
"14115",3.96981977445886,3.66741061786672,1,2
"14116",6.62707833947512,5.28743757873625,1,2
"14117",5.84331294903662,2.91574670294325,1,2
"14118",2.69029205966273,3.89833265374539,1,2
"14119",4.93870031896413,3.56734813329741,1,2
"14120",3.38543413585926,2.97583457604867,1,2
"14121",2.8209207274936,4.19221845686843,1,2
"14122",4.2740045105435,3.65342139780264,1,2
"14123",5.65368664168822,1.6508964799838,1,2
"14124",5.62020966226662,6.39685371195061,1,2
"14125",3.31095503879924,3.3903151483576,1,2
"14126",7.4560519434329,2.87384361489554,1,2
"14127",5.85330778331176,2.41304793459106,1,2
"14128",4.74728119071953,3.79031690870658,1,2
"14129",2.23857825950678,4.01583160461089,1,2
"14130",5.84804422318222,3.54871631128836,1,2
"14131",5.03739189044298,5.64065562288385,1,2
"14132",5.10257873011652,6.00220376645928,1,2
"14133",6.47409814663035,0.320897038517431,1,2
"14134",3.74443739477901,4.93134647361335,1,2
"14135",3.9470990954095,1.47931209959827,1,2
"14136",6.47205149144788,3.97385607281522,1,2
"14137",1.56402306929792,2.44532138562469,1,2
"14138",1.59786124927667,2.83648379061757,1,2
"14139",5.51846273415611,4.05930679382148,1,2
"14140",4.45146300803777,4.841651141692,1,2
"14141",4.34814353554207,5.74831250219838,1,2
"14142",5.33867576213737,6.52491436960254,1,2
"14143",5.2445681731305,4.6170079276795,1,2
"14144",4.34972468119975,2.21806145645564,1,2
"14145",6.39199917745215,3.0402541831558,1,2
"14146",4.19776751651898,5.00715806277467,1,2
"14147",3.29139259596379,3.34667987872223,1,2
"14148",3.91245173099842,4.65634321158079,1,2
"14149",6.75112624282931,4.99494017728846,1,2
"14150",1.29517227676802,1.26009690688143,1,2
"14151",5.74984453511963,4.58381525764999,1,2
"14152",4.54364642632941,1.5935460426768,1,2
"14153",4.79906510627629,3.59820745625089,1,2
"14154",5.00815546492287,3.48497326257148,1,2
"14155",4.51704530137758,5.09523041085347,1,2
"14156",2.85217272882622,4.03184560478899,1,2
"14157",3.72338167090073,2.31475643821771,1,2
"14158",5.36216075553453,2.29606060368533,1,2
"14159",5.24246249747971,4.90566787620927,1,2
"14160",4.4070325665223,4.82559399675308,1,2
"14161",3.82459506368974,4.91335773535712,1,2
"14162",6.904923081834,2.5034643044,1,2
"14163",5.26887032594044,5.30560575277035,1,2
"14164",6.76530951576682,4.99260618993358,1,2
"14165",2.99653209989324,3.39593442804666,1,2
"14166",4.37995693074727,1.12024260008709,1,2
"14167",3.42493940745012,2.69321378910817,1,2
"14168",4.97119560183522,5.25267864772446,1,2
"14169",3.48036474276556,2.83874457985257,1,2
"14170",1.94363382420236,3.62694331772475,1,2
"14171",4.29336148581358,3.05631212246751,1,2
"14172",4.24855063392444,5.40897381179971,1,2
"14173",3.3892154141458,6.7788234724482,1,2
"14174",4.24859895182206,3.83587774811676,1,2
"14175",3.42265573975078,2.84472968237477,1,2
"14176",4.8451711881491,0.971927492266613,1,2
"14177",4.88954596575614,0.789101499620894,1,2
"14178",3.92866098112318,4.78816664526319,1,2
"14179",2.49693824405821,3.99934066492553,1,2
"14180",0.456480267478311,4.49808145858093,1,2
"14181",4.76555804918399,3.93249727002665,1,2
"14182",5.04272409269438,4.8200149129507,1,2
"14183",3.33126747556305,4.2114226753175,1,2
"14184",2.87212437707976,3.4189640343204,1,2
"14185",8.22430807204971,3.4781299435017,1,2
"14186",3.7570986489386,1.43618808669439,1,2
"14187",3.78282627453634,3.9142753105943,1,2
"14188",6.43048267636865,3.21503712269165,1,2
"14189",5.22337301979084,5.26174952351916,1,2
"14190",5.83753777443255,4.52418917687065,1,2
"14191",3.31828492414967,5.4432025339367,1,2
"14192",5.14120766146365,3.94437478039374,1,2
"14193",4.13609964698439,2.98739766401264,1,2
"14194",3.28429012403552,4.52524444711504,1,2
"14195",2.94403769664494,2.91288340222677,1,2
"14196",4.94842276283965,3.39023866521934,1,2
"14197",4.23787654277508,5.12032062306052,1,2
"14198",1.91776494687937,2.92575568898965,1,2
"14199",5.61158200594024,1.37539281787651,1,2
"14200",4.19763526979187,0.763036834115263,1,2
"14201",4.08761089513019,3.79447567707495,1,2
"14202",4.48398107016568,2.61947793191357,1,2
"14203",3.22737130237718,2.10761632855941,1,2
"14204",4.31731138545209,4.96694667545767,1,2
"14205",4.52792338722297,6.62415248612753,1,2
"14206",4.2010485359384,3.24875069872123,1,2
"14207",2.71475003131075,3.3731435869585,1,2
"14208",4.81685228566592,3.22973462497476,1,2
"14209",7.58537732802628,4.74706547164669,1,2
"14210",4.70592915114581,0.269882388198642,1,2
"14211",4.94064793017673,4.46673206707146,1,2
"14212",5.95086423029523,6.18692754725218,1,2
"14213",3.59331929748212,3.54740211813695,1,2
"14214",5.43670341977187,3.78673343731267,1,2
"14215",4.02228622916924,5.85149999225135,1,2
"14216",4.27506543459939,2.55643414228311,1,2
"14217",5.26999934421595,2.30671202434908,1,2
"14218",4.85844434993528,4.97833524152461,1,2
"14219",3.45181530527477,2.94703867426188,1,2
"14220",6.24917012581925,4.12794374408542,1,2
"14221",6.04773213614357,4.76846519396134,1,2
"14222",2.29485953410194,2.01795612782951,1,2
"14223",2.99855470120817,5.1312733558199,1,2
"14224",6.49482365889457,3.8017793905316,1,2
"14225",5.20181835798903,4.79908965077704,1,2
"14226",3.40874761498112,4.24584827725048,1,2
"14227",2.26750863422359,5.47401657007995,1,2
"14228",4.64322082160781,0.346777518570788,1,2
"14229",5.14681360371297,4.60985065826991,1,2
"14230",5.94609055608359,5.9790455049546,1,2
"14231",2.03558485170029,5.99797429081575,1,2
"14232",3.99623932218349,4.64652498255236,1,2
"14233",4.83491069489872,3.58586369871611,1,2
"14234",6.34738295420489,3.90741596552845,1,2
"14235",5.4691907433214,3.58499261613831,1,2
"14236",4.41687763299759,5.45446716922549,1,2
"14237",2.9498749259585,2.26687917585365,1,2
"14238",5.58923477500206,3.61890089129279,1,2
"14239",4.50060310324072,3.63252068757304,1,2
"14240",4.94689281804437,4.60102156300198,1,2
"14241",4.56422450906752,3.8163693241986,1,2
"14242",3.36361062726611,2.39980867356135,1,2
"14243",4.86692591597476,2.87048975607088,1,2
"14244",6.06947125993332,5.39329743610333,1,2
"14245",5.61163478728537,3.67778458294177,1,2
"14246",5.8448037469195,2.47059058904496,1,2
"14247",5.98684850101965,4.33019323669008,1,2
"14248",2.05794251176122,3.06555257634872,1,2
"14249",5.307952123914,4.67194925107916,1,2
"14250",4.73673313833713,4.55069250337371,1,2
"14251",3.20195711387383,4.58980270029276,1,2
"14252",4.55584162423662,4.30700414610929,1,2
"14253",4.5727643775931,4.79669448991731,1,2
"14254",4.06859069559775,4.98960164610077,1,2
"14255",3.65174368652096,3.2989093395371,1,2
"14256",3.37239228194536,3.94537322375556,1,2
"14257",4.18265333248566,3.83709164079493,1,2
"14258",1.99197904542134,3.96434464028932,1,2
"14259",2.15004993603579,6.60749593123848,1,2
"14260",4.42202118485017,1.38571155353539,1,2
"14261",2.8730976253301,1.40486475454034,1,2
"14262",5.60075427482341,3.22643118612548,1,2
"14263",7.85396047327071,5.21505527104994,1,2
"14264",6.09489918473135,3.67986159886746,1,2
"14265",2.67985888761296,1.69238088276906,1,2
"14266",2.85987911797629,4.67884943966486,1,2
"14267",7.60801032424249,4.63394793916133,1,2
"14268",5.297002081808,4.70600877154444,1,2
"14269",4.68003484610831,1.39927163000177,1,2
"14270",3.11308129413018,4.20505084453833,1,2
"14271",5.96352003502248,5.44768713373004,1,2
"14272",4.50404488324665,4.66327308854823,1,2
"14273",3.21551411898787,1.78017187513135,1,2
"14274",5.82194648147283,3.83283418320433,1,2
"14275",1.68833758619572,1.26902144170362,1,2
"14276",4.42070885522349,2.88456013782366,1,2
"14277",5.54637221141041,5.11227853778475,1,2
"14278",1.77575127833217,4.17260019920636,1,2
"14279",6.22117850865971,3.60777843427137,1,2
"14280",5.33791382637895,2.8685620432972,1,2
"14281",3.62564329197729,3.30125708545572,1,2
"14282",3.4644658117593,1.99164355297081,1,2
"14283",7.61198399505977,3.09822267742588,1,2
"14284",6.71699534810037,5.26527733882437,1,2
"14285",3.79843203945432,6.12678099526953,1,2
"14286",5.01725518524095,4.39626815847314,1,2
"14287",5.6023160975903,2.23186401246348,1,2
"14288",6.08621008140574,4.3695163562641,1,2
"14289",6.11666704228331,4.44791611213776,1,2
"14290",3.16663021785764,1.23315950680365,1,2
"14291",3.47481473651842,3.16840278737332,1,2
"14292",2.97319075960534,4.03682003764375,1,2
"14293",6.41073442603582,5.3048673876442,1,2
"14294",0.211270405353278,1.57562194415607,1,2
"14295",6.59216748458094,6.32827920706734,1,2
"14296",3.98690465419876,6.71341475557182,1,2
"14297",5.6097702688963,4.34689211680658,1,2
"14298",6.03611696040374,5.70737453344267,1,2
"14299",3.81182960927726,4.04914538462876,1,2
"14300",6.28334792230387,4.11731879476291,1,2
"14301",2.85035969796652,3.97980686784161,1,2
"14302",4.7956777526877,4.27550104388345,1,2
"14303",6.01117409385777,6.16085728336795,1,2
"14304",7.22506049941543,5.78736705377075,1,2
"14305",4.48374831291385,2.69921271573945,1,2
"14306",4.08415872223768,1.88242172716515,1,2
"14307",7.71040047792415,3.76824861762325,1,2
"14308",6.90071302160613,3.7879141188356,1,2
"14309",4.30417467792238,3.08165192028991,1,2
"14310",4.27802124990119,-0.416103693343652,1,2
"14311",2.9727550372939,2.52720011467147,1,2
"14312",0.251835435943517,2.82088311783773,1,2
"14313",4.2773709903812,4.22616482989304,1,2
"14314",6.06719235630176,3.5583260567619,1,2
"14315",2.69170101796721,3.62509304117381,1,2
"14316",3.70001607158624,3.33218997476539,1,2
"14317",2.93772107386427,2.27601232841712,1,2
"14318",3.68107821706022,3.5555101617931,1,2
"14319",-0.524170258842911,1.53471014238231,1,2
"14320",3.65102256673348,4.05945934614136,1,2
"14321",1.86226930179635,2.35799667925421,1,2
"14322",3.33080097754885,4.22082971132955,1,2
"14323",3.85329575242381,2.20549956899573,1,2
"14324",6.47147644994591,2.80138302890571,1,2
"14325",5.17919247614952,2.42699169362111,1,2
"14326",4.45240538113435,4.02419471797332,1,2
"14327",6.12291062287344,2.16103814160026,1,2
"14328",1.9719954446175,1.93449846316039,1,2
"14329",3.35043539855657,6.78497495049784,1,2
"14330",5.39712110210757,5.70971718080506,1,2
"14331",5.61341778089347,4.82055873210191,1,2
"14332",6.81582001731615,4.61746020754698,1,2
"14333",5.37765435160732,4.34814591740972,1,2
"14334",2.67102759569438,3.85042539367946,1,2
"14335",3.81462415834363,7.62037635666665,1,2
"14336",5.82504773020641,4.56663920649937,1,2
"14337",4.51459103356119,1.74589504336559,1,2
"14338",7.87736113209759,2.47301357809884,1,2
"14339",3.58273572532173,2.60243662315196,1,2
"14340",6.8413516795077,5.67029604431619,1,2
"14341",3.57616505332492,4.04737031932454,1,2
"14342",1.23521776820103,1.72956228322323,1,2
"14343",3.20199884323632,4.43390745258339,1,2
"14344",4.32215759597087,2.78302557628562,1,2
"14345",2.73365073613357,3.23027595673278,1,2
"14346",2.50726759926469,6.31144223704727,1,2
"14347",4.31988517141845,3.93364227553352,1,2
"14348",1.82706601246989,3.76402060464847,1,2
"14349",5.56504941054436,2.70702408768385,1,2
"14350",4.55098761221876,1.86248482520439,1,2
"14351",6.22551410391601,7.03531033200655,1,2
"14352",6.96711420109102,4.09907041151143,1,2
"14353",3.91120617430353,4.96483224025392,1,2
"14354",5.48522286319704,2.95063220152184,1,2
"14355",4.56536374521782,4.14568176564831,1,2
"14356",3.07425609192739,2.20551208322846,1,2
"14357",7.08167047456278,3.14635808089962,1,2
"14358",6.20855029901993,3.47299513518476,1,2
"14359",4.57487858020788,4.66923671423367,1,2
"14360",3.52714254997901,2.45730485142911,1,2
"14361",3.8043008358709,4.16276609294098,1,2
"14362",3.56702431708753,4.13733442710549,1,2
"14363",3.93039545145822,2.85863739328862,1,2
"14364",3.07675916835782,5.8608787241879,1,2
"14365",5.63640599312894,4.86862230681387,1,2
"14366",4.03661707960667,1.16243064618227,1,2
"14367",2.67753197512224,2.20980443046087,1,2
"14368",4.11111796855994,1.83349529631997,1,2
"14369",1.26426381465148,4.59757731709677,1,2
"14370",3.92493371157939,6.11394280075895,1,2
"14371",2.55992267020566,2.41647354907006,1,2
"14372",5.24551488411811,2.20496185571856,1,2
"14373",4.56960833702425,1.7767630015898,1,2
"14374",3.54549151830026,4.70365450445341,1,2
"14375",6.0186601294063,2.84175888568901,1,2
"14376",2.87524796448139,2.76923405291481,1,2
"14377",5.4579815281336,3.62367938584264,1,2
"14378",3.84409182205911,3.87077137546265,1,2
"14379",5.71287070488737,5.22735974444624,1,2
"14380",6.6192481696835,3.7846505665544,1,2
"14381",5.18225646185133,2.13284712270975,1,2
"14382",4.80852721306179,6.14583728671775,1,2
"14383",3.18762257626646,1.75862478994819,1,2
"14384",3.74359033228158,4.64657964171616,1,2
"14385",1.68873784390042,4.08883814486329,1,2
"14386",3.95580243457754,4.75484112095087,1,2
"14387",7.37214175317223,1.6931383947827,1,2
"14388",2.85370295645376,3.34489862090908,1,2
"14389",5.40868409294612,4.37198923844137,1,2
"14390",4.84745905541343,4.17483727669688,1,2
"14391",4.25785557090966,1.37824085330747,1,2
"14392",3.59120595128867,3.92688098610464,1,2
"14393",5.38778607939879,3.43145204823142,1,2
"14394",5.38292052968529,2.20040130695212,1,2
"14395",3.61404887151691,4.66961340139637,1,2
"14396",4.71011939512957,5.2319291431494,1,2
"14397",3.19437101684905,3.34463334465002,1,2
"14398",5.7767904292288,1.36386646387477,1,2
"14399",6.21057457429599,5.61105259585351,1,2
"14400",4.85163635303852,2.65218915716901,1,2
"14401",4.93820432510727,3.78169446616775,1,2
"14402",3.15439142619575,3.41469452160042,1,2
"14403",8.48313125762472,3.62228409091572,1,2
"14404",5.06897573718055,1.5273696615321,1,2
"14405",4.99727858900586,4.9238669045477,1,2
"14406",6.66426210019714,1.99267341648662,1,2
"14407",4.58952327437928,2.38366558956157,1,2
"14408",2.08845424368807,5.27347108605269,1,2
"14409",2.46836953964324,3.04164335282443,1,2
"14410",4.84253188468496,3.37689424151301,1,2
"14411",8.09542151251681,4.20229281804686,1,2
"14412",5.01918616542966,1.95473885327014,1,2
"14413",3.22008831817593,0.521615602759625,1,2
"14414",6.11438965802889,3.09867242172597,1,2
"14415",5.73374817448133,1.92391324615094,1,2
"14416",4.07070722719127,4.89654844222448,1,2
"14417",2.08695172724116,3.6120846809031,1,2
"14418",5.54284459575367,4.03255974187388,1,2
"14419",6.33084965737101,4.79269790033629,1,2
"14420",4.23223667120735,2.16567901096747,1,2
"14421",2.55012967602997,4.54621090145561,1,2
"14422",5.8485230700581,5.08253725155407,1,2
"14423",4.13240435446741,2.20910344826843,1,2
"14424",1.32567819549486,2.79166755719966,1,2
"14425",1.81798032661471,2.96882854705617,1,2
"14426",6.19176611776633,1.07409558075563,1,2
"14427",3.17997510418618,1.64346037594596,1,2
"14428",5.68776916679192,7.44762973601931,1,2
"14429",4.32306887967555,6.20353331704268,1,2
"14430",3.88384432667678,4.56790461310405,1,2
"14431",4.71936537653499,3.54502155261812,1,2
"14432",3.43768244477413,4.79244714403038,1,2
"14433",3.46323416835747,7.24046276277917,1,2
"14434",1.06751797179602,4.34792338760423,1,2
"14435",7.55993879578374,3.22629812973711,1,2
"14436",4.63089191525323,2.36360742862967,1,2
"14437",2.35909635225214,1.38976022244877,1,2
"14438",5.62088271395861,1.79883954058923,1,2
"14439",6.27060771045862,3.66078414853062,1,2
"14440",5.39704894425836,3.40353340874949,1,2
"14441",6.24527153585471,3.97205217550226,1,2
"14442",2.55529656306232,3.69891435951564,1,2
"14443",5.32489597244381,3.28960636194446,1,2
"14444",6.58311052421915,2.7866310255557,1,2
"14445",5.99580651624574,3.98737677259034,1,2
"14446",3.95923171189813,5.32407936508063,1,2
"14447",4.21425480993105,4.32250960043437,1,2
"14448",5.08130113171786,1.90396623677623,1,2
"14449",3.90583514364752,2.99243230760314,1,2
"14450",4.37280750661217,5.6857179374721,1,2
"14451",4.16343985088957,6.03833167403226,1,2
"14452",5.51507916913211,2.51789486293181,1,2
"14453",5.91876928422528,6.77955879822075,1,2
"14454",6.02708801569987,7.16632496671178,1,2
"14455",4.019049462939,5.9263043652196,1,2
"14456",3.4929925040446,3.2183149179626,1,2
"14457",4.8739879467388,0.447539479445379,1,2
"14458",4.51811572176265,5.4186609131471,1,2
"14459",5.70738063063438,2.96273583275103,1,2
"14460",6.43557061202548,3.94922147122176,1,2
"14461",3.90698058930846,4.42837713823916,1,2
"14462",4.1694305721701,5.16155632217461,1,2
"14463",3.00625641667564,3.01409582238943,1,2
"14464",3.86345736598553,4.65856013291265,1,2
"14465",4.25259636878462,0.848179612757193,1,2
"14466",3.62023084031174,1.82261973818473,1,2
"14467",4.46342956747003,4.90313815186719,1,2
"14468",4.78511555899126,4.39229811963681,1,2
"14469",3.8740431888069,2.99600294326872,1,2
"14470",2.67340736604899,5.39490694587038,1,2
"14471",4.82098353267498,5.66727755008694,1,2
"14472",2.69016570922944,1.27067073576377,1,2
"14473",3.93451569573241,3.78973120141263,1,2
"14474",3.09917899668641,5.41980351291334,1,2
"14475",4.30673594358834,2.5964719073041,1,2
"14476",1.59109699323732,4.68369822131682,1,2
"14477",5.23956752488118,3.39917204486679,1,2
"14478",6.29521761655526,3.64047571167394,1,2
"14479",2.13109195706249,2.66332817021979,1,2
"14480",4.16327408157923,1.17449749046194,1,2
"14481",5.44379418867669,2.57080834220164,1,2
"14482",1.39327405358178,3.44495341312183,1,2
"14483",2.36591678040629,4.9973093639856,1,2
"14484",3.71016688456178,4.98482936448135,1,2
"14485",6.40409820907213,4.2267750005766,1,2
"14486",6.78063810594818,2.56875270892011,1,2
"14487",3.46187391005774,3.17636125109694,1,2
"14488",4.2298215276714,5.60927770818958,1,2
"14489",5.16684481651414,3.87158915376718,1,2
"14490",4.43879452859877,5.40149009497019,1,2
"14491",3.96178289004489,2.02261703383353,1,2
"14492",2.25854828887619,3.64614065783397,1,2
"14493",5.39000505795274,2.52331159583629,1,2
"14494",3.61430722063897,4.1939637572386,1,2
"14495",8.12943075986831,5.60930989168254,1,2
"14496",4.10863086287142,4.22484125130843,1,2
"14497",3.50607872887798,4.28363587782595,1,2
"14498",7.73784423921379,4.01913077035222,1,2
"14499",4.76343434771625,4.26594834705532,1,2
"14500",3.26532972510862,3.36547159796659,1,2
"14501",7.582150408821,3.28796196840745,1,2
"14502",6.43007407591528,3.86992691264297,1,2
"14503",6.34208316619669,8.19334210244618,1,2
"14504",5.99236969787623,1.74169985272959,1,2
"14505",2.38771027698135,3.09913677785836,1,2
"14506",3.81904678870942,4.83753892548953,1,2
"14507",4.07597680705999,4.00856131925817,1,2
"14508",4.29490026636351,4.2647276333957,1,2
"14509",5.67041319604076,5.75598466048033,1,2
"14510",3.89642630930385,2.83441372884196,1,2
"14511",2.71420862193434,3.65881202025373,1,2
"14512",3.32057661116699,5.27257456840957,1,2
"14513",5.38178620238359,3.72996388690746,1,2
"14514",3.20755307709286,4.52702510582985,1,2
"14515",6.5665726432025,4.79319836779512,1,2
"14516",3.30738524229298,1.04042478470972,1,2
"14517",5.81434480428703,2.05335080397331,1,2
"14518",5.15363653509678,2.05356924601833,1,2
"14519",3.79007350156749,2.82880219811376,1,2
"14520",5.38603207192202,2.94008163400532,1,2
"14521",5.22370733916372,3.73104242478187,1,2
"14522",4.9630568406136,3.52906826082481,1,2
"14523",2.75660714538526,5.77912472279044,1,2
"14524",3.12338009801497,1.6869836910762,1,2
"14525",4.6006601247307,2.99790003078843,1,2
"14526",6.12346308928946,2.75519241969527,1,2
"14527",4.69157441260604,5.29677136711952,1,2
"14528",6.01490353853321,5.67308523946782,1,2
"14529",3.63898035264719,4.45242525253445,1,2
"14530",6.21704307214285,3.57283269555154,1,2
"14531",3.87587422360669,5.01919580150227,1,2
"14532",4.89035424699306,2.52172285379943,1,2
"14533",6.24587725010791,3.99300490445793,1,2
"14534",5.45632149507586,2.26475358176135,1,2
"14535",4.34863970622597,4.10761012884975,1,2
"14536",3.26264347513571,1.70441622499605,1,2
"14537",2.95260109258618,5.2801011070451,1,2
"14538",5.019442407362,5.12042007894869,1,2
"14539",3.98431221529247,3.96835649852324,1,2
"14540",8.04570227072822,3.89152598040945,1,2
"14541",3.34766299628766,3.95669161974402,1,2
"14542",2.45857486068096,2.56768591216438,1,2
"14543",2.79187266162357,3.48821685874618,1,2
"14544",4.1664426360434,3.8154088657494,1,2
"14545",3.67815412220306,4.80799315238714,1,2
"14546",3.4272809585455,2.7411389802622,1,2
"14547",6.40905086950497,4.74382460327384,1,2
"14548",6.54282732793372,2.57978339860233,1,2
"14549",3.18612586911684,2.92355363374478,1,2
"14550",6.91385206044884,2.9229021374893,1,2
"14551",4.46064890532744,3.98021801952996,1,2
"14552",4.02478242302487,4.00015097959604,1,2
"14553",4.87504981437379,5.10612114998697,1,2
"14554",4.50996708653823,3.53895558998119,1,2
"14555",5.17708925615391,2.82673353424286,1,2
"14556",3.51956669145834,5.82436467034681,1,2
"14557",1.59632206188617,3.7707077995755,1,2
"14558",3.8694109576778,3.94130742060755,1,2
"14559",4.12647916830176,3.98120941459937,1,2
"14560",2.39954346722125,5.33057617746067,1,2
"14561",2.36739914418179,2.64532384304769,1,2
"14562",8.45313592372528,4.4352259199639,1,2
"14563",3.75995705118141,3.14220059668431,1,2
"14564",4.96984083993627,4.06200348708572,1,2
"14565",8.04281052889917,4.7801983536058,1,2
"14566",4.74282201917107,4.56543330547536,1,2
"14567",6.22550608963288,4.5867650757058,1,2
"14568",5.0314691401102,4.55057429951853,1,2
"14569",4.07863003257523,2.1242665644767,1,2
"14570",5.59096132544779,4.5658743978611,1,2
"14571",4.65616283125804,2.41613483419197,1,2
"14572",3.93603676039028,4.28470235712814,1,2
"14573",4.68500032622492,3.46902403203355,1,2
"14574",4.39930729242067,2.6739977789357,1,2
"14575",5.7477965317372,3.4931086011731,1,2
"14576",4.10782297394279,2.45796511101919,1,2
"14577",3.83096211265392,5.66908339746717,1,2
"14578",3.3111142890043,3.85005474445348,1,2
"14579",4.3301935999675,1.69941976536809,1,2
"14580",5.39946832747965,3.85208936566339,1,2
"14581",5.25810954348392,1.59008976368124,1,2
"14582",3.46193010012591,2.95382527154362,1,2
"14583",2.59877982870184,2.95033888636259,1,2
"14584",6.13805283968955,4.52679755959474,1,2
"14585",7.76049299599357,4.72935071054898,1,2
"14586",5.40825847751701,4.0627361888681,1,2
"14587",5.4880317590778,3.54888915966611,1,2
"14588",5.5159691378982,6.47171377870954,1,2
"14589",6.3001260228305,2.97393233677468,1,2
"14590",1.43734352639997,1.01473860922046,1,2
"14591",6.94641956997542,1.46421346728487,1,2
"14592",4.59611030521286,2.03388822436203,1,2
"14593",6.6950513655861,2.42563628511075,1,2
"14594",7.5264477240316,4.87790011478053,1,2
"14595",3.83102477969677,3.51043616417572,1,2
"14596",5.95022934769822,3.15701512161821,1,2
"14597",6.797372289107,3.26346891709813,1,2
"14598",3.36704264632353,4.29047955708129,1,2
"14599",2.97765814234448,3.01276281441556,1,2
"14600",5.1716993987605,2.38299422319007,1,2
"14601",2.8811351095722,4.71174813276188,1,2
"14602",4.43640258413623,3.39659115487694,1,2
"14603",3.70777856560898,2.59776073421321,1,2
"14604",4.82991795401483,3.89356602422923,1,2
"14605",5.25487014870834,3.36796948165465,1,2
"14606",2.60157002089404,4.64025669127249,1,2
"14607",5.14978339259922,5.47065468800617,1,2
"14608",5.91596828324168,2.94879534642356,1,2
"14609",6.81352908415179,3.19687322125275,1,2
"14610",3.43902976237313,3.16044732396894,1,2
"14611",3.75141876555043,4.64521429725562,1,2
"14612",5.11678661291308,3.69723676537481,1,2
"14613",3.36218116526453,3.36271897856923,1,2
"14614",5.35783888141634,6.02516105494644,1,2
"14615",4.21514499026433,4.8191692445244,1,2
"14616",4.90157863395514,2.78726919942893,1,2
"14617",5.69827145473693,3.88335377326914,1,2
"14618",3.51477929711105,5.6215938491659,1,2
"14619",6.41733510806473,1.76157640237614,1,2
"14620",1.47304096540259,2.10036595706677,1,2
"14621",2.3510391593205,3.3641625197115,1,2
"14622",5.01125782251046,2.77676269756293,1,2
"14623",4.7828661474057,5.30003688926302,1,2
"14624",5.97819698436347,2.77719845959636,1,2
"14625",3.30986624411189,3.3299908260673,1,2
"14626",5.08263511464969,4.94420445701782,1,2
"14627",5.37017271979311,2.59113287834498,1,2
"14628",2.78928477111189,4.44206438697111,1,2
"14629",7.03512197625304,1.81168185586381,1,2
"14630",3.6356106209899,3.44136865329992,1,2
"14631",2.1204571633694,3.50596105789871,1,2
"14632",5.18455149979201,3.32112924538035,1,2
"14633",6.57275538557017,2.04565719219318,1,2
"14634",6.0751754633363,3.94537689998791,1,2
"14635",3.55248425154172,3.36546840912685,1,2
"14636",3.91100975422373,4.78226218100161,1,2
"14637",3.10977935953818,4.3987340501861,1,2
"14638",3.70083905731873,3.5482096024216,1,2
"14639",4.57453681822092,4.50030666223532,1,2
"14640",4.03532003322683,4.40085343606693,1,2
"14641",4.04538919436237,2.10701805569788,1,2
"14642",3.44079912205071,3.25011422143273,1,2
"14643",4.46580903606688,3.62384154971992,1,2
"14644",5.06186830388247,2.28209300484947,1,2
"14645",8.15229419135036,5.41889382634751,1,2
"14646",4.41229566764396,2.55886182443253,1,2
"14647",4.9022754151914,4.11302185215703,1,2
"14648",6.091246877942,5.01135474148534,1,2
"14649",5.15200653055842,4.15368642699495,1,2
"14650",5.85874677323676,3.07265333466442,1,2
"14651",2.37403458631987,1.68070389928832,1,2
"14652",5.44923469557061,2.37916730866137,1,2
"14653",2.87552229964339,4.0905902538896,1,2
"14654",2.38268872081995,2.40834917821669,1,2
"14655",2.17213032205263,2.41706208616198,1,2
"14656",2.69150242419135,4.52528644020454,1,2
"14657",2.45259196235723,6.53936945325679,1,2
"14658",3.36344873043005,4.34079377890928,1,2
"14659",3.4071025765994,2.50953627751349,1,2
"14660",7.75285775593695,1.38799898994085,1,2
"14661",3.87552678633784,2.18234919007831,1,2
"14662",1.91078157454377,4.09761642089943,1,2
"14663",3.81965601869062,3.77775249869562,1,2
"14664",4.99240766273673,1.25823337371139,1,2
"14665",5.36917303487242,2.99271413861728,1,2
"14666",3.07214362322794,4.17050169083017,1,2
"14667",5.73176116535743,3.58977980559582,1,2
"14668",4.76714573313867,3.49142341196783,1,2
"14669",4.54796339715243,5.07108748128436,1,2
"14670",4.59831499152041,3.43701146942648,1,2
"14671",4.48485081524496,4.79551210163166,1,2
"14672",4.26526930453359,2.97471386395128,1,2
"14673",5.91538087142679,5.70389307683419,1,2
"14674",5.43877272994329,5.66048614704622,1,2
"14675",5.24484105542009,4.4050339557795,1,2
"14676",6.72795494361517,2.53095906624335,1,2
"14677",6.80620724435166,7.24019810725275,1,2
"14678",4.94211824653545,4.19855333273231,1,2
"14679",5.63260713828582,6.12009470521106,1,2
"14680",1.8810008445709,5.39819880918156,1,2
"14681",6.2269919491392,2.96483993869721,1,2
"14682",5.80493990985779,5.4121953599343,1,2
"14683",5.59052265947801,4.52583823017566,1,2
"14684",6.06038403235002,2.23830905624741,1,2
"14685",6.95178149465112,0.748114664140801,1,2
"14686",4.69684753037545,1.07928966866542,1,2
"14687",3.15222302164548,7.21860565191338,1,2
"14688",5.44186159781706,3.58268677330885,1,2
"14689",5.78011622265933,2.93394601788492,1,2
"14690",5.81030758831575,0.422140980888554,1,2
"14691",8.27935996130623,4.83919801382152,1,2
"14692",4.1292037572213,4.28944021903077,1,2
"14693",1.84304474783142,3.44153118349161,1,2
"14694",6.65599296356434,4.05498407060769,1,2
"14695",4.94864143766655,4.58859740527819,1,2
"14696",6.67921736377961,6.57597477982896,1,2
"14697",3.104100766219,4.33215350991307,1,2
"14698",6.49382664227959,4.20994420601042,1,2
"14699",6.68733976279316,5.66816638039263,1,2
"14700",3.96390816956834,4.32016907897654,1,2
"14701",4.40378264816672,5.70115383685997,1,2
"14702",3.92827189297403,3.20491912852564,1,2
"14703",4.29078112954258,1.0634258338069,1,2
"14704",7.03163181505786,1.67285363703125,1,2
"14705",1.81032019798366,3.38663988486559,1,2
"14706",2.29491490627412,4.17111527755967,1,2
"14707",1.59321078895173,1.88911056330864,1,2
"14708",3.02311719945363,3.71174214534927,1,2
"14709",6.24143419211797,1.7018981718485,1,2
"14710",1.61070773477526,6.67011616711323,1,2
"14711",5.73377203762248,3.2763829995634,1,2
"14712",3.51952601575231,4.36253178146791,1,2
"14713",1.75655863996967,5.72250191210815,1,2
"14714",4.86070346765832,3.38394457630617,1,2
"14715",4.93817890350051,5.28621922354426,1,2
"14716",2.41038834288773,2.27305030663371,1,2
"14717",6.16244439674542,1.27279324848845,1,2
"14718",6.23850125186114,6.171148185434,1,2
"14719",4.34642456441868,4.02757467459271,1,2
"14720",8.59659707203945,1.49744115478025,1,2
"14721",2.14330040862636,4.44027008472007,1,2
"14722",5.09762662065566,0.708508217999102,1,2
"14723",2.68302084938045,3.87881849818733,1,2
"14724",5.76272563834762,2.99806667045985,1,2
"14725",8.9569456134296,5.21117606859285,1,2
"14726",5.559800373011,3.88240734283659,1,2
"14727",5.95728013445552,5.45307892640491,1,2
"14728",3.30559157622775,4.86126084276829,1,2
"14729",4.06043563211286,1.99934252304778,1,2
"14730",7.94275918403485,4.72031699415053,1,2
"14731",3.77647327532467,4.43840027505077,1,2
"14732",5.62595044730168,1.53970601194667,1,2
"14733",5.39473580465379,4.80747911463496,1,2
"14734",3.77365066677426,4.7432945621357,1,2
"14735",1.55755621345246,5.81922683654337,1,2
"14736",3.42445017992133,4.28861346978905,1,2
"14737",4.59881084376534,3.67960740439655,1,2
"14738",4.68904535870492,4.98068685679377,1,2
"14739",3.8459073867963,3.35002730614787,1,2
"14740",6.36704866651943,7.50479546990851,1,2
"14741",2.37514922022947,2.74979275483194,1,2
"14742",6.77827393644251,1.76281245049763,1,2
"14743",5.68874229669089,4.65764208581382,1,2
"14744",4.15710240906444,6.30261611601475,1,2
"14745",3.73961064502853,3.63739388709313,1,2
"14746",3.04863506404087,3.53167726560044,1,2
"14747",0.777289336135544,3.91507688474644,1,2
"14748",4.15065336301516,4.37186315380261,1,2
"14749",4.10400110151988,1.87820886722075,1,2
"14750",3.14017608185377,3.52959182965441,1,2
"14751",3.79773310321743,2.99238573837813,1,2
"14752",5.3919925995382,5.16208215555184,1,2
"14753",1.58015029019966,0.806943523050965,1,2
"14754",4.30334416730121,2.71439018282183,1,2
"14755",6.67982315865365,2.14876979654535,1,2
"14756",2.9078513354684,4.00145372518752,1,2
"14757",4.30054056440972,6.66369035596948,1,2
"14758",5.18366412858422,4.78566860783875,1,2
"14759",2.7691104652623,3.95029658302968,1,2
"14760",5.50948989289188,5.69704355421412,1,2
"14761",3.40131159834636,4.6572490116258,1,2
"14762",5.08069226913095,3.638767149385,1,2
"14763",4.39014200543842,2.74252450465328,1,2
"14764",6.13205887961496,4.19213087001542,1,2
"14765",3.06777890286061,3.80924589564869,1,2
"14766",4.98690067416001,1.40421027114089,1,2
"14767",1.69380168460959,3.37817222755105,1,2
"14768",6.69702322006537,4.13034836634841,1,2
"14769",5.82738014987804,4.91429366335339,1,2
"14770",4.32181210836096,6.07941937897739,1,2
"14771",5.73134339371139,3.35912962903551,1,2
"14772",2.86716402509779,4.40903831241544,1,2
"14773",4.0185505912141,3.64440203571116,1,2
"14774",6.50578035884041,4.27106859956291,1,2
"14775",4.78637870618537,3.85204698641725,1,2
"14776",5.24778311694002,3.71205675715866,1,2
"14777",6.59448431349286,2.07718395527065,1,2
"14778",3.04391973668219,2.56339174891524,1,2
"14779",4.15841868683631,2.9273331924809,1,2
"14780",6.39152188484286,2.07660779126672,1,2
"14781",5.03311893471479,4.71648968487203,1,2
"14782",4.81108973493255,5.40347384271806,1,2
"14783",3.66647619925415,4.54930460652691,1,2
"14784",3.88184901571574,3.38645534883029,1,2
"14785",7.58819445017993,1.79130563973263,1,2
"14786",4.86580975550182,3.71678341453126,1,2
"14787",5.25952232273785,4.53736590271135,1,2
"14788",4.2913675327166,1.52331674545799,1,2
"14789",3.71090551503787,2.23370648720809,1,2
"14790",5.30443507293408,3.43624408561375,1,2
"14791",2.70048219309808,1.2142138049656,1,2
"14792",6.37895346347918,3.80016464551514,1,2
"14793",2.6223801580448,5.25357330052108,1,2
"14794",5.46912691972731,2.5333468429176,1,2
"14795",5.4864335907389,6.74207837646721,1,2
"14796",3.78785841714087,2.5077762287949,1,2
"14797",2.0849237484582,3.52832155363408,1,2
"14798",5.69662711661166,3.64085313038755,1,2
"14799",3.64616963549615,5.59283539274752,1,2
"14800",4.33813059035635,5.42713125021008,1,2
"14801",7.51032567770657,4.28978830029291,1,2
"14802",3.66570027072741,6.13553944056055,1,2
"14803",3.61416809572087,6.74512420824765,1,2
"14804",4.54167752353992,2.62404229178169,1,2
"14805",2.66453385248091,2.74677468945803,1,2
"14806",1.23279113703034,5.33438225945027,1,2
"14807",3.43728497445674,2.97364683426805,1,2
"14808",5.60501020207289,3.67814737142625,1,2
"14809",2.80032808141794,5.93364935903914,1,2
"14810",5.69206987440154,3.48603452825749,1,2
"14811",3.12665933533725,4.06558680178529,1,2
"14812",2.6166520442187,2.70448381125748,1,2
"14813",2.07966879126832,4.90312296612925,1,2
"14814",5.39863135260358,3.5480849852545,1,2
"14815",5.06097046262779,2.72785015589205,1,2
"14816",4.59907159205865,3.29582036981539,1,2
"14817",6.82492800951352,4.39521732609961,1,2
"14818",5.1068805580325,4.99090775840769,1,2
"14819",4.62956162422201,3.5068166398724,1,2
"14820",5.75887732796612,5.59891168593853,1,2
"14821",3.60920815952659,4.26870011862121,1,2
"14822",3.07664305206421,4.77871243565716,1,2
"14823",2.72675919823368,5.64885555362905,1,2
"14824",4.08487925326147,1.12827548927357,1,2
"14825",4.93359628226548,3.66946507960758,1,2
"14826",3.79127567080453,1.2318179408782,1,2
"14827",1.94644894346198,6.24552790275621,1,2
"14828",4.07455203882414,2.29839571568122,1,2
"14829",4.74424348461085,4.2459084120961,1,2
"14830",4.81260968689297,5.15954447429935,1,2
"14831",5.3959639752438,3.37529356404091,1,2
"14832",4.11690234025075,3.66388405546067,1,2
"14833",4.79605560293527,2.56177280606871,1,2
"14834",5.78567856768166,2.79326438950239,1,2
"14835",6.4198390428844,5.81063714135157,1,2
"14836",5.36636658112504,2.63208542951979,1,2
"14837",4.14863260389948,6.70819859442339,1,2
"14838",4.34517059292796,3.04636741492271,1,2
"14839",4.60448346116887,5.31771615765478,1,2
"14840",5.03982399371041,2.72067149766205,1,2
"14841",2.33602857247912,4.718048114972,1,2
"14842",2.95572083768274,4.26939162518233,1,2
"14843",4.56910883907628,2.67119045285675,1,2
"14844",6.21431886568628,2.2464662108363,1,2
"14845",5.07039981568403,4.73595820082517,1,2
"14846",0.30742895669919,5.23557629311598,1,2
"14847",3.86321743025022,3.51825450050277,1,2
"14848",1.609261820373,3.77570894445091,1,2
"14849",6.81201989572619,5.55147960215788,1,2
"14850",2.71119469495265,2.58894448114341,1,2
"14851",4.52955390189588,2.32836909242737,1,2
"14852",3.54341744698102,3.48315132070224,1,2
"14853",0.525148042381119,4.41327770905828,1,2
"14854",3.76564789215411,2.98715711591302,1,2
"14855",5.21352125093034,3.36401344925096,1,2
"14856",8.10205176953272,0.991562834666888,1,2
"14857",5.54919206363993,6.53818515889587,1,2
"14858",4.09528970103948,3.85596370434493,1,2
"14859",4.06566162384168,3.57257168255137,1,2
"14860",3.7926402244081,4.32588506984574,1,2
"14861",4.61653749294074,7.2026509522997,1,2
"14862",3.80826212148223,4.45232489241437,1,2
"14863",4.3490872823389,3.81897557451139,1,2
"14864",5.34741766847614,3.78515999242466,1,2
"14865",3.75659984145924,5.8121519332096,1,2
"14866",4.30108451426963,5.39493463396743,1,2
"14867",4.18853372645223,2.71376978418277,1,2
"14868",9.11035974178627,5.16505440083965,1,2
"14869",5.32812446589339,5.86644799548061,1,2
"14870",3.70602258635174,2.80701908415685,1,2
"14871",4.41408444208756,3.32927861250694,1,2
"14872",3.19557823408622,2.66333954375865,1,2
"14873",2.88635567823213,0.776344019476775,1,2
"14874",3.62407166963696,5.37872641588666,1,2
"14875",4.50439591857467,6.13115758657533,1,2
"14876",5.12762731250441,3.66548742269841,1,2
"14877",6.66911537338813,5.18033040426553,1,2
"14878",3.76346019017021,3.9210886497293,1,2
"14879",7.81769705711127,4.4390076783193,1,2
"14880",5.02191800538116,4.24649848213517,1,2
"14881",5.34201869795481,2.59031226289282,1,2
"14882",4.51399532355133,6.80171678887786,1,2
"14883",3.80133655930296,2.29611787098558,1,2
"14884",5.09638599932378,5.03897355641541,1,2
"14885",4.70668668260318,3.21544551792565,1,2
"14886",8.31925119865653,1.63158733204166,1,2
"14887",2.96010351809482,5.33475928405712,1,2
"14888",4.01753219751087,2.68725084217711,1,2
"14889",4.54378760853816,2.96232305574332,1,2
"14890",6.60858299736841,3.13287668277711,1,2
"14891",6.8659837195864,1.41727936899637,1,2
"14892",3.75207188253524,3.81304734045099,1,2
"14893",4.58621227824352,3.43225108240112,1,2
"14894",0.979405320056166,2.49028786989561,1,2
"14895",4.40123776984591,4.74453488456654,1,2
"14896",5.98952014015238,4.56242421731226,1,2
"14897",7.14079927232093,2.61345649676994,1,2
"14898",2.34417608094404,2.07984828058182,1,2
"14899",6.57084030823982,3.63973432134103,1,2
"14900",4.54700751966798,4.22721989256017,1,2
"14901",4.94022029369116,4.12070031929846,1,2
"14902",3.64093251446583,1.93231037767625,1,2
"14903",2.0787982740294,3.82315053078528,1,2
"14904",1.94454632317338,2.65871481276471,1,2
"14905",2.19382494361446,3.919568976753,1,2
"14906",3.63417587483809,3.96078248977778,1,2
"14907",5.20362491893579,2.54415859374372,1,2
"14908",6.71146963519193,5.52907238841672,1,2
"14909",2.88564020417781,2.36325125314876,1,2
"14910",4.27176902869098,4.65316630312183,1,2
"14911",4.37445876850495,4.32059132655126,1,2
"14912",3.82952515352528,3.03217061094821,1,2
"14913",6.00524420529908,3.5480664132208,1,2
"14914",5.04839872453827,5.80884880681068,1,2
"14915",4.75489502057019,2.64894254307766,1,2
"14916",6.78623445744271,4.3491605003457,1,2
"14917",4.74255261781524,2.17821939036321,1,2
"14918",6.39397090910635,4.66692492671131,1,2
"14919",4.87460357741541,1.7896358546444,1,2
"14920",1.55586935115316,1.68977652252952,1,2
"14921",4.60361640899985,1.7507020841756,1,2
"14922",5.64331145767597,3.86067986421763,1,2
"14923",6.90420388946549,4.29438026855597,1,2
"14924",3.34711351427858,1.5721858572039,1,2
"14925",6.42824267830711,4.92160508095694,1,2
"14926",4.05453098728823,3.85923448109249,1,2
"14927",5.34153474857529,5.16786897844231,1,2
"14928",4.56423112009942,5.71734036901694,1,2
"14929",3.3558705685833,1.8160834378199,1,2
"14930",5.5787636501486,3.18094752679053,1,2
"14931",7.05753374095802,3.22347306080571,1,2
"14932",4.30385648664348,4.10836882851077,1,2
"14933",3.14974954373486,3.23974987263257,1,2
"14934",4.70441112830312,5.60855917178566,1,2
"14935",7.47347394880334,3.6818789043589,1,2
"14936",4.43167522259316,5.29089627214101,1,2
"14937",5.79554549067832,2.8353710869859,1,2
"14938",1.90765837755945,2.60831458763144,1,2
"14939",2.91633480451908,5.56842065346928,1,2
"14940",3.15056989641823,2.3388368659075,1,2
"14941",3.39464038928816,3.7001959575888,1,2
"14942",6.27874995371546,4.91673234477631,1,2
"14943",5.54514678038122,3.49963134348162,1,2
"14944",2.83262945006926,3.37520725869286,1,2
"14945",3.86851278192487,1.82240244589938,1,2
"14946",3.87699869834203,3.15364787060702,1,2
"14947",5.25419338991126,6.11826531188403,1,2
"14948",4.35962734499942,1.9803436313833,1,2
"14949",6.10206729407733,3.82054775980399,1,2
"14950",4.6460018227006,3.88839573335218,1,2
"14951",4.58911207159633,5.54751339391915,1,2
"14952",5.59007485423098,4.16283157308967,1,2
"14953",1.60754820854182,2.90344858614446,1,2
"14954",5.55703335330489,4.76336430686626,1,2
"14955",3.04487011927771,1.72930857460431,1,2
"14956",5.0176022393973,4.0159721818618,1,2
"14957",3.1093371223895,1.96048178421804,1,2
"14958",4.55589260790668,3.80092789513401,1,2
"14959",3.77840031011619,1.09449221106679,1,2
"14960",5.14637437270574,1.60216411108688,1,2
"14961",3.6902619041416,3.64241784441796,1,2
"14962",6.07497369630844,4.98003142986751,1,2
"14963",2.82717040436589,3.68816296770497,1,2
"14964",3.37471124686567,5.89345754346958,1,2
"14965",7.05218827514769,6.4980425310045,1,2
"14966",4.08822071952231,4.32117696343507,1,2
"14967",3.23926237595285,4.20969135722176,1,2
"14968",1.70710773389063,2.68558224373168,1,2
"14969",5.09060567254203,1.69368475899101,1,2
"14970",3.57225979330215,3.37496443101072,1,2
"14971",4.79024497789238,3.4339217680853,1,2
"14972",3.77529048818463,5.11356249280911,1,2
"14973",4.1154493402627,4.89047171069005,1,2
"14974",2.92186090397925,3.52012534045544,1,2
"14975",4.73151113911284,4.73991788455805,1,2
"14976",6.36014575730755,2.01596287882784,1,2
"14977",5.58279841040174,3.79566113293297,1,2
"14978",6.83386440178031,3.39948770286423,1,2
"14979",4.62734341877921,1.05565296602954,1,2
"14980",4.94583919378321,3.73745084916245,1,2
"14981",4.70560522036063,5.28913567336828,1,2
"14982",3.29386743724423,4.74274292148633,1,2
"14983",6.28529936906609,4.11192210510909,1,2
"14984",6.09901830022427,4.21607960551378,1,2
"14985",2.20774802383607,4.34991220095649,1,2
"14986",0.446332562339885,2.75145982310612,1,2
"14987",3.29736503396609,3.2101194660614,1,2
"14988",5.04400315638278,2.6537668395852,1,2
"14989",4.75098777325051,5.70766635030686,1,2
"14990",5.43972209352491,3.90921299265735,1,2
"14991",2.01759167775078,4.08527042090292,1,2
"14992",6.24904814016561,5.29544177421269,1,2
"14993",3.86481686489017,4.02645970572685,1,2
"14994",4.51632465597561,2.02288695003905,1,2
"14995",7.0975059636591,5.02369272476059,1,2
"14996",5.61420738383184,2.91641722991067,1,2
"14997",6.41651783731063,3.90463481701621,1,2
"14998",5.55839911567509,2.4873879251306,1,2
"14999",5.17160812162629,3.55340741674951,1,2
"15000",4.03164307299468,2.93416237476079,1,2
