"X1","X2","component","subcomponent"
"14001",8.00778228622916,0.865570132809304,1,3
"14002",6.74888965929823,1.69591404024667,1,3
"14003",2.81094933455495,2.09094673962863,1,3
"14004",9.06337290124991,0.0340320428409446,1,3
"14005",7.06911837537751,2.69602011819707,1,3
"14006",3.89806579531059,3.40872846536385,1,3
"14007",2.86386031909178,1.70444325612521,1,3
"14008",2.76101834307245,0.461905627721664,1,3
"14009",5.55216950833859,1.58389080329714,1,3
"14010",10.1937259322843,2.44395980728594,1,3
"14011",5.81744405830121,-1.39370636243844,1,3
"14012",4.01249469050521,-0.0569662642693063,1,3
"14013",5.81453834513786,0.803430794421278,1,3
"14014",8.29558927240267,1.28086417659017,1,3
"14015",8.27505465633191,3.03658063735944,1,3
"14016",1.06457509169004,0.209959101320189,1,3
"14017",7.33437438648337,2.01156789451629,1,3
"14018",5.46358197800298,-0.67445729281081,1,3
"14019",3.65723211864147,2.79189095266315,1,3
"14020",3.74576207585888,2.90686600905308,1,3
"14021",5.31320685101072,3.97996073349089,1,3
"14022",10.9404359117827,2.10877484671395,1,3
"14023",-2.50569697269133,-0.350591134815899,1,3
"14024",3.16711567730607,3.64872265933941,1,3
"14025",9.2693831891802,0.868850429963635,1,3
"14026",8.31073907239124,1.30666321180376,1,3
"14027",5.64805482164956,0.425923304216257,1,3
"14028",5.37926325821235,2.5531503623004,1,3
"14029",10.3191882275791,4.12216787124801,1,3
"14030",5.33032884289853,2.39092866256513,1,3
"14031",1.72961903456967,0.29331134715631,1,3
"14032",-1.00347681018276,1.54636974315087,1,3
"14033",1.46992978946613,0.00488226320900242,1,3
"14034",8.58770146493514,1.93031387845588,1,3
"14035",5.44388840814021,1.90103854922865,1,3
"14036",9.52917439451179,5.99560265335614,1,3
"14037",7.9824049434665,-2.59499954578829,1,3
"14038",5.28014867135462,3.89093757940881,1,3
"14039",7.20195045758821,1.29802413043731,1,3
"14040",6.45526783708306,1.22757252880646,1,3
"14041",10.3568575373094,2.26270912829708,1,3
"14042",2.40175465214277,2.24367469904118,1,3
"14043",-4.02850619865067,1.98140684305501,1,3
"14044",4.97982693159237,-1.80470986168388,1,3
"14045",6.43075582640993,5.6163795618812,1,3
"14046",5.79478880025945,0.183061423624037,1,3
"14047",-1.54101771371572,1.30161060935994,1,3
"14048",4.03082515839856,1.03878722427503,1,3
"14049",14.090872272658,1.85336081953067,1,3
"14050",1.21948436269752,4.67602627989578,1,3
"14051",7.29786950217092,1.55196703545678,1,3
"14052",5.38341403101041,-1.24810918306068,1,3
"14053",10.951096702257,1.86319575160328,1,3
"14054",10.1562486508686,3.47446546535948,1,3
"14055",9.84939855260762,2.66044671579954,1,3
"14056",13.9213800223542,3.09935390204467,1,3
"14057",4.12540324724441,2.41966172849158,1,3
"14058",8.30685540744431,2.10492268640184,1,3
"14059",8.11614620369609,-0.142036286006803,1,3
"14060",6.59008673303703,3.09423647522359,1,3
"14061",8.56395925121334,2.32721541922851,1,3
"14062",7.16078663164468,2.85881895377001,1,3
"14063",9.18994328364782,-1.03078240642402,1,3
"14064",6.52128017739911,3.86050892961661,1,3
"14065",-2.48098676569188,-0.138476433840335,1,3
"14066",9.26584325494593,0.680710706206415,1,3
"14067",6.50077883462944,3.56785588804385,1,3
"14068",3.51403650864715,1.29417528051949,1,3
"14069",5.18715769325049,1.03570636612341,1,3
"14070",4.73342411339716,5.56329509538744,1,3
"14071",4.52446132664116,0.354534708338907,1,3
"14072",5.47599344830219,2.15257135075294,1,3
"14073",2.67319560107852,0.225230205769174,1,3
"14074",6.38560435992258,2.37410244952109,1,3
"14075",1.87581115550387,-0.784928648890804,1,3
"14076",10.2764193188582,1.08547050940723,1,3
"14077",7.88253039743119,1.39920557424929,1,3
"14078",6.80350503190034,1.68023955582543,1,3
"14079",1.69466753312892,5.13052016713825,1,3
"14080",5.04587077781178,0.699014358068643,1,3
"14081",4.63351629090292,2.50930399326326,1,3
"14082",2.4246591298377,0.660358553672539,1,3
"14083",8.56373707791358,4.45716381988896,1,3
"14084",6.66205312375898,0.567253539051166,1,3
"14085",3.87636777639752,4.49157723074968,1,3
"14086",7.36782432212975,0.193423557028451,1,3
"14087",9.72895439035335,-0.120512204703856,1,3
"14088",7.6774045506533,0.757852143908594,1,3
"14089",2.65850860939967,-0.330995526753255,1,3
"14090",4.58036471018547,2.84081460116578,1,3
"14091",5.60171996693072,-0.901945584388486,1,3
"14092",-2.35216475544479,1.35612260350912,1,3
"14093",1.9190646331984,0.355580885056528,1,3
"14094",13.451103154683,-0.078404990110325,1,3
"14095",3.73156668283593,2.21271123788266,1,3
"14096",8.62552324767106,1.78630702689277,1,3
"14097",9.12136670409145,3.29306509711697,1,3
"14098",2.86577732705406,-0.195235180131744,1,3
"14099",2.46847798003302,0.659209186141046,1,3
"14100",6.79566113161589,1.06537866449772,1,3
"14101",9.63774264923489,2.74950525109338,1,3
"14102",7.06165144702477,3.12185416504258,1,3
"14103",-0.130081531634382,1.65866161058428,1,3
"14104",6.72177781513095,2.55716415805428,1,3
"14105",5.25099119065182,1.2774120201783,1,3
"14106",5.91426067434296,2.53891046669894,1,3
"14107",5.92436544989765,1.38946136410079,1,3
"14108",6.8147632019318,0.300423558993735,1,3
"14109",9.58474816604138,3.48217240404471,1,3
"14110",2.83706696955429,1.36843658272108,1,3
"14111",12.9401900552833,0.67551531621247,1,3
"14112",11.2587057125677,3.05081746204413,1,3
"14113",8.84662237757864,0.369127866680804,1,3
"14114",5.59034495304679,1.13563768677298,1,3
"14115",1.06285317142629,3.02309440798953,1,3
"14116",8.25603278290765,1.42848139856509,1,3
"14117",4.75045596115338,2.94757662265156,1,3
"14118",6.51308654468108,5.43826981813474,1,3
"14119",6.15945967902309,3.03920316328118,1,3
"14120",9.34309606035703,-0.872224248026238,1,3
"14121",7.76578783896804,2.6391688697848,1,3
"14122",9.88964121410554,3.28602090719633,1,3
"14123",11.5969473665271,2.08780924566679,1,3
"14124",-0.310329006674278,1.15940836865747,1,3
"14125",3.622663534509,2.81528445439246,1,3
"14126",2.84934321897514,-0.231837986627959,1,3
"14127",2.6831539310903,2.56375905216199,1,3
"14128",0.490931631392222,2.83269599311365,1,3
"14129",8.02101778186995,0.9475080294759,1,3
"14130",8.54915737245083,1.44052556004707,1,3
"14131",0.288556006415556,-0.964647743602614,1,3
"14132",7.99498323756189,4.42358687957607,1,3
"14133",4.01248165118936,1.46879852596032,1,3
"14134",4.89546228715993,1.18641837040751,1,3
"14135",4.73943738391627,0.996946817187304,1,3
"14136",7.23074535850589,2.24729655099385,1,3
"14137",2.24193664106675,0.500687961204474,1,3
"14138",4.78360372795054,1.77806028584864,1,3
"14139",3.86019597875106,2.81300253887502,1,3
"14140",10.5350867566235,1.45504978574116,1,3
"14141",6.64314288263927,1.50941447233186,1,3
"14142",5.18440789040388,0.439492227566352,1,3
"14143",3.74866332273406,2.15901331371933,1,3
"14144",8.26416607704493,5.43876210940034,1,3
"14145",-2.37932859781865,2.04886652576972,1,3
"14146",10.3170893579629,1.21901519157411,1,3
"14147",0.226770349086359,1.95662709957873,1,3
"14148",14.6048331731705,-0.898283680942738,1,3
"14149",7.19250820222568,0.546766135435758,1,3
"14150",9.5029576723319,1.79220893953566,1,3
"14151",5.35396767061484,1.38266105884794,1,3
"14152",4.92980803005283,3.75772907217739,1,3
"14153",7.75000027545859,0.0837923093921047,1,3
"14154",6.93672770200481,1.63504671851527,1,3
"14155",9.03574823228443,4.71753232463102,1,3
"14156",5.07050383294728,2.9547253782727,1,3
"14157",4.32118745856587,0.311972815561242,1,3
"14158",-2.50985323260283,2.63742577653068,1,3
"14159",5.7153806839714,1.02156032675992,1,3
"14160",12.8747542937707,0.458855648280138,1,3
"14161",8.09659390858229,0.938401766430685,1,3
"14162",2.60989480423448,-0.433770897547467,1,3
"14163",7.88854153225642,2.52328315915608,1,3
"14164",5.88763843847946,2.1922971755721,1,3
"14165",7.68091564296079,2.56420354027252,1,3
"14166",-2.50706176460401,2.23088617648052,1,3
"14167",7.41328663313542,1.70529874639391,1,3
"14168",7.2310072677111,-0.00850468511082703,1,3
"14169",0.284233521864789,1.66690901853453,1,3
"14170",12.3477482878587,-0.200695230723669,1,3
"14171",4.82386725819658,1.07215437441013,1,3
"14172",-1.22826597469042,2.37329069861725,1,3
"14173",6.18245078120096,2.89433327272527,1,3
"14174",3.80802757166552,-0.250279831250661,1,3
"14175",5.31100899522754,1.39857200486653,1,3
"14176",8.67894352677777,3.42443797078458,1,3
"14177",1.64889488041181,0.0319875281053517,1,3
"14178",7.36705981559229,0.361191674155926,1,3
"14179",9.71436890803013,1.88786417799548,1,3
"14180",8.91801370424017,-2.73585577955386,1,3
"14181",12.4007391472854,0.0794484179312718,1,3
"14182",5.58978162840136,1.98080881833052,1,3
"14183",8.54294917729914,-1.60834607331483,1,3
"14184",6.88460533995706,0.821705958065081,1,3
"14185",4.6488550888625,2.58363115560069,1,3
"14186",1.89472765346812,1.42859329066938,1,3
"14187",4.88144589986031,2.64094429981609,1,3
"14188",9.82149996727755,0.423350152722723,1,3
"14189",11.946532392786,3.64200694846838,1,3
"14190",10.6851009559069,0.669892959066305,1,3
"14191",4.62443100003462,0.0621094773826953,1,3
"14192",3.99490766886983,1.78175348717263,1,3
"14193",8.25140286179512,0.911843633430466,1,3
"14194",4.76528815166305,1.36020881268276,1,3
"14195",3.94261836503777,3.47634121009946,1,3
"14196",12.5385959486417,2.11692211800578,1,3
"14197",2.20129263149678,-1.13772459876511,1,3
"14198",7.9991189163688,2.23517604046653,1,3
"14199",3.17608929746697,2.83774262045569,1,3
"14200",-0.168509151542604,2.66210287452973,1,3
"14201",6.36485527877188,2.89655379581055,1,3
"14202",8.74525610226448,2.81582771964568,1,3
"14203",7.24385022136475,-0.149979890032639,1,3
"14204",7.30713273585919,3.64044004137953,1,3
"14205",5.36800731959535,1.89649092979632,1,3
"14206",15.9277277605745,-1.41639411416426,1,3
"14207",3.02816929462992,0.601711640453167,1,3
"14208",4.40515891318743,2.15647870810865,1,3
"14209",7.8373099876343,2.53860535191431,1,3
"14210",5.71509909882705,1.45198549747102,1,3
"14211",5.16071779822377,0.0169677701728153,1,3
"14212",11.868050821529,1.66668998950852,1,3
"14213",11.6309005844649,3.17117515318219,1,3
"14214",-2.01168199921834,1.25657822649095,1,3
"14215",-1.78936783492673,1.15758398685407,1,3
"14216",12.7317122592559,0.123032823287675,1,3
"14217",6.97965388086807,1.6922775918064,1,3
"14218",1.65013115811259,-0.0643942705185703,1,3
"14219",10.7960795457091,0.072643621682152,1,3
"14220",8.43100665579312,2.88160823245621,1,3
"14221",10.998123453975,0.491852892764547,1,3
"14222",7.4393849104536,-1.43898058324678,1,3
"14223",1.49606611627287,0.186665491479421,1,3
"14224",3.10321319055066,5.49615464415776,1,3
"14225",4.9612964833749,-0.0812926321543062,1,3
"14226",4.99537413437712,2.55022454652744,1,3
"14227",6.25291699272114,3.23947919045343,1,3
"14228",2.95625598249605,1.70052081834175,1,3
"14229",8.31184765612574,0.935547829688799,1,3
"14230",5.46290781317123,-0.804392886816892,1,3
"14231",5.08536875019198,3.0238715189649,1,3
"14232",4.49857316152198,1.65523552020053,1,3
"14233",5.84052631262103,1.01264928137309,1,3
"14234",10.6426647654067,1.33400451550414,1,3
"14235",7.50133652622121,2.84957793283358,1,3
"14236",9.32239838199663,3.84863499827079,1,3
"14237",11.0792422843392,-0.200768893384212,1,3
"14238",4.25297855666064,1.61814426123009,1,3
"14239",7.27343811044974,1.7878493060684,1,3
"14240",2.32261664306857,4.34532006154301,1,3
"14241",9.99139438789778,-1.70840827073605,1,3
"14242",6.98326580659479,3.05497835893425,1,3
"14243",7.1933182755426,-0.252805261047162,1,3
"14244",2.21051347318061,0.669571892558673,1,3
"14245",8.77513108159755,2.53851040502572,1,3
"14246",4.09259051180395,3.71357913308242,1,3
"14247",10.1222081018124,2.14425046952191,1,3
"14248",10.2039943942152,5.29729901351129,1,3
"14249",4.10333362315591,1.76342393030257,1,3
"14250",-0.743744177947812,3.09527825172736,1,3
"14251",2.772970162138,1.23503078967144,1,3
"14252",10.2733756992294,0.762884123048278,1,3
"14253",5.41075339035855,3.45262694271208,1,3
"14254",8.82271448312462,2.88650789722973,1,3
"14255",1.63340560544364,1.89743667455662,1,3
"14256",8.54714333975911,-0.121117372982399,1,3
"14257",9.00506588953716,2.74630683472091,1,3
"14258",6.15456358553689,1.17352724050793,1,3
"14259",7.09079951749943,2.25207370950062,1,3
"14260",2.86046001592132,1.42443217773176,1,3
"14261",3.57142163740788,0.1975282164965,1,3
"14262",7.92730070457307,0.689829934203576,1,3
"14263",9.93740283569245,2.73468971611001,1,3
"14264",5.05301181947202,-0.0511556950028409,1,3
"14265",3.53028975977313,0.231710970184638,1,3
"14266",10.4176722317204,2.64534464078969,1,3
"14267",8.75071968916696,1.73687005769504,1,3
"14268",9.1052138931732,3.01567971895281,1,3
"14269",13.203951990374,1.3002105776577,1,3
"14270",14.5811213447962,1.19076923092232,1,3
"14271",3.97043099652585,2.79556840546367,1,3
"14272",8.6692873797505,1.62990024199819,1,3
"14273",1.02846812136497,2.03230074585184,1,3
"14274",5.52375639864781,1.51252381465273,1,3
"14275",5.52393130789866,1.21993184779733,1,3
"14276",8.63738848147315,-1.23024403938998,1,3
"14277",7.1312225191049,1.79980409315018,1,3
"14278",-0.690355399192659,3.36415158082428,1,3
"14279",10.0691293479004,1.1895379418401,1,3
"14280",8.82730149124075,2.15853014365549,1,3
"14281",8.93206502975959,1.91182863367478,1,3
"14282",7.92496656167058,-0.102283786636684,1,3
"14283",13.6881482385212,1.05928760220363,1,3
"14284",4.55255103753482,-1.20883897181455,1,3
"14285",10.6360873576496,1.09960079628293,1,3
"14286",1.09796513837806,2.51537720805704,1,3
"14287",8.61181936815211,3.49672691403829,1,3
"14288",-3.12163015229917,2.39194496589005,1,3
"14289",2.85730703716375,1.74274884481264,1,3
"14290",6.08951757062766,1.95716177737959,1,3
"14291",6.24708548144678,0.116565452189994,1,3
"14292",3.25449842612863,3.46941859574848,1,3
"14293",11.544105822241,0.0916257618461604,1,3
"14294",10.2385359318386,1.2166176268168,1,3
"14295",10.3137933149508,1.49190005879682,1,3
"14296",1.19329702810077,2.28046310713594,1,3
"14297",10.1701916995261,-0.818178072108087,1,3
"14298",7.51580034237835,4.36553685041393,1,3
"14299",7.53165093639707,2.47313703045347,1,3
"14300",-0.668817800488975,1.02989333650875,1,3
"14301",5.74124416199233,1.17057876532384,1,3
"14302",2.51229469492781,0.204232849000585,1,3
"14303",2.84140977362339,1.53021326926285,1,3
"14304",7.22132867160481,1.32938190066808,1,3
"14305",8.01670832211784,2.84275539361899,1,3
"14306",6.3771424269618,0.456193132273269,1,3
"14307",12.2946519892352,0.466248935250725,1,3
"14308",7.08773262001177,-2.19012080221958,1,3
"14309",12.0146558110277,0.0577343835792794,1,3
"14310",6.13552147849062,1.77805365042153,1,3
"14311",6.96931522183837,1.68659771841647,1,3
"14312",2.76621135149393,1.09944464834174,1,3
"14313",5.35873954640803,3.06627306856449,1,3
"14314",5.88533346072839,3.02391249355169,1,3
"14315",8.75189844883287,0.480592959579635,1,3
"14316",7.01826729452562,1.34457992442748,1,3
"14317",5.93312619655729,-2.34576957771629,1,3
"14318",1.52608817229038,3.40766889426114,1,3
"14319",9.9020331321937,1.42364185694872,1,3
"14320",2.97593308749745,0.80524259480168,1,3
"14321",3.08892909026347,3.37236730668196,1,3
"14322",1.31068853570815,1.19501364552074,1,3
"14323",-0.203122215780829,0.0427000749996507,1,3
"14324",6.48064999424358,3.03867807116338,1,3
"14325",7.54632374012985,-1.31007616774925,1,3
"14326",4.24374797313396,1.23814703118645,1,3
"14327",1.91799003929957,1.17275665690506,1,3
"14328",17.4143358913276,5.03747899472942,1,3
"14329",3.42022686144497,-0.0853764448818666,1,3
"14330",15.8128804357766,1.75392098495321,1,3
"14331",3.33140780421655,1.44814364879982,1,3
"14332",13.265295160524,1.53603502046747,1,3
"14333",2.13712483427489,1.54524572162723,1,3
"14334",5.27594192511387,3.94240289011038,1,3
"14335",8.4574691819134,-0.525543868064558,1,3
"14336",5.73309113579287,3.22261107681429,1,3
"14337",8.31695800480381,2.42017630939549,1,3
"14338",2.66585017659089,0.0449471938634138,1,3
"14339",6.83775844865467,-0.756093339779009,1,3
"14340",2.99588749477961,0.925504200589205,1,3
"14341",8.58637122273693,1.76166219346957,1,3
"14342",10.7203986219723,1.28228751624172,1,3
"14343",8.03481339134723,1.18137148804633,1,3
"14344",12.137944253739,1.89933268337087,1,3
"14345",5.31142380630814,2.17591984358455,1,3
"14346",10.6428610413091,0.946004987506324,1,3
"14347",4.9373905111681,4.28552720196654,1,3
"14348",1.03939672398147,0.0629876723330687,1,3
"14349",13.8784816850534,-1.07463053412728,1,3
"14350",2.24811460145801,2.08088392151075,1,3
"14351",9.761709043938,2.77804239386344,1,3
"14352",6.64302975183073,0.635387796841592,1,3
"14353",3.08273742930882,5.24982231916433,1,3
"14354",7.22017247552857,-1.04722753213997,1,3
"14355",5.33397866413247,-1.04675607121577,1,3
"14356",2.80904434519143,5.04254089180768,1,3
"14357",12.6357316512675,2.09512918812348,1,3
"14358",4.16250964375475,1.28097030858156,1,3
"14359",8.4145755591196,1.87083541158085,1,3
"14360",7.37291565513046,1.59943139094468,1,3
"14361",3.95175548401416,-1.3663334608591,1,3
"14362",6.39403062324004,-0.277843219978716,1,3
"14363",11.5884185363119,0.799045374659389,1,3
"14364",5.28314025454455,-0.723224612895898,1,3
"14365",4.38160526408978,2.63140785945975,1,3
"14366",7.86311988366579,1.60861322868344,1,3
"14367",9.24367548604669,1.48315295903035,1,3
"14368",9.64818166422528,1.68745753290963,1,3
"14369",-1.3770526623835,1.00110415082933,1,3
"14370",7.19491758766126,1.50970167959577,1,3
"14371",0.077771584251856,-0.191478871335817,1,3
"14372",12.402810669741,1.93021075618379,1,3
"14373",-0.417677460014978,-0.332419225085651,1,3
"14374",10.5591582547787,-0.46776412437365,1,3
"14375",2.17312950489354,2.48606856854104,1,3
"14376",6.19092920621253,2.62974504632567,1,3
"14377",5.82235818903043,3.20467945422196,1,3
"14378",5.91913636261307,0.0933359880765681,1,3
"14379",2.31989590133142,0.907945457556962,1,3
"14380",4.21354337243553,0.65854126152487,1,3
"14381",5.32274340449339,0.0461987349252615,1,3
"14382",3.82775244460171,-0.768847719214348,1,3
"14383",7.87771095054874,0.740886813888978,1,3
"14384",10.4904822096724,-0.663281923032432,1,3
"14385",1.16796176961055,-1.63194491746854,1,3
"14386",6.617376822286,-1.94653535762378,1,3
"14387",11.4180151944342,2.83716092100206,1,3
"14388",4.77788852154256,2.12301910563645,1,3
"14389",1.01452140750462,0.595860901185204,1,3
"14390",1.78630156596996,2.39087957421597,1,3
"14391",11.544770698266,4.07216249586131,1,3
"14392",10.8221362758359,0.571408833537579,1,3
"14393",7.61378572303198,-0.260151354070308,1,3
"14394",7.78444661275761,-0.313906473629332,1,3
"14395",7.16061007560579,1.55408446802739,1,3
"14396",1.66062195335892,1.10676869405163,1,3
"14397",5.02866258781104,2.92226910775992,1,3
"14398",9.41385863062385,1.39262254803352,1,3
"14399",4.82395545106259,2.18094149778473,1,3
"14400",4.9935917444611,0.444766571658914,1,3
"14401",4.59991208064413,2.83873376387926,1,3
"14402",8.00627687970195,1.75212368912474,1,3
"14403",4.48295008971363,2.22598945161468,1,3
"14404",8.2739756287322,0.282571875384177,1,3
"14405",8.39770575250425,1.32697091475396,1,3
"14406",1.14346704331419,2.4212957512346,1,3
"14407",3.03580900162628,1.52910396583892,1,3
"14408",1.90010952872225,5.60535159914106,1,3
"14409",7.52080148883648,1.31926273425556,1,3
"14410",10.1665500648884,1.77181199029432,1,3
"14411",2.1579151345651,1.29371750998258,1,3
"14412",12.4212489330008,0.388863169124068,1,3
"14413",8.89224187788478,3.45680017280432,1,3
"14414",-1.60974123045044,1.66464073175765,1,3
"14415",6.76052941733207,0.60594601678107,1,3
"14416",6.12375578304974,0.68329925248243,1,3
"14417",2.80946144707773,-0.351406799866743,1,3
"14418",0.430180146734383,3.216435069856,1,3
"14419",-0.418754346018976,1.95888345056186,1,3
"14420",3.38251333592369,0.0381178712621657,1,3
"14421",5.81736886559999,-0.68431629828643,1,3
"14422",8.72060665108144,-0.543294028677346,1,3
"14423",8.75965000336228,1.63983060008481,1,3
"14424",2.59440865094823,1.935111424434,1,3
"14425",5.66186022074246,0.332213066067388,1,3
"14426",18.5448340816591,3.59959113218104,1,3
"14427",9.32799662017124,4.10367799471183,1,3
"14428",6.55609662718647,0.625282391851553,1,3
"14429",16.1696274573283,-1.95336576041746,1,3
"14430",3.83716653136861,0.630504601242486,1,3
"14431",5.66855637814327,2.30187750655703,1,3
"14432",10.286822657759,3.51515192875616,1,3
"14433",5.62153413454855,0.36791999069591,1,3
"14434",7.94387510082019,2.76768010612654,1,3
"14435",5.6280466781384,2.31275206402623,1,3
"14436",4.93062785656134,2.75337780211209,1,3
"14437",3.39870623902249,0.707892465621752,1,3
"14438",6.0081897014166,3.54792462110414,1,3
"14439",6.37764133929989,1.930311257444,1,3
"14440",13.859347302467,1.79169550933326,1,3
"14441",8.39432840476453,2.38666708215259,1,3
"14442",3.04455271030872,1.82028923523825,1,3
"14443",3.75686765986198,0.512061967974351,1,3
"14444",9.24905052401044,3.32583153723073,1,3
"14445",10.2639466895022,4.91941894259857,1,3
"14446",0.730093083770924,1.31093402301355,1,3
"14447",5.40427391474726,1.93104913125264,1,3
"14448",7.19738048297637,-0.854093442741483,1,3
"14449",8.1942279658344,1.19458611448755,1,3
"14450",5.89342072969675,1.14193881349808,1,3
"14451",2.71831555406566,1.25097076353251,1,3
"14452",9.21250135086907,0.832719173528576,1,3
"14453",2.40514691463467,1.10885323192021,1,3
"14454",4.35991900854295,4.03697541697055,1,3
"14455",2.32800781727691,0.029691299744157,1,3
"14456",8.40536878589094,1.41963955672505,1,3
"14457",7.99159649835734,1.96561799574353,1,3
"14458",1.10788321596611,-1.87959810625609,1,3
"14459",6.95638745738864,0.950229968729214,1,3
"14460",2.53055113299591,1.41489693811187,1,3
"14461",6.82204742759512,0.091303022168024,1,3
"14462",8.60264323973296,-0.391594911885865,1,3
"14463",6.93064618252802,1.16659515582883,1,3
"14464",2.74452061083864,3.76939117911891,1,3
"14465",2.6341456568455,0.954448631821591,1,3
"14466",10.9343497011953,-0.385400803779353,1,3
"14467",0.204245085512181,3.26031831075126,1,3
"14468",2.09734162683852,2.16531904259058,1,3
"14469",0.43802154818691,1.4995007712875,1,3
"14470",11.8084640700193,3.92040176652601,1,3
"14471",3.93503094057759,-0.409706741141183,1,3
"14472",9.68034124056917,-0.407726011014845,1,3
"14473",7.8890617564717,0.708419365356375,1,3
"14474",-1.42405293403857,0.154100242785703,1,3
"14475",5.5571345339022,2.17847919103612,1,3
"14476",8.39575906861451,0.455320871637682,1,3
"14477",12.8631702293238,3.29818009073807,1,3
"14478",9.95424054158184,1.0071243530322,1,3
"14479",0.130300783437896,2.86416637073796,1,3
"14480",5.57839196268673,2.62513873256578,1,3
"14481",2.4015046271544,2.9024002267901,1,3
"14482",8.20425105534305,2.41762396938596,1,3
"14483",0.381484851953816,0.887490504053943,1,3
"14484",2.20571767931025,-2.26743713697539,1,3
"14485",10.6698418854036,2.76421688003107,1,3
"14486",9.33965957502078,1.79689012417938,1,3
"14487",9.58380341478351,2.89502169194053,1,3
"14488",13.431932704358,3.60323789337093,1,3
"14489",3.67932850425658,0.910616325865134,1,3
"14490",11.9724160938816,1.26241405322599,1,3
"14491",2.9879602830584,2.2480016817292,1,3
"14492",3.16203843917968,2.40193096616529,1,3
"14493",13.4090627274271,3.57936780969132,1,3
"14494",11.3184421264418,2.23980381994914,1,3
"14495",2.08652335212571,0.564380628068509,1,3
"14496",8.2758130291679,1.95096205847243,1,3
"14497",10.9972663507593,1.38241097673705,1,3
"14498",6.59130697275022,0.84909999040603,1,3
"14499",2.8871900667097,0.859426835340961,1,3
"14500",8.13556754102515,2.17674638853382,1,3
"14501",11.0660298304512,1.83863821301865,1,3
"14502",6.61931778700452,-0.259262184883972,1,3
"14503",-5.84728665386489,0.274213530217422,1,3
"14504",9.37208714751583,0.0808226599790511,1,3
"14505",5.26290167565158,3.88897468688318,1,3
"14506",6.85343576840895,0.777372057021992,1,3
"14507",10.242174427113,0.632848923989737,1,3
"14508",6.26581280820773,5.24880455280033,1,3
"14509",5.32035385061482,0.094208269213655,1,3
"14510",7.20577309271909,3.54764787826386,1,3
"14511",0.468300570103438,1.56640695476167,1,3
"14512",9.87296579801271,1.62341736043594,1,3
"14513",6.6480300739241,0.815411299441119,1,3
"14514",10.7458259771715,0.884656030834696,1,3
"14515",4.42462466046946,0.786969654429076,1,3
"14516",0.236655241548148,3.41735219111341,1,3
"14517",8.00988839296596,2.5090543342847,1,3
"14518",8.18690846862103,0.688395226628455,1,3
"14519",5.42924162689436,2.90604396612655,1,3
"14520",6.87391723806407,0.70961989964942,1,3
"14521",6.26655063182639,-0.421885155543432,1,3
"14522",4.7838224748428,0.948157167656971,1,3
"14523",9.69664984754267,2.6445259419659,1,3
"14524",0.0300329247637245,2.40430722984362,1,3
"14525",4.11880275180933,0.945599303164286,1,3
"14526",5.51095565371,-0.118637346031361,1,3
"14527",1.33488148619916,1.33770508747341,1,3
"14528",1.9264433605497,2.22099709168154,1,3
"14529",1.59115325294132,4.31152778518064,1,3
"14530",6.08873987927801,-0.679598739323477,1,3
"14531",11.9031461229665,1.7237823610861,1,3
"14532",9.43551949088907,0.46958010170242,1,3
"14533",10.9703434544176,2.43809677890429,1,3
"14534",4.3538031201601,-0.459283806499354,1,3
"14535",-1.6215254967561,3.88548189277703,1,3
"14536",9.48185915301198,1.74038937958971,1,3
"14537",9.1167349455553,0.725035059116687,1,3
"14538",7.17294661315177,2.74240596147532,1,3
"14539",8.74796801013954,2.25501896445141,1,3
"14540",8.96204779468237,1.21954307569782,1,3
"14541",8.12315384234446,3.74999845771243,1,3
"14542",12.7452954016818,2.55242363075319,1,3
"14543",10.657693991643,1.6946708050516,1,3
"14544",8.15750986579954,0.84546084577619,1,3
"14545",10.2920039087387,-0.465123825370781,1,3
"14546",0.84002253669333,2.76810550733901,1,3
"14547",8.03355967359564,1.54580586076754,1,3
"14548",3.81871084066471,6.42534979961055,1,3
"14549",14.4217554752949,2.85825644801234,1,3
"14550",4.56343479902814,3.49269424265262,1,3
"14551",8.9814670782527,1.97455696980383,1,3
"14552",8.29817738178085,2.72751187701879,1,3
"14553",8.33093651294831,0.248603741628751,1,3
"14554",8.00345419115675,2.3408783621967,1,3
"14555",12.5351473903323,-1.09940515267833,1,3
"14556",6.07806417792511,0.25526786673504,1,3
"14557",9.09393040830488,2.5726277549808,1,3
"14558",7.81591900205851,3.42458679696306,1,3
"14559",2.31528691456114,1.59419403523926,1,3
"14560",4.9217440816471,2.68721104448496,1,3
"14561",5.56693422743609,2.34968252242509,1,3
"14562",5.32379398621443,0.630947767626831,1,3
"14563",-1.16873415485608,1.88662417701084,1,3
"14564",11.7757040666439,0.870911984868062,1,3
"14565",7.55419689720743,-1.74267631064501,1,3
"14566",10.8870690862728,1.31259900542521,1,3
"14567",15.4601294585971,2.86332479234825,1,3
"14568",4.2346612483613,4.92524410778406,1,3
"14569",9.67909952540654,1.32937641409829,1,3
"14570",7.70658227187664,1.40558581044198,1,3
"14571",8.81508525638525,3.11209895845492,1,3
"14572",6.46231767281939,-2.31401184147689,1,3
"14573",4.34491802092244,0.202074226010311,1,3
"14574",5.12319718500449,1.65184476703386,1,3
"14575",10.1653384339045,3.41811549236047,1,3
"14576",12.1895852001922,4.58840804887856,1,3
"14577",5.12457792271974,0.623403856375283,1,3
"14578",-0.981266849374847,1.472213273084,1,3
"14579",6.37134935141547,1.48875219451994,1,3
"14580",-0.297406675659002,1.63724657853283,1,3
"14581",8.11000170800694,-0.638747692546048,1,3
"14582",3.43269523157641,3.59928868389471,1,3
"14583",3.1728577035359,0.206634877052552,1,3
"14584",-1.11831905846243,0.920954557809256,1,3
"14585",2.04706035386589,0.949786666705866,1,3
"14586",2.73154259232618,-0.204516630422168,1,3
"14587",3.25887251037625,2.30860069553447,1,3
"14588",5.86309051847074,1.37888237752053,1,3
"14589",4.69261583874825,0.232087978742051,1,3
"14590",13.8962226226632,-1.73631936507796,1,3
"14591",5.98408681967657,-0.938648583202473,1,3
"14592",5.83520971700047,2.18019489638645,1,3
"14593",12.8695779572064,1.28579766555472,1,3
"14594",4.24473794685282,1.22786817835512,1,3
"14595",13.1207078314029,-0.059937836130812,1,3
"14596",7.74376400038555,1.94718775674411,1,3
"14597",1.97682626366916,2.14172441065564,1,3
"14598",10.5823139959009,2.38684853704848,1,3
"14599",1.51782920886515,0.875816524071302,1,3
"14600",3.90807438323055,0.607152330666548,1,3
"14601",8.50022547436935,3.80748910188028,1,3
"14602",0.679287218585834,2.91203957676447,1,3
"14603",6.64915467139893,2.19271758975347,1,3
"14604",6.15459028632305,0.705888054927422,1,3
"14605",8.97568396014647,0.00344647573008139,1,3
"14606",8.15050786767525,2.58292868664508,1,3
"14607",3.33570525430506,0.885454404924119,1,3
"14608",3.49927087174004,0.545035879537754,1,3
"14609",5.15782887769285,1.83732670569161,1,3
"14610",9.40037920698297,3.00458965906645,1,3
"14611",9.00325115319734,1.26145685935188,1,3
"14612",6.77966996277924,1.44036772349485,1,3
"14613",3.71663287538707,2.45776734223366,1,3
"14614",1.17101439668682,0.460182143055578,1,3
"14615",-0.495867741614354,1.14948467745181,1,3
"14616",6.56136712371655,2.32239505731046,1,3
"14617",3.34091425700017,1.98882466015546,1,3
"14618",3.7992370385505,-0.500326752245824,1,3
"14619",2.46798084825697,3.2025948241084,1,3
"14620",2.03957365661226,0.616472555491008,1,3
"14621",-1.95934636144253,0.584895063647903,1,3
"14622",4.68670449545824,-1.83170523684656,1,3
"14623",2.84757995293279,4.86037806899426,1,3
"14624",6.15944377673234,2.41595128096614,1,3
"14625",9.07279271705372,1.18444363244545,1,3
"14626",8.02289512501861,0.298861845505382,1,3
"14627",1.6145175849134,1.8180752513146,1,3
"14628",8.36437522666615,1.26667878797747,1,3
"14629",2.18064265444908,-0.204997934299541,1,3
"14630",7.65783815754245,3.57895458784322,1,3
"14631",10.844349973574,3.39272541722561,1,3
"14632",13.7409242001966,-0.397609334862779,1,3
"14633",4.0359951514636,3.7261832712289,1,3
"14634",3.02280629541381,2.90103877508946,1,3
"14635",6.77216602569751,1.77579118264382,1,3
"14636",7.0309618159367,0.50270914455285,1,3
"14637",8.69422636144818,-0.748723300843359,1,3
"14638",7.64897526878239,-1.72370881075434,1,3
"14639",5.60397077936189,2.20573183974801,1,3
"14640",3.88312410468674,1.36301631730484,1,3
"14641",9.89768377814517,1.42101547415607,1,3
"14642",0.195137010978924,2.33968912542165,1,3
"14643",2.9562612061366,-0.185488686995436,1,3
"14644",4.19853990738198,-0.541977449619429,1,3
"14645",8.05079273013674,1.45626612854055,1,3
"14646",6.7164915810722,-1.01474762019722,1,3
"14647",8.71108102066033,0.138864949854634,1,3
"14648",8.30153120891813,2.03296405420084,1,3
"14649",6.86148819312995,0.695277834568402,1,3
"14650",8.80261993893321,2.82295083649372,1,3
"14651",5.09208658597481,4.75739819469161,1,3
"14652",15.8580581505516,1.53248924900037,1,3
"14653",5.68693572812569,2.51131504904486,1,3
"14654",3.4244945544808,2.85076026065284,1,3
"14655",12.0517047197043,0.76094786325711,1,3
"14656",5.28184424712499,4.3274309941408,1,3
"14657",6.16098802230228,0.810738407509838,1,3
"14658",-1.40528332080922,1.74546625350586,1,3
"14659",1.71591718310238,5.08050770175837,1,3
"14660",9.96684718130633,2.10455239564167,1,3
"14661",3.16662367456817,-0.0872689055693014,1,3
"14662",3.63172770003256,1.17496495172194,1,3
"14663",6.12968631017927,4.5177910810089,1,3
"14664",0.705500941363162,2.62555237870677,1,3
"14665",1.93515430607112,2.31286790986509,1,3
"14666",4.59002760509763,1.01052436718755,1,3
"14667",11.5863912343004,2.64850804427119,1,3
"14668",3.77480755231817,2.29699583850545,1,3
"14669",11.969693318079,1.38555359164071,1,3
"14670",7.32833348114865,-0.999683750313902,1,3
"14671",11.69246170843,0.951227289876158,1,3
"14672",2.06061516846674,1.0112559869395,1,3
"14673",-5.4782841820201,1.78886896149508,1,3
"14674",5.77054864483517,-0.773305409852404,1,3
"14675",9.18384272152479,3.18967881953443,1,3
"14676",-0.846475149600112,2.13168881908264,1,3
"14677",5.40069829458522,4.61344049877152,1,3
"14678",4.61682157966477,4.35135451353364,1,3
"14679",12.8355974977186,0.100630432527858,1,3
"14680",-3.55883672293077,0.200231052053002,1,3
"14681",1.6591655046066,3.69276442565423,1,3
"14682",10.1937945619592,0.337774165855607,1,3
"14683",7.54969948840862,0.865595769212123,1,3
"14684",14.2486245989722,2.60426455409367,1,3
"14685",7.007810165675,1.01615689382059,1,3
"14686",1.73617740373132,3.20424914615826,1,3
"14687",5.78239023962968,2.36272810049266,1,3
"14688",10.2418457113974,2.56212978199132,1,3
"14689",2.74462785906751,1.54491761294596,1,3
"14690",1.48921546556924,0.922047721272759,1,3
"14691",3.33196350760729,1.83520505556391,1,3
"14692",7.29720839513454,1.60225265098158,1,3
"14693",11.2037881144235,2.67593852492888,1,3
"14694",-0.0826242410517288,2.94593165504981,1,3
"14695",5.61680777254614,1.45340049367522,1,3
"14696",9.82900276139041,-0.372634298931108,1,3
"14697",6.36030616231618,0.111532976518547,1,3
"14698",2.43653160850329,1.94379443444942,1,3
"14699",1.17813558339024,4.5004019099406,1,3
"14700",2.53493750220898,2.57861899557024,1,3
"14701",5.43240298999769,-0.136028885965689,1,3
"14702",1.56661909033966,4.45717967994185,1,3
"14703",5.42211869421597,2.21259247487189,1,3
"14704",2.85692035538999,4.71374836808082,1,3
"14705",6.96339839360794,3.63589371342843,1,3
"14706",8.50413784228487,2.92310390006685,1,3
"14707",5.00443556860079,0.955084625305005,1,3
"14708",7.86702113271503,-0.133047194440232,1,3
"14709",5.15925778237471,4.18539419747135,1,3
"14710",9.70346268423118,0.178635287165981,1,3
"14711",8.95377809267065,-1.51068369379839,1,3
"14712",-5.81269908597424,0.658824102694004,1,3
"14713",5.66619266482902,1.19995838445174,1,3
"14714",4.66597594642229,1.08637534000051,1,3
"14715",12.9606810148153,1.33561555982784,1,3
"14716",6.04757655888648,3.81262815095714,1,3
"14717",6.63569906400771,1.17441129577442,1,3
"14718",2.90846385305297,2.17347653824601,1,3
"14719",8.20930476901841,0.288509379557496,1,3
"14720",6.6998909731292,0.602570946819201,1,3
"14721",7.68246327604374,1.53880525163552,1,3
"14722",8.45704343890881,1.74783595178756,1,3
"14723",3.56729284313613,1.05871775960347,1,3
"14724",4.55661310255099,1.85738482437444,1,3
"14725",-0.518514036257949,1.81566092997391,1,3
"14726",5.03278525067915,-1.92981700372055,1,3
"14727",10.8542952044235,1.67474990119478,1,3
"14728",10.4328210598285,3.71030052140044,1,3
"14729",4.61249703393961,0.854545851402899,1,3
"14730",7.73474027439237,3.72716768641419,1,3
"14731",6.44849693363496,0.0334611085105097,1,3
"14732",6.82754254140995,0.9242239936495,1,3
"14733",5.59877062401893,0.500483628332172,1,3
"14734",2.19532310220013,2.88186593864802,1,3
"14735",12.6728931043495,2.41470004311591,1,3
"14736",7.3138771790622,1.85185654584717,1,3
"14737",2.41486158418188,2.51469110091202,1,3
"14738",5.97656155193576,1.53834919253426,1,3
"14739",12.7057868057844,0.375598339733196,1,3
"14740",8.99396677329184,-1.27534899399641,1,3
"14741",4.28696568789197,0.0835289268686088,1,3
"14742",4.3710497466752,1.34595030343058,1,3
"14743",11.080127158006,2.70267574625568,1,3
"14744",9.07872296788194,4.34958296215109,1,3
"14745",2.73717621141045,1.99792179415319,1,3
"14746",-0.479131376549992,2.06826812312618,1,3
"14747",5.33714194244445,-0.788033058276615,1,3
"14748",0.481591085901949,3.3062370781797,1,3
"14749",-0.318447966423221,0.183599293516557,1,3
"14750",5.26021582235167,-0.318661062875499,1,3
"14751",7.78110034992283,2.51230118267366,1,3
"14752",4.92486177431054,-1.68281364062536,1,3
"14753",1.87212959976753,0.970970359141374,1,3
"14754",1.26861942400936,1.39487722456247,1,3
"14755",5.56930452874621,-0.0783280598239617,1,3
"14756",6.8438914364083,-1.54583444546297,1,3
"14757",6.23308166003128,1.73226094948538,1,3
"14758",-2.41287963122645,2.44053731032912,1,3
"14759",-1.17748695911514,0.16831177538012,1,3
"14760",10.4982883870525,1.90347603701451,1,3
"14761",12.2069509830169,1.31653783409217,1,3
"14762",5.44610919182877,2.15874357583736,1,3
"14763",12.9419790888171,4.38904797565172,1,3
"14764",1.17267800754159,1.73443817340243,1,3
"14765",3.06451204351324,1.37543037681531,1,3
"14766",-1.11610357951214,0.251192110746165,1,3
"14767",8.5207561848943,2.44616246516816,1,3
"14768",5.10650144648367,3.44661114604792,1,3
"14769",1.73983434852281,2.01750746372487,1,3
"14770",7.4970876583215,0.936459526847287,1,3
"14771",5.46842103220901,-0.289420769945347,1,3
"14772",4.06870083930889,0.734008245208991,1,3
"14773",12.9297649356634,2.22317062497152,1,3
"14774",5.85387870823569,-0.293941831129555,1,3
"14775",7.07410806398342,-0.12128590311251,1,3
"14776",9.18813199095445,2.8565653848098,1,3
"14777",8.96771238706677,0.179319561498023,1,3
"14778",5.65829881718118,0.296576357946327,1,3
"14779",11.1651513892616,1.84755493409694,1,3
"14780",1.25353712697451,-0.0277311708283476,1,3
"14781",5.42580314729123,0.281444188168753,1,3
"14782",4.32435923569487,1.7657801751348,1,3
"14783",4.42528207600699,1.22459228231192,1,3
"14784",7.13484079986973,1.67738121104399,1,3
"14785",5.34319181449229,0.186200405962497,1,3
"14786",7.55566722317726,1.08154506842047,1,3
"14787",4.92615678825571,4.18588707557911,1,3
"14788",14.5946685881808,-0.212188182978409,1,3
"14789",9.34315380506841,-0.167728054165591,1,3
"14790",9.60994600172292,3.19586400153278,1,3
"14791",12.168327068188,2.36689898038589,1,3
"14792",3.04419267055364,0.698740261436274,1,3
"14793",0.645448865605657,0.189334826803915,1,3
"14794",7.65911155405531,1.65086601940448,1,3
"14795",-1.9977476430603,-0.490584611737441,1,3
"14796",8.08451706009188,0.64464531266187,1,3
"14797",-0.0266109847446376,3.59848781023254,1,3
"14798",8.00172876430016,5.11037164644406,1,3
"14799",10.1596464397035,0.236749310644193,1,3
"14800",-2.66218638451093,1.05120362520386,1,3
"14801",3.77047333423797,2.62547659756373,1,3
"14802",3.9278597440295,1.34658514810172,1,3
"14803",8.97177290304211,-0.11085980778898,1,3
"14804",2.61627160900619,2.00536302244423,1,3
"14805",8.14698700262508,2.94771505247587,1,3
"14806",-4.66335012431325,1.31699289159451,1,3
"14807",2.72808668892882,1.35469215048353,1,3
"14808",6.13489970687934,2.18098397787314,1,3
"14809",5.82041311979335,1.65465968675363,1,3
"14810",11.4641845743142,2.51975767233561,1,3
"14811",1.44446224358467,0.86645266139684,1,3
"14812",6.05296865957943,-1.62225632120417,1,3
"14813",4.77245223128944,1.11209811022061,1,3
"14814",2.504970566995,-1.55875038523392,1,3
"14815",8.78739763675906,3.39965681044651,1,3
"14816",3.73030753915313,-1.46783794961371,1,3
"14817",2.25842079081625,2.16996634296624,1,3
"14818",1.07331311095703,1.04505431502099,1,3
"14819",7.70588405719893,0.638703480917563,1,3
"14820",11.3407788826791,2.73959376324656,1,3
"14821",5.58455371369764,1.77585002403166,1,3
"14822",8.71957439055988,2.34099126277617,1,3
"14823",13.1744245634037,-0.102315178276057,1,3
"14824",2.14799895282142,0.937374314325249,1,3
"14825",10.2974984943005,2.6911977749699,1,3
"14826",8.29482433436155,1.67859809587668,1,3
"14827",5.96580503130121,2.31894194591223,1,3
"14828",13.5550270739612,1.47328455710812,1,3
"14829",2.21984399888594,0.927337176779108,1,3
"14830",9.28964588538135,-0.483767201723961,1,3
"14831",12.2697075896383,3.9992576887226,1,3
"14832",4.5282244744505,2.90906732614235,1,3
"14833",11.8900388676573,5.19032861486076,1,3
"14834",7.60747169474618,-0.596101470471535,1,3
"14835",9.88818500720425,2.98230058461592,1,3
"14836",7.18818105491784,0.243699761615225,1,3
"14837",1.47218144909315,1.86354322225522,1,3
"14838",2.70598140874663,5.00125152747805,1,3
"14839",12.0414038601422,0.104091722769207,1,3
"14840",2.48292357653404,2.34302804926009,1,3
"14841",5.4080283229109,-0.649919975408799,1,3
"14842",5.37866589223789,1.89469072299804,1,3
"14843",8.37493834777707,3.01450191304022,1,3
"14844",0.434561611875568,3.03500520169842,1,3
"14845",10.4599810343877,3.18678981668398,1,3
"14846",9.94443722623371,0.851603179154473,1,3
"14847",0.650702150548781,2.42918892842874,1,3
"14848",0.169156984350672,-0.309102397651266,1,3
"14849",4.54395258110047,0.381138399772872,1,3
"14850",1.70158852706064,1.39575684999858,1,3
"14851",11.8801490201158,1.30983135813916,1,3
"14852",9.21178355942365,-0.979246731412973,1,3
"14853",5.1682778885339,2.56679588439558,1,3
"14854",3.51576009468923,2.68936009743782,1,3
"14855",8.12025518932256,2.64157275395234,1,3
"14856",6.66827257427696,1.04944741388553,1,3
"14857",2.28595331097021,1.31891852159471,1,3
"14858",4.60180069358703,0.57377759438542,1,3
"14859",10.9758101444636,1.55045941381541,1,3
"14860",5.49322238484693,1.63881463270054,1,3
"14861",10.8177239565679,-2.50067714297464,1,3
"14862",1.8294662504717,1.53644008925151,1,3
"14863",9.36930794358459,3.41108675785937,1,3
"14864",8.38702829411136,0.71067855548406,1,3
"14865",8.88635275930826,-0.0463709206595426,1,3
"14866",11.5733419527894,2.19436789921975,1,3
"14867",5.17108866652995,1.84233156862926,1,3
"14868",7.07525212419839,4.16691740840311,1,3
"14869",6.23962804736697,1.72385038050862,1,3
"14870",0.130110841849658,-0.1116220069157,1,3
"14871",10.89985355028,4.29307233460387,1,3
"14872",-1.88721168739894,0.723050512964099,1,3
"14873",3.5156714083951,-0.133456538178125,1,3
"14874",8.338086199649,2.87287161251074,1,3
"14875",10.041058250999,3.58422632346414,1,3
"14876",-0.732083650592395,2.31359212633774,1,3
"14877",5.75851868575219,1.142909083426,1,3
"14878",4.8570858107723,0.43402209124744,1,3
"14879",4.97754744713031,0.732491664366991,1,3
"14880",7.74118142673439,-1.79129522562385,1,3
"14881",8.89735584635359,2.39049398111797,1,3
"14882",11.759715816313,1.86987133758618,1,3
"14883",3.11102063329203,-0.286319075823209,1,3
"14884",11.9131104437923,1.65631359978976,1,3
"14885",5.57086154126524,2.63701315078803,1,3
"14886",8.47027709616303,0.595575669325431,1,3
"14887",9.97471970780404,-0.164927958419962,1,3
"14888",9.48900535956784,4.14025471123376,1,3
"14889",5.1338452053529,0.390735148362144,1,3
"14890",4.31926586129177,2.06886808134123,1,3
"14891",9.41177015988651,1.03512736282826,1,3
"14892",6.47609563726639,2.13723083255776,1,3
"14893",15.5405591625149,1.17286256541917,1,3
"14894",6.07096784441898,-0.143563446235671,1,3
"14895",6.37121032797009,2.93272165213505,1,3
"14896",6.3842992048595,2.90689476870041,1,3
"14897",0.876952867242213,1.96067097519159,1,3
"14898",1.38247787419726,4.34373248212692,1,3
"14899",3.66429065932226,0.42742587053313,1,3
"14900",4.44132429790871,1.98088516236791,1,3
"14901",4.89889418018439,-0.0916549825239306,1,3
"14902",8.55477998090699,0.267890259725795,1,3
"14903",8.56024412111447,2.3507956088293,1,3
"14904",4.24462091996093,1.16625114868083,1,3
"14905",8.44421751588428,-0.123370950848473,1,3
"14906",4.30020747968309,2.44209467496224,1,3
"14907",0.10929807184959,3.67974599381536,1,3
"14908",16.8786131984682,1.10322284976732,1,3
"14909",4.70211287429673,0.211432165962589,1,3
"14910",7.19073036727889,0.143301845368066,1,3
"14911",3.48053698492788,0.146274125958918,1,3
"14912",4.38844862936643,-0.468050755859503,1,3
"14913",5.1956546063352,1.20898149121037,1,3
"14914",5.13585241465157,1.28276905553989,1,3
"14915",8.21275900461836,-0.100226121681823,1,3
"14916",8.50255021230004,0.867453608036029,1,3
"14917",8.7084689867056,-1.72629565179036,1,3
"14918",12.7950474573506,2.83088942975383,1,3
"14919",0.19146184056025,2.11188529599595,1,3
"14920",8.58285537862187,1.65827638202694,1,3
"14921",4.74101656062176,1.8496911544467,1,3
"14922",3.59569655476867,2.77403133389688,1,3
"14923",5.31149233815174,2.6794640378999,1,3
"14924",4.60694501700381,-1.54158607455836,1,3
"14925",3.389272221952,0.224294466350035,1,3
"14926",5.36681078612771,0.623576261010516,1,3
"14927",3.67403172368891,0.551220771844762,1,3
"14928",9.87514912351254,2.21729683751285,1,3
"14929",5.38783162179439,1.76676434028355,1,3
"14930",5.87402508925969,0.938696913613251,1,3
"14931",5.95245276809902,3.19949482049106,1,3
"14932",3.18584608426063,0.82923552337924,1,3
"14933",3.3560598679379,1.33746190589654,1,3
"14934",9.99663989944063,2.11942455435659,1,3
"14935",4.09083224430645,0.658177001405119,1,3
"14936",2.36492300527074,-1.68834162320569,1,3
"14937",6.82546389568951,2.34830815846092,1,3
"14938",5.7647940947645,3.76144097094693,1,3
"14939",7.93165758922908,2.8161482079492,1,3
"14940",7.81328999869724,2.71511837015389,1,3
"14941",5.91791511130095,0.744312745923837,1,3
"14942",3.53923387970813,0.369900792442764,1,3
"14943",10.0120558026471,1.41334960864904,1,3
"14944",3.96568279943601,5.50645955271238,1,3
"14945",2.14939340729122,0.883440208238821,1,3
"14946",12.5860469754954,0.407815812078748,1,3
"14947",5.29658931200366,1.58665147953636,1,3
"14948",6.05020471050237,1.28792760649454,1,3
"14949",3.2423089834987,3.54379584798571,1,3
"14950",9.8772621102611,-1.05551105107172,1,3
"14951",10.5418123896433,1.0417094611272,1,3
"14952",4.37348911193892,0.563003736569429,1,3
"14953",8.97406783817772,2.30722012519338,1,3
"14954",0.366211321785272,1.04914584232112,1,3
"14955",8.77712538395861,3.43937173509131,1,3
"14956",10.3653012176135,-0.0893274565381792,1,3
"14957",12.1677655806919,1.57512264429226,1,3
"14958",5.68333741136829,1.9451709884158,1,3
"14959",1.61321552166788,-0.934267914639435,1,3
"14960",8.96414200940884,-0.699144474663316,1,3
"14961",7.28389218073309,1.31913997000983,1,3
"14962",15.7536182148572,-1.17668229747101,1,3
"14963",2.79739054503936,2.59470670230144,1,3
"14964",4.66130919760826,-2.24255545788983,1,3
"14965",9.02981941219481,4.42144658847535,1,3
"14966",0.0857079218819186,1.57108936840349,1,3
"14967",6.31652277130001,1.80818033274038,1,3
"14968",12.9957729055207,-2.28388626285016,1,3
"14969",4.80976476058238,-2.0164751402988,1,3
"14970",6.61594755306751,1.47506068528328,1,3
"14971",6.22346988584362,2.01230036654473,1,3
"14972",2.51029814946756,-0.554279581659391,1,3
"14973",12.9747950053376,1.24832354609276,1,3
"14974",6.22383529259263,-2.07075835218975,1,3
"14975",-1.75625234810172,2.59193823222336,1,3
"14976",5.25919970920879,3.22613517846455,1,3
"14977",7.5108567468111,-0.0371128886855188,1,3
"14978",7.57079307535657,0.666508082773328,1,3
"14979",3.30874255493506,-1.13040812040491,1,3
"14980",8.19174523226871,0.300780438097963,1,3
"14981",3.51388735405251,0.110185165130427,1,3
"14982",14.5726493852624,0.296260413742397,1,3
"14983",3.87311615957821,-0.816836145938638,1,3
"14984",1.99416055299484,2.75837953559565,1,3
"14985",4.7805910056332,0.753346012888637,1,3
"14986",-1.72412809585703,1.13261249628433,1,3
"14987",7.8477817389313,1.6986541384642,1,3
"14988",2.84183670813917,0.887930471296462,1,3
"14989",6.06196823192009,2.61744339362335,1,3
"14990",3.49534848776864,-1.3112002055016,1,3
"14991",0.49417143165287,2.39695545008589,1,3
"14992",2.97395745785568,1.14839583229703,1,3
"14993",10.5982298259321,2.95908475078701,1,3
"14994",5.84238270546116,1.61710996481234,1,3
"14995",10.6261353918189,2.93216403042981,1,3
"14996",0.0912118594669113,2.26159108053802,1,3
"14997",3.35101875986193,-0.248193696577061,1,3
"14998",8.12129840395376,-0.26158890721069,1,3
"14999",-0.524435944212723,1.9844006070171,1,3
"15000",7.53856750062894,0.767527008607676,1,3
