"X1","X2","component","subcomponent"
"14001",18.830931225338,22.4177855455496,4,4
"14002",19.0233480113279,24.2894487249071,4,4
"14003",19.8504625269396,22.1727484829997,4,4
"14004",20.012635905343,23.4333757118389,4,4
"14005",18.5465686276099,21.9890486302564,4,4
"14006",18.0020694465659,23.4533745529864,4,4
"14007",18.2485869255388,25.3129781018997,4,4
"14008",17.6699597178351,27.0216334958368,4,4
"14009",19.1520141457149,24.8479730873071,4,4
"14010",20.2801388422113,26.5406835707372,4,4
"14011",19.633232388714,22.9653131629614,4,4
"14012",21.5564475305679,21.2935359829785,4,4
"14013",17.1782876236419,24.3382286332412,4,4
"14014",16.4377610307307,31.396517742217,4,4
"14015",21.3472256646066,19.5717461998893,4,4
"14016",19.9846142340938,21.3535292917147,4,4
"14017",16.6358236534111,26.160855891743,4,4
"14018",21.0305818545622,19.2129380949687,4,4
"14019",21.2848706196789,18.1943674042308,4,4
"14020",18.6213011923127,28.588065923511,4,4
"14021",20.0491327400657,21.1296773720611,4,4
"14022",19.5745985779917,20.3941028290068,4,4
"14023",18.3581933922049,22.4637997996482,4,4
"14024",21.2293306375881,24.5026847091627,4,4
"14025",20.2775136406629,19.1379921157639,4,4
"14026",16.1976614607038,27.1961834745679,4,4
"14027",18.0162056446488,21.0564671181062,4,4
"14028",21.7082596944844,20.5651189700024,4,4
"14029",23.3935987512699,14.789484742781,4,4
"14030",19.3441674622098,27.9042717651422,4,4
"14031",18.7816279435214,21.1647657758,4,4
"14032",22.8154722620124,17.4393478146267,4,4
"14033",17.5509810173465,23.0237461104492,4,4
"14034",20.3038903727231,22.5405162013174,4,4
"14035",22.2428056434677,21.0754024128328,4,4
"14036",19.6960177430156,24.7810755083229,4,4
"14037",20.552967246594,20.5711588882066,4,4
"14038",20.718998511847,20.510814058269,4,4
"14039",20.3227404530386,21.8756270136274,4,4
"14040",17.319282941699,23.9733050788207,4,4
"14041",22.4181359435872,18.692756173005,4,4
"14042",21.3800046706748,25.9932079118829,4,4
"14043",21.7721739596208,16.4564791976426,4,4
"14044",20.6636705815202,20.4859630502821,4,4
"14045",23.5722273406399,10.833967374729,4,4
"14046",19.9876778675002,25.9996177300524,4,4
"14047",20.2658803862079,21.1487141579473,4,4
"14048",20.9709616177838,26.8306521644433,4,4
"14049",19.3024476593025,26.250537827799,4,4
"14050",20.0414403910749,21.5915442241374,4,4
"14051",18.4275616073526,28.7335894431923,4,4
"14052",21.9553890267017,17.1994594540592,4,4
"14053",20.2439557155252,16.6360576218757,4,4
"14054",17.1037312015948,26.1407374727234,4,4
"14055",21.3280931102947,21.8240901710544,4,4
"14056",19.1640932682071,17.0758802985364,4,4
"14057",19.9874217330596,19.4532478116317,4,4
"14058",20.7816865237841,16.2073888750241,4,4
"14059",21.9109417390442,17.5405367391609,4,4
"14060",16.7820772959946,24.5743809954424,4,4
"14061",23.8465809762981,17.6454681892103,4,4
"14062",21.414858840276,17.7741755259394,4,4
"14063",21.7762309694552,17.6473379499677,4,4
"14064",21.8056274655163,14.8149583607105,4,4
"14065",18.1898424737922,24.3413016462153,4,4
"14066",25.0224934082574,15.5940176558213,4,4
"14067",19.0816971333418,21.6732665870545,4,4
"14068",19.3433145671627,19.6282537824104,4,4
"14069",17.8897413866924,23.766254060217,4,4
"14070",21.4418446572226,22.558570997123,4,4
"14071",21.561414946291,22.6398454893524,4,4
"14072",18.0363913594064,26.6351194759903,4,4
"14073",24.2345551538324,14.8430446834045,4,4
"14074",21.0874811656738,22.9564995855341,4,4
"14075",19.0817280639213,18.3421773771822,4,4
"14076",22.6044089869997,15.2669473513221,4,4
"14077",21.8318957387435,17.3844899246949,4,4
"14078",18.9080960162619,25.5821537230039,4,4
"14079",16.9013421015911,28.8346071107575,4,4
"14080",20.8948507188268,22.2099150335579,4,4
"14081",20.4164453548487,20.4195903125186,4,4
"14082",19.2878117006075,21.8580896316337,4,4
"14083",20.4078529685956,18.6802560301655,4,4
"14084",20.440339948974,26.2207750226015,4,4
"14085",15.8311829593441,24.6001436085332,4,4
"14086",16.6363751685181,24.5587737870202,4,4
"14087",23.9547477128719,15.3339355092749,4,4
"14088",21.2823372688185,17.7888684577417,4,4
"14089",20.4615963585357,22.2843247144464,4,4
"14090",18.8527837572919,22.3361674430399,4,4
"14091",20.1448684387846,18.3739900746896,4,4
"14092",19.24369046318,22.9389272356412,4,4
"14093",21.8620213167408,18.4756362629122,4,4
"14094",20.7595557116773,16.957383923026,4,4
"14095",19.8950070794114,23.273879849493,4,4
"14096",22.0910289407132,23.0810327171725,4,4
"14097",24.4618363365536,18.5253835138513,4,4
"14098",21.5864358595852,22.0009021209838,4,4
"14099",23.1132722230533,21.3408151519723,4,4
"14100",21.2606365726457,17.9925561140327,4,4
"14101",19.0817023199367,20.5843029091368,4,4
"14102",19.0553775822853,15.1557534222737,4,4
"14103",17.6026664575078,22.6081043977174,4,4
"14104",18.1002591839895,24.9601017104286,4,4
"14105",20.6388531939588,21.539069344598,4,4
"14106",21.2529759292671,19.6455314994842,4,4
"14107",18.539755359268,24.0504623426737,4,4
"14108",17.5812136015499,25.9057746214331,4,4
"14109",21.1500655461532,21.2803372076939,4,4
"14110",18.1379577016229,28.9466406730052,4,4
"14111",22.2725981866335,20.0576993997892,4,4
"14112",19.8531928605194,23.6487138292576,4,4
"14113",21.5562761504653,18.5437742477809,4,4
"14114",21.7670656110186,18.490511537183,4,4
"14115",18.9857392449041,20.5144088287082,4,4
"14116",21.3379404310762,17.9361569593913,4,4
"14117",20.9227982559977,14.8422745169531,4,4
"14118",18.2187358921725,26.3790920812484,4,4
"14119",22.2290176236441,20.800484639109,4,4
"14120",20.5660479436703,14.9790255919239,4,4
"14121",21.0562656894052,19.1485932041008,4,4
"14122",22.2119680140129,21.1233085566471,4,4
"14123",21.5717303878628,22.8995415204536,4,4
"14124",17.5374953182767,22.9002748116735,4,4
"14125",21.2735439535678,17.1339262214987,4,4
"14126",15.6602391709278,26.8398587389834,4,4
"14127",19.8720360004028,21.9009014465039,4,4
"14128",21.2903563615195,23.091176130453,4,4
"14129",19.6888264140224,20.4993152304583,4,4
"14130",20.6394182288974,17.4415541833279,4,4
"14131",21.8607282668206,20.0066824046861,4,4
"14132",15.4091608245725,22.0683392949278,4,4
"14133",19.8353905766427,26.1336193075852,4,4
"14134",17.6341571377621,23.8877566245836,4,4
"14135",18.5506601101548,23.3474968216753,4,4
"14136",18.1315758057683,22.6870956076893,4,4
"14137",22.1476270569842,20.1394728002633,4,4
"14138",17.9777096026996,27.2435224706803,4,4
"14139",19.9662695053679,22.6439210995856,4,4
"14140",21.0217613403453,22.6596268625697,4,4
"14141",23.8944990826318,17.5257414296056,4,4
"14142",21.5573646691768,20.8681403418681,4,4
"14143",23.3951793717599,17.9299625526103,4,4
"14144",20.7549301619541,20.2533139081822,4,4
"14145",18.4600712350126,25.3648904016717,4,4
"14146",19.5037914494668,26.6405212691978,4,4
"14147",22.7075228302394,22.3574175067584,4,4
"14148",16.939329800548,23.7618710133889,4,4
"14149",17.382155319689,29.4806058020743,4,4
"14150",16.7016161126902,29.2032989025705,4,4
"14151",19.4218725507673,22.3926026099898,4,4
"14152",20.6403984358038,15.6859813773951,4,4
"14153",20.2974105868571,21.4222495046892,4,4
"14154",21.5537905368104,18.1278417298089,4,4
"14155",19.2436877886822,28.7665930817734,4,4
"14156",17.6965391831668,19.8409644621773,4,4
"14157",20.2045150039546,25.6134106950044,4,4
"14158",22.0047652535714,24.7435477912002,4,4
"14159",19.2212175526545,26.3732442280676,4,4
"14160",16.4823404107347,22.7659705711446,4,4
"14161",24.2258208777636,17.3082600553748,4,4
"14162",16.7905341962645,29.9791492546698,4,4
"14163",21.3096337679479,20.3291450156942,4,4
"14164",19.2667007178479,23.1604854902549,4,4
"14165",21.7622935365437,16.2544722158979,4,4
"14166",19.2141741447725,23.6736857310062,4,4
"14167",25.1605002601513,10.2556348931511,4,4
"14168",21.6251607892265,22.3397568140624,4,4
"14169",20.3008660153809,21.8566321305599,4,4
"14170",20.9111602286643,19.7934502830056,4,4
"14171",20.1205393900272,24.3096631447953,4,4
"14172",20.4065976570806,16.3435290157509,4,4
"14173",18.2458031627097,22.1335164493964,4,4
"14174",19.0925523312834,23.4978119058274,4,4
"14175",18.809418252294,25.0865685987154,4,4
"14176",22.2638307911919,22.6261752099416,4,4
"14177",20.4553561368818,23.7772424568408,4,4
"14178",21.9939965586298,13.494508150751,4,4
"14179",20.3253050074944,18.9458030300243,4,4
"14180",18.2220229796764,22.6906073016085,4,4
"14181",19.3318163591194,23.3564104485599,4,4
"14182",25.2929385887962,13.1685228680882,4,4
"14183",18.3452705696847,23.0971351370659,4,4
"14184",19.4279826840145,22.7954912246901,4,4
"14185",18.2552741732425,21.4936432047847,4,4
"14186",17.796421218872,22.0224072955236,4,4
"14187",19.9008742769312,17.7797753172179,4,4
"14188",18.9072397940139,17.8582793956693,4,4
"14189",20.1159036735931,18.622822608246,4,4
"14190",23.2992962740478,24.1198477798614,4,4
"14191",23.0690009203569,17.4047106260549,4,4
"14192",18.9591042765106,20.892963749234,4,4
"14193",18.9123708037102,26.5625092570985,4,4
"14194",19.8512140087353,21.233406358085,4,4
"14195",17.2317214550762,23.5437790564014,4,4
"14196",19.4406006517005,25.6871598044622,4,4
"14197",18.0696890902585,25.9900246264648,4,4
"14198",20.858561602891,23.7911728082294,4,4
"14199",23.2636997926453,16.3613930533551,4,4
"14200",19.9848146755468,27.7347822662064,4,4
"14201",22.7380156680603,15.1112400993379,4,4
"14202",16.7840585122917,25.4572831860133,4,4
"14203",20.6060074700211,20.9198228195586,4,4
"14204",18.1757208840126,23.6443569654469,4,4
"14205",21.2911341925586,17.3856241216584,4,4
"14206",17.6092662754498,27.9519604880952,4,4
"14207",18.52859028143,21.3777523729877,4,4
"14208",21.5678742913623,15.920788875455,4,4
"14209",16.5305209989858,27.4232055274675,4,4
"14210",19.9829690727895,23.263215631612,4,4
"14211",20.3564865060185,26.6522949187769,4,4
"14212",19.060816813287,19.2388758733007,4,4
"14213",20.0053947786688,23.1192536557903,4,4
"14214",21.4431265455813,17.791276082273,4,4
"14215",20.246519153958,25.2474570447677,4,4
"14216",20.3306819173702,18.0299511614613,4,4
"14217",22.3678065768434,17.5156713617615,4,4
"14218",20.7729360193428,22.8130786660657,4,4
"14219",23.297531604368,12.5832386626001,4,4
"14220",21.9493258896586,21.8360388201452,4,4
"14221",19.8998931642638,22.1283436977776,4,4
"14222",19.4795241855897,26.1841333176202,4,4
"14223",23.0024230668403,15.6141309320347,4,4
"14224",21.2843385593754,14.4122221629968,4,4
"14225",21.5573274178311,17.0889245645696,4,4
"14226",20.5421887734204,19.0985492039913,4,4
"14227",19.2619133265299,21.2563341266973,4,4
"14228",20.9365355126966,19.4413742824716,4,4
"14229",23.0570877876725,16.2527824899719,4,4
"14230",19.0154263134652,22.0526168369285,4,4
"14231",16.2870632859608,25.1678448264503,4,4
"14232",21.0342331363527,22.1822126931818,4,4
"14233",21.042089431021,19.8040258121127,4,4
"14234",18.4665984466444,24.1385614822507,4,4
"14235",18.5855264357363,27.7170281900389,4,4
"14236",18.3184602701483,26.4897135399235,4,4
"14237",20.2890996948093,19.3785436064374,4,4
"14238",16.4728726163338,26.9416353299239,4,4
"14239",21.6899145451721,22.2031396165015,4,4
"14240",21.2986060348707,18.0006750414409,4,4
"14241",16.5478803540184,21.8463998663103,4,4
"14242",21.444019735068,20.3671825923538,4,4
"14243",19.2775688768522,24.4941379662193,4,4
"14244",17.2637227102355,29.0037455193102,4,4
"14245",22.7029241390344,19.5282327825167,4,4
"14246",20.3981417684578,22.607528510826,4,4
"14247",19.414711245219,19.0669609966196,4,4
"14248",21.0193097791635,23.276308840693,4,4
"14249",21.3094117854329,25.6376684850758,4,4
"14250",20.9975611432154,22.270299308111,4,4
"14251",16.7601735776259,23.5223768277178,4,4
"14252",19.2771666266702,23.6424471175383,4,4
"14253",16.7904849575271,27.828113555281,4,4
"14254",24.763939755316,16.8436493701749,4,4
"14255",22.3017420624031,15.8329736900763,4,4
"14256",20.02341229306,23.4556568131158,4,4
"14257",19.7850144735163,19.4081453141297,4,4
"14258",21.1268283753821,23.1503438127275,4,4
"14259",18.493066119956,26.5864099897027,4,4
"14260",16.9721740813597,27.2481269429653,4,4
"14261",18.6248569353214,25.8932595788873,4,4
"14262",23.9160318569374,19.1573126115623,4,4
"14263",18.0016889539401,24.649555717432,4,4
"14264",19.9185320210035,20.2057611790038,4,4
"14265",19.0676719026135,23.6696791780323,4,4
"14266",18.6096705503542,24.4675294006067,4,4
"14267",17.3827953067632,24.5281931588232,4,4
"14268",17.0390255396255,19.558480235818,4,4
"14269",23.1289157839474,15.1757868697691,4,4
"14270",18.7480551190964,23.1858546572053,4,4
"14271",21.1304049474055,21.9162429775683,4,4
"14272",20.8929603957925,20.3763962079875,4,4
"14273",18.6478091671038,23.5458615154975,4,4
"14274",18.0858690067218,25.9929610159212,4,4
"14275",20.62284345732,24.1444434802544,4,4
"14276",18.006662699442,24.9027777063164,4,4
"14277",21.8270970497893,15.1700031764185,4,4
"14278",22.7884869946857,18.1337579450636,4,4
"14279",21.9281358315211,15.4857193358669,4,4
"14280",20.2369839998368,20.9677834019259,4,4
"14281",21.7424277240852,16.9784905008526,4,4
"14282",21.5635683329977,19.9798140248976,4,4
"14283",16.4141261460155,27.8991397301434,4,4
"14284",20.0862080372505,22.3275308986285,4,4
"14285",20.5537061514526,20.6339403062319,4,4
"14286",19.7786938972109,25.9198779054829,4,4
"14287",18.0002917159196,26.5603814591655,4,4
"14288",22.2040464171384,17.768155240393,4,4
"14289",18.6266616438116,21.6779833334999,4,4
"14290",21.2317469601544,21.7698841932459,4,4
"14291",20.2913896916064,19.1573996406399,4,4
"14292",16.5776192918838,24.8517565736396,4,4
"14293",20.2672619463322,24.5111609154986,4,4
"14294",19.222508800724,21.8848135648379,4,4
"14295",23.2181057314307,20.361889966936,4,4
"14296",20.6588928432791,22.0051888528418,4,4
"14297",16.5782775339755,27.0916810475501,4,4
"14298",22.4111243165319,20.9324805683305,4,4
"14299",16.8247758716977,23.895412773114,4,4
"14300",21.6442290570755,18.6658866411094,4,4
"14301",22.0100094045835,25.2828680007744,4,4
"14302",24.1544637786487,13.0864047335367,4,4
"14303",21.2108208736971,27.0883773867511,4,4
"14304",21.4350499303957,22.0422140138503,4,4
"14305",24.1841949977364,16.8871017009399,4,4
"14306",20.034806937101,17.2671686033609,4,4
"14307",19.9553058663437,20.5952400712001,4,4
"14308",20.445039835061,23.8506672796965,4,4
"14309",20.0661044894627,18.9654205184399,4,4
"14310",16.1813780953273,31.1698008499925,4,4
"14311",16.877471106987,20.1473430133721,4,4
"14312",19.1322847848148,17.3448009245577,4,4
"14313",20.7945892972192,21.3941593882038,4,4
"14314",19.5973954589699,21.6168637803273,4,4
"14315",21.4591995949171,16.06434208677,4,4
"14316",20.4449416509365,16.4290579076542,4,4
"14317",16.8137224942551,27.2658460756862,4,4
"14318",21.7328414806673,16.0444608046673,4,4
"14319",11.7171466759985,31.7461605104721,4,4
"14320",20.3907617626653,20.7265050721669,4,4
"14321",19.6484793001007,23.3691269661201,4,4
"14322",23.4564165592708,20.4081843731601,4,4
"14323",23.2696155098747,17.6572425226276,4,4
"14324",18.2027681079561,22.3352935576391,4,4
"14325",21.2816092032387,19.7058926266941,4,4
"14326",20.6029037978285,16.2782537654114,4,4
"14327",20.320618726038,22.3056023058057,4,4
"14328",20.4278021914455,22.1499585818061,4,4
"14329",23.664102747048,16.4798645053276,4,4
"14330",18.6664831302069,21.8163715450609,4,4
"14331",20.8719999081116,20.9708779546325,4,4
"14332",20.0740878285151,21.3117190658506,4,4
"14333",19.7867782922048,17.6058319952997,4,4
"14334",22.2470631975492,18.6952335958798,4,4
"14335",23.1692558651654,16.7458063213851,4,4
"14336",22.8792925607053,17.7462034474406,4,4
"14337",22.4901803822794,17.800265125582,4,4
"14338",20.0178847016107,20.7962930226734,4,4
"14339",20.5791879135465,20.02293138421,4,4
"14340",19.9122378326651,23.7194910885919,4,4
"14341",19.7271356398068,24.011904921824,4,4
"14342",19.9300504008068,26.5927485019354,4,4
"14343",19.4722454183757,18.34391938531,4,4
"14344",18.318370575114,21.6746332573971,4,4
"14345",17.8985077631073,23.3122947538784,4,4
"14346",17.5065326306688,27.0514711521106,4,4
"14347",18.8775010290054,19.8166037182851,4,4
"14348",21.3596652803726,22.3499399401585,4,4
"14349",18.7644608310158,23.1755494579338,4,4
"14350",17.8976555360428,28.1931903499617,4,4
"14351",22.6022861136901,22.4660227234022,4,4
"14352",21.2018794031339,22.4131973826835,4,4
"14353",20.0341884930329,19.3540938876419,4,4
"14354",17.8112462895893,26.9772645403079,4,4
"14355",18.9515973523183,23.7557867659273,4,4
"14356",19.8107336713963,17.5186314408251,4,4
"14357",19.8766290343277,19.9318020714681,4,4
"14358",20.4300722987984,21.6565593032017,4,4
"14359",21.2130589028585,17.9059815269624,4,4
"14360",21.6407757045338,16.8086404303089,4,4
"14361",21.3430214465785,25.1335954164372,4,4
"14362",19.2567459353878,26.1663633486079,4,4
"14363",21.9168756802169,21.769738220822,4,4
"14364",24.2160385800887,13.9522426650361,4,4
"14365",20.3281708680413,20.3297399037397,4,4
"14366",19.1013566291684,21.7617590814136,4,4
"14367",21.1069133102813,23.4955228620053,4,4
"14368",19.779251735077,19.4159783725128,4,4
"14369",24.6450241207445,14.0201526219405,4,4
"14370",17.9197418393339,24.5531742323396,4,4
"14371",19.0854856144828,19.1833984253521,4,4
"14372",19.1266573993281,23.5532051972184,4,4
"14373",22.4260456908092,15.6271699063905,4,4
"14374",19.1880631827729,23.1714248606188,4,4
"14375",21.3615057511376,18.6251322083781,4,4
"14376",24.0054916162811,13.3726179824079,4,4
"14377",20.8354740594138,23.9009278578369,4,4
"14378",17.8643644814108,25.5787329293033,4,4
"14379",17.4458602578538,28.8669484337194,4,4
"14380",19.7563211333138,23.0336985460968,4,4
"14381",18.9457265042789,23.4364403483101,4,4
"14382",18.9292931633878,25.4075610494171,4,4
"14383",18.6531541456221,23.8365948446933,4,4
"14384",18.2884057796131,24.5042027084453,4,4
"14385",19.1308306868843,22.7538281825873,4,4
"14386",17.6683553784368,25.5783460808523,4,4
"14387",19.4518566435155,22.2845766843401,4,4
"14388",18.2741581697662,24.4559128560999,4,4
"14389",19.9188711059683,23.0581580036756,4,4
"14390",21.3201176304357,22.0812719182927,4,4
"14391",19.7257061691073,22.7008594874399,4,4
"14392",17.8529855572286,23.0226616490565,4,4
"14393",21.6136808386365,20.9407268178315,4,4
"14394",20.3526764168311,14.5037045677241,4,4
"14395",20.1620942477635,18.0087759882624,4,4
"14396",20.0915609092175,23.3614108204454,4,4
"14397",16.8761073679286,27.3000648261143,4,4
"14398",22.3783700032877,19.3789860058319,4,4
"14399",17.4774177483183,25.2397042401932,4,4
"14400",22.2129023014987,18.4890649017256,4,4
"14401",18.7874678153036,24.6302964243819,4,4
"14402",15.934949386006,24.1630667567946,4,4
"14403",21.8213501478644,24.0327161248058,4,4
"14404",19.9272080525628,24.9550979804944,4,4
"14405",19.1438564399497,23.4425889069625,4,4
"14406",21.4286253837143,21.2336085788791,4,4
"14407",17.6265082214715,24.7383415937359,4,4
"14408",20.6968691126044,23.2399708156285,4,4
"14409",16.379084884417,25.9051371359251,4,4
"14410",18.5809093138506,24.1429203566163,4,4
"14411",21.1899738133854,18.6190325303207,4,4
"14412",18.7523645990833,25.0961967445408,4,4
"14413",20.8335747777968,25.9138237415017,4,4
"14414",20.4901368652701,16.3339778528485,4,4
"14415",19.9081456904445,20.1539778624146,4,4
"14416",20.5959527463343,19.415471834292,4,4
"14417",24.4798059849047,12.7068085955927,4,4
"14418",21.2955072277798,19.9245752703026,4,4
"14419",21.6077239800844,20.0083229622001,4,4
"14420",21.6400008407159,21.9839744409889,4,4
"14421",18.917803331212,21.2768351303838,4,4
"14422",19.2629396827831,29.8444885459287,4,4
"14423",21.8712954271344,19.4714241542543,4,4
"14424",17.1738165692607,28.127276976641,4,4
"14425",20.2243488186079,22.987729320873,4,4
"14426",15.8464622683734,26.6512223327765,4,4
"14427",21.7489032642803,17.0212987728811,4,4
"14428",20.8203481951915,16.3723504325907,4,4
"14429",17.6580862576614,26.3372360250261,4,4
"14430",19.0558196710355,26.440005935036,4,4
"14431",18.2563550340757,21.8273843037619,4,4
"14432",19.3596336557519,26.9129244243862,4,4
"14433",18.6325799659431,20.6623154718502,4,4
"14434",19.2352336000815,20.2098983448594,4,4
"14435",16.3152273245012,28.5180249402971,4,4
"14436",22.9459720601325,14.6264134340509,4,4
"14437",18.8698455520078,20.239325428486,4,4
"14438",19.0670460846335,21.6597597121574,4,4
"14439",21.6190236696736,20.7189454693817,4,4
"14440",18.6063433553177,21.5615213223034,4,4
"14441",24.2794881004016,13.7351233789823,4,4
"14442",17.1526744062384,29.609967191828,4,4
"14443",19.502031221208,19.3534127656827,4,4
"14444",21.8194033934506,25.2423061364292,4,4
"14445",18.6091037490347,22.0361896767344,4,4
"14446",20.6549575523618,22.6418598124683,4,4
"14447",18.7006889591782,21.6111784612539,4,4
"14448",21.437820103506,20.0892542142986,4,4
"14449",21.6199231043175,21.9659005821534,4,4
"14450",17.8232094703736,29.3665238948549,4,4
"14451",20.4451316808212,20.5483032765433,4,4
"14452",21.6769475281408,15.1542199888052,4,4
"14453",22.7071758599527,17.9997829261953,4,4
"14454",20.2047289972023,19.0099147102738,4,4
"14455",20.0512893540647,18.5639407234692,4,4
"14456",19.3247603721658,22.0543507974814,4,4
"14457",20.8236672302015,20.1111105261546,4,4
"14458",20.8886196223374,27.7442280805527,4,4
"14459",20.1239367345448,22.0894592709991,4,4
"14460",17.1271493636911,24.1737831393361,4,4
"14461",19.6477619002578,25.2841730969767,4,4
"14462",17.8544802104764,21.8043573798168,4,4
"14463",15.0931977342338,33.1932247785573,4,4
"14464",17.8964841312732,26.8843967512136,4,4
"14465",18.8464909563629,24.4629090507552,4,4
"14466",17.6933754963302,19.4205500929474,4,4
"14467",16.2013703348681,21.4556550623812,4,4
"14468",19.0121636638269,19.1561103777428,4,4
"14469",20.2292449571995,26.7877401573437,4,4
"14470",18.7353952138372,21.3802366079911,4,4
"14471",18.4800868336872,25.5811186676157,4,4
"14472",21.3714012855951,18.2238646021811,4,4
"14473",18.9782756135884,27.4696936246266,4,4
"14474",18.780281671769,24.2992105455076,4,4
"14475",22.0972568457929,25.2536791854902,4,4
"14476",20.632386995954,23.1146516191138,4,4
"14477",21.7428491883575,20.5551041237013,4,4
"14478",20.1545248562734,17.0049337637255,4,4
"14479",19.5667827628631,18.4002145934647,4,4
"14480",17.5710523989029,23.2618888215678,4,4
"14481",19.3344977492179,22.2852354468647,4,4
"14482",18.8568694972163,21.4044816305515,4,4
"14483",22.4323340655021,18.6666130939047,4,4
"14484",19.9841015810053,15.521570506659,4,4
"14485",20.726273309661,20.0848713229032,4,4
"14486",23.2325732431462,16.4470023141256,4,4
"14487",19.720822220638,22.078642420774,4,4
"14488",23.2187706016679,17.9537435487888,4,4
"14489",18.4252100370703,22.4581723858233,4,4
"14490",22.7774011821699,16.849236196635,4,4
"14491",20.8627273170398,25.3859420482125,4,4
"14492",20.6677134676313,25.2519702073622,4,4
"14493",20.28228494097,20.7947156407111,4,4
"14494",21.1382234933715,20.0361453004402,4,4
"14495",20.86445563738,20.3565522334411,4,4
"14496",18.9159199302478,19.192596202204,4,4
"14497",21.1041523887373,18.2252637105507,4,4
"14498",22.1222106200338,15.8604117964894,4,4
"14499",20.2803190553426,24.1315909545035,4,4
"14500",19.0158676622252,25.1206090691908,4,4
"14501",15.5044258447175,28.5984553453615,4,4
"14502",19.400275853545,20.8564208203315,4,4
"14503",19.6156263681345,16.9872450469858,4,4
"14504",21.8940907108843,23.0472510393157,4,4
"14505",18.8437648127183,19.4665618931458,4,4
"14506",21.3716541002219,24.0336496736319,4,4
"14507",21.3007431890152,18.3753562653259,4,4
"14508",23.6933426712201,18.4762179603561,4,4
"14509",17.3271816420831,26.5286152987251,4,4
"14510",20.0907232309455,25.2022342250944,4,4
"14511",19.3229151969464,25.2234240469508,4,4
"14512",22.1106073705409,14.2673580347626,4,4
"14513",18.0126723625542,21.9169900580289,4,4
"14514",21.6224630073289,20.3055016272298,4,4
"14515",20.7502828569687,22.5804226468987,4,4
"14516",15.447888998773,25.8413606100336,4,4
"14517",21.0397947512524,18.3768512250387,4,4
"14518",19.2518559587741,19.2081217513183,4,4
"14519",15.7195009492939,29.2293876201858,4,4
"14520",18.7505864262102,25.9774036165537,4,4
"14521",17.8444231810753,21.5971870494641,4,4
"14522",25.6586297674333,15.672319624661,4,4
"14523",18.0242305396679,30.428715153816,4,4
"14524",20.5648378272317,16.7658285337873,4,4
"14525",21.6853628220964,21.7469941252708,4,4
"14526",21.4499656714014,18.3443178242738,4,4
"14527",20.4963701549157,21.7064663258425,4,4
"14528",19.8028554707533,20.6148664183927,4,4
"14529",18.6187645800578,26.3798085736664,4,4
"14530",15.8699606687613,29.9312036135601,4,4
"14531",21.9674427993013,18.106990512466,4,4
"14532",20.2516665551302,22.828818516539,4,4
"14533",20.8478720311619,20.3636717409307,4,4
"14534",18.8069348775903,21.3047545599009,4,4
"14535",21.8296042421386,19.6191384250281,4,4
"14536",19.5066094794038,24.3233406708798,4,4
"14537",17.8392531303511,25.4418799095458,4,4
"14538",19.0979284751799,22.2338922128591,4,4
"14539",21.4746072835181,23.0491335987729,4,4
"14540",16.7489663150232,25.5504086972,4,4
"14541",17.0561721156931,23.8041102747174,4,4
"14542",18.9765967670951,19.9936798229441,4,4
"14543",20.9366019806169,20.2796632116809,4,4
"14544",19.6749722783357,20.5105753305178,4,4
"14545",20.0241152215557,24.1673417765754,4,4
"14546",22.6262646706672,19.6413874352888,4,4
"14547",20.7389996620057,24.4159883399333,4,4
"14548",16.2220874985573,27.8371956622064,4,4
"14549",21.1333268563817,25.3394859227156,4,4
"14550",23.9858008759105,16.634800411559,4,4
"14551",19.6280555595774,18.257424656872,4,4
"14552",20.9424025452439,24.12499017119,4,4
"14553",19.3274952363533,22.1127377542557,4,4
"14554",20.257285446728,22.8310983349756,4,4
"14555",18.6472924489923,22.1850234966411,4,4
"14556",25.0808177885065,17.5463238574846,4,4
"14557",20.9432648724204,20.7253014451121,4,4
"14558",19.0737386069276,20.4410407921179,4,4
"14559",19.4609056858152,27.782184819258,4,4
"14560",23.8253829124083,17.955797724087,4,4
"14561",20.24859688632,17.1419354539905,4,4
"14562",18.5658150714967,21.2984912504789,4,4
"14563",18.8735981926897,21.1345260948375,4,4
"14564",18.8203729851216,21.3589853262468,4,4
"14565",16.9182492830738,27.4657744177282,4,4
"14566",20.3393521283369,23.7433751727502,4,4
"14567",19.7430395257012,26.7834912811537,4,4
"14568",18.6117130952493,20.6504135599404,4,4
"14569",22.2826178852905,22.8823338179624,4,4
"14570",20.7204621154409,21.3348830134002,4,4
"14571",19.6335985320413,25.4593991190634,4,4
"14572",18.8571604760596,27.9716991137067,4,4
"14573",18.5061307728065,25.7322092531885,4,4
"14574",18.1596190615316,26.3457356130258,4,4
"14575",18.0876643986413,22.5823657426123,4,4
"14576",21.5095056208404,17.4766388989138,4,4
"14577",18.1365156574649,21.2065126613786,4,4
"14578",19.315094963275,18.2422593527036,4,4
"14579",18.6788239064733,21.8482375248409,4,4
"14580",18.2018563188595,19.893568543743,4,4
"14581",18.060229870289,21.5352546274154,4,4
"14582",20.2894792010728,24.0712274423709,4,4
"14583",20.5687941386273,23.9408080021733,4,4
"14584",19.7029576675622,20.7513297180707,4,4
"14585",21.30991153494,17.4563213472635,4,4
"14586",19.5571137124531,25.1771766284184,4,4
"14587",16.563146660458,27.1651650212713,4,4
"14588",19.4722924313407,23.3297917505122,4,4
"14589",24.5999484598903,16.3920656950136,4,4
"14590",20.2535320393913,19.8729525409256,4,4
"14591",22.5214344793075,18.2781956025513,4,4
"14592",18.1427896911183,20.3605506456391,4,4
"14593",19.5689824908708,21.9661185902933,4,4
"14594",19.0744137428555,18.6719348444922,4,4
"14595",20.8676874257881,19.6683273920311,4,4
"14596",19.9863451645361,22.8050373794103,4,4
"14597",18.706112064534,22.2517368453261,4,4
"14598",18.9381010522394,19.6030279263451,4,4
"14599",21.1727014803905,15.8179270084288,4,4
"14600",20.8250475324439,21.2247071685214,4,4
"14601",20.0701461209879,18.2206729074085,4,4
"14602",22.5160324681564,21.3945135997037,4,4
"14603",20.6313697356313,18.5008120345258,4,4
"14604",17.2043302387015,23.0161429624193,4,4
"14605",19.1048699132172,24.2882331198519,4,4
"14606",17.8578963346068,24.7342841942864,4,4
"14607",22.125559433286,20.9332342932208,4,4
"14608",19.683992321158,19.8829543305795,4,4
"14609",16.2989037275755,27.7813376268608,4,4
"14610",22.6332076957596,15.2701005254525,4,4
"14611",17.1894879335701,27.7958322456082,4,4
"14612",18.8222822858317,21.80801000391,4,4
"14613",19.3143966635549,23.6192892050039,4,4
"14614",22.1182527667844,17.0157056462611,4,4
"14615",19.5307480790338,26.9137013569054,4,4
"14616",20.8714454912513,22.5362515083337,4,4
"14617",17.5217482330518,30.8859817743543,4,4
"14618",24.128936087236,19.1310707617319,4,4
"14619",18.3573667243815,22.9367235248747,4,4
"14620",19.2292825758505,22.050140545338,4,4
"14621",19.7880235441115,17.9567606449906,4,4
"14622",20.2930562661229,25.7113682117745,4,4
"14623",19.9078948400537,22.1597149441351,4,4
"14624",20.3997056282531,20.5987540064036,4,4
"14625",20.4112059461247,23.0249783744461,4,4
"14626",21.1398878529754,18.2015214608934,4,4
"14627",22.788938486749,21.0044629071935,4,4
"14628",18.7654289694286,21.2162309495654,4,4
"14629",22.9963214959564,19.8245972893783,4,4
"14630",19.8798259791808,19.9968485214772,4,4
"14631",21.3579859314348,17.0117720958404,4,4
"14632",17.8126071384066,20.1310098247214,4,4
"14633",17.5290559723618,29.8879793967124,4,4
"14634",20.7611949715794,16.4542717075587,4,4
"14635",22.354712107193,21.9325310152509,4,4
"14636",20.945082377832,20.0120120904678,4,4
"14637",19.8865174990244,25.1119636463557,4,4
"14638",22.3993536636355,21.3075741155113,4,4
"14639",23.8504795859619,12.9391184240173,4,4
"14640",19.0116557377419,21.9814092071842,4,4
"14641",22.4707220884363,17.5916055901926,4,4
"14642",19.2282191248208,18.20878477995,4,4
"14643",21.1647813356941,16.7081508215172,4,4
"14644",19.4151720058285,25.5418179334049,4,4
"14645",21.7760940574159,19.6730436818666,4,4
"14646",21.0600923497647,20.5713735554433,4,4
"14647",20.5712155201852,24.2134392032027,4,4
"14648",20.1320049335139,22.9345805228919,4,4
"14649",22.8611323951098,18.3346524126021,4,4
"14650",19.4620927092366,23.9679661507315,4,4
"14651",18.9017381683142,23.487851993515,4,4
"14652",19.5637494555977,20.320892429596,4,4
"14653",21.1477383857507,19.6140960795599,4,4
"14654",21.089850292745,18.5016920640787,4,4
"14655",18.6785479961324,25.2864471846125,4,4
"14656",18.3234581318271,21.7533644258519,4,4
"14657",19.9848186220247,21.9424367461822,4,4
"14658",20.2389686750356,23.2062926388756,4,4
"14659",19.4325183268002,24.4497149316105,4,4
"14660",20.8350712583762,19.7515452917528,4,4
"14661",20.7861182567589,24.2033495038991,4,4
"14662",25.5146345842444,16.876680474277,4,4
"14663",18.8313325775369,25.2236827046547,4,4
"14664",19.8942699412019,23.222762614965,4,4
"14665",18.4105783586193,19.6171025329849,4,4
"14666",21.4621654158496,21.6518918965676,4,4
"14667",18.1131571806373,19.905320689637,4,4
"14668",20.3403124072866,24.1525731958101,4,4
"14669",19.4826012337805,20.8805345045723,4,4
"14670",20.1949597855817,24.6822628078269,4,4
"14671",18.5927767127347,18.9374603077717,4,4
"14672",18.0009368635521,29.556670060241,4,4
"14673",17.1869500199601,22.0912147374081,4,4
"14674",17.5807706294483,22.5402120379308,4,4
"14675",19.9824380576834,20.0716210052886,4,4
"14676",19.9856109054912,23.1760348144391,4,4
"14677",18.8430430964819,25.1950461363878,4,4
"14678",21.8888279816908,24.1706262633629,4,4
"14679",20.0738705009468,21.9729077480835,4,4
"14680",19.7484940507288,23.2419522781593,4,4
"14681",17.3293137311512,23.1735621442497,4,4
"14682",16.7991308045899,24.8514864492601,4,4
"14683",18.4767853681299,23.9839297533553,4,4
"14684",19.2541583384419,22.0497213191049,4,4
"14685",15.3109849860635,27.7035494562174,4,4
"14686",21.7092364517199,20.6749777373643,4,4
"14687",20.5347909411599,26.2281314185943,4,4
"14688",19.896862518667,24.8239821862718,4,4
"14689",20.4397350559861,16.8628086028185,4,4
"14690",23.7146102497826,9.63147565158956,4,4
"14691",20.058453406243,23.200977932737,4,4
"14692",19.3312921428513,20.9704096522269,4,4
"14693",19.6413359643889,24.9879131146485,4,4
"14694",19.4296656917869,24.2108691491458,4,4
"14695",20.4223172527759,20.9442847935998,4,4
"14696",19.4607430603899,19.6426250859463,4,4
"14697",18.3763924583764,19.2011672460281,4,4
"14698",18.2652745552884,27.7602371918715,4,4
"14699",15.1718895992772,30.527798319001,4,4
"14700",19.5467479742845,22.900884883825,4,4
"14701",18.6652850027453,25.838569235606,4,4
"14702",20.5241850187134,27.8381674607168,4,4
"14703",19.1112727665407,23.2047945865532,4,4
"14704",20.3064546453819,23.3293077849778,4,4
"14705",22.6051944283682,22.6933710943464,4,4
"14706",22.8319692852345,19.5358538237322,4,4
"14707",20.820133364396,20.9669439410309,4,4
"14708",21.0969747196536,15.1372471871857,4,4
"14709",19.6226190350811,25.2002909351937,4,4
"14710",23.6004376482308,16.7199107984341,4,4
"14711",16.9922038453248,28.394328207161,4,4
"14712",19.2835704524256,25.0321850130955,4,4
"14713",20.1098861689999,24.0695789045822,4,4
"14714",19.2300212746118,23.4904884246901,4,4
"14715",21.7585727273949,18.2701975558612,4,4
"14716",24.9372337545896,15.2518485232227,4,4
"14717",19.0206981250469,21.5813820790627,4,4
"14718",20.0866874129201,19.4973753724524,4,4
"14719",19.4571399324318,24.2399935843358,4,4
"14720",19.773483226225,25.7615471830899,4,4
"14721",20.9696934919652,19.0521345388891,4,4
"14722",20.4033642710663,16.1563700999421,4,4
"14723",20.3062287987651,18.6411418356342,4,4
"14724",17.5700505349147,27.1508235933386,4,4
"14725",22.5468966778676,19.7109986018315,4,4
"14726",19.5393141554778,23.8417181665462,4,4
"14727",20.1307545626123,24.5937514874206,4,4
"14728",17.9882479706018,22.290851236493,4,4
"14729",19.778900986567,22.1413274552534,4,4
"14730",18.8657490029541,21.2701443547521,4,4
"14731",15.7505159415639,31.8990702300456,4,4
"14732",19.7240513329318,20.0463893146633,4,4
"14733",18.4000427962896,22.1259811139357,4,4
"14734",20.229023540303,23.7863382360418,4,4
"14735",21.9198040617912,17.5700641007504,4,4
"14736",21.0349295330235,19.683627847961,4,4
"14737",19.1043449203262,23.4172581294104,4,4
"14738",19.7941775909304,25.6068140440333,4,4
"14739",22.1285770704628,18.4985446838808,4,4
"14740",18.8469992354064,27.2228884196924,4,4
"14741",23.3819258289819,23.3977732395371,4,4
"14742",20.3683936733652,22.9775926069193,4,4
"14743",21.4603357440041,22.3494963933428,4,4
"14744",19.37952597824,24.7296250911637,4,4
"14745",23.1022085808601,17.6669568014407,4,4
"14746",19.4695827695837,22.8054603036097,4,4
"14747",21.9122761573805,21.1296347669524,4,4
"14748",21.624979750178,22.8490935021269,4,4
"14749",17.2362844245304,23.7936601532929,4,4
"14750",19.7389508941741,22.8200503583807,4,4
"14751",17.0344676996168,24.0691281549714,4,4
"14752",17.8158445181744,27.6816536712835,4,4
"14753",19.1010006539064,25.4281857908611,4,4
"14754",20.3078591829971,16.797281728516,4,4
"14755",20.2083891615963,22.4259515806347,4,4
"14756",20.6315663949042,21.1702352610105,4,4
"14757",20.5458045120182,18.0633797558285,4,4
"14758",21.040378120899,19.6002194524845,4,4
"14759",19.3393267983226,23.363699237762,4,4
"14760",20.9724238811559,23.7936015684909,4,4
"14761",20.0675009990304,20.7881896329194,4,4
"14762",19.6655905041639,22.262994052392,4,4
"14763",19.7041588993769,22.0882693298777,4,4
"14764",17.4560389597716,21.9901664356074,4,4
"14765",18.4728418681301,22.7772483007056,4,4
"14766",20.3524892692951,20.550829875947,4,4
"14767",20.3928815550384,20.2791626617377,4,4
"14768",26.4518720717931,11.8789384810384,4,4
"14769",18.7279691791338,27.8494420657194,4,4
"14770",19.3642161243327,19.7048904351337,4,4
"14771",23.7367338018976,19.9188856955034,4,4
"14772",18.190116847383,23.8639746537417,4,4
"14773",18.926578866425,24.2692910900634,4,4
"14774",22.4983061174818,18.7364765101452,4,4
"14775",18.9528110091122,20.2235826610051,4,4
"14776",17.4137333332909,24.886571371063,4,4
"14777",20.9407059181617,17.2388297188059,4,4
"14778",19.4088096514582,19.8350345309188,4,4
"14779",20.7125462285706,19.2719317384069,4,4
"14780",18.4875116978822,22.912047394896,4,4
"14781",17.543068139106,23.0195072337068,4,4
"14782",20.3433944886493,20.0561555511875,4,4
"14783",20.0901467559965,19.5940301947105,4,4
"14784",19.8544648624052,22.701872770539,4,4
"14785",18.8484131473303,21.913199589379,4,4
"14786",18.6023018818038,22.1211024040955,4,4
"14787",21.0713467556974,20.5656825205323,4,4
"14788",21.486946782504,19.5298768039957,4,4
"14789",21.375795081482,18.0078784755021,4,4
"14790",21.632994695336,13.110738841183,4,4
"14791",21.3525269718937,14.3112344027142,4,4
"14792",19.7144276938639,23.5874243147123,4,4
"14793",20.6899454755283,14.9188949244395,4,4
"14794",17.6477591799027,22.1899662276565,4,4
"14795",17.7182960009098,25.8467318859941,4,4
"14796",21.4477582443732,21.9987390430626,4,4
"14797",18.6906779629208,22.1877175222853,4,4
"14798",20.048552642771,22.7193401044192,4,4
"14799",17.2283579506026,25.2126271622933,4,4
"14800",23.397253994827,18.301632811786,4,4
"14801",22.1916007966659,17.9110956340378,4,4
"14802",18.9799431167676,22.1608067754077,4,4
"14803",20.1761446515061,23.774707420249,4,4
"14804",21.0140564030295,22.2467553155606,4,4
"14805",21.5646447724455,15.5253361680225,4,4
"14806",21.0100116415583,17.7421938038703,4,4
"14807",20.354867068541,23.5179585473844,4,4
"14808",20.5754724745498,21.9369665415878,4,4
"14809",19.4455352953722,19.6854121473215,4,4
"14810",21.3800193815699,18.2641983422127,4,4
"14811",17.4850353551564,24.2898382604231,4,4
"14812",18.1854111845026,23.5014818493071,4,4
"14813",19.6261848595776,22.3772729139865,4,4
"14814",22.0876795215287,19.9101476163924,4,4
"14815",18.7075036180195,26.1831006183432,4,4
"14816",19.5552112142654,23.3564233852226,4,4
"14817",21.2705767134136,18.9486511706598,4,4
"14818",18.0704931004809,26.9072511864867,4,4
"14819",21.8506761479214,20.3967870052281,4,4
"14820",19.0529099003203,28.5482927270369,4,4
"14821",17.3899265879535,28.0535875205222,4,4
"14822",16.8664137165166,30.2580620240275,4,4
"14823",21.2737291756884,22.6595001986427,4,4
"14824",19.523690221568,22.2814680845925,4,4
"14825",16.3883767213149,23.5978396079958,4,4
"14826",18.0525731609003,26.669857351434,4,4
"14827",22.0358633107853,17.4079619551153,4,4
"14828",20.3760691206025,21.2270932472251,4,4
"14829",19.3546197945832,20.6870961973812,4,4
"14830",16.5541545957741,28.480554309688,4,4
"14831",22.4902746244872,18.2765630230796,4,4
"14832",18.2342758575949,19.667403586466,4,4
"14833",17.8561628654401,25.9519927807112,4,4
"14834",20.3582889870552,18.9792011896343,4,4
"14835",21.8250814853156,17.3206042320773,4,4
"14836",22.8500511801243,15.4642237615572,4,4
"14837",19.167859891179,24.103911040653,4,4
"14838",22.775104237605,19.5675426437575,4,4
"14839",18.7562137160437,26.4256132941882,4,4
"14840",17.9869529985924,25.555933643406,4,4
"14841",19.2369881475187,23.5324441235899,4,4
"14842",19.5626659102169,23.2232544492601,4,4
"14843",20.9649708614664,22.1466445886482,4,4
"14844",21.4348003694488,22.3089191065189,4,4
"14845",20.1823576717544,19.7095239509575,4,4
"14846",18.3386741574413,26.5121161029422,4,4
"14847",20.1647564024672,21.06136177788,4,4
"14848",22.7072134007793,18.0729129401673,4,4
"14849",20.1518983957253,26.3579443011895,4,4
"14850",20.8120116655847,19.0161140362918,4,4
"14851",17.5986569581314,27.267785976764,4,4
"14852",18.6817881754379,24.5451473557999,4,4
"14853",19.4569460422014,24.8050338156133,4,4
"14854",16.4657552686603,31.3696848341792,4,4
"14855",22.8306161909696,21.2464962806037,4,4
"14856",19.3682563102077,25.3443673982927,4,4
"14857",20.9293890344163,22.3860945818452,4,4
"14858",19.5975541622802,18.1220534485782,4,4
"14859",19.6640413005492,23.6963472982999,4,4
"14860",20.5716607046282,23.454012194727,4,4
"14861",19.1937384753419,19.0711092217099,4,4
"14862",21.1394087103282,20.5366179330484,4,4
"14863",16.7524560782983,25.0185255581606,4,4
"14864",21.1279823248262,20.7208163647958,4,4
"14865",19.8470969967885,21.2475856352105,4,4
"14866",20.5191253607934,20.818624654429,4,4
"14867",25.0563931334866,13.8303218275158,4,4
"14868",19.4920563017794,21.2734620300587,4,4
"14869",19.9466924679876,22.7446944035293,4,4
"14870",17.6429871615003,23.888880605089,4,4
"14871",22.3875542254235,13.7442699069081,4,4
"14872",17.5223752437796,26.1023445231334,4,4
"14873",19.0395114280987,25.4891766742952,4,4
"14874",16.4690083596656,29.5478726751695,4,4
"14875",18.5132988135342,28.0508938778449,4,4
"14876",20.6810165888262,18.537996841998,4,4
"14877",17.3423038729907,24.638080444346,4,4
"14878",18.4567341524299,21.9360206521684,4,4
"14879",16.8271290712771,34.4555333909858,4,4
"14880",20.240323510516,16.1706390931796,4,4
"14881",20.2076573279869,17.1204490563634,4,4
"14882",22.3274325340962,17.8742670073919,4,4
"14883",22.463642341477,14.7128404954018,4,4
"14884",20.2924902276103,24.5412152857784,4,4
"14885",20.9663815529664,20.0479542799551,4,4
"14886",17.8156047071568,21.7963710970845,4,4
"14887",18.1935596150198,27.7489219925104,4,4
"14888",19.7845933654876,22.1193281034058,4,4
"14889",19.4637608647348,23.5222889809329,4,4
"14890",18.3002373664018,27.8578642254613,4,4
"14891",19.7005457183114,22.2777611506167,4,4
"14892",18.3830297561252,22.6487525375473,4,4
"14893",16.7995999290037,25.2216449941871,4,4
"14894",19.7295236553655,23.6017450967843,4,4
"14895",19.9412094817249,20.6312028429159,4,4
"14896",16.3102713128598,27.6950181506016,4,4
"14897",23.133598550657,20.1146521682332,4,4
"14898",19.5099658144409,21.1031546730601,4,4
"14899",17.2464611258932,19.9101714527038,4,4
"14900",18.7597762903586,22.7790347428583,4,4
"14901",23.7475592287907,9.60397764386929,4,4
"14902",21.3800850582145,17.4917054346645,4,4
"14903",19.799616721063,24.305231896045,4,4
"14904",22.9640331550289,15.3755681160019,4,4
"14905",19.1174053850723,27.3885799505383,4,4
"14906",15.9233999974665,26.4281926660679,4,4
"14907",18.6598940883748,23.7372809725959,4,4
"14908",22.7038092570991,19.1048189793252,4,4
"14909",19.0152149961086,22.9338097398474,4,4
"14910",20.3877471396063,18.2084263165681,4,4
"14911",22.2328386386177,16.8828839013367,4,4
"14912",22.385995490666,17.0796761937325,4,4
"14913",23.2142570364868,15.6859572380065,4,4
"14914",21.2229140943334,23.914596954079,4,4
"14915",19.7311630752168,25.6094972361311,4,4
"14916",22.5749408990462,15.0108208492694,4,4
"14917",18.3958771832055,24.5652696613391,4,4
"14918",22.3017432199432,16.8112409895143,4,4
"14919",19.4142854728299,20.5449617965269,4,4
"14920",22.0157301989798,20.1493503379787,4,4
"14921",16.3918660180492,28.2643471465338,4,4
"14922",21.5087600298703,23.2838006313622,4,4
"14923",21.6555735232491,19.8017245504396,4,4
"14924",20.2325567793206,25.6555987720291,4,4
"14925",19.5118684307887,24.4367550552164,4,4
"14926",22.3997975203221,15.617675512907,4,4
"14927",21.8133026377775,19.2176226215397,4,4
"14928",21.426228307555,24.5488362469921,4,4
"14929",20.2459211172298,26.0251171554731,4,4
"14930",15.2992215280619,23.5428022524214,4,4
"14931",20.5052708672962,22.9147409866599,4,4
"14932",20.3268836110283,21.0066390635808,4,4
"14933",21.1952985917468,20.9884019533843,4,4
"14934",16.4997431310185,28.6028684032535,4,4
"14935",17.8649789569322,22.2404662859609,4,4
"14936",17.7361535073632,29.0364334720428,4,4
"14937",22.9826186929003,16.8691508368573,4,4
"14938",22.8214878451375,16.9947765665609,4,4
"14939",16.4096422549715,25.3378541895133,4,4
"14940",20.2692441454222,16.4322084076259,4,4
"14941",17.8245673969367,26.5570087937471,4,4
"14942",19.0303168213198,28.0869078075443,4,4
"14943",21.3545906710267,18.0648485174105,4,4
"14944",21.3175396947353,23.6955769635913,4,4
"14945",20.5926599245002,22.3457787813902,4,4
"14946",19.5121066084349,25.0744208629695,4,4
"14947",19.4185302179964,23.2038737673635,4,4
"14948",21.8360764903764,20.3137580983393,4,4
"14949",19.4811712331018,25.1645403958811,4,4
"14950",22.5916533594114,14.1613568176693,4,4
"14951",20.0142641182062,27.0909834447519,4,4
"14952",16.6336250115728,29.5222962015627,4,4
"14953",17.7498913941497,20.3315344794274,4,4
"14954",22.3171885502786,18.2953092263494,4,4
"14955",18.5017163265516,22.5899626252887,4,4
"14956",20.3723047206713,15.7774189517466,4,4
"14957",16.7811147223111,23.8120279975463,4,4
"14958",21.3440247773537,20.8572099221691,4,4
"14959",21.2881954048526,25.0195334317824,4,4
"14960",18.353203419969,21.2498607352288,4,4
"14961",18.8995231289744,23.0040925592242,4,4
"14962",18.4539495446989,22.3726956312272,4,4
"14963",23.4276685831619,22.7244865269119,4,4
"14964",22.5038941915891,20.3368607716887,4,4
"14965",19.0488651167142,22.1619756699771,4,4
"14966",19.2348004016517,23.7871286642056,4,4
"14967",19.8139127289333,21.1194378395232,4,4
"14968",16.9980340504571,27.4867237224164,4,4
"14969",23.3411248316959,19.6505977312434,4,4
"14970",20.8279592566322,16.9219858381196,4,4
"14971",20.518949381795,22.2356873535912,4,4
"14972",20.264987073207,21.0564338937475,4,4
"14973",20.9157948053957,20.3235170747955,4,4
"14974",21.5491087998522,19.8250365883007,4,4
"14975",20.7961818140914,16.4241833866985,4,4
"14976",21.9267646915367,14.7766791235394,4,4
"14977",22.7138907830502,18.7971303419453,4,4
"14978",18.4700322158151,24.813494621759,4,4
"14979",20.7797242790803,19.0686071733904,4,4
"14980",22.9584787519353,16.851477145822,4,4
"14981",20.7720640986985,19.1229661328887,4,4
"14982",20.4225767359364,16.5975497058011,4,4
"14983",20.56970227284,21.069115713917,4,4
"14984",20.1079750536347,21.4033965131199,4,4
"14985",20.5193726900535,22.0004618331033,4,4
"14986",18.7432667769591,20.1522976262657,4,4
"14987",17.4606561408991,23.8738955665147,4,4
"14988",22.438184728557,22.7226356186153,4,4
"14989",19.7985372781998,21.7428724098676,4,4
"14990",17.861940982907,25.2503314906848,4,4
"14991",19.4820561620451,25.3262509027299,4,4
"14992",16.4968461637083,29.4926962417981,4,4
"14993",18.6887497821907,25.0702234006025,4,4
"14994",14.2061074659833,26.1059108564908,4,4
"14995",22.9196761034039,14.9558364897999,4,4
"14996",21.4047799891698,15.1405655485183,4,4
"14997",21.8864943752158,24.2816570249994,4,4
"14998",22.3014028081515,19.0177680036064,4,4
"14999",18.4908495239213,25.3594483614398,4,4
"15000",18.8473532178454,24.4793696360622,4,4
