"X1","X2","component","subcomponent"
"7001",8.34905471459638,26.3851246592585,8,6.5
"7002",7.51543380122066,30.0100933315152,8,6.5
"7003",7.50360412532056,24.765576616856,8,6.5
"7004",8.35770306357913,23.8454662233539,8,6.5
"7005",8.34654022203276,30.4793308400608,8,6.5
"7006",7.95485033251698,25.666011607997,8,6.5
"7007",10.8587828647316,31.2539555053294,8,6.5
"7008",8.27087996230843,29.2340926160564,8,6.5
"7009",8.51035152711786,24.9064551484874,8,6.5
"7010",8.72996827688817,29.8339033757406,8,6.5
"7011",9.10880876709694,26.370685580693,8,6.5
"7012",9.43839330846683,27.0770915934469,8,6.5
"7013",6.1505968078765,24.7811607825572,8,6.5
"7014",8.81283162211603,26.4430196333639,8,6.5
"7015",9.45519355593608,29.6881690511467,8,6.5
"7016",8.48129671777592,28.4206611687336,8,6.5
"7017",4.87766893298908,21.1478453710571,8,6.5
"7018",10.5040626134289,33.1219847759262,8,6.5
"7019",8.69376008836703,27.6297960214019,8,6.5
"7020",9.51976507048323,22.6743534162873,8,6.5
"7021",8.4504571239377,25.9363815401622,8,6.5
"7022",9.38052582807521,26.9220306083126,8,6.5
"7023",8.07570759414324,29.7641222852314,8,6.5
"7024",7.89874193443995,24.9074520756889,8,6.5
"7025",9.520100891652,25.370586859208,8,6.5
"7026",9.47744978441885,29.9720417113012,8,6.5
"7027",7.92564728283178,23.847670718516,8,6.5
"7028",9.73986918721501,29.6849485134509,8,6.5
"7029",8.66930111511648,28.9395299600242,8,6.5
"7030",7.54625645297809,30.1301626927665,8,6.5
"7031",8.6059898663986,28.0766035663466,8,6.5
"7032",5.8585440656298,26.5903847464104,8,6.5
"7033",8.24941698583442,30.2666719112899,8,6.5
"7034",7.86600121309381,27.0301225820775,8,6.5
"7035",8.81085668668458,30.6260104345738,8,6.5
"7036",9.47367477683783,23.2957769677104,8,6.5
"7037",7.24360309137088,23.8183038483037,8,6.5
"7038",8.78222673330793,28.4951048185912,8,6.5
"7039",6.06506548316905,22.1854798853111,8,6.5
"7040",10.2250356287492,27.4588505923952,8,6.5
"7041",8.58044914108532,31.378680959737,8,6.5
"7042",8.71371927907638,25.8304353568189,8,6.5
"7043",10.3743745375167,29.584182521948,8,6.5
"7044",8.43640984420607,33.5893472404348,8,6.5
"7045",5.92793756219145,25.3233969171866,8,6.5
"7046",7.75051118435097,25.9979681126901,8,6.5
"7047",7.34575962324336,23.3452844509886,8,6.5
"7048",8.39989843146968,28.3236191094779,8,6.5
"7049",8.46893788334461,26.3282778338613,8,6.5
"7050",8.87379775314395,27.9285152308517,8,6.5
"7051",9.98132302213741,32.5633886711325,8,6.5
"7052",9.66844521455751,26.2127371123857,8,6.5
"7053",8.00823874838856,28.7542826498252,8,6.5
"7054",10.0395119174279,25.5234551426369,8,6.5
"7055",8.37038079313876,27.3211643912615,8,6.5
"7056",7.34275307166828,26.4952081526709,8,6.5
"7057",9.2115594348212,25.9065934862264,8,6.5
"7058",8.29331505918523,31.8627995162438,8,6.5
"7059",5.55087288749482,25.035510418764,8,6.5
"7060",7.18289445709489,28.5732645128374,8,6.5
"7061",8.63906987757891,28.830698515331,8,6.5
"7062",7.53227289493838,25.1243322642728,8,6.5
"7063",8.25924035968678,28.4921931821824,8,6.5
"7064",7.0394305176417,23.8145175493999,8,6.5
"7065",9.6966190231435,28.6529226064065,8,6.5
"7066",9.98023821373051,28.6123845022143,8,6.5
"7067",7.28892666546083,23.8399715352577,8,6.5
"7068",9.56057737793323,31.1712882084362,8,6.5
"7069",9.59445159941006,25.3095207158598,8,6.5
"7070",7.14750557576036,23.5115575931753,8,6.5
"7071",9.0693994289979,27.8205232787439,8,6.5
"7072",7.67685894160712,25.0367682287802,8,6.5
"7073",6.99467142731385,21.9855285651645,8,6.5
"7074",7.37842172930016,23.6728826791053,8,6.5
"7075",10.2298943573106,29.6804482147985,8,6.5
"7076",8.47911391432226,29.9639353612688,8,6.5
"7077",8.30028765101522,28.8236212197707,8,6.5
"7078",10.2240379068194,26.440928414247,8,6.5
"7079",6.54539083833167,26.1232177304282,8,6.5
"7080",8.18001770877399,28.8349105788022,8,6.5
"7081",7.93874588072733,30.8671112088694,8,6.5
"7082",8.20532048761172,28.7994131328823,8,6.5
"7083",6.71093234436989,28.1141788995388,8,6.5
"7084",8.69452865664741,29.0564404192346,8,6.5
"7085",9.31697587912057,28.6189190355821,8,6.5
"7086",7.53207025516854,20.5259963927951,8,6.5
"7087",10.6767309888843,27.6214219533317,8,6.5
"7088",6.58732113135919,28.2887087384546,8,6.5
"7089",6.72500425067979,22.5393155558834,8,6.5
"7090",5.79539857710224,24.8979508778921,8,6.5
"7091",7.88752460142008,24.5733725377852,8,6.5
"7092",6.68281813091166,28.7096570786001,8,6.5
"7093",7.56228860432364,21.9258972907482,8,6.5
"7094",6.25896822842781,24.7795779731044,8,6.5
"7095",7.01424677747829,32.2199182306375,8,6.5
"7096",5.45956316617111,23.6637482608844,8,6.5
"7097",7.05074131921993,19.6026142534375,8,6.5
"7098",9.08014574020967,26.9418804694188,8,6.5
"7099",8.0362667657178,23.9752137592726,8,6.5
"7100",8.49561513681543,25.9564967354492,8,6.5
"7101",8.1066591401409,30.1038221763671,8,6.5
"7102",8.03850434223406,26.6269627119155,8,6.5
"7103",10.5287196092736,28.8133349465535,8,6.5
"7104",8.5248533523803,26.0991188570194,8,6.5
"7105",8.49746301748042,26.8289893849241,8,6.5
"7106",5.79217084882168,21.3355577649793,8,6.5
"7107",6.68019962575769,25.5703823767783,8,6.5
"7108",9.2300673386807,24.6467180559763,8,6.5
"7109",8.57962195332312,24.5636297981816,8,6.5
"7110",7.01558611160561,25.8191536158117,8,6.5
"7111",7.5134743258175,24.1926903585423,8,6.5
"7112",9.26399121052251,25.7533932046461,8,6.5
"7113",7.53012749641626,26.1558990228918,8,6.5
"7114",8.43032008999383,21.5013378008557,8,6.5
"7115",7.71093923569421,28.2723741306362,8,6.5
"7116",7.86274030004128,26.1962317262152,8,6.5
"7117",7.74744717639603,25.1695329681317,8,6.5
"7118",6.18746962857635,19.5815158252822,8,6.5
"7119",6.71933287258227,29.8046626042327,8,6.5
"7120",9.71535854128109,28.5903678776139,8,6.5
"7121",8.13242558701821,25.968417809213,8,6.5
"7122",9.66525951138237,28.0284296042309,8,6.5
"7123",8.42483316187637,28.1490915697502,8,6.5
"7124",7.99744513591032,27.7194116663962,8,6.5
"7125",7.62733479507512,16.4499460677802,8,6.5
"7126",9.04762874130098,26.6711172309575,8,6.5
"7127",9.17434422431512,25.580951937009,8,6.5
"7128",8.25858937057206,25.8665691748976,8,6.5
"7129",8.11589540697682,27.2460694493675,8,6.5
"7130",7.26442155693181,25.1558535877426,8,6.5
"7131",6.86242907723019,27.0201543410506,8,6.5
"7132",7.46741343409766,30.9649229748605,8,6.5
"7133",7.59072636890844,27.7371262248851,8,6.5
"7134",6.21608910045536,21.0272096073349,8,6.5
"7135",9.74212710003549,28.1835354573151,8,6.5
"7136",6.15935391105383,22.0829439631797,8,6.5
"7137",6.92191886171798,22.1272476053041,8,6.5
"7138",8.77264388390459,29.4883172894481,8,6.5
"7139",5.76416063420954,24.6718540939921,8,6.5
"7140",6.82549500298929,27.562310134694,8,6.5
"7141",8.16407329097359,24.5408485676411,8,6.5
"7142",6.77367730767751,29.8697107462624,8,6.5
"7143",6.5102747421746,31.4410131645882,8,6.5
"7144",6.65254712766924,25.9521676229314,8,6.5
"7145",6.21730534924546,27.0955185328459,8,6.5
"7146",5.8625159953565,22.9745581171332,8,6.5
"7147",7.41068049759452,25.9958134551984,8,6.5
"7148",6.24138107642561,22.6956974993922,8,6.5
"7149",9.65189963940244,23.1166005639902,8,6.5
"7150",7.88692701220655,26.9980416173324,8,6.5
"7151",8.56449512531234,25.7306144173164,8,6.5
"7152",8.89447931664532,25.7825237298873,8,6.5
"7153",9.09209350385832,27.8200262376571,8,6.5
"7154",7.57737361280062,26.1377824541073,8,6.5
"7155",8.71019951857041,30.1519957949048,8,6.5
"7156",9.50071491232109,29.8870347621838,8,6.5
"7157",9.82121819079904,28.0477394467427,8,6.5
"7158",7.01606279212053,30.0119370463582,8,6.5
"7159",8.14054788870467,28.4579211360704,8,6.5
"7160",8.96202807058923,25.6309037188577,8,6.5
"7161",8.27629904552469,27.3063197540464,8,6.5
"7162",6.24988841723303,25.4504234430805,8,6.5
"7163",7.43586032422948,23.9188033988286,8,6.5
"7164",6.61441850837861,26.5895260757512,8,6.5
"7165",7.29500677618369,26.6475776198979,8,6.5
"7166",7.9797551047302,26.2510154138929,8,6.5
"7167",10.3470544249344,27.7995770655626,8,6.5
"7168",6.24225164394053,25.9098327766567,8,6.5
"7169",9.17668556386359,28.2950689113579,8,6.5
"7170",7.45000832960659,28.1574424132659,8,6.5
"7171",8.36882444502018,26.4028561547949,8,6.5
"7172",6.31955716784354,24.2007881596245,8,6.5
"7173",7.0058578705529,29.3328357466785,8,6.5
"7174",7.98445795706734,24.6796850944082,8,6.5
"7175",9.98709976276895,27.1804524764902,8,6.5
"7176",7.72326527739969,22.641135731304,8,6.5
"7177",5.61683763593436,26.3441354381169,8,6.5
"7178",7.84720740677463,29.2637209970487,8,6.5
"7179",5.54187220381659,28.1915275696425,8,6.5
"7180",9.90287380941758,27.9691014384362,8,6.5
"7181",6.99964737118282,28.1695454292895,8,6.5
"7182",8.14713500065766,29.5203083733339,8,6.5
"7183",8.18201270159861,22.3164588019867,8,6.5
"7184",6.54444086565052,27.229210865496,8,6.5
"7185",8.32811330502163,27.914752841979,8,6.5
"7186",8.57363006270471,25.9260816363072,8,6.5
"7187",6.03717970751088,23.3025253829286,8,6.5
"7188",8.74634290998734,26.168122163137,8,6.5
"7189",7.0494985933293,28.0141026631985,8,6.5
"7190",9.17930473907362,27.8726980091605,8,6.5
"7191",8.33221015113557,26.3221649505767,8,6.5
"7192",8.39401032254897,25.5798021008929,8,6.5
"7193",7.73667928783706,24.3279673069035,8,6.5
"7194",8.1001862347088,31.247235569579,8,6.5
"7195",8.62034863150203,29.3684345510006,8,6.5
"7196",6.19188899770543,24.8244288352024,8,6.5
"7197",8.34471514784339,31.2504139286226,8,6.5
"7198",8.42995478719218,24.7787623655042,8,6.5
"7199",6.08500783262653,24.9676826625834,8,6.5
"7200",7.40959712787267,24.1813070642084,8,6.5
"7201",8.07175758996185,24.4810006133244,8,6.5
"7202",8.77767733334042,34.6262400256791,8,6.5
"7203",10.6165583671483,29.5163400311474,8,6.5
"7204",5.68863236881031,26.6614245264106,8,6.5
"7205",8.37611809763288,29.3055034296654,8,6.5
"7206",9.82957148998026,28.5425872766322,8,6.5
"7207",9.65487208058462,28.4965996571557,8,6.5
"7208",7.15483087381898,28.3692411603241,8,6.5
"7209",6.74100781719466,25.204036116992,8,6.5
"7210",6.09367800041755,22.9980558972696,8,6.5
"7211",8.09312269268855,25.5114904810502,8,6.5
"7212",6.8555573499747,31.2211202648965,8,6.5
"7213",7.7413517853732,28.6161037147731,8,6.5
"7214",6.78095671020501,25.4085358843797,8,6.5
"7215",10.0328146984587,22.8974433219687,8,6.5
"7216",8.72236371899269,27.9215793123499,8,6.5
"7217",6.74335154349503,25.9774271103088,8,6.5
"7218",7.8009047013766,25.2496890857639,8,6.5
"7219",9.08963248561328,27.0089381112161,8,6.5
"7220",7.40239102164442,27.0862415608369,8,6.5
"7221",7.91533938377647,21.4171013276881,8,6.5
"7222",8.29186097719871,22.0331888219294,8,6.5
"7223",7.94584245804814,27.6057361075692,8,6.5
"7224",7.25417724438459,23.1136002041688,8,6.5
"7225",7.5064659577783,26.8800963399878,8,6.5
"7226",6.25253853167324,25.3085398162108,8,6.5
"7227",7.31058082124532,25.4898990518335,8,6.5
"7228",7.66248343859562,22.5126094073856,8,6.5
"7229",8.32133017158676,24.9061649079731,8,6.5
"7230",5.32796148504578,28.4379313886203,8,6.5
"7231",7.84929350194767,24.2913723094563,8,6.5
"7232",5.02219522895708,23.2354081648163,8,6.5
"7233",9.05338734455645,24.8788121586061,8,6.5
"7234",9.51714907086139,25.935293840439,8,6.5
"7235",9.67084068375418,28.0212903248121,8,6.5
"7236",6.98640562821774,24.9874115671732,8,6.5
"7237",8.93843030915483,26.5084870656149,8,6.5
"7238",7.12553926087871,27.6517740007035,8,6.5
"7239",8.45564545996682,29.3246781452766,8,6.5
"7240",8.75023740946641,32.8109531371528,8,6.5
"7241",8.65576413436427,32.1389972313221,8,6.5
"7242",9.44845649035074,26.022477537015,8,6.5
"7243",8.36992531851411,27.9847152828885,8,6.5
"7244",7.85988127687423,25.556142420108,8,6.5
"7245",6.35633592153903,25.6194276432532,8,6.5
"7246",8.82814515191844,29.9689660367335,8,6.5
"7247",10.2533286428993,31.9890357360231,8,6.5
"7248",6.56077888276291,21.8093444632859,8,6.5
"7249",8.50793481000601,26.3755390797135,8,6.5
"7250",10.0858281413136,27.437607054919,8,6.5
"7251",8.62053607798566,28.1582232036528,8,6.5
"7252",7.03160892953684,24.0081773834043,8,6.5
"7253",7.53407098149556,23.0140232483242,8,6.5
"7254",9.26679093625139,27.906832718058,8,6.5
"7255",7.13626720599401,25.9140737679132,8,6.5
"7256",7.6880569441413,26.40128482995,8,6.5
"7257",5.30641012383398,21.8195991245762,8,6.5
"7258",9.17207642755884,26.9683363704799,8,6.5
"7259",7.94989913960098,22.3148589128206,8,6.5
"7260",7.41944039169709,24.3128801768452,8,6.5
"7261",10.0406472698926,26.8346695149619,8,6.5
"7262",8.15428205901775,24.8344044553074,8,6.5
"7263",8.25339761264591,28.5305997604691,8,6.5
"7264",6.45648783995916,22.9225819927492,8,6.5
"7265",6.56542435019467,26.1316200423303,8,6.5
"7266",7.62327403872794,26.3444608512155,8,6.5
"7267",8.31612770755667,23.8660071452616,8,6.5
"7268",7.25467349219995,23.6220727957041,8,6.5
"7269",9.17719689676901,28.3228000238734,8,6.5
"7270",9.24406669785949,27.7286955813033,8,6.5
"7271",9.99071303137651,24.7726333279548,8,6.5
"7272",8.61325450719051,26.5726941440363,8,6.5
"7273",8.79237370121701,34.7384578378538,8,6.5
"7274",7.94474825385387,24.935255800919,8,6.5
"7275",7.68979453751915,23.8235664037685,8,6.5
"7276",6.80170919312017,23.222255554757,8,6.5
"7277",7.60951339361252,27.964054711276,8,6.5
"7278",8.66520275431287,32.5446713054578,8,6.5
"7279",4.57724600723197,23.7230441287758,8,6.5
"7280",8.89350891085014,24.5636341759276,8,6.5
"7281",8.56985881155977,28.6574633041437,8,6.5
"7282",7.79905214681699,29.298407015859,8,6.5
"7283",8.66336385813828,29.7293048341214,8,6.5
"7284",7.96412538657897,22.2545351616804,8,6.5
"7285",6.30269317595758,24.3673570966232,8,6.5
"7286",7.61117733333178,24.6570267499091,8,6.5
"7287",8.60515066765975,28.2630014577944,8,6.5
"7288",9.13035262509312,30.9001420671945,8,6.5
"7289",8.37081378081118,27.01354568133,8,6.5
"7290",9.1445061444516,26.4977355554384,8,6.5
"7291",7.89573755104902,30.0521829133074,8,6.5
"7292",9.90661799978022,25.3186053900025,8,6.5
"7293",8.36482710859852,26.1511779430481,8,6.5
"7294",7.4121129648982,27.4596010233732,8,6.5
"7295",9.45682760029118,31.7682921920149,8,6.5
"7296",9.5359179651796,28.6785056788785,8,6.5
"7297",8.67816199472688,34.0515302214701,8,6.5
"7298",3.35509311784747,19.8950331906733,8,6.5
"7299",8.62196752462331,24.207983463369,8,6.5
"7300",9.94853484071791,33.834861044811,8,6.5
"7301",9.11815428041776,23.1263444830385,8,6.5
"7302",7.67273997486861,29.7489798209357,8,6.5
"7303",6.71537188026508,21.8114837524788,8,6.5
"7304",8.49420093562259,26.6738386298965,8,6.5
"7305",9.4619417620269,26.9141633457049,8,6.5
"7306",8.11547068510531,20.0202864275469,8,6.5
"7307",5.97229171139624,21.8562862622792,8,6.5
"7308",7.40301704185783,26.6504697451564,8,6.5
"7309",9.15658935750181,26.3877789920719,8,6.5
"7310",8.32277115882284,26.8296714987177,8,6.5
"7311",9.21911311656241,28.4726104747828,8,6.5
"7312",8.50348131314073,30.2080352831792,8,6.5
"7313",7.92629385602338,32.3726517855898,8,6.5
"7314",8.77331400520047,28.0360516170653,8,6.5
"7315",8.47427994052153,27.4580850599168,8,6.5
"7316",7.89997073869553,29.4377167812965,8,6.5
"7317",6.9142785647077,22.5409387912831,8,6.5
"7318",7.9393499026631,25.6976786590731,8,6.5
"7319",8.76212355091801,28.3676936856023,8,6.5
"7320",7.04030501421082,26.2937143824871,8,6.5
"7321",8.89337561464632,24.6514291280784,8,6.5
"7322",7.96826353514566,23.9465795260579,8,6.5
"7323",8.0066369295116,28.8385401726091,8,6.5
"7324",5.65777966912475,29.3995457575283,8,6.5
"7325",9.0792314237675,27.2363369483419,8,6.5
"7326",9.08583821355304,21.8305305852112,8,6.5
"7327",7.77220542172367,26.3498711357326,8,6.5
"7328",9.95436847843942,30.9610743701232,8,6.5
"7329",7.48970736960185,31.8154987195297,8,6.5
"7330",6.99044961349262,25.6334038949159,8,6.5
"7331",7.01645833089889,26.4470480014715,8,6.5
"7332",10.3798019472827,31.4215895557473,8,6.5
"7333",6.61910853699079,26.8181586272084,8,6.5
"7334",7.1727810372792,25.1616827582273,8,6.5
"7335",7.46323554582419,28.652656095959,8,6.5
"7336",9.26346746609702,26.841323123807,8,6.5
"7337",10.6616109791267,26.8873744019212,8,6.5
"7338",9.10907586574468,24.342967323994,8,6.5
"7339",9.12112114625574,25.6330272853357,8,6.5
"7340",8.56716380498548,26.312516643776,8,6.5
"7341",8.92333545754094,26.0912631120708,8,6.5
"7342",7.94076049746063,29.6144362813528,8,6.5
"7343",9.2097463814648,25.8777527294252,8,6.5
"7344",7.27895392390214,26.9290074732451,8,6.5
"7345",6.118538115308,21.3069830327429,8,6.5
"7346",7.95330309060921,26.2242706165763,8,6.5
"7347",8.93659055110315,27.143839816029,8,6.5
"7348",6.26368953538491,22.8051790868985,8,6.5
"7349",7.98681914011259,24.6217464335412,8,6.5
"7350",7.74108082130632,23.7324073368363,8,6.5
"7351",7.86576415260681,25.6680675235227,8,6.5
"7352",7.69993716149244,26.3345888375001,8,6.5
"7353",7.28487982247061,24.6737117694812,8,6.5
"7354",8.64841339225055,25.0631756751219,8,6.5
"7355",7.25086675013093,28.4427195973011,8,6.5
"7356",7.04012042916749,21.3156929906493,8,6.5
"7357",9.49994431721538,34.3281110791545,8,6.5
"7358",6.80100311953913,24.3818939367687,8,6.5
"7359",8.51317280623333,25.1130591982091,8,6.5
"7360",6.37350390534927,23.6016472013224,8,6.5
"7361",10.4208732239694,29.6015389736216,8,6.5
"7362",10.4657598430374,30.1003909992003,8,6.5
"7363",7.42438581186511,31.5643569066198,8,6.5
"7364",7.19636975659618,26.8053195711199,8,6.5
"7365",9.67318129534714,28.6370436312837,8,6.5
"7366",6.86447846760064,21.9786423507057,8,6.5
"7367",8.61494719291327,26.0085385882857,8,6.5
"7368",7.98257675750768,26.5656698167717,8,6.5
"7369",7.92567431587637,27.3079836014223,8,6.5
"7370",7.59458065887296,29.8896370211371,8,6.5
"7371",8.01454768295327,27.4407165728791,8,6.5
"7372",8.09000443017639,28.9973541256661,8,6.5
"7373",5.31699369743282,23.7703796710671,8,6.5
"7374",6.49706329686959,27.3078743305989,8,6.5
"7375",7.09753312932331,30.0534658767699,8,6.5
"7376",5.59160824733467,23.3485719159158,8,6.5
"7377",9.26093481495882,27.5012601567351,8,6.5
"7378",9.29220176940789,27.4437771742767,8,6.5
"7379",6.72440426390591,28.2015486281112,8,6.5
"7380",6.49740139987539,26.8402827004311,8,6.5
"7381",6.49257283940332,25.4895295734277,8,6.5
"7382",8.1607217429556,26.8113704131873,8,6.5
"7383",7.14277914438562,26.0722244943046,8,6.5
"7384",7.46683493772579,30.9644601660217,8,6.5
"7385",8.86087068374998,24.5541789747766,8,6.5
"7386",9.30233158877654,26.3814473765582,8,6.5
"7387",8.09545314475293,27.5994505259592,8,6.5
"7388",7.85309892227688,27.1531698291609,8,6.5
"7389",7.14047718070348,27.6633946906821,8,6.5
"7390",9.28511906606306,22.7735919165881,8,6.5
"7391",8.58394807771526,29.6498909069712,8,6.5
"7392",8.07921273645606,25.6985415967583,8,6.5
"7393",6.68846876844239,28.6297487832259,8,6.5
"7394",7.13991795164294,28.9197534867556,8,6.5
"7395",6.72223797581235,27.6644894883333,8,6.5
"7396",7.02667750097759,21.1670143331248,8,6.5
"7397",9.16863228526342,31.1873877758898,8,6.5
"7398",7.83457426038824,26.6522550379424,8,6.5
"7399",9.44727891727415,28.0082656162106,8,6.5
"7400",6.30417995378651,26.3724895295152,8,6.5
"7401",8.50867608234108,23.7946758233194,8,6.5
"7402",8.12948693761402,28.447273135921,8,6.5
"7403",7.59864146901751,26.591856112059,8,6.5
"7404",9.23408880297545,31.2448289051532,8,6.5
"7405",7.82013854739852,28.8108730510645,8,6.5
"7406",9.03786693730037,27.3311398262219,8,6.5
"7407",7.85948254543264,26.6893478364554,8,6.5
"7408",7.50197127015936,25.6954944765936,8,6.5
"7409",6.79694471061781,22.5622590976905,8,6.5
"7410",7.29100355902728,24.3593013101388,8,6.5
"7411",7.71970785532478,27.4254901955834,8,6.5
"7412",8.8055978168338,23.7139570599955,8,6.5
"7413",9.46257312893008,28.506628466391,8,6.5
"7414",8.11852589538408,25.3358346132974,8,6.5
"7415",6.59768720203023,23.9570449649008,8,6.5
"7416",7.73675023334588,26.2275591375367,8,6.5
"7417",8.31491128262894,28.2553063743167,8,6.5
"7418",5.06470621847525,23.6840971476456,8,6.5
"7419",10.8999694758111,33.6112654572854,8,6.5
"7420",8.79665631491031,29.8574278286732,8,6.5
"7421",7.80969482466236,28.4092839428938,8,6.5
"7422",7.06254631606224,22.5590751540091,8,6.5
"7423",8.18474485689186,23.6805992159792,8,6.5
"7424",7.20675399316965,28.5222769717543,8,6.5
"7425",8.64875815302307,28.595038146461,8,6.5
"7426",9.84510161388647,27.3932054145988,8,6.5
"7427",7.27812395712593,27.2718700567572,8,6.5
"7428",8.6100597850221,28.4507517172165,8,6.5
"7429",7.8123931896707,25.6008568722576,8,6.5
"7430",7.80084626547132,23.1400725340998,8,6.5
"7431",8.64165394784814,25.2931780395055,8,6.5
"7432",7.2629974045681,28.8930785671207,8,6.5
"7433",7.51111647835157,25.8843734917122,8,6.5
"7434",8.15620600538095,24.5315352712855,8,6.5
"7435",8.68740282038959,27.7210896331356,8,6.5
"7436",9.5324247872088,28.2816875632702,8,6.5
"7437",6.94100280646322,25.0949049921608,8,6.5
"7438",7.8185188848396,27.9189043388417,8,6.5
"7439",8.49109747689219,26.1399190469845,8,6.5
"7440",6.60604470629412,23.5401280959586,8,6.5
"7441",8.34726550420774,27.4402993966248,8,6.5
"7442",7.99936643392511,26.5125230583639,8,6.5
"7443",6.62032214364438,25.042875731267,8,6.5
"7444",8.70915293278462,25.3518667610211,8,6.5
"7445",8.16631742976217,25.1441109773677,8,6.5
"7446",5.89197542579581,26.7299777482157,8,6.5
"7447",6.70320812703822,30.8171297446742,8,6.5
"7448",7.71681246520822,25.9497162257755,8,6.5
"7449",7.68815564072297,25.1457775332182,8,6.5
"7450",7.92394921819644,22.0637917275204,8,6.5
"7451",9.75854493447655,27.000173094847,8,6.5
"7452",7.96481552495204,27.1660890837831,8,6.5
"7453",8.14412619628763,22.719978978619,8,6.5
"7454",5.61942361331997,24.1048534414186,8,6.5
"7455",7.56734615296973,23.9288169780979,8,6.5
"7456",10.5106696261209,32.9543258868652,8,6.5
"7457",8.01560919935314,28.109575683288,8,6.5
"7458",8.89866389990616,25.4667347520036,8,6.5
"7459",8.80277478755827,30.1194784639186,8,6.5
"7460",8.12302525465985,25.1728336810126,8,6.5
"7461",7.41874908213314,23.8589265667588,8,6.5
"7462",7.2142579697174,27.2202833459127,8,6.5
"7463",9.34087531787643,26.5199352413444,8,6.5
"7464",7.52445556176152,28.3293097394742,8,6.5
"7465",9.73929781136261,25.9060011040941,8,6.5
"7466",8.13907479255995,26.8680974182604,8,6.5
"7467",6.09049295247524,20.9652258259655,8,6.5
"7468",8.57511675685057,28.8460777274088,8,6.5
"7469",6.60824093196923,25.3969456694142,8,6.5
"7470",7.59338727674326,28.4301851019801,8,6.5
"7471",7.49938145462668,27.8207964336893,8,6.5
"7472",8.00556862771384,26.345739007231,8,6.5
"7473",8.13809102908088,29.4797761311664,8,6.5
"7474",5.47869401570031,24.7961720615629,8,6.5
"7475",10.4590577649492,24.5394421907896,8,6.5
"7476",7.80026998199529,25.7382667286799,8,6.5
"7477",6.31916097380441,23.0404047003024,8,6.5
"7478",10.1933771443832,31.0415027707161,8,6.5
"7479",9.07788937153111,24.4951044917195,8,6.5
"7480",6.62995670317286,26.7383147650061,8,6.5
"7481",6.77434497059643,27.030199320705,8,6.5
"7482",7.41531219294052,27.9050401594118,8,6.5
"7483",9.10135201003651,23.9702081702501,8,6.5
"7484",5.78403431730617,27.0064514215932,8,6.5
"7485",8.88975299735112,27.6960880719326,8,6.5
"7486",8.75438746924912,29.5864500686644,8,6.5
"7487",6.06567712806451,25.2435144561885,8,6.5
"7488",7.26732009569455,24.7257966954027,8,6.5
"7489",8.36141281295284,30.2603347381245,8,6.5
"7490",10.1055248099985,27.8958697231459,8,6.5
"7491",8.40916004673541,24.6323685505585,8,6.5
"7492",6.40322952096746,25.0575622891556,8,6.5
"7493",6.43193905575274,23.9622160130705,8,6.5
"7494",9.97007346735831,22.309271631394,8,6.5
"7495",7.78057196106504,25.1840353794411,8,6.5
"7496",8.31860971077141,26.7418683059221,8,6.5
"7497",7.61137497335082,26.2246441248898,8,6.5
"7498",7.9772066506312,24.2511621550812,8,6.5
"7499",7.56650317716545,22.8230999669538,8,6.5
"7500",8.18063265056279,28.4235399485421,8,6.5
"7501",8.85410818415434,32.6012296177294,8,6.5
"7502",8.27361741189763,30.738689548418,8,6.5
"7503",7.50569426236679,26.7069315047754,8,6.5
"7504",9.33980476720077,29.7206811180015,8,6.5
"7505",6.85750879437367,26.432093366788,8,6.5
"7506",7.75666406659237,23.2584240899817,8,6.5
"7507",8.37156061406355,29.0575089382184,8,6.5
"7508",7.27325790454408,29.1632688776725,8,6.5
"7509",7.14439603996639,23.1527683762884,8,6.5
"7510",9.07850533770193,30.9746161987918,8,6.5
"7511",7.73258741100386,29.2937207814531,8,6.5
"7512",7.57911147024899,25.9391182951462,8,6.5
"7513",6.79581397666428,27.1874465300434,8,6.5
"7514",9.82941730134258,28.4082515154965,8,6.5
"7515",9.87173737056032,29.8861970543837,8,6.5
"7516",8.07997012988164,27.4174858209946,8,6.5
"7517",8.92169313310999,26.2429378424011,8,6.5
"7518",8.12514471910956,34.1036853894817,8,6.5
"7519",7.99151159840076,29.8376149396617,8,6.5
"7520",8.03261251748079,24.045384955306,8,6.5
"7521",7.62696542307026,29.4825208159015,8,6.5
"7522",8.101215636891,24.8444944361145,8,6.5
"7523",8.19035593777937,29.4546163448549,8,6.5
"7524",7.90847004372835,26.1855348856639,8,6.5
"7525",7.66066997093257,26.0476375750227,8,6.5
"7526",7.78548291722216,30.1476231226244,8,6.5
"7527",8.74060259023629,29.058127711094,8,6.5
"7528",8.63011158221541,29.9761734111324,8,6.5
"7529",6.84089858417749,23.445117168139,8,6.5
"7530",8.64912027097626,25.6891818109012,8,6.5
"7531",8.08959367833756,29.7723567538029,8,6.5
"7532",8.05912050952049,26.4792307470535,8,6.5
"7533",9.79940306194042,27.9229405717402,8,6.5
"7534",8.79558911911649,22.7846616702576,8,6.5
"7535",6.48077120818526,24.8093007132105,8,6.5
"7536",8.54289843292512,23.6389932736413,8,6.5
"7537",10.5347085866034,26.1390174229706,8,6.5
"7538",7.55367525500032,29.8097059435855,8,6.5
"7539",9.40554893225408,25.9392812319089,8,6.5
"7540",7.43334354529279,24.0010492567647,8,6.5
"7541",4.38859219321362,24.0808048628437,8,6.5
"7542",9.19909409200353,33.5420562822491,8,6.5
"7543",7.6191071733057,27.5549638953042,8,6.5
"7544",7.26005018293768,29.1337778676426,8,6.5
"7545",7.63427079658031,27.4569220819606,8,6.5
"7546",7.96712675928594,31.5086024508349,8,6.5
"7547",7.65105832456302,28.3302458195262,8,6.5
"7548",8.33243959205826,26.3697112437149,8,6.5
"7549",7.41807952864968,23.1488275336545,8,6.5
"7550",5.32951506297211,19.767556548027,8,6.5
"7551",8.30032233097595,27.5593390107364,8,6.5
"7552",9.14299516936749,27.3357218766617,8,6.5
"7553",7.09215988034923,31.5308275365441,8,6.5
"7554",8.84327595389048,28.9011978443293,8,6.5
"7555",8.01668997418563,22.6186074286301,8,6.5
"7556",8.02493436735979,30.4243058534217,8,6.5
"7557",6.76947204650768,31.3282704109576,8,6.5
"7558",7.75951870273892,29.4918219357208,8,6.5
"7559",7.73777759566895,24.3788691587674,8,6.5
"7560",8.81220210274417,29.7451891029865,8,6.5
"7561",10.2264988543501,28.412913940463,8,6.5
"7562",7.7558737275664,24.4825075399144,8,6.5
"7563",7.0249174594835,30.9041571294419,8,6.5
"7564",9.98496069865624,33.9698449115894,8,6.5
"7565",7.74601206794639,26.3723432384387,8,6.5
"7566",8.86397241070504,25.5917012868842,8,6.5
"7567",7.91927025796284,25.2026382768199,8,6.5
"7568",8.98414031631436,30.1676470810618,8,6.5
"7569",7.67276419257614,29.6466216389103,8,6.5
"7570",9.99390644915301,27.7333798261561,8,6.5
"7571",8.76154992308218,23.8133249986498,8,6.5
"7572",6.44744802201965,27.9788731116439,8,6.5
"7573",6.94736788671289,18.2343314087428,8,6.5
"7574",8.79888032639297,29.7711905494385,8,6.5
"7575",6.77287422517207,26.8859669630069,8,6.5
"7576",7.75394378029054,23.8766629372809,8,6.5
"7577",6.26054301501179,21.4168821876581,8,6.5
"7578",9.51743533971325,31.2804427268234,8,6.5
"7579",7.75153557706927,24.504831192884,8,6.5
"7580",7.93217988483529,27.7894567076349,8,6.5
"7581",10.1355032430202,24.2058682769868,8,6.5
"7582",7.84846384598192,19.6511877585613,8,6.5
"7583",8.63814627061231,27.8840009256738,8,6.5
"7584",7.81806249109578,27.0584619539723,8,6.5
"7585",7.24311947637371,27.4483219626206,8,6.5
"7586",7.32012869993641,27.9843046085024,8,6.5
"7587",7.76966647568142,25.3249557336263,8,6.5
"7588",8.76116284806299,24.202521903094,8,6.5
"7589",9.48609087544543,25.51975299764,8,6.5
"7590",9.94617947213641,26.1382020805462,8,6.5
"7591",8.49571997462305,22.6338801114944,8,6.5
"7592",7.97893436434297,20.0442880519112,8,6.5
"7593",7.71488740525429,23.8221060685907,8,6.5
"7594",8.03148115235401,27.2345168403009,8,6.5
"7595",7.15974747154496,24.1054979211284,8,6.5
"7596",9.75003045996251,28.4283059578612,8,6.5
"7597",10.1449005841377,28.4004066545579,8,6.5
"7598",10.2942754464184,31.8472648436046,8,6.5
"7599",5.60242187623583,25.4742108593196,8,6.5
"7600",5.63972468957382,24.6338769214044,8,6.5
"7601",8.94548595034343,30.5044620305148,8,6.5
"7602",7.9599302336661,26.7788818854289,8,6.5
"7603",6.46030500650821,26.2694913774506,8,6.5
"7604",9.93322085582158,29.8667644415026,8,6.5
"7605",8.61829607503938,22.6907672311844,8,6.5
"7606",7.33637857936573,27.1369143915617,8,6.5
"7607",8.17571029330465,27.8456084077753,8,6.5
"7608",8.24429176254413,27.013564480382,8,6.5
"7609",8.73990286721141,26.0372851121057,8,6.5
"7610",7.42304100828387,30.9356808611855,8,6.5
"7611",8.71679847827458,31.3045135578926,8,6.5
"7612",8.59921875160126,29.9104634905321,8,6.5
"7613",7.89292932385947,29.3133640137282,8,6.5
"7614",8.67287553503169,30.5074164059476,8,6.5
"7615",8.12880358064435,26.7609711859208,8,6.5
"7616",9.54111876199802,31.7269847457189,8,6.5
"7617",8.2811227400754,24.5370130567043,8,6.5
"7618",7.44883282577114,24.3397285412374,8,6.5
"7619",7.75845379140952,23.6906378723108,8,6.5
"7620",7.91260715931151,31.9319253231724,8,6.5
"7621",8.84302202984437,30.0107970187603,8,6.5
"7622",8.89331556640017,24.3632136370897,8,6.5
"7623",7.61117883901267,27.3353116440933,8,6.5
"7624",7.98330840479673,27.8254058733508,8,6.5
"7625",8.70088013262742,24.8004763192331,8,6.5
"7626",9.21251815952463,25.5114912918627,8,6.5
"7627",8.09128857021868,28.0956590687607,8,6.5
"7628",9.42830502813068,19.7613593382588,8,6.5
"7629",6.47192613393253,24.8303474451904,8,6.5
"7630",7.51524887243543,27.9010630861479,8,6.5
"7631",7.03236321109822,24.3923483813379,8,6.5
"7632",6.0581144253559,29.4355790099971,8,6.5
"7633",7.01958174277113,28.116354106379,8,6.5
"7634",7.56356816703971,27.5282951675896,8,6.5
"7635",8.77357265613172,27.101859071709,8,6.5
"7636",8.67066512183272,28.5010245524181,8,6.5
"7637",6.79906499351438,25.7539959637679,8,6.5
"7638",7.04912953687914,28.880160906328,8,6.5
"7639",9.61510510687729,27.7283625770896,8,6.5
"7640",7.89836214505377,23.0142258682298,8,6.5
"7641",9.62950742137397,25.6625660102115,8,6.5
"7642",7.40607640147821,28.4603506423613,8,6.5
"7643",7.63813450927602,29.9539882248799,8,6.5
"7644",7.60149513177,28.3863739848422,8,6.5
"7645",8.70240232246894,23.2539251455969,8,6.5
"7646",7.6116667481623,29.5435094819796,8,6.5
"7647",8.67121456595417,27.6027696228135,8,6.5
"7648",7.62052769221662,22.0360663342721,8,6.5
"7649",8.47856785475506,29.903869532957,8,6.5
"7650",7.67840251058851,25.7442563238088,8,6.5
"7651",6.44864690284472,24.7270720995541,8,6.5
"7652",5.9832209441265,25.1521130165101,8,6.5
"7653",6.26667901386966,24.7715378791463,8,6.5
"7654",7.77392692755056,31.8980137348165,8,6.5
"7655",8.65036832725243,31.4302476718572,8,6.5
"7656",8.69262118549941,23.2269380603746,8,6.5
"7657",7.94197649127098,26.6049699782584,8,6.5
"7658",8.1907119343543,26.7895211780809,8,6.5
"7659",8.46532213163642,26.4382383114778,8,6.5
"7660",10.7037488324389,30.1277235364149,8,6.5
"7661",7.29390389251958,24.3950852408212,8,6.5
"7662",7.46386339866747,22.0454706805162,8,6.5
"7663",9.80704358155988,32.6518988640796,8,6.5
"7664",8.04120664873849,30.1670655565073,8,6.5
"7665",7.90164562616034,21.1584747315602,8,6.5
"7666",7.51222965963136,26.9491062778033,8,6.5
"7667",6.56911633240313,27.4886160302725,8,6.5
"7668",10.2625386380689,31.4059215209287,8,6.5
"7669",8.07702484456767,29.1446103313526,8,6.5
"7670",7.27167197414961,27.8914933415055,8,6.5
"7671",7.23366852589699,29.2057618168235,8,6.5
"7672",7.98765624752461,27.1065913398965,8,6.5
"7673",5.34553510156494,27.1623220285776,8,6.5
"7674",7.47516102418247,30.3687121382807,8,6.5
"7675",7.42984912838175,26.9227721613372,8,6.5
"7676",10.6420085587159,28.6667620362078,8,6.5
"7677",9.81873039962255,28.9437808142412,8,6.5
"7678",7.64123934602558,19.7443403421828,8,6.5
"7679",8.15413569632167,29.1548113742612,8,6.5
"7680",8.06545319945335,28.8010242828583,8,6.5
"7681",9.76036639336639,29.1493110775112,8,6.5
"7682",8.6157002614834,25.9883707309489,8,6.5
"7683",6.24599634795067,25.2765683536475,8,6.5
"7684",9.18253213984875,25.330136269983,8,6.5
"7685",7.42525599075847,26.9110891105965,8,6.5
"7686",8.37708825227505,26.791737026956,8,6.5
"7687",8.00406680660054,24.5525949832049,8,6.5
"7688",9.05270936247103,27.2924989071701,8,6.5
"7689",8.53973222910318,27.555648912601,8,6.5
"7690",7.86881511305351,25.9138165669541,8,6.5
"7691",6.28878177819176,26.1986110069276,8,6.5
"7692",7.98322783452786,25.0993281014437,8,6.5
"7693",8.92323988944058,32.8466915361142,8,6.5
"7694",10.0024903418373,25.7399901876401,8,6.5
"7695",8.51786248342645,34.109320629467,8,6.5
"7696",7.8669833799754,30.7995958884156,8,6.5
"7697",7.5452133166855,25.7962021407158,8,6.5
"7698",6.09128789740558,25.5250404439577,8,6.5
"7699",8.95704316049257,28.5535350083516,8,6.5
"7700",6.42260798423019,29.1704506841894,8,6.5
"7701",8.58958546361068,26.2601163930756,8,6.5
"7702",7.67925540046789,25.3231196937323,8,6.5
"7703",8.98401728406648,27.5094934365381,8,6.5
"7704",9.52487922627967,29.4408938591037,8,6.5
"7705",8.08050415264915,30.1998423836506,8,6.5
"7706",9.9740817915486,25.9110102378755,8,6.5
"7707",5.2781725801289,28.6120024662732,8,6.5
"7708",9.7406418196631,27.3880550982894,8,6.5
"7709",10.0299629548043,27.1308304673966,8,6.5
"7710",8.22145853348669,28.6923405813527,8,6.5
"7711",9.10804282670714,30.6087223378529,8,6.5
"7712",8.07292652056217,25.1544791578292,8,6.5
"7713",8.63699603000537,27.8209049599968,8,6.5
"7714",6.00095615349553,23.7632592313526,8,6.5
"7715",7.429876713576,26.0053941825886,8,6.5
"7716",6.75164035840668,27.6867853213844,8,6.5
"7717",7.85217213027351,26.7383491817615,8,6.5
"7718",7.93018623300355,24.1415683683786,8,6.5
"7719",8.43423566209418,25.9590702854281,8,6.5
"7720",6.81478203743434,26.792992789097,8,6.5
"7721",7.90160313898561,28.2202612623888,8,6.5
"7722",6.45063288153863,31.0709818162437,8,6.5
"7723",10.0197955465847,25.9134487093758,8,6.5
"7724",7.60636610092464,24.7161883010448,8,6.5
"7725",10.5021436865719,28.1892269309835,8,6.5
"7726",8.03350860103077,23.9809831324721,8,6.5
"7727",7.85904274406696,24.5300975315979,8,6.5
"7728",6.83080400490138,26.6198536588564,8,6.5
"7729",5.54563810907622,24.5624573703648,8,6.5
"7730",8.11149899271812,21.9406689147524,8,6.5
"7731",5.50108672120047,26.0948410124855,8,6.5
"7732",7.4628588087104,29.8201506391823,8,6.5
"7733",8.35804857269136,29.1323533481513,8,6.5
"7734",6.20917450305824,27.4865185206967,8,6.5
"7735",7.65826729878855,26.8038936980021,8,6.5
"7736",7.84812030856596,28.755714128811,8,6.5
"7737",8.09610675591884,27.8236732106299,8,6.5
"7738",9.55883780373378,27.4018874674892,8,6.5
"7739",7.86118047172313,24.437507760198,8,6.5
"7740",8.75575273586827,25.7258189925667,8,6.5
"7741",7.43198937351771,27.4749591278814,8,6.5
"7742",7.96305165535608,30.3573458819196,8,6.5
"7743",7.48666030679505,27.170796656336,8,6.5
"7744",7.2489133215663,29.4345087581461,8,6.5
"7745",7.92963806525677,24.6480563252201,8,6.5
"7746",6.27401131094687,26.2708294104203,8,6.5
"7747",6.9800729043977,29.6368226514622,8,6.5
"7748",5.30728013017812,28.1012832759602,8,6.5
"7749",7.75474036842875,27.9504109776416,8,6.5
"7750",8.6851544143163,22.3820182835118,8,6.5
"7751",8.69274342021382,28.5259636794531,8,6.5
"7752",7.77379277555157,27.4674237156465,8,6.5
"7753",5.7736655776125,25.2448786756548,8,6.5
"7754",5.25491088164283,27.885508552296,8,6.5
"7755",7.29733408692168,24.1505471024769,8,6.5
"7756",6.40650881316047,23.304671589145,8,6.5
"7757",7.80891521803574,29.6953581766947,8,6.5
"7758",7.74640851259807,26.0356380730678,8,6.5
"7759",8.31190256686425,31.3880132610181,8,6.5
"7760",7.92160326346234,23.5171086684241,8,6.5
"7761",9.95527292996005,28.183420504562,8,6.5
"7762",7.39837819528179,25.5344701133217,8,6.5
"7763",7.59406251742555,28.9900743253505,8,6.5
"7764",9.06947367326852,28.4845340397036,8,6.5
"7765",11.1474257144063,28.5326731961981,8,6.5
"7766",5.69192547799832,29.2418143416412,8,6.5
"7767",6.48221980154797,30.7259520621521,8,6.5
"7768",7.27020801619409,23.3670069636195,8,6.5
"7769",8.79934140099455,29.2109982498038,8,6.5
"7770",8.71484400500689,24.8844205052432,8,6.5
"7771",9.5121265272484,28.9901720524323,8,6.5
"7772",7.46277294776202,24.4414241070774,8,6.5
"7773",8.82716881512378,28.221048035045,8,6.5
"7774",9.29101514539768,29.0462299520483,8,6.5
"7775",9.5088722057321,31.8897079505527,8,6.5
"7776",7.60711632046759,29.8158855749436,8,6.5
"7777",7.95769885261632,24.5662489521498,8,6.5
"7778",8.3441595693366,23.6685215201942,8,6.5
"7779",7.3172832230647,26.2268629949493,8,6.5
"7780",7.72955963760683,26.6187331400353,8,6.5
"7781",7.65031189352554,23.4943513542921,8,6.5
"7782",8.85436293109105,25.5799001198594,8,6.5
"7783",8.10675636841342,25.5461863321528,8,6.5
"7784",9.96674623604545,32.1466177817289,8,6.5
"7785",6.24799159163271,23.87988952916,8,6.5
"7786",7.11356986941478,22.8984098613039,8,6.5
"7787",9.32607638680406,30.09795864737,8,6.5
"7788",9.22618602092618,21.4575433795978,8,6.5
"7789",9.95496921840272,35.309753564987,8,6.5
"7790",8.96797074891651,29.4074601982899,8,6.5
"7791",8.90382683749981,27.7903592191943,8,6.5
"7792",8.89680070375988,33.296632125026,8,6.5
"7793",7.27171488491769,26.2348261020392,8,6.5
"7794",5.90191246136988,24.4735934088981,8,6.5
"7795",6.67656926517524,22.4375059644059,8,6.5
"7796",8.55035072905392,29.0435428742032,8,6.5
"7797",8.0981752518531,25.7614875504242,8,6.5
"7798",9.07286633602624,28.1494923519572,8,6.5
"7799",6.78632576759872,24.839356249485,8,6.5
"7800",7.64066767169448,32.2575851856336,8,6.5
"7801",9.40996965119074,28.3922903517057,8,6.5
"7802",7.86349799296903,29.0981094590989,8,6.5
"7803",6.16292247781669,20.289645384547,8,6.5
"7804",7.29070003153438,30.6110828624952,8,6.5
"7805",7.64889746204302,20.750736033302,8,6.5
"7806",6.31579372786562,22.9926142592992,8,6.5
"7807",6.66349641395116,25.2546680535098,8,6.5
"7808",8.44746533203921,30.325254052738,8,6.5
"7809",10.2139417236517,25.528451351275,8,6.5
"7810",8.84615059223264,30.2670795572288,8,6.5
"7811",6.8009301020616,21.2665020111533,8,6.5
"7812",6.70889713799584,22.5708605584502,8,6.5
"7813",7.92615265536477,25.8542214910021,8,6.5
"7814",7.38691835078495,23.7234943117732,8,6.5
"7815",9.06847812685814,23.2024293831877,8,6.5
"7816",6.81199965851174,23.082058141161,8,6.5
"7817",10.1892105033578,29.1637789362052,8,6.5
"7818",8.57626305964132,30.933689991035,8,6.5
"7819",8.60002156889698,28.2145073244405,8,6.5
"7820",7.82744223776099,26.9555681472649,8,6.5
"7821",5.75297445719965,23.5577105952976,8,6.5
"7822",7.9144795171326,24.9296488609784,8,6.5
"7823",6.73993684671169,25.4163329871554,8,6.5
"7824",7.8294020812325,24.3223212272234,8,6.5
"7825",8.51070204876931,25.588452741247,8,6.5
"7826",8.14426323586563,23.9448629480692,8,6.5
"7827",7.00757862290171,27.1922439393967,8,6.5
"7828",8.4607342318268,26.5478621609687,8,6.5
"7829",8.60153132705721,23.2330627563071,8,6.5
"7830",8.15746756824552,27.4367582107403,8,6.5
"7831",7.70365783789241,26.7707021268325,8,6.5
"7832",7.26623574554017,19.749176419638,8,6.5
"7833",7.5755336792482,23.5754082937365,8,6.5
"7834",9.72712479607745,27.1322811466235,8,6.5
"7835",6.92763553659276,26.885838215487,8,6.5
"7836",8.81197335637653,23.6109711852131,8,6.5
"7837",7.18329584883115,22.5523020977451,8,6.5
"7838",10.3732674097121,25.8419051135009,8,6.5
"7839",7.15048475244289,27.9209075150067,8,6.5
"7840",6.77649109118884,23.9547497539691,8,6.5
"7841",9.51144731092663,30.4814256113897,8,6.5
"7842",8.54002236199929,23.1043481776629,8,6.5
"7843",7.3037821955918,28.1111287231924,8,6.5
"7844",6.45992791203415,26.7546890291099,8,6.5
"7845",8.0506380125108,27.443723621987,8,6.5
"7846",7.72658059926979,23.8397781012351,8,6.5
"7847",8.25255623434875,28.4365435080851,8,6.5
"7848",9.20564169455124,27.4395750588493,8,6.5
"7849",7.51413895380562,24.7141428026039,8,6.5
"7850",9.23876086396724,23.6072016060737,8,6.5
"7851",6.88879682383172,30.2695807517516,8,6.5
"7852",8.74800540656417,24.6672404717079,8,6.5
"7853",6.71721884988426,26.0868483218089,8,6.5
"7854",9.72243907764974,26.3707711512046,8,6.5
"7855",8.7610792985106,28.1724278421948,8,6.5
"7856",8.41184281240239,24.2260552488019,8,6.5
"7857",8.11652297673269,23.2364833220259,8,6.5
"7858",4.65739401700535,21.2406488927782,8,6.5
"7859",9.33678829683792,27.4731399265197,8,6.5
"7860",8.51601283741181,27.0705153340048,8,6.5
"7861",9.6947299870498,28.5913355007686,8,6.5
"7862",8.0513262868217,23.7920820422602,8,6.5
"7863",8.82163658926405,27.9099448735417,8,6.5
"7864",9.63526179821276,24.4870720420762,8,6.5
"7865",9.47199852479894,31.4684250246071,8,6.5
"7866",8.47603656415841,27.7553046247294,8,6.5
"7867",9.69716327867667,28.5551333498484,8,6.5
"7868",7.38032007143307,23.3079869045703,8,6.5
"7869",7.12724783767572,20.1397796912277,8,6.5
"7870",8.11600848686387,27.5279832968534,8,6.5
"7871",9.82979458189313,24.3837047030648,8,6.5
"7872",8.87709595170282,27.5008262674319,8,6.5
"7873",7.7090421967622,20.1856682342796,8,6.5
"7874",9.97975386677452,31.0045865778741,8,6.5
"7875",8.43041886043298,26.2639838890116,8,6.5
"7876",8.36564885510052,30.382955202877,8,6.5
"7877",7.00176116299529,27.1738900848622,8,6.5
"7878",7.96571578356287,23.3292371185023,8,6.5
"7879",8.48133713922486,28.68732043291,8,6.5
"7880",8.40822923302164,26.4000390161231,8,6.5
"7881",8.82536796904746,29.9982768383793,8,6.5
"7882",8.45373220825658,28.3506645510504,8,6.5
"7883",7.5149320013291,29.5191360470754,8,6.5
"7884",6.84449187713324,26.2964297317218,8,6.5
"7885",7.63957845242885,27.4773457986057,8,6.5
"7886",9.77534721554561,27.0966466193861,8,6.5
"7887",8.73099380457927,28.2090179011279,8,6.5
"7888",9.2007185069877,28.9762821523308,8,6.5
"7889",8.53689972245465,22.452528192828,8,6.5
"7890",6.99971122085532,24.2823538155688,8,6.5
"7891",9.06348411278748,25.0764396931766,8,6.5
"7892",7.18425524437293,26.2991175326024,8,6.5
"7893",9.89835351029737,30.286805764998,8,6.5
"7894",7.68174626475786,30.0459032978796,8,6.5
"7895",7.77363016659124,22.8499250646943,8,6.5
"7896",8.53868478548549,26.366722928797,8,6.5
"7897",8.0062017950693,21.914164795251,8,6.5
"7898",6.67923228587975,23.9924199002155,8,6.5
"7899",7.59509632965407,21.9831617874066,8,6.5
"7900",8.55551815143889,30.2175874577783,8,6.5
"7901",6.75645794583437,24.4522735841922,8,6.5
"7902",8.41317418382573,25.294620908116,8,6.5
"7903",8.63931656410495,28.2898419808634,8,6.5
"7904",6.80227869917711,23.1858888252011,8,6.5
"7905",8.2337216656253,29.0299290693119,8,6.5
"7906",8.19529714467828,28.1700941944358,8,6.5
"7907",7.72452241447422,28.3443491380886,8,6.5
"7908",10.1005299692486,29.5645359588673,8,6.5
"7909",10.6441773003655,32.7296255014079,8,6.5
"7910",9.26314666437219,31.1482853206757,8,6.5
"7911",9.2845584062467,32.395487239018,8,6.5
"7912",9.80459331511432,31.6336674854534,8,6.5
"7913",5.5189428914016,26.3549789737535,8,6.5
"7914",6.49121636748935,26.1309687899803,8,6.5
"7915",7.93976187561661,24.2009951051896,8,6.5
"7916",8.30803808498863,25.5500026717038,8,6.5
"7917",5.95218345033403,27.7529728789047,8,6.5
"7918",7.23981373541835,25.8213593667795,8,6.5
"7919",9.41501709567567,25.9584791183668,8,6.5
"7920",6.63454778506078,20.8863063821936,8,6.5
"7921",8.62936870959259,22.3376669296537,8,6.5
"7922",7.15738998203765,26.0552300093393,8,6.5
"7923",7.29506934864174,27.6864887127923,8,6.5
"7924",7.19890014575955,27.8715530757674,8,6.5
"7925",7.89753178678313,27.8681469378543,8,6.5
"7926",8.26042616883574,27.6228437614338,8,6.5
"7927",10.5897983926163,31.9801252743209,8,6.5
"7928",8.9308297537449,26.675648330566,8,6.5
"7929",6.87310584614039,27.379228419368,8,6.5
"7930",8.23052036219448,28.8029320031854,8,6.5
"7931",5.05838117141471,24.2348675494713,8,6.5
"7932",6.85478847799353,25.9046158016362,8,6.5
"7933",8.58331942038833,25.4731838977812,8,6.5
"7934",8.44371104686017,28.1585449281433,8,6.5
"7935",8.13219215977671,23.6102891510513,8,6.5
"7936",6.49466975236931,22.6503757307039,8,6.5
"7937",9.32185002148704,27.8457730075388,8,6.5
"7938",8.42000243959716,24.7598517683506,8,6.5
"7939",7.28276331405413,29.0061876544997,8,6.5
"7940",7.90973743780387,30.5723466244557,8,6.5
"7941",7.95751195062671,28.0059206750307,8,6.5
"7942",6.68271051072949,28.6427793453286,8,6.5
"7943",6.9542680221199,28.8876059636784,8,6.5
"7944",8.34613714959286,28.2579003636652,8,6.5
"7945",8.19328396248717,29.4684983920042,8,6.5
"7946",6.53596901990608,23.4544265873931,8,6.5
"7947",6.14977694008974,25.4580755161769,8,6.5
"7948",10.2499627185465,25.2978336699505,8,6.5
"7949",7.73896788723692,21.0605413533937,8,6.5
"7950",6.63794019249461,24.474055404251,8,6.5
"7951",8.67034436535247,27.9885239788936,8,6.5
"7952",8.20486815312613,30.1963042825603,8,6.5
"7953",7.29738618556243,28.2045329156036,8,6.5
"7954",7.93445072003341,29.7416546189078,8,6.5
"7955",6.58221722466741,27.9530271753584,8,6.5
"7956",8.1136085239005,26.9939532258824,8,6.5
"7957",7.93382926047793,23.0126381009948,8,6.5
"7958",8.51243095822567,27.0537811293369,8,6.5
"7959",7.2852169322878,25.9051165672701,8,6.5
"7960",8.38849586117824,28.6906865309958,8,6.5
"7961",7.73829052533889,21.7627163763976,8,6.5
"7962",10.0445325289447,30.9509631516681,8,6.5
"7963",8.10549666490879,24.8336091846426,8,6.5
"7964",6.7702445929376,28.7154079496319,8,6.5
"7965",8.51135885741308,27.8116668291743,8,6.5
"7966",11.4978168809674,32.8408091718404,8,6.5
"7967",8.39995181193306,21.5952858293641,8,6.5
"7968",9.43800837317688,26.8671881054966,8,6.5
"7969",9.70524574734252,29.1565411095884,8,6.5
"7970",9.26004794482341,29.0935252188153,8,6.5
"7971",8.20915188118441,25.3756667046223,8,6.5
"7972",9.68039259718699,27.2472786920394,8,6.5
"7973",9.42278000494874,30.3936676497588,8,6.5
"7974",8.38873834416326,23.4052967766172,8,6.5
"7975",8.68076154376147,26.2433604886715,8,6.5
"7976",7.48474867412644,25.3472843705684,8,6.5
"7977",6.16169987836489,26.7236049552545,8,6.5
"7978",6.16186836691677,24.853406887581,8,6.5
"7979",8.87818848209467,27.6897654846911,8,6.5
"7980",7.54639151363551,26.7472551916188,8,6.5
"7981",9.74748220244734,25.8206717040928,8,6.5
"7982",7.78658993519985,28.0728277990481,8,6.5
"7983",7.93160489962724,23.1568925402499,8,6.5
"7984",5.91761303009891,23.6326784623574,8,6.5
"7985",8.11233910190726,28.2410299135937,8,6.5
"7986",9.95339743246346,26.5238365877223,8,6.5
"7987",8.60199304123318,23.1168590031321,8,6.5
"7988",6.23034405935006,22.8207560088477,8,6.5
"7989",6.74029793588526,23.6833450487648,8,6.5
"7990",9.44115194003287,26.4675670715011,8,6.5
"7991",8.12880955333546,28.8463533345436,8,6.5
"7992",7.28886374688983,26.1280850036249,8,6.5
"7993",9.02645215715234,26.9093110053573,8,6.5
"7994",8.17115505459977,24.6556596110452,8,6.5
"7995",9.92139734717053,31.0285767900804,8,6.5
"7996",6.72286689707578,20.8266608790522,8,6.5
"7997",7.42631892372415,31.9043762949632,8,6.5
"7998",9.92026529676245,28.6935898367835,8,6.5
"7999",7.46429962891101,21.8227933816524,8,6.5
"8000",10.4085093918283,31.0772415593873,8,6.5
