"X1","X2","component","subcomponent"
"7001",5.70920196647713,4.17721477339496,1,1
"7002",3.28366553326036,6.54712921675088,1,1
"7003",4.59890184423216,4.12075058596025,1,1
"7004",1.3843702099803,3.98128738087927,1,1
"7005",6.85450940534661,2.65152096842414,1,1
"7006",7.95854079849753,2.35678220243694,1,1
"7007",7.3462873809832,5.62375843074971,1,1
"7008",5.43743772492455,2.78185830850134,1,1
"7009",8.48288849177595,4.46680573432605,1,1
"7010",7.10216784747171,2.30552459833991,1,1
"7011",6.53284251205456,4.11042125951292,1,1
"7012",6.46731063966852,4.95831502121078,1,1
"7013",5.57793667230748,3.09933422456244,1,1
"7014",6.27188215486043,4.14532448338819,1,1
"7015",6.53784746586673,6.53966839952191,1,1
"7016",6.16195715974365,3.88648094980783,1,1
"7017",4.1515788146172,6.9903227848508,1,1
"7018",6.67388072972049,5.88319471175542,1,1
"7019",5.90082055916531,0.714899682626053,1,1
"7020",5.65739994993662,3.22700559387988,1,1
"7021",6.11836332291128,3.33686735464763,1,1
"7022",5.40604523518225,3.91787834687098,1,1
"7023",6.81074505880769,2.4701358369974,1,1
"7024",4.0045547250205,6.5822099276136,1,1
"7025",5.76525254724996,4.37187677359905,1,1
"7026",9.07796010973059,4.94977555516033,1,1
"7027",6.25313036061641,2.30281671421648,1,1
"7028",3.41031116922298,3.27984382187581,1,1
"7029",4.69126150104794,5.03686670121167,1,1
"7030",7.22169751176798,5.91010877369463,1,1
"7031",5.21286326526028,7.01428882293533,1,1
"7032",0.0247163009901827,5.28902891556705,1,1
"7033",4.77829489617815,-0.0316123738474214,1,1
"7034",6.031544253921,5.63592120473602,1,1
"7035",8.25179657390944,4.75377833970363,1,1
"7036",7.26721096978216,2.85344018362549,1,1
"7037",7.39555929308248,4.07558096861093,1,1
"7038",8.34278494897113,5.05274950521266,1,1
"7039",5.17989260994101,3.57414989913817,1,1
"7040",-0.34149218072359,4.17566824324296,1,1
"7041",3.72659286811415,3.08440944764765,1,1
"7042",5.73211440634845,5.79513405222196,1,1
"7043",5.48167928213486,5.89255398367286,1,1
"7044",6.31750276503293,4.02295188305339,1,1
"7045",4.12886485911004,3.11931743745613,1,1
"7046",7.52222668350337,5.98782292190977,1,1
"7047",8.00378978770934,1.66627487571675,1,1
"7048",6.21025613529188,4.90370595226285,1,1
"7049",2.81681657360042,3.40916609571505,1,1
"7050",8.78500166975719,3.3509804788185,1,1
"7051",4.87539799120908,5.28497049446085,1,1
"7052",5.48949568610293,5.24101331101582,1,1
"7053",9.95742307745407,1.59736321652126,1,1
"7054",5.78013353041902,2.30837995235396,1,1
"7055",5.49081248590715,4.1786163119361,1,1
"7056",9.57402477085792,5.84881186789134,1,1
"7057",6.26466412296718,2.12614038344738,1,1
"7058",4.8197180240176,4.51850292113362,1,1
"7059",4.7786471439007,6.11516164792918,1,1
"7060",4.37368652056995,6.75581345631956,1,1
"7061",10.8466582037316,6.07524133798958,1,1
"7062",5.10420387991265,2.79256723771947,1,1
"7063",11.7716516214791,5.93395920737298,1,1
"7064",7.5046365098067,2.30776410605021,1,1
"7065",6.39928200205799,3.36162288403774,1,1
"7066",6.01204024479012,5.39245364156193,1,1
"7067",8.33333926763054,6.08649003921796,1,1
"7068",5.87481552145934,4.07319876834244,1,1
"7069",8.29749369735652,6.52827707669871,1,1
"7070",7.81354439673197,3.02281690329036,1,1
"7071",9.49881176187668,6.12884352120586,1,1
"7072",3.36608294628567,3.82301079564895,1,1
"7073",4.56971492766744,-0.567830299525582,1,1
"7074",6.88133014686188,2.91075781765738,1,1
"7075",3.68793664881681,1.36702891746615,1,1
"7076",5.62487289012457,3.19646478830037,1,1
"7077",5.6018867376863,3.68826641569288,1,1
"7078",6.95561512008117,2.76552664964214,1,1
"7079",7.0445561161839,4.48938232367689,1,1
"7080",5.41817723072355,4.4692196615952,1,1
"7081",7.38200779752808,5.42630200730494,1,1
"7082",8.2932535311646,1.56941107605985,1,1
"7083",5.41983562800601,3.36634472279516,1,1
"7084",3.20252436932752,5.6701284235,1,1
"7085",3.66463392465626,2.8436565630304,1,1
"7086",6.58568002049565,4.63664237928754,1,1
"7087",8.55484243325622,1.98720720656083,1,1
"7088",4.35952088436463,4.76879137870884,1,1
"7089",2.02078213174204,5.27523500390643,1,1
"7090",8.79799788339517,5.32487726356054,1,1
"7091",5.30905815674522,3.51239446428398,1,1
"7092",6.96812226238704,5.59859692540791,1,1
"7093",3.68414660687109,4.51121365490775,1,1
"7094",5.17344674910262,6.52979705046286,1,1
"7095",5.33402804771202,4.69275109443492,1,1
"7096",2.97283838041276,3.48172635590675,1,1
"7097",7.12597916896063,5.0571498670145,1,1
"7098",5.62755729348139,4.59555476906789,1,1
"7099",4.64636784570763,3.69058304227724,1,1
"7100",5.73789528537482,1.60629042689522,1,1
"7101",2.91827749604108,3.64431933005519,1,1
"7102",9.39666279358857,6.95748225831026,1,1
"7103",8.90884958445879,3.27853957834444,1,1
"7104",8.05945619388881,2.93265384003888,1,1
"7105",3.44210979810255,4.64733932120003,1,1
"7106",11.3470691122515,1.78620619758268,1,1
"7107",8.73987606551501,4.02770113253609,1,1
"7108",7.95494050232567,4.97471666680462,1,1
"7109",5.08856847573592,4.81554587937503,1,1
"7110",6.12109114579391,5.34354423040148,1,1
"7111",3.90915939091635,0.120185054217932,1,1
"7112",6.90218289975787,6.85068896808146,1,1
"7113",6.58665921186332,4.77421157994026,1,1
"7114",5.15684778682426,6.14966661363213,1,1
"7115",2.77165846004841,5.6137056577853,1,1
"7116",8.51162931818251,6.98562248197344,1,1
"7117",9.75732708892335,3.28178673405118,1,1
"7118",9.73825212732145,6.21069242542005,1,1
"7119",7.5753781379845,-1.07263099198852,1,1
"7120",4.98720902711595,3.96833129534217,1,1
"7121",6.91842435297707,3.38823149282145,1,1
"7122",9.24337259329608,6.23536886356502,1,1
"7123",4.09019347922847,5.37545939421942,1,1
"7124",1.908885081507,0.895216703148185,1,1
"7125",6.74337449242544,2.65718041354649,1,1
"7126",6.25644030087782,2.01376604640151,1,1
"7127",8.25830564405788,4.80386372288147,1,1
"7128",0.561016603291618,3.76859429902941,1,1
"7129",3.76439778504557,4.73710481720559,1,1
"7130",6.21127744833774,3.8350194762524,1,1
"7131",9.08768717137487,3.34508240266984,1,1
"7132",7.86970566443632,3.68059900457885,1,1
"7133",2.59923071905259,2.02787706688714,1,1
"7134",4.19266166493248,6.49545445871164,1,1
"7135",6.47265140574625,3.15138197802188,1,1
"7136",4.29897332410222,3.81596815526937,1,1
"7137",5.40275850332112,3.42459207956375,1,1
"7138",8.84314875938672,1.79858276992953,1,1
"7139",8.93372023599082,5.3818477376803,1,1
"7140",4.36336401119187,7.36357795829391,1,1
"7141",7.94150789341218,3.53385438455082,1,1
"7142",2.9408764981335,7.53700126113347,1,1
"7143",5.53233611514305,4.79075211026829,1,1
"7144",6.69952484350924,3.51954901572644,1,1
"7145",7.53143673721804,3.67311582151754,1,1
"7146",4.57244990469471,4.82399473707891,1,1
"7147",5.9295332697662,4.32162246748296,1,1
"7148",4.08942220607111,5.38054902020576,1,1
"7149",2.56179741629932,4.41411820874017,1,1
"7150",6.07795547174881,4.42122372419758,1,1
"7151",4.89555598203075,4.81425521515357,1,1
"7152",5.80602627533129,1.90380601616957,1,1
"7153",5.85130102681845,1.82934354990602,1,1
"7154",3.56285908686962,5.24496470689074,1,1
"7155",9.6423605401764,5.32543352814178,1,1
"7156",8.83628101163652,4.05164679461568,1,1
"7157",8.25834988799075,5.2458881088548,1,1
"7158",7.61007423906815,2.67726541857083,1,1
"7159",4.28499557800153,2.85096565843662,1,1
"7160",4.71416529534283,2.81313853429473,1,1
"7161",4.04975091626758,2.39973789165846,1,1
"7162",4.07909728766139,2.75532775214488,1,1
"7163",5.67150262936001,4.7202362908899,1,1
"7164",8.87346159129855,5.01611173314329,1,1
"7165",5.33052243572116,3.26001652607336,1,1
"7166",7.27870890334602,5.52061732173279,1,1
"7167",4.91210429423532,3.21515348150963,1,1
"7168",2.38972576476674,1.44934932352184,1,1
"7169",6.22004637677128,5.4580413162233,1,1
"7170",7.67258240879432,3.56227429148629,1,1
"7171",7.00678261085642,3.4229663864506,1,1
"7172",7.42937142608686,5.24658518040293,1,1
"7173",4.54111880051058,3.0239872543695,1,1
"7174",0.326766580969021,3.75590877218222,1,1
"7175",5.8730731175746,6.60534061503722,1,1
"7176",9.16439485604264,3.61908390964355,1,1
"7177",6.0950121872928,4.89014215976048,1,1
"7178",8.42668981702547,3.41136401755805,1,1
"7179",1.99309038518207,2.25288925885807,1,1
"7180",6.58858535874164,6.38955271058857,1,1
"7181",5.87476277590706,4.96032950958468,1,1
"7182",6.04261444674973,4.4877552053726,1,1
"7183",6.45136043228748,4.46088592244976,1,1
"7184",8.03098736144134,3.35404900411218,1,1
"7185",7.33210234957778,5.24233922623438,1,1
"7186",8.36600458470102,2.53206014705346,1,1
"7187",9.04980492793806,5.91640813573107,1,1
"7188",6.34675307359199,3.42037298540702,1,1
"7189",4.85902784923333,0.0644362401982614,1,1
"7190",5.95366279534512,2.13459352676094,1,1
"7191",9.55991274258749,2.69331467042478,1,1
"7192",8.13368439841137,1.78599769295602,1,1
"7193",4.38515377264159,2.46945512891393,1,1
"7194",7.12500840899571,3.46166189869551,1,1
"7195",4.7148606300185,2.98169626236921,1,1
"7196",6.58180419395526,2.90601961207657,1,1
"7197",10.3673164405494,2.76741461163243,1,1
"7198",7.7814067853307,6.2338684072537,1,1
"7199",1.99389131891196,2.21313409015946,1,1
"7200",4.28617373004215,2.30301497465747,1,1
"7201",5.01584086882167,5.28018305658455,1,1
"7202",5.91109498988124,2.85558524247699,1,1
"7203",9.42447538196628,6.22480390442596,1,1
"7204",8.30960402083752,5.57344469750428,1,1
"7205",8.27496179150619,4.5128872598741,1,1
"7206",4.49424385537968,1.60876204873729,1,1
"7207",6.51752147728613,2.14658732078759,1,1
"7208",5.65036240455247,2.94348517006485,1,1
"7209",7.13292353294568,4.22315848442938,1,1
"7210",3.60242575158509,3.64163467990655,1,1
"7211",4.75781815142901,3.53775126193636,1,1
"7212",2.44705998764487,6.57566867221575,1,1
"7213",5.03263881664282,0.88796314045387,1,1
"7214",6.35934237983552,1.60107622666965,1,1
"7215",3.67205659551705,1.25881485892758,1,1
"7216",4.95750251505658,6.3480956754945,1,1
"7217",5.98393688457778,4.7006999977389,1,1
"7218",5.7566214365723,4.05483145726313,1,1
"7219",6.85758262098305,0.561461787918324,1,1
"7220",8.22460385439007,7.02493217936252,1,1
"7221",3.19888307449115,4.10611094790983,1,1
"7222",3.78126993549276,2.52801254117702,1,1
"7223",6.94272097722523,5.3708272570083,1,1
"7224",5.69909753551156,5.3046641950585,1,1
"7225",6.36523636823382,3.8065678768926,1,1
"7226",6.55557087833225,3.1876907703713,1,1
"7227",7.11956388224541,3.145029413011,1,1
"7228",9.62201004531083,0.616529728938705,1,1
"7229",8.52391288767684,5.7386591674664,1,1
"7230",7.12788672366377,3.9255887317927,1,1
"7231",6.99180955580575,4.03650684049631,1,1
"7232",5.08667680522278,6.90841766958171,1,1
"7233",5.72814772563813,1.43604082311597,1,1
"7234",11.5286005160425,5.31843464307574,1,1
"7235",6.05574873253544,3.31317536975269,1,1
"7236",3.60561800472618,2.11374090119742,1,1
"7237",7.64168447214399,4.83569883203531,1,1
"7238",6.01815468654293,3.64898253475993,1,1
"7239",5.21888782967681,4.88715127844833,1,1
"7240",3.74598969112042,3.54679536108268,1,1
"7241",8.16381231173875,2.65154903460961,1,1
"7242",5.62390805572935,1.54409163814507,1,1
"7243",7.06814289611549,5.95032942529162,1,1
"7244",8.90770688255511,2.22089030156515,1,1
"7245",3.14697238504918,2.76143399908867,1,1
"7246",4.35977328721408,1.26985949052369,1,1
"7247",7.32994532224651,2.01666955743909,1,1
"7248",6.86786012577255,1.66940873779448,1,1
"7249",6.17099823603731,3.43230521043863,1,1
"7250",6.01000733152826,5.12241612547121,1,1
"7251",9.99825875541367,3.07445684852933,1,1
"7252",7.99136558317806,3.16745736607255,1,1
"7253",7.7351408043111,4.90510984607759,1,1
"7254",4.97135691510366,4.31134347331307,1,1
"7255",5.85757408719047,1.78786764766882,1,1
"7256",5.15519983502489,6.53074104783003,1,1
"7257",8.86622071104432,3.89000132998364,1,1
"7258",0.361039712305515,2.06979179371135,1,1
"7259",6.28357440017443,2.75766928098313,1,1
"7260",9.97699569749909,8.49390990207662,1,1
"7261",5.96154950810822,2.00505080785118,1,1
"7262",6.32379038039459,6.44505350970843,1,1
"7263",8.72176810491726,5.11254553317109,1,1
"7264",6.63382752392904,3.94477405519616,1,1
"7265",8.2616598425157,2.10949919123925,1,1
"7266",4.63810424257501,0.0921983385596739,1,1
"7267",3.73738508772661,4.18917174299528,1,1
"7268",4.60316721162664,1.88199817873499,1,1
"7269",3.86555042064402,5.51388107079396,1,1
"7270",7.40107199574958,7.17243859840565,1,1
"7271",1.19648943431025,6.06665280687682,1,1
"7272",7.05222129537403,3.73897230758654,1,1
"7273",6.41499109474026,4.01765106341392,1,1
"7274",7.22778842790161,2.6000656583994,1,1
"7275",3.44626895654041,5.71800751287616,1,1
"7276",10.296120216648,5.25655321090442,1,1
"7277",8.23580360427927,4.10092514966235,1,1
"7278",9.53705554769296,5.01364594020497,1,1
"7279",6.95698912614746,5.51378485466567,1,1
"7280",5.92565343010252,3.54744155143199,1,1
"7281",7.9277051397269,4.60737122166699,1,1
"7282",10.587847142269,5.43708267522349,1,1
"7283",6.41808199182621,3.52054029772783,1,1
"7284",4.44556916728637,1.8635330411442,1,1
"7285",5.48058062842303,3.29235624834933,1,1
"7286",7.60669049276559,2.89474985058607,1,1
"7287",7.20721446876812,3.6456674909578,1,1
"7288",6.79362548385731,0.834190735721933,1,1
"7289",2.13693433799882,3.56981988846569,1,1
"7290",8.01486433440692,4.01025278924755,1,1
"7291",0.947914308294679,2.14250329700549,1,1
"7292",9.29811716065068,3.8107735255887,1,1
"7293",6.49496060808933,4.03212497041597,1,1
"7294",4.96854570512631,2.38086110569225,1,1
"7295",8.68353573414656,3.80616385066935,1,1
"7296",11.8839465780147,3.12377497237376,1,1
"7297",6.39396829277657,3.24313101034458,1,1
"7298",3.88343151096433,4.98544262638636,1,1
"7299",3.13587610457301,4.53165901153435,1,1
"7300",3.6857458755385,6.03934978253979,1,1
"7301",8.78016409853447,4.74006633328475,1,1
"7302",3.2941909528011,-0.0496876858849022,1,1
"7303",5.98402764608123,4.15043887565095,1,1
"7304",7.39544373912429,3.56677684101352,1,1
"7305",5.88839263437111,4.22380397592076,1,1
"7306",3.69114535565813,3.03916816983198,1,1
"7307",5.65066958846737,1.97448412424498,1,1
"7308",4.42178269637958,4.08054863262926,1,1
"7309",3.21078712409957,7.21837568411511,1,1
"7310",6.28484267139096,7.4259013225889,1,1
"7311",4.60048302851209,3.55680790245239,1,1
"7312",4.37857353456555,7.28272983916462,1,1
"7313",3.53672571960114,4.12497414028535,1,1
"7314",3.71205183894534,4.55879540574741,1,1
"7315",4.79425346569041,4.03708630139449,1,1
"7316",5.86928009701109,0.28377768977595,1,1
"7317",9.91371195984497,4.21616445711873,1,1
"7318",4.54687551688509,2.70231748279807,1,1
"7319",8.39218722456287,5.2312522426424,1,1
"7320",3.16893093059784,4.6976356330772,1,1
"7321",10.6269020669715,6.64963158233113,1,1
"7322",3.72545584236111,5.16332570615591,1,1
"7323",4.71923989090786,4.25155769943918,1,1
"7324",4.15961035085525,3.79068336912507,1,1
"7325",7.18360771807408,5.79006043672006,1,1
"7326",3.85190040001016,3.90239081718886,1,1
"7327",4.39413449699824,4.03284154977964,1,1
"7328",6.64772242201541,4.03153471585443,1,1
"7329",6.52667996681349,5.60880656885377,1,1
"7330",4.16444656515129,5.94997438605261,1,1
"7331",1.77235032804807,5.96313195780379,1,1
"7332",4.82540585431466,5.92753596325043,1,1
"7333",5.19019940719119,3.16223371873763,1,1
"7334",6.50251567729713,11.0866005205872,1,1
"7335",6.39542760168065,4.83460759743499,1,1
"7336",6.03984125094442,7.71917160074477,1,1
"7337",8.25107483272646,3.89194011066686,1,1
"7338",5.64710151819917,6.11392824393202,1,1
"7339",9.04012438956421,5.82251966128627,1,1
"7340",4.38304441539239,4.00739461553495,1,1
"7341",7.69790688338758,4.02652578877068,1,1
"7342",7.72937067484109,0.89199586702689,1,1
"7343",3.45348035657306,1.26207532312561,1,1
"7344",4.52517073942242,2.44862821770208,1,1
"7345",11.4000834805803,3.32117865683654,1,1
"7346",3.38561801810778,4.83522269667676,1,1
"7347",3.13543587724937,1.62201424940039,1,1
"7348",4.0963319807133,5.57316052024777,1,1
"7349",5.96307994021078,4.60135431566157,1,1
"7350",6.35642132515491,3.87362493827298,1,1
"7351",5.24231990460443,4.33471740204403,1,1
"7352",7.31861897486229,2.11589395663446,1,1
"7353",2.51478740497799,6.00931410867081,1,1
"7354",15.0618490351028,5.3329347975412,1,1
"7355",6.27925883709862,6.55187205641005,1,1
"7356",7.11617808285074,5.72626641169959,1,1
"7357",6.52740234306802,1.5699134004667,1,1
"7358",5.78920200145571,3.29300843001017,1,1
"7359",6.65138312165103,2.58748066293025,1,1
"7360",6.19919467636931,5.20491512517209,1,1
"7361",5.47054796289334,5.40121198304062,1,1
"7362",3.74581906808249,5.61516724595223,1,1
"7363",4.31099470519394,5.76467859456438,1,1
"7364",6.12689377658195,4.04078682458158,1,1
"7365",10.3890003943147,6.48353894335808,1,1
"7366",7.34415620834772,3.07970192404597,1,1
"7367",8.70621958981904,4.89750608617958,1,1
"7368",6.14718967379375,3.69303485347325,1,1
"7369",7.82970043097489,2.60477457930213,1,1
"7370",6.81107812009885,3.08983598071369,1,1
"7371",2.6535408255013,1.43191473595943,1,1
"7372",5.11773776950188,1.28711295256007,1,1
"7373",2.86004629352271,0.830835568977944,1,1
"7374",8.15010550325893,6.66990173933596,1,1
"7375",3.84422559327822,0.554635736879308,1,1
"7376",4.74440847824833,2.5720109135253,1,1
"7377",4.17398809404454,0.463671399834282,1,1
"7378",4.37176899098413,4.04398280439685,1,1
"7379",8.03803644418702,6.46395998601176,1,1
"7380",5.15082832316228,0.808751226370639,1,1
"7381",5.76677092518591,4.70257634012927,1,1
"7382",4.92193584806206,2.09960257362461,1,1
"7383",8.00671736596532,6.81371929270921,1,1
"7384",0.651221270592514,3.90916503413499,1,1
"7385",7.38643576467528,4.63613340455698,1,1
"7386",3.73631126036413,2.74639771287427,1,1
"7387",9.94026817463297,4.18672017045311,1,1
"7388",7.35483773941076,3.02652102324563,1,1
"7389",5.52049477653228,3.90423629093326,1,1
"7390",5.26248636408301,1.54961861581038,1,1
"7391",7.34900815389074,2.87500024486209,1,1
"7392",6.28287787566157,2.78164644960739,1,1
"7393",1.52630129401713,10.339438929387,1,1
"7394",7.52343495461251,5.23762109950553,1,1
"7395",5.29197219845058,4.60186062260309,1,1
"7396",5.37952225753349,3.83619408977229,1,1
"7397",3.95424098603865,2.54433029730516,1,1
"7398",6.11266998801533,5.59820648205954,1,1
"7399",8.95547810796575,1.43045679096155,1,1
"7400",5.21042218473084,5.47185985160444,1,1
"7401",6.00985863223195,6.08869553138478,1,1
"7402",9.98278113072307,6.66375304310036,1,1
"7403",8.61736044044822,7.08822266843797,1,1
"7404",4.32545766269094,1.83518938393914,1,1
"7405",1.70200528901492,6.05877304348789,1,1
"7406",6.7038708280319,5.01213355314215,1,1
"7407",5.29317287942184,2.81921370764588,1,1
"7408",1.74172603490416,3.04945031278825,1,1
"7409",7.16568724181638,7.39251965451519,1,1
"7410",6.94228368880716,4.33959211949976,1,1
"7411",5.83971583730319,3.5804788626194,1,1
"7412",5.23275927099845,2.7064762246031,1,1
"7413",4.92449372898709,1.25797566899981,1,1
"7414",4.3549912071765,8.29601443785657,1,1
"7415",8.04227268395373,4.9940698979219,1,1
"7416",5.55467885026984,6.71364248121736,1,1
"7417",4.32649215642784,5.00162503451221,1,1
"7418",5.08971542395433,2.22178487544533,1,1
"7419",4.90875399211455,1.91319992467168,1,1
"7420",6.79587257457592,2.18652229692003,1,1
"7421",7.13402522137082,3.54150849667073,1,1
"7422",6.6938221516301,6.76923236847299,1,1
"7423",4.85936912649846,4.51467712117564,1,1
"7424",5.44522816952469,3.90054894059169,1,1
"7425",6.16216723230009,1.30277427940086,1,1
"7426",2.84893016210484,6.69773108461748,1,1
"7427",1.54365010501153,6.36457267869196,1,1
"7428",3.71662235067024,4.52585104102767,1,1
"7429",7.59784994581625,2.98753498426643,1,1
"7430",3.78930521510009,5.66615747379011,1,1
"7431",0.352244574084076,5.19117543647002,1,1
"7432",3.86710894301855,2.85291713328956,1,1
"7433",5.93185894701519,2.79542709086765,1,1
"7434",5.60150704579827,3.97880793778001,1,1
"7435",6.47123852579395,6.5024099127453,1,1
"7436",5.28489798147073,3.68642090180214,1,1
"7437",5.76575393934445,2.77212315885297,1,1
"7438",6.33666858519263,5.69057419657721,1,1
"7439",4.35198930347344,4.6127990212725,1,1
"7440",4.23647869335733,0.841307656026174,1,1
"7441",4.56121362351512,7.12730278894304,1,1
"7442",7.87971002306587,3.70814045479803,1,1
"7443",5.66827197134564,2.11444832147588,1,1
"7444",1.34222866272395,1.89948152778496,1,1
"7445",7.44734375776446,4.96252670601124,1,1
"7446",5.83998586586574,4.1370948102233,1,1
"7447",5.45118850085697,3.62656026925341,1,1
"7448",7.31719253413199,1.28959912683471,1,1
"7449",8.74361403375481,2.33304406393983,1,1
"7450",6.44211208421206,4.7701844596134,1,1
"7451",2.61780546470439,2.74372325452231,1,1
"7452",9.59970532255234,5.30521314956118,1,1
"7453",5.18382959356938,6.01748441970133,1,1
"7454",3.24198957397431,4.20883058498408,1,1
"7455",5.432340406168,5.06016970480473,1,1
"7456",3.23218467861878,5.9372149982519,1,1
"7457",6.63424501765546,5.42037115858476,1,1
"7458",6.08311581336775,3.92747491417304,1,1
"7459",3.2517658977955,4.07556914631765,1,1
"7460",7.52131230835466,3.0628348026769,1,1
"7461",8.21307070918565,5.8963877639048,1,1
"7462",8.78233380025639,1.64295167056095,1,1
"7463",6.34151152926877,3.70816763128946,1,1
"7464",5.35105322661236,5.50464513477055,1,1
"7465",5.11559257593254,7.7541731662826,1,1
"7466",7.74837340877985,3.6751617664139,1,1
"7467",7.18004468543578,1.49785565581369,1,1
"7468",5.35754032515236,3.88272329605609,1,1
"7469",8.97807475585495,6.41214842645888,1,1
"7470",4.46898693422682,3.26070611936236,1,1
"7471",7.66086808776754,2.77830604859237,1,1
"7472",1.82853638400839,5.14269944049678,1,1
"7473",3.81384261816045,1.3517991656854,1,1
"7474",7.15507781424896,3.46928095381689,1,1
"7475",4.98527024593824,2.39204196692136,1,1
"7476",7.48614777922607,3.13895051783825,1,1
"7477",3.63551274986714,4.51266204630717,1,1
"7478",7.37155630681822,5.44730272118932,1,1
"7479",8.96706324460382,4.95957702345914,1,1
"7480",3.12880764448742,4.23622536455193,1,1
"7481",5.40018266899451,5.37929817434832,1,1
"7482",8.76856482832964,3.21534111956837,1,1
"7483",7.94573675753807,5.11632025383582,1,1
"7484",5.56304729867418,5.12515005894662,1,1
"7485",4.44430813779064,6.56566823330843,1,1
"7486",7.66054946713824,6.18944825299473,1,1
"7487",3.96534178722212,3.72440755275496,1,1
"7488",4.57224996946818,1.9390376831432,1,1
"7489",8.66292939246001,1.75818143620118,1,1
"7490",6.21932177185804,2.0399625957204,1,1
"7491",9.2818259101979,4.74321657086899,1,1
"7492",6.8085273910008,3.83086265495377,1,1
"7493",4.86903664633039,3.27376568306322,1,1
"7494",3.02310540684539,4.49122771994891,1,1
"7495",5.30932145938906,4.331217109109,1,1
"7496",6.17230206369566,1.95149698791135,1,1
"7497",6.27930823479075,5.83655371296479,1,1
"7498",4.63840254138976,3.43128362370622,1,1
"7499",5.75072850701914,4.3922283369592,1,1
"7500",3.05238494411834,4.29864666869114,1,1
"7501",6.46577277076839,5.34423628606143,1,1
"7502",5.55960494414815,2.4148415827157,1,1
"7503",6.48198779691512,0.533747935144851,1,1
"7504",8.70929221798788,0.363068372031071,1,1
"7505",7.08206198041698,3.93154410693536,1,1
"7506",7.85407847547573,2.92961417495159,1,1
"7507",6.77922279217365,2.31216396979235,1,1
"7508",6.46388798046575,3.31251163373526,1,1
"7509",4.81802007838225,1.56006262262123,1,1
"7510",9.98171060844985,5.12224159932069,1,1
"7511",2.61691957938776,3.47714787615958,1,1
"7512",3.9319197754218,4.37695656662441,1,1
"7513",3.8454280222094,2.08183868518492,1,1
"7514",8.67112924440151,3.88069193026677,1,1
"7515",5.29347623284795,4.11416472578894,1,1
"7516",6.16178253802086,4.11369686808274,1,1
"7517",3.08398129453506,4.75334889847664,1,1
"7518",4.70349618744499,3.04880432698718,1,1
"7519",3.09027933416912,2.8107505085444,1,1
"7520",8.12052166989059,3.56120810125761,1,1
"7521",3.74885289919299,2.98537646845783,1,1
"7522",1.77049238946601,3.14627584128624,1,1
"7523",2.61411928751341,4.49876064277752,1,1
"7524",6.74320005697567,5.33555522997683,1,1
"7525",7.50864059267497,4.66801158738245,1,1
"7526",4.1441376696179,3.24883890067563,1,1
"7527",6.07925023568452,4.97509910278624,1,1
"7528",10.1832643922723,6.26151993286905,1,1
"7529",3.95383831746442,4.0213916219866,1,1
"7530",7.69257359716272,4.43825769319364,1,1
"7531",5.53665113531813,7.68173670961751,1,1
"7532",6.80479407703088,1.78534013403762,1,1
"7533",7.94023330017094,2.84117660473238,1,1
"7534",6.13038512233181,7.29565504851811,1,1
"7535",6.48218711067791,3.65333305181037,1,1
"7536",1.69363079416155,2.45857428761849,1,1
"7537",6.18875888173141,3.28521375644068,1,1
"7538",2.66719510663654,1.15527254955451,1,1
"7539",8.33387893141428,2.05523493344571,1,1
"7540",2.53337842168769,4.38811644740927,1,1
"7541",7.36966897094158,1.93959491852099,1,1
"7542",10.4995378983452,2.5350657831005,1,1
"7543",7.14116868470372,2.9269954666487,1,1
"7544",2.91556860383584,5.58277522875397,1,1
"7545",6.97759772773953,1.96272921380405,1,1
"7546",6.19061262810588,3.2961683248379,1,1
"7547",5.79895520914363,5.08003376801678,1,1
"7548",7.02728449058138,7.26403770429138,1,1
"7549",8.19009449716215,5.20223836907694,1,1
"7550",5.79627364349048,2.8276092595848,1,1
"7551",8.88571869932372,6.29359907096895,1,1
"7552",2.88839189690468,4.25665501829607,1,1
"7553",8.270364142656,0.97381317492437,1,1
"7554",4.66420548873699,5.92839100151253,1,1
"7555",2.37142799040013,3.3705491383618,1,1
"7556",8.16706302836956,3.12879621879173,1,1
"7557",4.82607092186802,3.64315728187253,1,1
"7558",9.02255001234984,5.21916576911999,1,1
"7559",8.27490897869284,4.32599223172922,1,1
"7560",5.76101175395985,4.31227919283254,1,1
"7561",5.17734324973411,4.26204085186292,1,1
"7562",5.17318655271748,2.19655065431954,1,1
"7563",8.19785682812276,4.07143500809305,1,1
"7564",0.19653052806002,5.30351690004784,1,1
"7565",6.99474296940221,3.88147082769797,1,1
"7566",3.93947045424228,3.48025343511525,1,1
"7567",2.66842265452264,3.78082305602567,1,1
"7568",4.24792149039538,4.86774128845356,1,1
"7569",9.86533245800882,3.69927771483697,1,1
"7570",9.78612428668757,2.93315517961297,1,1
"7571",6.68768465091998,5.52290897537655,1,1
"7572",7.27643639322808,1.73267870820135,1,1
"7573",9.50608047900848,3.70102383858076,1,1
"7574",8.42068415685676,2.29748905827036,1,1
"7575",6.01944474799499,6.08177229238063,1,1
"7576",5.34093520100482,4.7143807115471,1,1
"7577",10.709514767911,6.36331737953783,1,1
"7578",4.860804345634,4.60698571359153,1,1
"7579",5.23806002519278,4.52308839146541,1,1
"7580",6.01058039364736,4.74517728800944,1,1
"7581",3.63423697548555,4.36198150076835,1,1
"7582",7.1481069598814,5.3583870378619,1,1
"7583",3.2954976967565,5.68022333093477,1,1
"7584",7.4587010661684,5.48543617243782,1,1
"7585",6.09737690946101,2.35878761760043,1,1
"7586",6.72602919410322,4.13795597960937,1,1
"7587",3.76483729834228,5.26742769274283,1,1
"7588",7.64342623768622,3.29977439542808,1,1
"7589",5.23349299354219,3.70512821892335,1,1
"7590",4.17229562659677,6.58543049078017,1,1
"7591",5.74017610182835,4.7673051056659,1,1
"7592",7.82028168252672,5.2633534294466,1,1
"7593",2.9240021579483,2.99988190371705,1,1
"7594",5.2741491151499,7.50430138091335,1,1
"7595",7.34636811444351,3.44160571791229,1,1
"7596",0.99191972407225,5.49593602605417,1,1
"7597",5.56177246325417,3.60633028770364,1,1
"7598",9.92868844496068,1.99399311488198,1,1
"7599",7.3877404542098,7.30703328340694,1,1
"7600",8.20875381861143,4.0633890574766,1,1
"7601",7.52532317248052,3.46021901231173,1,1
"7602",7.6009259663673,5.4346993407478,1,1
"7603",3.49997816043916,5.73498679437914,1,1
"7604",3.46201582516768,6.45647853061508,1,1
"7605",9.59444260521144,4.10535139408525,1,1
"7606",6.50559341860655,2.93858356700981,1,1
"7607",4.98290315818885,5.9709610568744,1,1
"7608",7.87330489807131,3.14698878084107,1,1
"7609",4.84690290883726,3.23149377920526,1,1
"7610",4.65705011959098,2.95315180401848,1,1
"7611",6.34944210866279,5.83359913837717,1,1
"7612",8.53852922034301,4.64683141129463,1,1
"7613",7.8156696006189,3.18844807313795,1,1
"7614",3.6142147982333,5.78464581706899,1,1
"7615",6.37051296527681,2.19262325829089,1,1
"7616",7.48568442929698,3.34097529286667,1,1
"7617",8.78228377097523,4.05357059336322,1,1
"7618",9.23766549553022,3.9113655443133,1,1
"7619",2.93374306024351,4.54768431725933,1,1
"7620",2.14573365833376,2.046687748324,1,1
"7621",7.14928934909618,4.96240773766413,1,1
"7622",5.88327725722393,0.639575187405502,1,1
"7623",5.20564601058733,4.79375297542683,1,1
"7624",5.99932629446451,3.78471786335584,1,1
"7625",5.99888540990438,5.47210883964693,1,1
"7626",7.48579907361457,6.18360658490024,1,1
"7627",3.20661381160521,4.85356288337665,1,1
"7628",4.40767223041578,2.12959110612916,1,1
"7629",7.44070315674899,6.15142024805022,1,1
"7630",9.71451859109612,4.54992303041664,1,1
"7631",10.3545784963893,2.02773474335466,1,1
"7632",3.60652477110381,1.80171841496567,1,1
"7633",6.15922995612916,5.82811368412693,1,1
"7634",6.37609547169515,1.46527466974652,1,1
"7635",4.34279456455762,4.40737588586289,1,1
"7636",4.65614052438042,3.47704852023552,1,1
"7637",4.78941101054391,2.79298357443319,1,1
"7638",5.1082771344877,2.87170692550487,1,1
"7639",6.41070337806278,3.57698020739816,1,1
"7640",4.64887666681194,5.05935845448211,1,1
"7641",2.48210444102042,4.52845990554276,1,1
"7642",7.63069164675467,4.64932525097158,1,1
"7643",6.10369097029719,4.49514926039089,1,1
"7644",5.51414851067015,4.63561349826196,1,1
"7645",4.59404348075316,2.76126171385522,1,1
"7646",7.99239421545766,2.77287795788093,1,1
"7647",8.4074298338981,2.68625836505878,1,1
"7648",4.34886649939735,3.96689981067412,1,1
"7649",6.83491719144191,4.12742753972559,1,1
"7650",3.9385406320281,2.6491078134722,1,1
"7651",6.04819745380209,6.36396796173105,1,1
"7652",0.554805301205824,5.18583275769361,1,1
"7653",8.48113289836073,4.19578067110274,1,1
"7654",2.80761743006214,4.23562293532994,1,1
"7655",8.17842623339848,5.0447689184696,1,1
"7656",5.67541506465072,2.64986136529949,1,1
"7657",2.69303129229784,7.1619390672701,1,1
"7658",5.11923172927546,5.72156832729372,1,1
"7659",5.40822410425894,2.62533807391352,1,1
"7660",6.11981799696351,7.61904669983494,1,1
"7661",5.30618038734101,2.25657904273184,1,1
"7662",6.89021936180939,1.34143580210118,1,1
"7663",3.52699952655183,1.43192777643609,1,1
"7664",7.82681249492473,3.87484609860327,1,1
"7665",2.78565306947908,5.96354060969259,1,1
"7666",1.70665320354862,5.04171796537532,1,1
"7667",8.19628904035232,5.24169363651546,1,1
"7668",3.30953386528387,1.31909289104536,1,1
"7669",5.33467436668249,4.32149742862632,1,1
"7670",-0.102631026507945,2.5379006942546,1,1
"7671",5.60827660650251,1.55542709580983,1,1
"7672",4.16531996657697,4.4084681546646,1,1
"7673",6.95827407563835,-0.602427694903558,1,1
"7674",6.29005779999221,1.8135464036657,1,1
"7675",5.35206217698828,4.33058624697889,1,1
"7676",8.06182510549829,2.97735368306133,1,1
"7677",2.80696343307757,7.57571630678832,1,1
"7678",5.71606717003081,0.371045190818504,1,1
"7679",6.57278500623043,4.44528489304721,1,1
"7680",9.34103089609982,5.30635412066767,1,1
"7681",2.36273110198457,5.28450385888993,1,1
"7682",10.2851016988738,5.5573479402945,1,1
"7683",2.65863121315163,6.38829899717815,1,1
"7684",3.72774762991666,3.52173203768348,1,1
"7685",3.00944078874643,5.75303785503819,1,1
"7686",7.47981672480413,6.48915641298805,1,1
"7687",7.01285011534246,3.30487900214719,1,1
"7688",6.86081544488036,3.86801635869512,1,1
"7689",11.688450515722,5.17038034467605,1,1
"7690",3.33793270624009,2.96308510992231,1,1
"7691",7.66207819565003,5.46547028590535,1,1
"7692",7.70472057445928,4.57897991143808,1,1
"7693",4.12677308912236,5.31029813903277,1,1
"7694",7.46342433856241,5.14062493250951,1,1
"7695",6.45081704067615,4.70189432120193,1,1
"7696",6.45275898905726,4.39342251765718,1,1
"7697",9.10721038590658,5.92597642237406,1,1
"7698",8.05306099077254,4.81048130894314,1,1
"7699",5.66801026023049,4.53503011165017,1,1
"7700",7.92189451534296,6.08942644110296,1,1
"7701",5.03647881910738,4.69413929914526,1,1
"7702",4.86829948812304,4.7956551164839,1,1
"7703",6.63970404860849,3.33327802205166,1,1
"7704",7.9845214159381,3.39769895469269,1,1
"7705",9.08899469393685,5.13715259300583,1,1
"7706",9.3801241993939,3.03471718449768,1,1
"7707",4.68565323169248,3.84812261672479,1,1
"7708",6.70246328036121,4.12707482441745,1,1
"7709",7.57328332104564,3.81224008623338,1,1
"7710",3.2613111236926,5.92693809952507,1,1
"7711",8.74050481411226,6.00156552554648,1,1
"7712",7.74846592045839,2.76683834983865,1,1
"7713",5.07046434679429,5.64464351490237,1,1
"7714",5.47092453496846,0.781552550336329,1,1
"7715",5.94697802342499,5.46961655573887,1,1
"7716",5.44506935765206,4.50653933882025,1,1
"7717",4.23013033550591,-0.28002772901677,1,1
"7718",5.37363322265283,5.54777541753637,1,1
"7719",6.93933879719545,6.41102601330115,1,1
"7720",6.7388808294185,3.68172208822289,1,1
"7721",10.8849080226223,3.17015240731227,1,1
"7722",4.48055517521415,3.34731084317783,1,1
"7723",6.72254804585274,4.40603917293133,1,1
"7724",5.81407795597157,5.47769395415478,1,1
"7725",6.18652607627252,5.19196917815086,1,1
"7726",3.2563773212106,3.29911939384571,1,1
"7727",4.25251846061237,5.81245470984168,1,1
"7728",7.20898675556024,2.40583980419997,1,1
"7729",7.27101982222785,5.31381411808838,1,1
"7730",11.4354479518764,4.09135285967806,1,1
"7731",8.8750572513771,0.992621624369455,1,1
"7732",6.08505440467391,3.93987189767955,1,1
"7733",4.47831730955658,0.512591458097604,1,1
"7734",6.28601775965245,4.60801456722947,1,1
"7735",12.174791991557,2.84766290298017,1,1
"7736",9.28022245090368,-1.86181701245963,1,1
"7737",7.93496916775632,4.82604749547552,1,1
"7738",6.51477588939312,6.07015355912272,1,1
"7739",5.99782869187307,4.43600572450379,1,1
"7740",4.50734221593936,5.18488359222703,1,1
"7741",5.46016620213969,2.81263001871325,1,1
"7742",2.22968396254669,2.86931009169532,1,1
"7743",4.1842104998929,4.95452243438451,1,1
"7744",4.4123734090364,3.50983193705588,1,1
"7745",5.4869056478117,6.87890368012988,1,1
"7746",4.70999061579273,4.47468947705809,1,1
"7747",6.65791750331956,4.23407717711675,1,1
"7748",6.01009009670908,1.71709151997456,1,1
"7749",8.61650454508431,5.61665119645606,1,1
"7750",8.56035392440618,2.87043426670679,1,1
"7751",1.21450856112089,5.0261263937889,1,1
"7752",3.74285430773934,4.95421226561187,1,1
"7753",2.0518381998452,3.7746899043611,1,1
"7754",3.22152795586816,5.64214459060315,1,1
"7755",5.2635624276872,1.8520991514384,1,1
"7756",7.68974591195224,6.90741146893214,1,1
"7757",4.80507428156969,4.98356008202475,1,1
"7758",7.51521665256156,5.04959145789735,1,1
"7759",5.01591627792426,3.13199520571238,1,1
"7760",4.76201190209747,4.10487694111415,1,1
"7761",6.31485611054609,3.40738862795684,1,1
"7762",9.04818315494454,5.20128963838185,1,1
"7763",7.46833977970163,3.41451853262777,1,1
"7764",7.74691394070014,6.81821303017341,1,1
"7765",9.23116923961832,2.50234637160342,1,1
"7766",1.7898909152791,3.8181698632843,1,1
"7767",4.8205800112909,2.53437392431872,1,1
"7768",5.52267639046336,2.22015480128781,1,1
"7769",4.62352799386002,5.19478347618134,1,1
"7770",7.53334689602443,8.37903914982427,1,1
"7771",5.20295355805944,3.67680328027543,1,1
"7772",8.24388535725066,4.36697773519644,1,1
"7773",10.0649076721855,3.99478046360052,1,1
"7774",4.81474923209999,4.40220876378185,1,1
"7775",7.97494112754923,2.94017135222932,1,1
"7776",4.34747614135117,3.65858962282469,1,1
"7777",2.12071904966814,2.40923003355588,1,1
"7778",7.04323398523962,5.3617253986304,1,1
"7779",6.99323368979031,5.11847896180621,1,1
"7780",4.54147174393784,7.69095142978295,1,1
"7781",4.36586113203645,1.92690883007473,1,1
"7782",8.79110544171099,9.7700514423672,1,1
"7783",8.62193476509776,1.58655302650333,1,1
"7784",5.01247301975917,1.67964332764569,1,1
"7785",3.9272651803537,1.50907703993154,1,1
"7786",5.96466249996474,6.26631889963657,1,1
"7787",5.94275184884312,3.87703356714301,1,1
"7788",3.48766139418302,3.1452246972614,1,1
"7789",6.64260690865521,2.7949503242841,1,1
"7790",8.33599580895515,5.69525549064282,1,1
"7791",4.64234122000361,7.53101879452234,1,1
"7792",2.77775895583766,3.09743027727878,1,1
"7793",6.11353303396077,7.31839301744796,1,1
"7794",6.36543242203302,2.22447810509081,1,1
"7795",9.45772969232794,7.48673820726648,1,1
"7796",5.45501729849908,6.29984318349136,1,1
"7797",6.7593116212567,4.71500426438865,1,1
"7798",8.40996569423441,5.00268887911178,1,1
"7799",5.97260915989977,4.0494039299787,1,1
"7800",4.34389529377128,3.85581553890063,1,1
"7801",6.88746072007297,5.61006400050957,1,1
"7802",6.27321012595066,2.99322073863877,1,1
"7803",7.51183045125368,2.81145360625298,1,1
"7804",5.85925535626808,3.50843691820888,1,1
"7805",6.26600401237092,1.27493724443546,1,1
"7806",5.50868300733732,2.21267473029927,1,1
"7807",7.12226382220645,6.88888572701588,1,1
"7808",1.04262334196398,5.24652428283789,1,1
"7809",8.19101061638667,5.00065943800206,1,1
"7810",7.72012154918239,3.48645064948731,1,1
"7811",5.83027368498246,2.87559277897459,1,1
"7812",5.55901899369933,4.83385112369991,1,1
"7813",9.75433519971787,5.94389339782098,1,1
"7814",9.1092080414393,6.33703670498709,1,1
"7815",5.1889652919269,3.37378250353062,1,1
"7816",7.39230548543236,1.81586133232424,1,1
"7817",5.07330314207315,3.07552639246722,1,1
"7818",3.82183367351479,0.487795396595686,1,1
"7819",8.00554903106898,3.0929246680708,1,1
"7820",4.97876169655805,3.62321650298182,1,1
"7821",2.7932478705735,5.88409811468847,1,1
"7822",0.776861773157577,3.60815405086836,1,1
"7823",4.11295206725005,1.08077372404447,1,1
"7824",7.08845603131137,4.63530911071109,1,1
"7825",5.70153030914583,2.78253231614419,1,1
"7826",2.69104039489787,1.73760100948442,1,1
"7827",6.75717527769067,2.65673504305653,1,1
"7828",4.6865827777382,4.3821028395681,1,1
"7829",4.89142683991897,0.223479033653562,1,1
"7830",7.61917661829447,5.66470773975136,1,1
"7831",5.63931621325645,4.14389260609527,1,1
"7832",7.08145939480589,7.01628733808852,1,1
"7833",4.33348686587164,2.59747037884393,1,1
"7834",7.12053295903293,3.24539225911337,1,1
"7835",9.9205771102047,2.24805788977005,1,1
"7836",5.17618746178326,5.36990472750957,1,1
"7837",5.39564719362928,5.44913179144249,1,1
"7838",0.159074821533505,1.32794441853184,1,1
"7839",6.38636119267123,4.78235198285132,1,1
"7840",0.391904929402871,5.01138018453703,1,1
"7841",3.67072333737004,5.67373737067814,1,1
"7842",1.472303608299,1.792712622057,1,1
"7843",4.38390278156787,5.62804210935891,1,1
"7844",9.89888480749587,1.93360475476901,1,1
"7845",5.35395573892111,4.5481041568069,1,1
"7846",2.40657422390452,3.25983107757863,1,1
"7847",6.34487628753753,7.90793542324658,1,1
"7848",3.71377329321687,1.15167025305165,1,1
"7849",3.14048100134681,5.66225891728987,1,1
"7850",4.66461275365253,1.825280081612,1,1
"7851",2.16805127992139,4.62346209029088,1,1
"7852",4.95491181079155,1.56318289395404,1,1
"7853",2.12844998522728,2.92804830205937,1,1
"7854",5.30656262459974,4.980009128276,1,1
"7855",8.02888276654939,4.44933917054679,1,1
"7856",4.81717857475522,4.39814038875303,1,1
"7857",4.04841931472542,4.82043386599824,1,1
"7858",2.75965412991829,3.89217083402445,1,1
"7859",4.44616273332597,1.72642526682177,1,1
"7860",10.613934388569,2.76688661521292,1,1
"7861",4.04390932433561,3.50263697425812,1,1
"7862",5.03402134002801,4.00450255581212,1,1
"7863",4.13130011393072,4.5495175585369,1,1
"7864",4.26013071786556,4.38180400171917,1,1
"7865",6.96143955260737,1.80549878543773,1,1
"7866",5.43515881567824,6.12390946245897,1,1
"7867",6.23930336704342,0.162653797090587,1,1
"7868",6.1170382945709,1.9308218574582,1,1
"7869",4.66187217730531,2.71294320475231,1,1
"7870",8.5301927784433,1.88728223130859,1,1
"7871",5.73816091997246,1.90724407459417,1,1
"7872",7.3296888738791,3.38073218516021,1,1
"7873",5.43799588240004,7.79393665017175,1,1
"7874",6.12472535657283,3.39398724668582,1,1
"7875",2.82512681126333,1.36885718989269,1,1
"7876",4.57023542578595,4.3530707617058,1,1
"7877",5.85627998098458,1.97605643365431,1,1
"7878",7.27518330010175,4.35536095079089,1,1
"7879",6.18017827621809,4.15011087555496,1,1
"7880",9.3693838656508,1.34756097000318,1,1
"7881",7.22582036570567,5.53981233259168,1,1
"7882",6.53358932315835,2.65048379840179,1,1
"7883",3.65264656824865,5.22435629200906,1,1
"7884",7.87779572863271,3.2140234694603,1,1
"7885",5.99433977507082,1.73402948731462,1,1
"7886",10.2629104938725,4.30025135561965,1,1
"7887",3.16023427494377,5.00654135272971,1,1
"7888",4.39180007926539,1.47113620234869,1,1
"7889",5.15101819559336,6.35554361700967,1,1
"7890",4.9827850040583,3.59657175104118,1,1
"7891",9.19710881665549,4.54041451412551,1,1
"7892",6.03531849470618,3.78168610738591,1,1
"7893",5.90811781567767,4.08892053749465,1,1
"7894",8.40552503593447,6.31856512166257,1,1
"7895",3.63082344490398,6.20686093874837,1,1
"7896",4.71046352157293,1.5321890669207,1,1
"7897",3.4057942050773,5.38236872925166,1,1
"7898",8.48289132436481,1.95303189241413,1,1
"7899",14.4624905867902,5.7035289209466,1,1
"7900",6.09674107599384,2.78707961164425,1,1
"7901",6.72347045878401,1.12535277202214,1,1
"7902",7.46824767243636,2.46017136238864,1,1
"7903",6.95356436989026,6.45921069386973,1,1
"7904",4.65116361426956,3.87406020875625,1,1
"7905",9.94976548475925,3.82713573721506,1,1
"7906",6.7504238033992,3.85252952953867,1,1
"7907",5.48150858365631,6.32785999687038,1,1
"7908",9.5225352550516,4.48519190289961,1,1
"7909",5.78500407822007,4.05513611576945,1,1
"7910",2.54488166622547,5.31658310486205,1,1
"7911",5.34608250304617,3.26817370359607,1,1
"7912",7.79731333826073,3.57695503104513,1,1
"7913",6.43808679770926,4.09584144516346,1,1
"7914",9.62632362555879,3.60810224787412,1,1
"7915",9.07882893245711,4.07163074212993,1,1
"7916",7.10080343157592,4.5940085428227,1,1
"7917",5.97629429689152,6.84873692031814,1,1
"7918",6.52357015789965,4.09752895302782,1,1
"7919",8.02561271117659,1.31293365642686,1,1
"7920",6.80460595843418,3.44662120715993,1,1
"7921",4.79410205237561,1.18360468374776,1,1
"7922",10.9913283229011,1.71294317133629,1,1
"7923",6.34870531641483,2.74856421415388,1,1
"7924",0.721133926525829,2.02809265785324,1,1
"7925",6.68046171839524,1.87307561250946,1,1
"7926",8.75938329130593,3.78089109014467,1,1
"7927",4.5992943095016,5.49038174614929,1,1
"7928",8.1698277820147,3.05035625094985,1,1
"7929",4.6888000408528,2.27800975507792,1,1
"7930",3.4242571817139,-0.0103464744137023,1,1
"7931",5.95034105669709,6.87042768203452,1,1
"7932",7.78953063065972,7.296698126776,1,1
"7933",6.62199099890371,3.0880435625558,1,1
"7934",8.6987020827229,3.50846310423025,1,1
"7935",2.42187540366299,3.48275648992374,1,1
"7936",2.27443853566671,1.73102621972277,1,1
"7937",4.34251451544606,6.11347464376183,1,1
"7938",5.426902159889,3.48859816394359,1,1
"7939",8.64829257273871,3.51306146909464,1,1
"7940",8.17580876426355,2.11172042426227,1,1
"7941",5.97107677614377,5.94519187189845,1,1
"7942",4.79155201371871,5.55943603885075,1,1
"7943",8.45044742344238,6.76269122951048,1,1
"7944",3.62171147647839,2.62379251528414,1,1
"7945",7.30925777445708,5.1459940181511,1,1
"7946",7.07802827484297,2.45646154298956,1,1
"7947",4.32378240416607,0.97170893565958,1,1
"7948",9.69834049175819,2.09860916181058,1,1
"7949",6.70456722719448,3.12809039242606,1,1
"7950",4.87622480785372,4.80174370954737,1,1
"7951",3.32982002876589,5.48972465078662,1,1
"7952",8.56902725037453,1.74764661083777,1,1
"7953",6.863230818486,5.53582138366055,1,1
"7954",5.02329002299962,4.68742027563011,1,1
"7955",7.31641692066759,4.65810919567626,1,1
"7956",5.45295327374816,4.21669652975327,1,1
"7957",1.77545195021968,1.05691910472806,1,1
"7958",6.35362374051408,2.77346387220392,1,1
"7959",6.22918287947437,3.98352505210175,1,1
"7960",7.31356905814254,5.49759277035977,1,1
"7961",4.48880999564459,4.62558600674436,1,1
"7962",7.6298249877961,6.46546107804518,1,1
"7963",5.42381122390515,1.26910868441403,1,1
"7964",4.641910956656,5.94029788709178,1,1
"7965",3.55360535253162,4.35191632088763,1,1
"7966",1.86316664169975,6.01375813709805,1,1
"7967",9.49499425082348,6.11599925215753,1,1
"7968",6.77086283231441,3.14135633119963,1,1
"7969",8.93976223704939,3.27584137635936,1,1
"7970",0.544044068811351,3.78513557539545,1,1
"7971",3.56617074544079,3.85869528489818,1,1
"7972",9.66409809568266,4.50580818453751,1,1
"7973",7.89731695180754,3.80733432608843,1,1
"7974",3.62866421291103,5.00367425712199,1,1
"7975",3.7729857341943,3.61850507035769,1,1
"7976",2.61053014594761,0.298715496274232,1,1
"7977",2.64019834009931,1.26935793898814,1,1
"7978",3.55902257429005,3.75000193505941,1,1
"7979",6.56066011112491,2.8161826170385,1,1
"7980",2.43492277054495,1.74348536313952,1,1
"7981",6.98434936609658,4.41798120583045,1,1
"7982",6.20010133471501,3.74887953186973,1,1
"7983",7.00463405056175,4.47537934937519,1,1
"7984",3.68875648399591,1.29790870103014,1,1
"7985",5.56056956623141,4.17447369936457,1,1
"7986",4.48468510959668,4.16826429616195,1,1
"7987",6.26124305864065,4.91528475734101,1,1
"7988",8.00510265797993,3.00674134837297,1,1
"7989",7.62836450104175,2.38320815970016,1,1
"7990",5.36266871681153,6.11198791106409,1,1
"7991",5.94641704824739,0.852299113204966,1,1
"7992",3.71346966782344,6.01413228559176,1,1
"7993",4.68340095457034,6.19251094613694,1,1
"7994",11.5410451140743,5.35350020415133,1,1
"7995",9.16844184753737,3.55527272563733,1,1
"7996",5.22804749239816,3.30906409243534,1,1
"7997",0.688035501317156,5.48259327324135,1,1
"7998",5.7109898628823,3.65013497063038,1,1
"7999",8.67118672926751,0.59411338358885,1,1
"8000",8.05339149154916,4.57918242581281,1,1
