"X1","X2","component","subcomponent"
"7001",0.556176184259747,0.740669649160052,1,2
"7002",2.47536881008227,5.42550426528441,1,2
"7003",3.78929938485176,3.25486292800107,1,2
"7004",1.10708673976362,9.82720571298579,1,2
"7005",-1.63516278052894,6.10064880338519,1,2
"7006",1.83989639412671,0.515469460080787,1,2
"7007",-1.90199704370143,1.89924843827466,1,2
"7008",1.57279606560231,3.89668419282158,1,2
"7009",2.93489739181393,7.53647136124889,1,2
"7010",-0.519570264928537,11.9225538795558,1,2
"7011",2.83453503185239,2.44529550223989,1,2
"7012",0.449772672705044,5.84872937638052,1,2
"7013",4.79349985804173,8.12715981488743,1,2
"7014",3.24331271589006,5.67707969243778,1,2
"7015",3.30187131569806,10.1186773366486,1,2
"7016",1.74801262088596,2.79219069090472,1,2
"7017",0.302995665014696,0.414783350019544,1,2
"7018",-0.513483851324055,4.05570838272345,1,2
"7019",3.37038265087664,3.81147430055568,1,2
"7020",0.226700578735771,10.8500118396584,1,2
"7021",5.00662123576569,7.98297495301367,1,2
"7022",3.77370933702501,5.47699577697841,1,2
"7023",3.0635497068189,6.1525844342877,1,2
"7024",0.735380357759808,11.9467157042576,1,2
"7025",3.37234938768884,4.78300013454874,1,2
"7026",-0.761124836554004,6.42012917235709,1,2
"7027",2.02205848683963,1.37861703624547,1,2
"7028",3.09305150798061,4.0867647530168,1,2
"7029",2.05421906026386,5.68126253030098,1,2
"7030",2.20104985538785,7.61633821778863,1,2
"7031",-0.41752420949446,10.6766004500994,1,2
"7032",2.34812765170453,10.1129340568051,1,2
"7033",2.86656637088042,0.759064156723881,1,2
"7034",3.21423032574827,7.47948384308672,1,2
"7035",-2.06042106654162,6.73169480255798,1,2
"7036",0.499756030579538,9.4874998043232,1,2
"7037",-0.451317784426715,4.71879399664387,1,2
"7038",1.6726090502196,2.28290052712832,1,2
"7039",0.647890823401722,-1.89337466671175,1,2
"7040",-0.187461482566186,9.07757541377489,1,2
"7041",2.93837396667409,4.60464375802006,1,2
"7042",2.19715495837469,4.74284240659465,1,2
"7043",0.222450773239826,8.13878434212584,1,2
"7044",3.11295445706665,9.93073424709541,1,2
"7045",2.99467434715201,3.00514095042804,1,2
"7046",2.66237061291799,7.56196460988676,1,2
"7047",0.389665430789064,1.86333914904104,1,2
"7048",1.40685363921839,13.8856665170204,1,2
"7049",1.08341245196517,6.53362079197443,1,2
"7050",3.78674886719409,2.74458119533374,1,2
"7051",2.57571672515403,2.53771956381343,1,2
"7052",2.46162934648223,2.43073835706164,1,2
"7053",0.590639549075655,10.9732994201009,1,2
"7054",1.51854200883145,-0.709058658072115,1,2
"7055",-1.56401493414121,6.23970026625898,1,2
"7056",-0.318377865404323,10.291707398514,1,2
"7057",2.55839599726774,2.83505997793812,1,2
"7058",1.26382198096547,1.15150637202986,1,2
"7059",5.49467034319802,8.38049842851951,1,2
"7060",4.04829151461541,8.06815206899303,1,2
"7061",1.6256192943392,7.92961991918721,1,2
"7062",5.15999021195975,10.9755884699536,1,2
"7063",-2.01349948975602,5.0579060747675,1,2
"7064",-2.36198113260925,0.212958028630261,1,2
"7065",2.55200432818352,9.48591711569439,1,2
"7066",1.75961993607962,7.40492357083319,1,2
"7067",2.13191145222619,2.84828772495197,1,2
"7068",2.44398346642392,10.0905081503066,1,2
"7069",1.16359328626706,1.12176761505856,1,2
"7070",0.114061084018074,11.457785181546,1,2
"7071",-1.74489230064937,6.55797409279063,1,2
"7072",2.60715583661605,4.23442595287333,1,2
"7073",1.07895580043037,8.60332388135465,1,2
"7074",1.49959316642329,7.33573962657174,1,2
"7075",1.73468056066254,-0.680031679062407,1,2
"7076",1.95522618602832,1.70871236022326,1,2
"7077",0.331494266752407,6.43119527125083,1,2
"7078",5.2663611684228,6.40459876657705,1,2
"7079",1.59483730265469,4.93014499283804,1,2
"7080",1.94604602808788,9.66274944045745,1,2
"7081",2.13448450785198,13.1528410042285,1,2
"7082",1.42698964803378,4.92086562107988,1,2
"7083",1.82947609591566,7.50727687774494,1,2
"7084",4.97043644196339,6.46247421366416,1,2
"7085",-0.979535286866125,3.71769506606696,1,2
"7086",2.3589749760511,6.71130372149897,1,2
"7087",1.32459823008924,-0.308013854447463,1,2
"7088",2.31355307359296,5.65509175103787,1,2
"7089",0.341768421127401,7.85106278779229,1,2
"7090",0.245811737679311,5.52567861522727,1,2
"7091",2.33930017742106,-0.622069441228549,1,2
"7092",0.72356035743167,9.90177857972879,1,2
"7093",1.85347951974739,7.37879083085497,1,2
"7094",0.343273623443033,7.29931936320182,1,2
"7095",6.34112451841917,2.25431297943336,1,2
"7096",1.37938650780469,6.04077933313629,1,2
"7097",1.4519375983245,2.91579404604248,1,2
"7098",2.39204056957946,6.03751581000211,1,2
"7099",2.59596365103342,2.91509932995075,1,2
"7100",-1.46419071033956,3.15737092046694,1,2
"7101",-1.58544039296497,9.33257093957342,1,2
"7102",2.86815530314349,14.7846325442216,1,2
"7103",0.517669435410641,1.41623734636359,1,2
"7104",4.10185089256911,7.54469194293464,1,2
"7105",-0.427280488658694,8.1900122229663,1,2
"7106",-0.231961834065771,9.36265289623699,1,2
"7107",-0.519859806063996,1.27386394953194,1,2
"7108",1.76621685086969,6.77451540200712,1,2
"7109",3.46257928999927,5.79704842964636,1,2
"7110",2.18671910419978,3.90131021115605,1,2
"7111",-1.2901213591038,7.65569601357206,1,2
"7112",0.692395739529783,-1.42422436108128,1,2
"7113",-2.2595307449378,3.82183019594158,1,2
"7114",3.89733527201635,3.10870245536014,1,2
"7115",1.10539465800767,4.40231115554228,1,2
"7116",2.97036290368776,8.82183552811899,1,2
"7117",-0.222730362833732,5.2959823960071,1,2
"7118",3.54412232675415,0.921637438456951,1,2
"7119",4.16165187696496,2.10217481511427,1,2
"7120",2.18088968055158,4.63683513175491,1,2
"7121",1.23056696279003,2.88316871244057,1,2
"7122",0.4095013404549,6.85052597784971,1,2
"7123",2.8943419006246,11.0268188469544,1,2
"7124",3.49279040691256,-3.39643597235585,1,2
"7125",-1.14976092469764,3.88261608099717,1,2
"7126",0.671945851574428,4.08920911990331,1,2
"7127",2.03446575899575,8.22024563489169,1,2
"7128",2.83783551374233,4.84729741578827,1,2
"7129",0.912989498516697,4.22912539202486,1,2
"7130",-0.787434128062272,9.51326295871431,1,2
"7131",0.687905790383062,8.47753150032961,1,2
"7132",6.67247387854947,12.1781273994903,1,2
"7133",0.153835750948079,10.796772507299,1,2
"7134",-2.53854846579496,10.108960299508,1,2
"7135",2.0437197683411,5.12668848820385,1,2
"7136",0.999491269376818,9.60138245160912,1,2
"7137",-0.83008476156216,-0.324440983733651,1,2
"7138",0.26767222881989,5.94411963150051,1,2
"7139",-2.94940960047771,10.3715411389655,1,2
"7140",2.10633365828807,7.31289827563483,1,2
"7141",3.34746006865646,4.47332455723169,1,2
"7142",1.55659257598811,11.9323205535238,1,2
"7143",1.52447086018811,3.30581233701772,1,2
"7144",1.21164776737226,6.79178293313959,1,2
"7145",0.124992338627954,7.47704157534606,1,2
"7146",1.69304950474869,0.596230074005808,1,2
"7147",4.36283863658687,3.38921631199204,1,2
"7148",-1.94380892127069,6.13564866967237,1,2
"7149",1.13528670220003,12.7363999073715,1,2
"7150",0.457093628893774,7.67243114352222,1,2
"7151",1.10485600179672,5.95410202645639,1,2
"7152",4.65236372915675,7.38598940866219,1,2
"7153",3.06933663260998,4.10686529287446,1,2
"7154",3.14004072274081,8.49231509901865,1,2
"7155",5.44806106614986,6.87679762153111,1,2
"7156",1.6010158255529,4.81377673356542,1,2
"7157",4.40324248387093,6.47720431573421,1,2
"7158",-0.0180004613331672,7.90390944403063,1,2
"7159",2.35595535568455,3.54910309227404,1,2
"7160",4.21991263047528,8.7956557074473,1,2
"7161",1.47302151889553,6.00037107952122,1,2
"7162",2.19491057376082,3.62050850609729,1,2
"7163",1.52303992262036,4.61174384710687,1,2
"7164",5.04857922295878,1.99847748707766,1,2
"7165",3.22242333313173,7.14891922385666,1,2
"7166",2.30296123313605,7.7842849304353,1,2
"7167",1.94740387050885,10.3684807418665,1,2
"7168",2.31018062773314,4.65621258102835,1,2
"7169",2.65162917417045,5.73752354752184,1,2
"7170",1.32755555244849,12.8221729265329,1,2
"7171",-0.731497753025048,7.98085523851342,1,2
"7172",1.05093749801516,14.2949369339553,1,2
"7173",2.55499825189945,7.82439799939619,1,2
"7174",2.47415095177642,3.55606397894138,1,2
"7175",3.31199990094982,9.66433513123158,1,2
"7176",2.98017632919884,7.14554787954704,1,2
"7177",1.13617960530452,1.07684793555918,1,2
"7178",1.87734978165194,5.60952701423393,1,2
"7179",2.54082621549268,0.296324518502666,1,2
"7180",1.09825955318785,2.7395883304952,1,2
"7181",1.31071421716291,0.582979426815229,1,2
"7182",1.65737241186766,4.70847810038459,1,2
"7183",-0.873274396872372,-0.487727877505624,1,2
"7184",2.07421024151173,4.31345158310918,1,2
"7185",1.42131547175693,4.51217279191965,1,2
"7186",1.47370603514851,3.22606593255992,1,2
"7187",0.904591601260754,2.44924988116985,1,2
"7188",3.14627653063091,0.612638500318165,1,2
"7189",-0.564793681887457,3.87804446746203,1,2
"7190",0.47028627916002,2.3959323806451,1,2
"7191",1.05373648287625,5.27116776001456,1,2
"7192",-0.304661141275054,9.03767628600126,1,2
"7193",1.66730896341785,15.5598054569991,1,2
"7194",-1.91331691732702,-1.6832747595799,1,2
"7195",1.20350487842559,-0.445179162479976,1,2
"7196",-0.192921865576636,9.75992894064567,1,2
"7197",3.12495953780818,4.83250601550574,1,2
"7198",1.3262101162436,-1.06506200943991,1,2
"7199",3.45441645797688,5.54593233539152,1,2
"7200",-1.68981031364962,8.85357259653536,1,2
"7201",4.99851130084759,10.7007405995502,1,2
"7202",2.77925038007346,8.55648706597776,1,2
"7203",2.10413665722541,10.4939155183937,1,2
"7204",-0.0489533724652662,2.68933346858838,1,2
"7205",0.505229475613943,0.633241322882133,1,2
"7206",1.38367580898429,2.89374805674991,1,2
"7207",1.0376266857815,4.66765669169825,1,2
"7208",1.89184300751928,10.6808628245078,1,2
"7209",-0.762388407364297,5.82357407523633,1,2
"7210",0.348555207922586,11.5282657538266,1,2
"7211",-0.093755295512929,5.10222054264492,1,2
"7212",2.61055134729373,10.9538605419424,1,2
"7213",1.54834091957436,4.25045041197595,1,2
"7214",2.61296879567508,10.5374496178187,1,2
"7215",2.44972662241618,3.36145833320448,1,2
"7216",4.74837795163773,9.62553669814847,1,2
"7217",3.0314011964668,9.28005776693088,1,2
"7218",3.5009987755443,7.79260949345308,1,2
"7219",0.919667059913241,7.69729358294541,1,2
"7220",2.35093859277585,1.22964698969174,1,2
"7221",-0.921102124574265,10.6835985615794,1,2
"7222",-0.590762364650494,10.631365762448,1,2
"7223",3.97046576733022,8.78609989345421,1,2
"7224",1.08538120781715,7.54698450606982,1,2
"7225",3.81851405193231,-2.40389581901996,1,2
"7226",3.5861925393165,11.5803955115569,1,2
"7227",0.936206613399223,5.95856209528012,1,2
"7228",0.92057466582349,7.35630331212771,1,2
"7229",2.65824065048884,4.68883781734384,1,2
"7230",6.20786756091852,2.9764538576147,1,2
"7231",2.45330238641867,10.4867852213346,1,2
"7232",1.14784070428337,2.70356118619825,1,2
"7233",1.34591439988711,7.19088019243785,1,2
"7234",-2.20746863611502,5.07168141949637,1,2
"7235",2.46023967432019,8.18772934032034,1,2
"7236",1.4934590060391,7.58602049008987,1,2
"7237",3.62846532560329,9.44366956401782,1,2
"7238",1.43175274762502,6.63486428940675,1,2
"7239",2.87571542231783,5.70708859474236,1,2
"7240",1.40925866248337,2.96881195272523,1,2
"7241",-4.41570805790984,11.3331397789216,1,2
"7242",0.206662897527449,4.06715466073199,1,2
"7243",0.263790993668106,10.1666818679036,1,2
"7244",0.745681169976041,-2.03856584671777,1,2
"7245",-0.83401831200714,7.34651063011444,1,2
"7246",1.80009698417605,9.63468032143189,1,2
"7247",1.54594977552998,2.40123254682593,1,2
"7248",0.930118996814285,8.33373853006273,1,2
"7249",0.364057585213132,4.16277743619383,1,2
"7250",1.61003638127877,4.49413258344968,1,2
"7251",2.94092744352945,7.32668771961107,1,2
"7252",2.72979935075508,3.36372467339744,1,2
"7253",0.667346466666918,6.93755137168242,1,2
"7254",2.91554804107831,9.33209544825643,1,2
"7255",-1.43049415924775,5.51645301705115,1,2
"7256",-0.540591252955426,5.42368219541106,1,2
"7257",1.71890774244183,6.63933922133354,1,2
"7258",5.68085362218996,7.84314197856183,1,2
"7259",0.0476130829873107,5.23449262750091,1,2
"7260",3.0551399496984,7.78441910109392,1,2
"7261",3.11134259231545,5.30332919196746,1,2
"7262",0.907362835658459,13.1827156422296,1,2
"7263",4.17871850981884,4.67607019369911,1,2
"7264",0.887237295001667,7.45217452667262,1,2
"7265",2.73331206220803,4.88609910292352,1,2
"7266",0.298602658053889,1.82925887147383,1,2
"7267",2.30451127512715,5.48743332024263,1,2
"7268",1.88169451312728,-1.2844823226629,1,2
"7269",0.573949999257371,8.87995379366663,1,2
"7270",0.780471509127615,9.49550035520316,1,2
"7271",2.61002249507259,5.50865579711581,1,2
"7272",1.18732593182183,5.71992613803374,1,2
"7273",1.11607100920139,3.6820542032124,1,2
"7274",2.91026739616263,6.97901440010774,1,2
"7275",4.03044821716645,5.57755120670071,1,2
"7276",1.29296189895207,7.17341165585811,1,2
"7277",5.06028179576239,-4.84204631086081,1,2
"7278",3.81854999815979,6.54272414076711,1,2
"7279",0.420227520436174,4.54685771898077,1,2
"7280",2.10736524257543,4.26727300520722,1,2
"7281",3.52831009330454,0.0621644025083965,1,2
"7282",2.81735634653661,8.60166406427557,1,2
"7283",-0.478535045387965,7.45460992272761,1,2
"7284",4.91901382796162,2.56254174342465,1,2
"7285",3.91819844225343,10.2559851074231,1,2
"7286",0.610883277139834,4.19537855194558,1,2
"7287",-1.2160311182363,2.20351291678306,1,2
"7288",4.98169113763018,7.64104578136259,1,2
"7289",-0.693932196626368,2.62442151624476,1,2
"7290",5.86652486196236,10.6840864664803,1,2
"7291",3.71235280313022,0.420146114850681,1,2
"7292",-1.66413012711661,2.33351947428685,1,2
"7293",1.37095152964417,9.26502015278675,1,2
"7294",5.55622269762969,9.72776990668838,1,2
"7295",-0.854810914333908,8.22311916690249,1,2
"7296",0.151605040929754,6.01310797089087,1,2
"7297",2.27694277853279,5.48272890998569,1,2
"7298",0.85252820072132,5.47119536585355,1,2
"7299",3.06478122612566,6.01525433834409,1,2
"7300",0.170440847452919,1.76955494802636,1,2
"7301",1.29675932307843,6.55653867643235,1,2
"7302",-0.139531166999474,8.24866135023657,1,2
"7303",4.13147179625034,4.7842015113906,1,2
"7304",2.20672103103234,2.47970118088313,1,2
"7305",3.68005941092455,4.82957389482798,1,2
"7306",2.34603805564297,1.01127785760273,1,2
"7307",2.44186670104902,2.73223069350495,1,2
"7308",1.50100839493965,3.25896464582988,1,2
"7309",0.0299105258202879,6.13722030215965,1,2
"7310",3.03554561794823,4.71348178145978,1,2
"7311",3.26426058225316,-0.17094475284487,1,2
"7312",4.31252087898832,5.91193316666067,1,2
"7313",0.525747811313572,10.1508790694037,1,2
"7314",5.9437313145014,5.96220337623635,1,2
"7315",4.61667567364446,10.754360952353,1,2
"7316",1.70747101842572,3.42803333533569,1,2
"7317",0.921284351403227,7.10552988326489,1,2
"7318",2.22685487013273,5.40319998658024,1,2
"7319",3.23993734048876,8.95079672422425,1,2
"7320",1.85376656760379,-2.17051481186859,1,2
"7321",0.52483346492831,16.5175744359757,1,2
"7322",1.77008968877861,6.7135896737863,1,2
"7323",3.62333513860947,2.1051753747645,1,2
"7324",0.740554513192358,10.5584989547347,1,2
"7325",3.80249675623311,16.1551326582454,1,2
"7326",1.92201495791602,2.26961396395412,1,2
"7327",-0.44716873045071,10.2818089340866,1,2
"7328",0.381372162041521,6.16968739168447,1,2
"7329",0.999812740188925,1.69812667663237,1,2
"7330",3.7347711222175,5.72649230197689,1,2
"7331",0.383298112466477,4.959704320292,1,2
"7332",1.69783057931995,2.2505259761889,1,2
"7333",-0.186440855056599,11.7116887017689,1,2
"7334",5.01466055011078,2.79356117966687,1,2
"7335",-0.591275810710043,4.13381026435894,1,2
"7336",1.43746674092471,0.890714682180718,1,2
"7337",2.83539724197991,0.485182808398742,1,2
"7338",1.70279472804375,9.15521250064441,1,2
"7339",-0.193976996203572,8.0170010968247,1,2
"7340",-0.639286122762818,-0.289292289587352,1,2
"7341",2.55204243901847,2.49703418768674,1,2
"7342",0.386412419878283,8.68242220117696,1,2
"7343",3.70706874665094,9.20651010495071,1,2
"7344",0.736099231302162,5.14855248379808,1,2
"7345",3.16722416034099,7.06558778061071,1,2
"7346",0.696831131962023,1.23843390058082,1,2
"7347",1.76280348212033,6.62709993048845,1,2
"7348",0.538527029815329,6.09770687637886,1,2
"7349",0.909637714544275,7.59231603305572,1,2
"7350",1.48861998739257,7.79566982292857,1,2
"7351",0.368801145088314,11.941745490933,1,2
"7352",3.09123560031233,4.72708927927908,1,2
"7353",2.46714523609712,3.58448598527957,1,2
"7354",1.65234322067122,8.46523732124723,1,2
"7355",3.48358578324783,8.92942561813431,1,2
"7356",2.00645341954035,5.83875468156151,1,2
"7357",2.32032496579771,11.2839096509299,1,2
"7358",0.836402309554947,11.7815326564968,1,2
"7359",0.593669436613986,6.59521316988812,1,2
"7360",1.53263221273729,3.87718780047642,1,2
"7361",3.02806633353831,9.36706999464436,1,2
"7362",1.63828289272186,9.88268221107085,1,2
"7363",-0.986322264098768,5.22195203088286,1,2
"7364",0.272404919510929,9.98881365282754,1,2
"7365",0.834728848441172,1.05785643758135,1,2
"7366",2.60423867192254,7.9369635321031,1,2
"7367",3.46747520460522,7.36854627890212,1,2
"7368",2.13272585050808,10.1950236355787,1,2
"7369",4.07337347608035,5.86667806929209,1,2
"7370",0.194185432952213,3.2034061299806,1,2
"7371",0.671072589306017,5.70844980246732,1,2
"7372",4.90067258749656,10.9143366683041,1,2
"7373",3.35253169464581,3.830619053955,1,2
"7374",0.861226320903328,7.99213424306237,1,2
"7375",4.51165938400246,-1.67852413247877,1,2
"7376",0.125540359241985,11.4556806889662,1,2
"7377",2.78363144593388,4.44938867277004,1,2
"7378",2.23590813136772,0.815786009975665,1,2
"7379",2.26315555042584,0.486258361025552,1,2
"7380",3.11423613676093,10.7586921469997,1,2
"7381",4.28801131734173,7.35381288051104,1,2
"7382",3.44318096659281,2.54607287559118,1,2
"7383",1.09788649851078,4.61415744693781,1,2
"7384",3.62391490142763,6.76547104098931,1,2
"7385",2.56493794305967,6.05411829034217,1,2
"7386",1.62085655900844,4.90741649660457,1,2
"7387",-1.60491859713744,3.95260733124384,1,2
"7388",0.297356369187351,3.07883067594016,1,2
"7389",0.770284373284562,5.03313134070609,1,2
"7390",3.07857630087871,9.10851914324442,1,2
"7391",-0.898013924828293,1.54151077534033,1,2
"7392",-1.11909544530569,8.1098091025699,1,2
"7393",3.17438118175318,8.06833496750139,1,2
"7394",4.49990451282258,3.1748892501232,1,2
"7395",3.6429905308819,6.68896722481996,1,2
"7396",0.0359848209624771,7.5754406336354,1,2
"7397",0.105248758657832,0.623902304767761,1,2
"7398",4.13489609403779,5.19213593989172,1,2
"7399",4.47078316385262,9.17071123835044,1,2
"7400",2.66288021679811,8.3425148397163,1,2
"7401",2.54239881173096,9.98157296573495,1,2
"7402",-0.769534199105976,8.29052928676105,1,2
"7403",1.44752657292034,4.1937689669532,1,2
"7404",4.3639986982345,8.62740875779019,1,2
"7405",2.67030624718962,5.4484164045353,1,2
"7406",-1.70190186974009,2.38536889602023,1,2
"7407",1.49741921970476,4.45234502085328,1,2
"7408",0.859448961195341,13.4640432926401,1,2
"7409",0.947801796895272,2.8528463323871,1,2
"7410",0.209717138623257,3.02464170486298,1,2
"7411",4.94641712675355,7.44759975112159,1,2
"7412",1.58049972662922,13.2647376230517,1,2
"7413",0.0561256862188668,14.7790552333064,1,2
"7414",-2.34878513097636,5.52917618262693,1,2
"7415",1.30836694976989,6.05135127322113,1,2
"7416",4.03005446151172,6.14938418589489,1,2
"7417",1.03849763912709,7.42845337512552,1,2
"7418",1.39017604815842,5.34852170775713,1,2
"7419",1.38576447876414,1.27937114677394,1,2
"7420",1.36299014768815,3.94724368917195,1,2
"7421",0.973517588591258,7.40669762417886,1,2
"7422",-0.390070078739966,9.34533878626789,1,2
"7423",0.456943659926995,8.40845391337982,1,2
"7424",3.03848431353815,4.34126858869185,1,2
"7425",2.78121585122175,5.2779174087287,1,2
"7426",-0.0658134649193245,6.48348035363265,1,2
"7427",1.47548242381737,6.5848779341119,1,2
"7428",-0.458542791130196,9.98024876140782,1,2
"7429",2.80216375854197,11.1650994368423,1,2
"7430",0.638638025051704,6.55646207020511,1,2
"7431",-0.074570042460955,12.2226282848915,1,2
"7432",-0.918806042836243,6.149845338096,1,2
"7433",1.64563253429413,9.42878581990289,1,2
"7434",0.762346796213911,9.07446585329408,1,2
"7435",3.60080952788777,3.33205540593988,1,2
"7436",1.17654057419682,4.19471653643769,1,2
"7437",1.7252595409792,11.9972068414618,1,2
"7438",1.81914704218049,8.12116088212365,1,2
"7439",0.263211556851289,1.04840840314384,1,2
"7440",0.151460154081436,6.48052127362272,1,2
"7441",-1.51065709340109,5.1397781567499,1,2
"7442",1.22331800476009,3.61418174993161,1,2
"7443",0.668719121065624,4.45171602153147,1,2
"7444",4.88292482568673,14.9716401818158,1,2
"7445",0.600526034844369,7.82100470183483,1,2
"7446",4.00396453648731,2.44674069063371,1,2
"7447",3.37070933031169,5.35546979746714,1,2
"7448",0.7640050688716,12.5986732447092,1,2
"7449",-0.240744164023878,4.92006064571875,1,2
"7450",1.66664922149309,8.44230307685902,1,2
"7451",3.61183102812905,4.92347836227217,1,2
"7452",3.67919688539586,3.49956409138156,1,2
"7453",-3.3160770471388,2.02209353163759,1,2
"7454",1.85257797044983,4.3756815720399,1,2
"7455",-0.141942273645387,5.57613959358326,1,2
"7456",1.71618549920412,6.6277658049836,1,2
"7457",2.96581029684875,8.7055694695556,1,2
"7458",3.18227189432037,2.35077200973158,1,2
"7459",0.122674323496172,8.28432779030115,1,2
"7460",1.54526865626934,6.15858063046412,1,2
"7461",-1.02503432139941,8.03619972643183,1,2
"7462",3.98138951467999,7.11986135781243,1,2
"7463",1.69371860605762,9.84043276069768,1,2
"7464",1.75252656481034,7.68920530901999,1,2
"7465",3.57130672151018,7.07457606836402,1,2
"7466",1.49350188724583,2.86976000174344,1,2
"7467",1.41031586281048,6.58674832575007,1,2
"7468",1.70128193070008,6.47126642622574,1,2
"7469",1.92342541460446,0.542357665872673,1,2
"7470",-0.0771118483904027,10.3929866356252,1,2
"7471",4.30028422787445,10.5425820691287,1,2
"7472",3.66802883147742,10.2465903409578,1,2
"7473",1.47283241752548,7.79182955090937,1,2
"7474",-0.0483511820894627,5.19105014510267,1,2
"7475",2.26588920849142,4.95496687308108,1,2
"7476",2.9849162962448,9.73862860124801,1,2
"7477",0.116231051001686,5.83596514078797,1,2
"7478",1.7831913143289,13.3953927302812,1,2
"7479",-0.0867197751900386,8.64562003297804,1,2
"7480",3.71434391949041,11.2633807697415,1,2
"7481",3.41638701097651,5.96968413523167,1,2
"7482",3.82881264209629,1.02602686342272,1,2
"7483",-0.0116185564159481,1.69744028928401,1,2
"7484",0.0372722317795235,5.21662857921695,1,2
"7485",3.28288456854712,-0.692171704871656,1,2
"7486",0.250936790272676,0.533434376129157,1,2
"7487",-0.575532327871677,6.35766506912579,1,2
"7488",-0.666060432410657,8.48183599146313,1,2
"7489",0.142498249054364,10.3681647360786,1,2
"7490",0.964718928306719,7.9499693417978,1,2
"7491",4.7220499136417,5.83044661424362,1,2
"7492",1.22510193598884,-0.321177763809716,1,2
"7493",2.99247286718856,3.57839065536838,1,2
"7494",0.421027031283745,7.22917223054279,1,2
"7495",3.66363911653239,4.05995568658418,1,2
"7496",2.78092417669304,3.50005970681439,1,2
"7497",-1.61358692159371,3.58709840943772,1,2
"7498",1.74803434203397,6.65786723530775,1,2
"7499",0.920705080144748,4.22692709397653,1,2
"7500",2.50993244642089,8.54385906153776,1,2
"7501",-1.14672571054786,2.52673969390779,1,2
"7502",-2.40479750011878,9.10670761612054,1,2
"7503",0.442405723675944,-0.389762444283212,1,2
"7504",5.39178695542067,8.54619214335766,1,2
"7505",4.8342428849229,3.70611598991526,1,2
"7506",0.777369952888962,15.1546730725775,1,2
"7507",2.16673732494507,10.5400483894582,1,2
"7508",3.60310441520241,3.37618586613852,1,2
"7509",3.7424849760229,7.69719588971804,1,2
"7510",1.34607191792547,7.09130898125351,1,2
"7511",0.468954510559825,7.21300932950703,1,2
"7512",0.474942567890986,12.0689225821203,1,2
"7513",-0.936779059705241,5.54022367580903,1,2
"7514",0.809464207752325,3.3199124571142,1,2
"7515",2.59715334867952,4.44264055142808,1,2
"7516",-0.884051895782541,7.56684285144756,1,2
"7517",1.38834510131346,7.8901412429583,1,2
"7518",4.40044220856227,7.94723354351602,1,2
"7519",0.16635443935479,5.17976933982176,1,2
"7520",-0.696412452775419,7.27592571606829,1,2
"7521",1.42735115179968,7.94580749939546,1,2
"7522",2.27998403036058,6.83754541617771,1,2
"7523",1.24023204179442,7.30097027799906,1,2
"7524",2.14381427506654,11.8407124091889,1,2
"7525",0.531089575893379,4.28955848577774,1,2
"7526",0.401350541793549,8.22129703823684,1,2
"7527",3.34118045315511,4.05329967249383,1,2
"7528",2.12532294771387,5.25793128821797,1,2
"7529",4.33040010432611,10.6661167878385,1,2
"7530",-0.0364536897462635,0.993297944341721,1,2
"7531",0.358191081930638,3.15320781100643,1,2
"7532",-0.0199074772745675,2.07370074117724,1,2
"7533",-1.90130886109429,7.39743166581208,1,2
"7534",1.88105761390142,0.27181409351486,1,2
"7535",1.76123943758529,1.73837821589577,1,2
"7536",0.242138739074797,4.79422476307746,1,2
"7537",2.22311353210927,6.82111669910178,1,2
"7538",1.54092147943045,13.400583557394,1,2
"7539",1.60276639409213,4.37344508278248,1,2
"7540",4.12687677529056,6.08738843112141,1,2
"7541",-2.41982683686675,8.19141612885142,1,2
"7542",-0.0844052330407967,7.51797518452543,1,2
"7543",0.33263166658229,4.56640982682874,1,2
"7544",0.0726530677823582,5.02961795169038,1,2
"7545",1.76840844882697,-1.81128518575939,1,2
"7546",-2.43994395067675,4.77728594152336,1,2
"7547",0.63517050504124,2.89937938811859,1,2
"7548",2.7323554559137,7.68890195948616,1,2
"7549",3.80439696069939,1.77113580436069,1,2
"7550",2.740260226352,4.87085053778594,1,2
"7551",2.94698674291057,10.890347313078,1,2
"7552",0.925517943632921,13.1189698534662,1,2
"7553",1.38413417184047,5.50173615333016,1,2
"7554",-0.653777465929288,4.90865458769435,1,2
"7555",3.01069785827261,4.68993895609557,1,2
"7556",2.18228717913061,3.1758981562077,1,2
"7557",1.16338499666085,8.41230230781306,1,2
"7558",3.46613985179352,6.28872340679414,1,2
"7559",2.88803090700103,5.86725069567828,1,2
"7560",1.01367913674104,8.7467023441462,1,2
"7561",3.27159783054552,3.63010494113815,1,2
"7562",1.04356903351893,5.17588043937227,1,2
"7563",-1.51794034127044,2.64393502463959,1,2
"7564",0.510200037108748,10.7324766045669,1,2
"7565",0.773348456229863,4.2065397216889,1,2
"7566",0.704180630149065,5.72054468725111,1,2
"7567",-0.136576032524608,0.0111859934428882,1,2
"7568",3.02748577364393,4.97260330627482,1,2
"7569",2.7153445541098,4.03283282459569,1,2
"7570",0.988611671974137,6.10540661031973,1,2
"7571",0.858409866763514,11.3718192411238,1,2
"7572",-1.19472804659108,1.3072503062401,1,2
"7573",2.05756091811123,3.39755958689859,1,2
"7574",0.962205514078763,6.72050539406138,1,2
"7575",2.43013248246936,3.65312716391271,1,2
"7576",2.53917805639302,10.6911792529711,1,2
"7577",0.731605308538339,1.90611997975981,1,2
"7578",2.97543788381374,11.9514886982938,1,2
"7579",2.67425196210838,7.80455228286227,1,2
"7580",1.92461583435461,-1.35789571373905,1,2
"7581",0.350333776383989,6.31487645753409,1,2
"7582",2.16112041805855,10.017764505662,1,2
"7583",4.12453153435368,6.74269980606822,1,2
"7584",-0.166422523103205,6.14570943374559,1,2
"7585",3.47291955233163,1.52033431380866,1,2
"7586",6.20566016008427,-1.81073629784346,1,2
"7587",-1.84188036015696,2.3690179504328,1,2
"7588",0.383674459761443,9.78827262930615,1,2
"7589",1.82100468790158,3.02537245263431,1,2
"7590",1.6844689980789,4.78583805237785,1,2
"7591",1.57410589149475,12.6549030042394,1,2
"7592",1.43275009685734,7.62089635634401,1,2
"7593",0.836425188103073,5.45054868292722,1,2
"7594",-0.252726064604547,5.23612464802968,1,2
"7595",3.27180816192309,-0.484260381327028,1,2
"7596",-1.98326172077894,3.17550707571707,1,2
"7597",3.5570225981534,0.379467886707579,1,2
"7598",-0.203737351903947,3.98646747900663,1,2
"7599",2.12300092185447,8.41259332645983,1,2
"7600",1.42577501481475,9.94243370867552,1,2
"7601",3.75291021362285,7.43379733285368,1,2
"7602",1.39440832857131,-0.74918900645933,1,2
"7603",3.24505224374654,5.83580944542396,1,2
"7604",-2.35210612028753,12.6745012134969,1,2
"7605",3.56463713375583,6.16456857614199,1,2
"7606",-0.632784868235666,3.937725740339,1,2
"7607",2.61915526708942,7.18716172990695,1,2
"7608",0.245277214759692,2.56752845570858,1,2
"7609",2.3977406953174,5.24887630698104,1,2
"7610",-0.297864753667194,8.2560290533008,1,2
"7611",5.92257957496645,3.84876592729073,1,2
"7612",-1.0488152145451,2.54857104962762,1,2
"7613",3.07395050782262,9.79627892778789,1,2
"7614",0.223102371310337,8.52126506238217,1,2
"7615",4.55997169570025,8.49422244517035,1,2
"7616",2.74593906809442,4.51442794881213,1,2
"7617",3.10618106914237,8.63012058389756,1,2
"7618",0.150497171106718,3.01234668939375,1,2
"7619",-0.132637628397285,3.21363140744074,1,2
"7620",5.19025927916376,1.06780657790941,1,2
"7621",0.412114894709352,10.6594407938687,1,2
"7622",1.90610668260912,5.22757004548537,1,2
"7623",-2.02206209229887,7.98124510827974,1,2
"7624",1.31892123944118,4.75322194690476,1,2
"7625",1.51712479870124,1.01752577339839,1,2
"7626",1.35555374555231,0.607603910414633,1,2
"7627",-0.948953662322046,1.20977776071722,1,2
"7628",2.44335178944623,6.30834392721222,1,2
"7629",-0.0762000427865022,11.872847924818,1,2
"7630",4.55636546332332,7.08931931000219,1,2
"7631",3.28962594510593,-0.386608076931051,1,2
"7632",3.97900991543627,9.60912621300194,1,2
"7633",0.0161087188590123,4.27881153841275,1,2
"7634",0.953173348090664,10.3750859915023,1,2
"7635",1.31112266509099,7.92165312013103,1,2
"7636",-1.43148814498074,6.74786354900563,1,2
"7637",0.506691683906874,7.12091278167624,1,2
"7638",3.19182901027218,1.28177113636136,1,2
"7639",2.67799605897716,4.484678220872,1,2
"7640",0.718258376992464,5.08660038576547,1,2
"7641",1.67403224006428,6.19438413023931,1,2
"7642",3.09921879312343,12.5110539036956,1,2
"7643",3.87236422675248,4.13611822337324,1,2
"7644",1.00190570323167,7.8186217314417,1,2
"7645",2.13161443818471,4.14016184732328,1,2
"7646",-3.28043929630666,3.70666451940152,1,2
"7647",-0.14548855752241,4.29030325990934,1,2
"7648",0.491954731956331,5.17562694024449,1,2
"7649",4.45779517353702,2.41448471658511,1,2
"7650",2.71495006632169,6.94254279104305,1,2
"7651",-0.055290535257245,4.96842985624911,1,2
"7652",1.11144458044436,3.83936113541137,1,2
"7653",-1.89239619081146,7.44094926625037,1,2
"7654",0.249108365635003,7.75090713451072,1,2
"7655",1.16530932650839,10.2961552562583,1,2
"7656",3.78434898537845,6.23750729069737,1,2
"7657",3.03413238031678,1.89983844627008,1,2
"7658",1.44825752903652,5.25905425760276,1,2
"7659",-1.28019909860531,5.82580581807493,1,2
"7660",3.7550696870554,4.09442824306614,1,2
"7661",2.26095841039465,11.7057889757391,1,2
"7662",-0.79425134700347,2.15988156273795,1,2
"7663",2.46895052071567,1.99066857551709,1,2
"7664",-0.197043264621301,9.00988108787077,1,2
"7665",1.61958440787213,8.33110819304295,1,2
"7666",3.0407415062557,2.89543041857252,1,2
"7667",3.4450155408577,2.82162102155716,1,2
"7668",3.3407144205806,9.35322253338795,1,2
"7669",2.65788578203515,9.34142744725079,1,2
"7670",-1.22387563013482,7.2756892833236,1,2
"7671",5.58702672221697,3.57768526162502,1,2
"7672",2.64103934015518,10.6125294019217,1,2
"7673",2.63964954627623,5.26394219922149,1,2
"7674",4.2739563644906,7.58105167576778,1,2
"7675",-0.738859249236511,4.60907160936615,1,2
"7676",3.2743477455074,9.91813401363608,1,2
"7677",7.18352952434117,6.65130508755872,1,2
"7678",2.18674414324219,7.78123793287087,1,2
"7679",2.15436337680166,6.40327348126425,1,2
"7680",1.71216578057496,10.2967008490388,1,2
"7681",3.48952863584345,7.50503967013764,1,2
"7682",0.690998651381535,7.21614218587641,1,2
"7683",2.97244966618104,7.87263615382116,1,2
"7684",2.28028503112733,8.41664498127699,1,2
"7685",3.75012401673964,9.58075591662529,1,2
"7686",-0.581353717433797,5.94554225138321,1,2
"7687",0.791846501790928,4.31932848547069,1,2
"7688",0.885532045815629,14.5276777067683,1,2
"7689",0.0510996514558368,4.58722577625372,1,2
"7690",1.86207733367806,6.17536316286117,1,2
"7691",0.700196196425516,3.32943022355407,1,2
"7692",2.68257427969191,9.49504047374222,1,2
"7693",0.336919078448475,6.80027227623069,1,2
"7694",4.13734732685398,6.57710740751467,1,2
"7695",2.67917564087261,2.84989933613933,1,2
"7696",1.25305883462294,8.0723505412404,1,2
"7697",-0.200823458672993,3.40548978262291,1,2
"7698",2.51367577827433,4.50992065262142,1,2
"7699",2.20633848179142,3.47075167709204,1,2
"7700",-0.0872267707900412,0.324086076197203,1,2
"7701",4.22502730392585,4.66420343686982,1,2
"7702",-0.342230467202625,1.11961966512899,1,2
"7703",-1.08393288500783,4.27258916688282,1,2
"7704",-0.623160794046918,3.71915907198798,1,2
"7705",0.820450238086002,9.67378762740991,1,2
"7706",-0.172644622115421,5.06713236679791,1,2
"7707",1.11039206147574,4.07470212255279,1,2
"7708",-0.5150509100162,10.8028175626306,1,2
"7709",3.2033879797479,2.12315452081706,1,2
"7710",2.42360868014625,9.09389107243694,1,2
"7711",0.297836204872796,8.24066110067026,1,2
"7712",3.85944073371222,4.27129454441539,1,2
"7713",0.953529639241553,0.756632708551838,1,2
"7714",1.05972778962423,11.4624846791062,1,2
"7715",0.757552244167484,3.32172775718548,1,2
"7716",1.75241801516198,4.37112380587393,1,2
"7717",-0.806010056693652,4.54741573538145,1,2
"7718",4.139361043668,6.76548471686232,1,2
"7719",1.92130134702538,4.98901401919658,1,2
"7720",0.36712916097615,7.08063814143778,1,2
"7721",2.93942822136494,4.07797594004604,1,2
"7722",0.820359493743486,12.0158394282299,1,2
"7723",2.80735252554386,1.76746743501228,1,2
"7724",2.6959803200166,0.0296236382129695,1,2
"7725",3.56118380559754,9.35075109029287,1,2
"7726",5.86057959922575,10.1616705667917,1,2
"7727",2.6619612627452,9.39489005754773,1,2
"7728",1.70841239517123,9.71137946705399,1,2
"7729",3.60512415561866,6.57682588043046,1,2
"7730",0.0825831471012772,-1.21189420323848,1,2
"7731",0.535357650381059,3.80635839528054,1,2
"7732",2.97449184788004,8.6511277989004,1,2
"7733",-1.62367549961242,4.57849509360053,1,2
"7734",-0.201791025559465,11.6507601702163,1,2
"7735",2.98430735632264,6.13684310100052,1,2
"7736",1.60355164795519,4.65351424144583,1,2
"7737",1.13150950338596,10.0395988590299,1,2
"7738",1.17662822530758,1.35321825185528,1,2
"7739",2.14501615515548,4.80752875748557,1,2
"7740",-0.223148082685567,8.30167265375773,1,2
"7741",5.51890956781523,6.80665561536961,1,2
"7742",3.63664123310078,-0.311245066066741,1,2
"7743",0.0831488160039935,1.85191846880338,1,2
"7744",0.720320905669182,2.45143293955689,1,2
"7745",1.47169702688351,8.13721565214621,1,2
"7746",5.31679382008664,-1.40694156997757,1,2
"7747",3.25867573075087,2.91502379941128,1,2
"7748",1.94018860540905,5.50116861543974,1,2
"7749",1.77367047307376,15.4181226843138,1,2
"7750",0.588781355363992,8.09130293743787,1,2
"7751",-1.93483641494888,3.14120378277696,1,2
"7752",1.97323070220493,4.44392229430875,1,2
"7753",2.65032609357708,6.54899330300544,1,2
"7754",1.43364784776863,5.18125497447275,1,2
"7755",1.14932118529145,7.09255365046432,1,2
"7756",2.40256375068661,10.0792754699355,1,2
"7757",5.46643160709008,7.24657091143089,1,2
"7758",-0.517234817038705,0.195052284926581,1,2
"7759",1.49481083460697,9.15661106233919,1,2
"7760",-1.89643764810928,5.8256046081375,1,2
"7761",3.62098099373831,4.85644549690564,1,2
"7762",2.45263028220383,6.20030677946094,1,2
"7763",-3.91181506276492,4.34177967903389,1,2
"7764",-1.50974838513435,1.68887720083908,1,2
"7765",0.503724109730732,1.23954966687426,1,2
"7766",-0.58098093813353,3.67940419284167,1,2
"7767",3.35135644119614,4.68316994840734,1,2
"7768",4.79296620120003,9.6571253143324,1,2
"7769",0.827335124353895,3.06288209577288,1,2
"7770",-1.12604628767425,9.57861392315568,1,2
"7771",1.56995102731915,6.34549632964649,1,2
"7772",1.64362824509785,5.74461574977568,1,2
"7773",0.712567702903543,1.37724315834579,1,2
"7774",1.6176394376598,9.20250542307577,1,2
"7775",5.45532808098351,5.11876857402939,1,2
"7776",-2.26768735721681,9.32634267706859,1,2
"7777",1.69750210638585,4.1573045789077,1,2
"7778",3.32229913114011,5.00725973200216,1,2
"7779",0.448782580992102,3.21595542355428,1,2
"7780",4.53407941531558,3.36005462719353,1,2
"7781",3.4282937122682,-3.67073311356774,1,2
"7782",5.36438895810678,8.26403140373297,1,2
"7783",1.37323675955652,3.61947489612058,1,2
"7784",0.809449175896024,9.22531118081139,1,2
"7785",-0.188720663706884,2.39617625510675,1,2
"7786",1.85301902316737,0.46148413370042,1,2
"7787",3.12645899592533,-1.48976952798424,1,2
"7788",1.15516662447672,9.13318743139591,1,2
"7789",-2.24986442223993,1.17572329436101,1,2
"7790",3.27644904508749,3.04189183071315,1,2
"7791",0.451560873708848,9.57187555868371,1,2
"7792",4.08302177670502,8.32333567948923,1,2
"7793",3.79122738626602,4.86472553712148,1,2
"7794",3.10220437570661,7.46323246921999,1,2
"7795",2.80053956225548,3.14947344342159,1,2
"7796",-0.62893172247832,4.39861485471807,1,2
"7797",3.62656319608544,5.92663743924517,1,2
"7798",0.663591546806816,8.03057001733357,1,2
"7799",0.48838882442852,3.60219930284047,1,2
"7800",0.22505657718716,7.97099302319282,1,2
"7801",2.48047303752682,10.6445404471139,1,2
"7802",2.18370724024951,8.32497680404915,1,2
"7803",-0.652499656725367,5.70764360656157,1,2
"7804",-0.69485320538688,9.00297496781845,1,2
"7805",0.865909494591466,6.70095581528007,1,2
"7806",1.8849286253494,2.32929092049242,1,2
"7807",1.88601752971854,9.68580982894897,1,2
"7808",1.84537611926564,5.01366007801328,1,2
"7809",2.71021793217299,1.68837286260119,1,2
"7810",4.23323637228859,9.40624962226424,1,2
"7811",0.232167977226281,0.213616215342817,1,2
"7812",0.863676384927311,-0.838971835884233,1,2
"7813",2.32336804054348,8.53916050857237,1,2
"7814",3.23296937241613,4.47084541198489,1,2
"7815",1.2827186512627,12.5275544804983,1,2
"7816",1.2794266122877,5.67162688506408,1,2
"7817",2.21638529209524,6.11042371955732,1,2
"7818",0.0506897828106179,6.07633915578797,1,2
"7819",0.48629313485236,5.00989214505453,1,2
"7820",3.49965791451109,-0.230871766106858,1,2
"7821",-0.12851318409553,2.72935627035677,1,2
"7822",3.7953720896944,4.12230300430339,1,2
"7823",1.9170915544907,12.6519597574215,1,2
"7824",-1.58359782010119,7.5883128536923,1,2
"7825",4.35074407806478,4.54695259102427,1,2
"7826",-0.181421464621524,5.83187826280295,1,2
"7827",1.80492797795451,3.41501447185409,1,2
"7828",1.60999687945355,3.69328688877393,1,2
"7829",3.2417452941935,3.51523035022165,1,2
"7830",0.852646257967288,9.28112501039396,1,2
"7831",1.75204172118649,2.5202689400455,1,2
"7832",-0.428068555530516,9.17944817608719,1,2
"7833",0.644707533638885,1.11769728593851,1,2
"7834",3.63840387108541,15.0260618033092,1,2
"7835",3.79403285005393,0.617266729861159,1,2
"7836",1.61443232791156,6.54160326346057,1,2
"7837",2.60513325510385,4.25792508547383,1,2
"7838",1.71985238681275,6.28677821051532,1,2
"7839",2.3402993430297,3.84741131311136,1,2
"7840",-1.76736709508526,9.46097714847556,1,2
"7841",-1.43609409716083,9.22621589347289,1,2
"7842",1.49957537884659,5.62263703156823,1,2
"7843",1.86657827004499,13.2488397295423,1,2
"7844",0.984352156565416,7.01896286222193,1,2
"7845",-0.335166588253394,12.2340835217164,1,2
"7846",2.74623969747577,3.84710231706495,1,2
"7847",3.56885822122049,6.04011066493502,1,2
"7848",2.4642084670718,6.64646480644483,1,2
"7849",0.77513375110261,8.18063553363837,1,2
"7850",-0.0298299664777606,6.23242843772765,1,2
"7851",2.30092639309414,4.94753266363191,1,2
"7852",2.78625149316995,-3.02164181651853,1,2
"7853",-0.521623814474097,-5.21948423956018,1,2
"7854",-0.643457680184067,7.78812846548761,1,2
"7855",2.72027751594928,9.57815018424681,1,2
"7856",2.99719537050656,11.2128556228144,1,2
"7857",5.61097351697517,4.19566661766658,1,2
"7858",3.44677661713838,8.66933696624123,1,2
"7859",1.97168602006911,-0.362263200298381,1,2
"7860",2.33399733713617,5.52848429992929,1,2
"7861",-0.749849745406503,6.09781536951109,1,2
"7862",-0.115658493417715,7.74853248924293,1,2
"7863",0.730693279727427,12.3965282962737,1,2
"7864",-0.0506487154121178,-0.879425715553031,1,2
"7865",1.25802942076053,4.92961328616702,1,2
"7866",1.08172031276984,7.63052275730297,1,2
"7867",0.372936588469269,9.3368840821595,1,2
"7868",-0.574615838816436,10.6455056385198,1,2
"7869",2.48429948922112,6.43871703200503,1,2
"7870",-1.25813166246392,8.96818217333943,1,2
"7871",3.27026689903612,4.75841003069437,1,2
"7872",2.90833499437453,5.45167873497248,1,2
"7873",2.24168921502692,3.77118937056649,1,2
"7874",2.79291841869562,6.41681120803367,1,2
"7875",-1.3309484728618,5.67914293922735,1,2
"7876",2.32909010746049,5.44634043693927,1,2
"7877",0.971847036314029,6.91193489995342,1,2
"7878",2.94211377368856,5.82225185824092,1,2
"7879",1.42439094673775,2.16083413954832,1,2
"7880",3.14713204348885,2.72656373177688,1,2
"7881",1.33454589335942,5.27649364748092,1,2
"7882",0.292662493563801,7.15422585728678,1,2
"7883",4.4226846560322,6.48637914771358,1,2
"7884",3.57670072677512,8.95273409139077,1,2
"7885",0.800040080523954,6.42048767190904,1,2
"7886",3.0943449294645,-0.817685669703586,1,2
"7887",-4.35536776406774,5.73719194794147,1,2
"7888",-1.37773347531773,0.668710187398567,1,2
"7889",4.57463174518889,10.6939867890743,1,2
"7890",2.68036780478016,11.6337779485269,1,2
"7891",-1.52864446229366,9.90306948798987,1,2
"7892",0.674244018687876,9.3111482933579,1,2
"7893",1.61430240701957,5.93909637762552,1,2
"7894",0.0654496093028651,4.98742853276844,1,2
"7895",0.353405441088472,3.89713054626112,1,2
"7896",2.66253951030332,3.528122925067,1,2
"7897",-1.12022115971009,7.50888890857846,1,2
"7898",-0.0659371172634153,-2.31817408437679,1,2
"7899",0.454609097016721,6.32860386515667,1,2
"7900",2.04977085828587,6.57567278429809,1,2
"7901",0.715368577062262,9.19679562193437,1,2
"7902",-0.745240550461196,7.05501581760546,1,2
"7903",1.81157676390512,6.65703537927257,1,2
"7904",1.18699537021831,9.65615321582563,1,2
"7905",4.78939810441636,8.81244465011363,1,2
"7906",1.86553594730529,7.14048748342835,1,2
"7907",4.57182275236131,3.96655049346984,1,2
"7908",1.86213246158335,1.77819571403724,1,2
"7909",3.34710573304574,7.44397575247204,1,2
"7910",2.44632483959707,8.91955288357059,1,2
"7911",-0.306342341321262,9.51999678767129,1,2
"7912",2.24525283304907,1.27423816484205,1,2
"7913",1.71498650998337,8.32268696619787,1,2
"7914",0.469864494339204,6.19738758686475,1,2
"7915",3.77155308168609,2.62021920407912,1,2
"7916",0.375270414537177,-1.26267045266949,1,2
"7917",2.22017930759462,8.98039399437132,1,2
"7918",0.813753074804416,3.48446325554302,1,2
"7919",-1.11925705381004,7.39468474803737,1,2
"7920",4.0117470362647,4.88057218313456,1,2
"7921",1.38642824633246,8.25138263414667,1,2
"7922",1.98982619358697,7.10142521728649,1,2
"7923",2.3395518640272,10.4184270293575,1,2
"7924",1.99980684455454,8.38437563056749,1,2
"7925",3.49624763467133,2.06221698018625,1,2
"7926",3.30577704632397,2.54588608543223,1,2
"7927",0.82890950778939,6.48839517752268,1,2
"7928",0.0603833473344582,5.9870894858882,1,2
"7929",4.29036453247121,7.57597253427149,1,2
"7930",2.83552493551354,3.34185468298114,1,2
"7931",-2.45740519533515,9.6927845570029,1,2
"7932",-1.44212600543643,6.79782728862397,1,2
"7933",0.40350551482769,-2.31772306475759,1,2
"7934",4.46865744261023,4.24281579855761,1,2
"7935",1.2822725328334,5.14133443688858,1,2
"7936",-0.8913723954783,1.07910133278185,1,2
"7937",4.25709596302652,5.14389288498716,1,2
"7938",3.79092883056951,6.08711933739025,1,2
"7939",0.810892923836888,4.47741216170387,1,2
"7940",0.869792651346778,5.01600522788488,1,2
"7941",2.96618080939666,4.81029605183269,1,2
"7942",2.42462844405958,5.99954844465563,1,2
"7943",2.83433551369562,3.9292282977761,1,2
"7944",0.578665612752987,-1.02497388455772,1,2
"7945",-2.57052780076276,6.37717327068976,1,2
"7946",2.55603420464776,7.95004613561336,1,2
"7947",2.75933360081006,3.97778702705531,1,2
"7948",0.160093495412349,11.892901168553,1,2
"7949",2.52624573943552,8.89075163778876,1,2
"7950",0.137498150526971,10.9650165213393,1,2
"7951",2.69378449826564,8.91441591856747,1,2
"7952",2.01569850520715,4.76497718722267,1,2
"7953",3.12570141478738,9.25035296815738,1,2
"7954",1.74536719852498,6.0740456761292,1,2
"7955",3.2615427688739,8.04480392378275,1,2
"7956",2.27457370745026,5.7657106386018,1,2
"7957",-1.28421343102025,10.0025487601533,1,2
"7958",2.34693378261842,1.75219501926198,1,2
"7959",4.01151453431652,4.05233617133669,1,2
"7960",0.631372837782153,3.98107789431576,1,2
"7961",2.5743717510735,5.37549451937404,1,2
"7962",1.81245139194201,5.29245065611731,1,2
"7963",-1.48452853304873,9.84442298428091,1,2
"7964",-0.758045160525952,9.0420161861571,1,2
"7965",3.38501140753056,3.46456393887515,1,2
"7966",3.07883880638831,5.64865912477021,1,2
"7967",2.04908641225772,12.1768014500649,1,2
"7968",4.93709189634311,3.1994841457612,1,2
"7969",1.32716601543632,9.08622551661032,1,2
"7970",3.38130548683001,6.8952362139349,1,2
"7971",1.8463300154202,4.47202066213076,1,2
"7972",-0.723304326160934,10.9397738413143,1,2
"7973",2.18265531063981,14.9387452996358,1,2
"7974",-2.41217420315582,0.533587011986985,1,2
"7975",-0.333387371918584,4.15954000955278,1,2
"7976",2.0877242402277,7.90440159560825,1,2
"7977",0.984114853207076,4.824381048448,1,2
"7978",0.113618218541817,5.3058942709176,1,2
"7979",-0.324837173132766,9.05016767839494,1,2
"7980",-0.381287713183808,13.353222824723,1,2
"7981",-0.416486238174896,2.69407205997314,1,2
"7982",5.16372858247409,9.09015505317671,1,2
"7983",-3.71815958800952,3.81465084711685,1,2
"7984",1.60312932387217,2.82676758320826,1,2
"7985",-0.286323203089091,7.43858674034577,1,2
"7986",-2.40962012323449,4.14451307828455,1,2
"7987",4.22230055912531,8.65855230362941,1,2
"7988",3.11055231954367,8.12775235314333,1,2
"7989",-0.200891754260616,10.9352680897795,1,2
"7990",2.44859346330979,5.86958803164625,1,2
"7991",3.43123678249604,8.36143099601172,1,2
"7992",0.672024727830663,11.8543940947196,1,2
"7993",1.14961351465543,8.65331091685646,1,2
"7994",1.3192236040642,2.9199111692328,1,2
"7995",3.51015707011795,4.54852380472693,1,2
"7996",0.234181808855132,9.06507283093841,1,2
"7997",1.3099208568868,5.68443723380654,1,2
"7998",2.99325824940972,-2.02091550142053,1,2
"7999",1.93696126217751,8.6487764163956,1,2
"8000",3.46213695146429,5.90081091220668,1,2
