"X1","X2","component","subcomponent"
"7001",21.65848800918,30.0249595397644,4,5
"7002",19.2125260464856,26.3307521201576,4,5
"7003",20.4450882247448,22.0311762332448,4,5
"7004",21.264249706191,26.3133809445378,4,5
"7005",17.0798562458407,23.1426194994058,4,5
"7006",19.6458781220316,25.1580970124453,4,5
"7007",21.2015551127461,23.7993058925227,4,5
"7008",24.0608477671083,39.0677672770351,4,5
"7009",19.622552555619,26.9338358842483,4,5
"7010",20.9850765310989,31.0332230208636,4,5
"7011",23.8896855961067,37.4154317011693,4,5
"7012",16.3007014562934,20.4372584364863,4,5
"7013",18.3664164847262,23.5662724856839,4,5
"7014",21.1688134167036,29.56937015962,4,5
"7015",23.9683085807456,31.870619729369,4,5
"7016",19.661419309687,31.4526433186944,4,5
"7017",18.7028297843779,21.9362907327424,4,5
"7018",20.2055929049266,27.9115701052435,4,5
"7019",18.7371474055518,25.2591015439361,4,5
"7020",20.7072738366693,29.6573850149106,4,5
"7021",20.508819210945,27.3142229267245,4,5
"7022",19.0555033346063,24.8512103571378,4,5
"7023",22.2987624387215,29.6178057907299,4,5
"7024",20.5726445605432,27.1704015132219,4,5
"7025",22.2383141643567,29.3901609613274,4,5
"7026",20.1624739469229,30.3414315378002,4,5
"7027",21.4548398815569,24.9333077268292,4,5
"7028",22.111648957431,33.2579980887298,4,5
"7029",20.1223517921439,24.480935960554,4,5
"7030",22.0835830109848,31.2079850175672,4,5
"7031",21.558966371634,30.3010732475384,4,5
"7032",21.91801158575,28.8120936454902,4,5
"7033",19.9942732234561,23.5139414713879,4,5
"7034",22.8296425307109,36.6134945622274,4,5
"7035",18.2691233394725,24.4144099392287,4,5
"7036",19.9996264130989,27.6122255406242,4,5
"7037",23.1099327857136,28.8941301289064,4,5
"7038",18.1714185032581,28.5940330655991,4,5
"7039",21.045453086565,27.9936290436902,4,5
"7040",20.8220491350556,25.2149600720496,4,5
"7041",19.1639894318919,24.0918283921166,4,5
"7042",22.9361913179155,30.9788049260242,4,5
"7043",21.5729158634049,29.8683480672881,4,5
"7044",21.1579718536096,29.7962165263811,4,5
"7045",22.5816837048776,34.2777653310707,4,5
"7046",21.2824316730285,32.1870277049288,4,5
"7047",18.4822690999492,17.3437711780432,4,5
"7048",20.3542630284769,30.5287935617396,4,5
"7049",21.3975462265843,27.1970693054578,4,5
"7050",19.4608140020818,25.7879631711196,4,5
"7051",19.1098531384233,30.6174805700811,4,5
"7052",18.7287988745351,25.2022279918153,4,5
"7053",17.7699645221057,20.333658849646,4,5
"7054",21.8899262033187,26.9987686595811,4,5
"7055",22.2631289282534,32.9450605081492,4,5
"7056",22.2396212524474,33.3373591383103,4,5
"7057",21.8229551535787,26.8493429662015,4,5
"7058",19.411331604244,25.0531922414027,4,5
"7059",20.4170452106718,24.3992859785316,4,5
"7060",20.6453441034091,30.5440254281915,4,5
"7061",21.7332927244668,30.6690080726169,4,5
"7062",20.7836668220471,25.9829659739525,4,5
"7063",19.8039716083225,25.5514291812443,4,5
"7064",20.4916629119206,27.9163844703276,4,5
"7065",20.4734121071969,26.0115961918658,4,5
"7066",19.8686389517543,25.3790579520531,4,5
"7067",20.5100189793322,26.4682657229823,4,5
"7068",22.4715068266806,30.358868568921,4,5
"7069",21.3503131487912,33.9748006315173,4,5
"7070",23.2743986070636,34.7631982253379,4,5
"7071",20.3310449021443,26.9749995930663,4,5
"7072",21.182252251725,30.929058304872,4,5
"7073",20.0780763239905,26.3140047673054,4,5
"7074",18.2223850064811,23.7085566310766,4,5
"7075",21.0096326832088,29.4421889796295,4,5
"7076",24.4709816743108,37.9879452790704,4,5
"7077",19.6646131801066,33.4440037084092,4,5
"7078",19.663121938065,25.8001287732237,4,5
"7079",20.7008386224403,28.1949667552708,4,5
"7080",21.5075662034363,29.9116759125609,4,5
"7081",22.3022487895523,29.2877294254434,4,5
"7082",21.0605813808861,29.6729582871338,4,5
"7083",20.5093035054922,30.4021090554017,4,5
"7084",20.628456737513,30.2776754274234,4,5
"7085",18.4548051378654,20.6198298093873,4,5
"7086",22.6423417298635,35.2229661699171,4,5
"7087",21.756562951671,29.4937448209244,4,5
"7088",22.3531837999818,30.2653497119656,4,5
"7089",21.6260253701743,28.4881046778569,4,5
"7090",19.1302288884394,28.0856034442437,4,5
"7091",22.1493257682097,30.224918317905,4,5
"7092",21.956721700182,29.5804973857034,4,5
"7093",19.7740041292436,30.1214709623388,4,5
"7094",19.9105906430291,31.5742682808275,4,5
"7095",22.1531444929577,31.5515199373869,4,5
"7096",20.5672299997187,29.6054203352214,4,5
"7097",22.8355628427238,35.8552865600919,4,5
"7098",23.1086197359657,37.78903690701,4,5
"7099",21.6504682061613,31.8327357738752,4,5
"7100",23.3384423033492,32.1459497305469,4,5
"7101",23.595763801161,36.7758291775929,4,5
"7102",21.2778529543531,27.6754239876844,4,5
"7103",20.5295800831562,24.5214321146019,4,5
"7104",18.0184159512787,18.0592362641684,4,5
"7105",20.8123696619631,27.3653084722173,4,5
"7106",22.0479833623738,33.0138225168984,4,5
"7107",21.4685621012251,23.5066136414368,4,5
"7108",21.7188798185085,30.996089885397,4,5
"7109",21.66730647466,29.2610184244408,4,5
"7110",22.9320406126175,32.941553424478,4,5
"7111",20.3711219518081,25.2677915848581,4,5
"7112",21.113147983311,27.766319325774,4,5
"7113",20.7750917247078,30.5446827913104,4,5
"7114",17.7232054243245,22.1875924101295,4,5
"7115",22.3357071069396,32.693897785903,4,5
"7116",18.4283348080249,26.9893197199125,4,5
"7117",18.0053182266314,26.3182400655822,4,5
"7118",21.6781893148671,33.4423416435179,4,5
"7119",21.8427502483039,32.0750340909329,4,5
"7120",23.0652019005076,33.2713071906492,4,5
"7121",18.8747630078726,23.502960010067,4,5
"7122",21.559158307435,29.8174916700697,4,5
"7123",22.0031850600189,28.2651902365032,4,5
"7124",21.8111578165158,38.2819932479995,4,5
"7125",19.7277378159062,25.5077074690945,4,5
"7126",22.6239973892212,31.1935465592007,4,5
"7127",24.2435937937181,32.8797077517028,4,5
"7128",19.4544001697977,25.9217425334246,4,5
"7129",21.2516668351301,33.1860124885915,4,5
"7130",20.096936461144,28.2808035207087,4,5
"7131",19.3929361627132,27.301050153516,4,5
"7132",19.47779492317,29.3538216700757,4,5
"7133",21.0341484804474,32.5158515269373,4,5
"7134",19.2206564481527,22.5798470042091,4,5
"7135",20.7071986684458,29.4372531873055,4,5
"7136",22.16925550497,29.7229958699469,4,5
"7137",21.944085206102,31.3835355348285,4,5
"7138",18.8839804237938,27.604149651339,4,5
"7139",19.0041672977574,27.9718171689705,4,5
"7140",21.9650587354149,32.6630594808685,4,5
"7141",22.5874216263594,26.5491719548937,4,5
"7142",22.3784352967376,29.3850233204589,4,5
"7143",20.6205004784338,23.4473514938236,4,5
"7144",20.1058216957866,25.1109530816511,4,5
"7145",20.0357318811944,21.2313750124005,4,5
"7146",19.244299583482,31.7442372548175,4,5
"7147",21.6175361517665,30.9940718198631,4,5
"7148",20.4511604855965,28.5519274231796,4,5
"7149",21.2501650502299,31.7693632305544,4,5
"7150",17.0030057625235,13.9550639747278,4,5
"7151",18.6846112391668,19.2558513511572,4,5
"7152",18.2343924288019,28.7576890188194,4,5
"7153",19.3068904395325,32.7497971152291,4,5
"7154",22.3642632214174,29.0812290629596,4,5
"7155",21.2236896394536,30.2165554089583,4,5
"7156",22.9658014712959,27.8415133618605,4,5
"7157",24.0352614656369,32.7959625614412,4,5
"7158",20.9808778863916,31.3246536342958,4,5
"7159",22.5420314881482,29.0141516612311,4,5
"7160",21.2632193853225,31.3232294133118,4,5
"7161",19.4606547890515,30.1978517328676,4,5
"7162",17.7227923041772,23.0836950986282,4,5
"7163",19.9216441113354,30.4818959757972,4,5
"7164",21.980542551762,28.8309141928961,4,5
"7165",18.4470689509284,23.9981655120325,4,5
"7166",20.8897331996754,23.3369532764027,4,5
"7167",20.9472011943737,23.6539611533626,4,5
"7168",18.781737941689,21.9629217097465,4,5
"7169",21.3248907282497,28.6690548139241,4,5
"7170",20.976232786809,30.6792830551324,4,5
"7171",23.4731426999342,33.6874544558089,4,5
"7172",21.928062681656,32.7778787110897,4,5
"7173",24.6086244080115,32.4737131016225,4,5
"7174",19.3860624106792,25.3024392290418,4,5
"7175",21.9358080160948,30.7716434364829,4,5
"7176",19.3497074418119,21.933975858271,4,5
"7177",20.6354286262125,24.563162117966,4,5
"7178",21.0059383827881,27.0156171882409,4,5
"7179",22.0296683727501,30.281189131427,4,5
"7180",18.6167895023107,26.0601021371067,4,5
"7181",19.7968587177983,29.152745251646,4,5
"7182",23.2962938789141,33.4236153309015,4,5
"7183",23.2860767451363,32.6724090511101,4,5
"7184",19.0261049420006,25.212474541423,4,5
"7185",21.4284505696756,32.9333867566369,4,5
"7186",21.8205245679005,27.9433144668179,4,5
"7187",21.6366832281057,30.3739312126773,4,5
"7188",18.6810781119692,23.584104444231,4,5
"7189",22.4525761556681,35.8659969600595,4,5
"7190",21.6450831149983,32.7869622995118,4,5
"7191",23.4603512663388,39.0789936560527,4,5
"7192",21.3069176014821,29.8914125339211,4,5
"7193",20.4735412372748,28.0347668937473,4,5
"7194",20.1315407282463,20.9258195301979,4,5
"7195",18.9381333588799,28.6438836198736,4,5
"7196",19.450910200651,27.5071211212458,4,5
"7197",21.4180515100149,26.7585224143616,4,5
"7198",20.7052507581142,26.6408014229133,4,5
"7199",22.8663343967399,33.0846965286581,4,5
"7200",23.341974866896,31.355119341589,4,5
"7201",20.024227277069,31.3910888095805,4,5
"7202",22.2020860200181,40.1681597305594,4,5
"7203",19.9692338088981,28.541134307746,4,5
"7204",22.6720067668285,30.9126851740896,4,5
"7205",21.8622621869536,32.456021740086,4,5
"7206",19.2633122926911,26.2396331893396,4,5
"7207",18.951008428397,24.7184856083976,4,5
"7208",20.2696069216337,28.1615910870751,4,5
"7209",22.3014485528006,30.3459040575112,4,5
"7210",22.7124811765501,34.9471097487294,4,5
"7211",20.2819240423309,30.5593186950386,4,5
"7212",17.1716333414291,19.1562800631565,4,5
"7213",21.8782770154717,24.7522330942681,4,5
"7214",22.393793105987,29.5408216074887,4,5
"7215",22.0962341488151,30.7636089302276,4,5
"7216",19.1063765100594,23.8607315121544,4,5
"7217",22.2752956016018,33.9237288451666,4,5
"7218",22.9778444354212,27.2394611044653,4,5
"7219",20.2519597375816,26.9688412147525,4,5
"7220",20.7386387605987,29.6008344422252,4,5
"7221",20.5894678081495,28.4543376229483,4,5
"7222",21.7945412143368,27.4866857754165,4,5
"7223",19.7551475384327,25.9462297940099,4,5
"7224",21.4913696408739,31.147010068387,4,5
"7225",19.2282100632764,25.1562446857326,4,5
"7226",20.1002745826001,28.1120758251264,4,5
"7227",17.7570197339948,28.7947763734792,4,5
"7228",21.2237299500507,24.3475171217296,4,5
"7229",20.3136865228985,31.9762502210965,4,5
"7230",20.9816929510294,30.004690046749,4,5
"7231",21.6902651995161,29.3966848981715,4,5
"7232",22.9309435649647,29.8174133654817,4,5
"7233",23.0071690842087,26.983551802537,4,5
"7234",21.8367940009796,31.3848238328438,4,5
"7235",22.5466709962272,36.6027249230278,4,5
"7236",21.7845321078537,33.7042358533056,4,5
"7237",19.7147671273346,19.4072324665619,4,5
"7238",21.8240663965807,29.8603356484343,4,5
"7239",18.7851525553628,25.4257651661683,4,5
"7240",20.8786840768384,28.8624528124652,4,5
"7241",21.9881597956088,31.7103867513296,4,5
"7242",20.7032583802372,28.430893229771,4,5
"7243",23.4146618280373,34.660659750823,4,5
"7244",22.4969701391138,31.7221494567282,4,5
"7245",22.99877353245,31.6213965302312,4,5
"7246",19.4638804125912,26.1216352349251,4,5
"7247",19.5974751880024,25.6970053527909,4,5
"7248",19.4753921852867,25.6549715362113,4,5
"7249",19.550650800296,25.9399951398581,4,5
"7250",22.5399030208117,30.3005607258222,4,5
"7251",22.421008222665,32.1698520735748,4,5
"7252",18.684601303238,20.9663901332625,4,5
"7253",20.6711594854256,30.2132371149347,4,5
"7254",18.6192916516279,25.2568039543314,4,5
"7255",23.0229818213373,25.1566738565428,4,5
"7256",24.3485808553076,34.2404528597583,4,5
"7257",17.0731769071288,19.7336986538592,4,5
"7258",18.9685284015515,21.4974130067464,4,5
"7259",22.0251229445392,30.6384400521521,4,5
"7260",23.5235948364781,36.5874214400243,4,5
"7261",18.8368655933956,21.389122574287,4,5
"7262",23.7089656100778,34.6506576302032,4,5
"7263",21.3139695378492,19.8749759297136,4,5
"7264",18.4903701622776,20.8303099802044,4,5
"7265",19.3813517198577,27.324083215047,4,5
"7266",19.631138290418,31.9065501945615,4,5
"7267",19.6519067619942,22.8307271619645,4,5
"7268",20.212123001218,26.2092517022437,4,5
"7269",21.1220264847582,35.2532768775218,4,5
"7270",21.5128992991991,32.5005921893719,4,5
"7271",21.2774960670617,26.1702353224173,4,5
"7272",23.1443021524895,29.9455345743514,4,5
"7273",19.2820361202855,26.2049163409532,4,5
"7274",20.1483670096412,31.5858456068433,4,5
"7275",22.0554089369646,33.4315868685307,4,5
"7276",20.2920062474259,30.19812261321,4,5
"7277",23.0614748378552,33.7126447729511,4,5
"7278",23.0962489045937,27.117424722036,4,5
"7279",19.9206852592567,27.1020119314495,4,5
"7280",22.5037366945663,32.2955601675621,4,5
"7281",19.4914353517394,25.754041730296,4,5
"7282",23.0313727919789,38.4912287634557,4,5
"7283",20.2720302793882,28.7820682903559,4,5
"7284",19.1007246315588,29.3196018025732,4,5
"7285",21.0897312335949,25.3129488143081,4,5
"7286",19.3247320720932,27.8079001689905,4,5
"7287",21.2057459078244,26.1202060375073,4,5
"7288",20.0780995328807,23.9828375168175,4,5
"7289",19.7636544235156,23.8261417037516,4,5
"7290",20.6534082474512,29.2353180342195,4,5
"7291",19.6721098455405,27.3616769495837,4,5
"7292",20.7866014748933,30.5802692279099,4,5
"7293",20.7855369317868,29.4354806548433,4,5
"7294",22.1523939404945,28.2886933027988,4,5
"7295",22.3332276915394,29.7718763935371,4,5
"7296",19.7520035721045,29.4373789381958,4,5
"7297",20.6192859515956,29.2020358670291,4,5
"7298",19.8602761328655,26.0402284188496,4,5
"7299",17.9107073247908,26.3857511052143,4,5
"7300",20.550867009628,27.2201646901714,4,5
"7301",20.4247234967412,27.7076273657997,4,5
"7302",21.2023841386741,31.595373795467,4,5
"7303",22.0097364832758,25.4392950612234,4,5
"7304",22.6649948261241,29.8032689994129,4,5
"7305",23.481463566862,34.2409726052058,4,5
"7306",20.1572260409408,28.3682654317384,4,5
"7307",22.4616291080652,29.5996845621837,4,5
"7308",21.3964643867852,28.7457790349243,4,5
"7309",20.350553727343,26.5939185345276,4,5
"7310",19.7189723580679,29.4236146039591,4,5
"7311",21.3434195679797,30.2087471396189,4,5
"7312",17.7643226162212,22.7582658258811,4,5
"7313",19.2918520847637,19.6127492860694,4,5
"7314",23.4029601461382,36.5147153452862,4,5
"7315",19.8016996900953,32.421109836801,4,5
"7316",21.1356882036215,31.8503713394972,4,5
"7317",20.5452019228273,25.8908193029544,4,5
"7318",21.5804714946647,27.0776362390601,4,5
"7319",20.3942807302838,23.6643080985975,4,5
"7320",20.3351990926727,28.5912267009056,4,5
"7321",21.5557317402594,27.8160807122655,4,5
"7322",20.6813449214533,26.1309583543101,4,5
"7323",21.9486469405384,28.3061259410681,4,5
"7324",18.993054604231,27.8226238469878,4,5
"7325",21.1703161065399,31.3856125187866,4,5
"7326",21.6414161146153,31.125326776059,4,5
"7327",22.7865452290004,33.2137629473207,4,5
"7328",21.7766322041941,32.6674803966785,4,5
"7329",20.5733792772231,31.5647676302095,4,5
"7330",22.3353037966694,31.911638939259,4,5
"7331",21.1396180235249,26.1477448015299,4,5
"7332",22.2026366240975,35.4303505876667,4,5
"7333",22.2275984014771,28.5622068943432,4,5
"7334",19.4136199112269,31.2778934560436,4,5
"7335",20.884363593607,25.7885417161564,4,5
"7336",21.9712544622775,33.1114712953501,4,5
"7337",19.7490372331624,29.3600437003172,4,5
"7338",20.7338039919693,30.944909494009,4,5
"7339",21.1060481171855,29.1732235387337,4,5
"7340",21.550317510021,32.2040508201871,4,5
"7341",20.3040580247025,25.9010411638061,4,5
"7342",20.1468129637027,21.9556177967349,4,5
"7343",17.8213844799833,24.7070447098376,4,5
"7344",18.0548246285,22.7736744811945,4,5
"7345",22.1908983717595,30.0382964699528,4,5
"7346",19.4044185017599,27.0467484948265,4,5
"7347",22.6334025024321,29.7639097060145,4,5
"7348",19.8937222816161,28.3903403894608,4,5
"7349",22.0533932578145,30.3038386510829,4,5
"7350",21.6312282985844,29.5527137905706,4,5
"7351",22.361027858512,33.3741219983863,4,5
"7352",21.1072053731387,26.0982678621359,4,5
"7353",20.9165553628644,28.0591807689098,4,5
"7354",21.9872703773573,31.482157909351,4,5
"7355",18.7619760625992,20.4359016055405,4,5
"7356",19.9108513082085,27.8405415932212,4,5
"7357",20.1263068916148,28.1345678462027,4,5
"7358",19.0742719695511,27.74811414152,4,5
"7359",22.9882797628302,33.5030267231422,4,5
"7360",20.3535332019648,24.2534202037764,4,5
"7361",22.6645027403342,38.2042138862636,4,5
"7362",22.949873760407,30.0058874731057,4,5
"7363",21.5447792498732,30.823099321805,4,5
"7364",21.0836904355101,28.7440096067988,4,5
"7365",20.5840640808703,31.949314741044,4,5
"7366",19.9050567877708,28.3324617256793,4,5
"7367",18.6637110715157,29.1949571220869,4,5
"7368",20.4669472790156,26.5410598250107,4,5
"7369",21.0698731722713,24.8145908248469,4,5
"7370",19.7233205426248,20.3246231843557,4,5
"7371",21.9711775456576,34.9718388232932,4,5
"7372",20.0341418430804,27.7251218659066,4,5
"7373",21.8969525791342,30.646002420831,4,5
"7374",20.8330630604832,26.1689381637583,4,5
"7375",21.8186360565797,27.2598695429586,4,5
"7376",20.6104070917443,25.5343906841365,4,5
"7377",20.5200569378903,27.3811689927904,4,5
"7378",22.4560841670822,34.1807792514776,4,5
"7379",22.6925260820202,30.042626862898,4,5
"7380",22.2018557320148,30.148911391992,4,5
"7381",19.0215592577982,27.7588789785213,4,5
"7382",21.3712930307104,28.3537313655808,4,5
"7383",20.65992373432,30.5164214722967,4,5
"7384",22.1700074158012,29.658716962662,4,5
"7385",22.9979723662451,30.2037453573338,4,5
"7386",17.3472437934687,20.8703707798148,4,5
"7387",22.1313135534409,28.3532068107844,4,5
"7388",20.404876601218,23.6716859242552,4,5
"7389",16.8622578357277,19.3517828652244,4,5
"7390",21.9330973634037,26.4410611017132,4,5
"7391",21.4644976364235,25.9997878242214,4,5
"7392",21.3046442828761,28.6345975046453,4,5
"7393",22.5154268920087,29.675627918174,4,5
"7394",20.7872913253088,28.9828779538847,4,5
"7395",20.7582110887162,26.9308609723192,4,5
"7396",21.3706260928587,30.1032449397057,4,5
"7397",21.908334300095,27.3328869093597,4,5
"7398",19.7974401513418,29.1955508490776,4,5
"7399",20.8417145388374,30.8586129161558,4,5
"7400",19.896877772329,23.128347879102,4,5
"7401",22.1416490798234,29.3590832838588,4,5
"7402",20.496671840955,30.3877363709016,4,5
"7403",18.323390205083,25.8501946350435,4,5
"7404",21.0658810862918,28.6397295134378,4,5
"7405",22.1731614246166,32.9906984671582,4,5
"7406",22.1613510250812,25.369933015953,4,5
"7407",18.3145022711005,25.8335477773152,4,5
"7408",20.1755047459943,30.8633791951299,4,5
"7409",17.402508917179,16.0555352726486,4,5
"7410",20.235659926314,29.1942620852612,4,5
"7411",22.1204941844958,35.589069064215,4,5
"7412",21.8713364686949,35.4548845705128,4,5
"7413",20.1425951796136,33.1099853481126,4,5
"7414",18.6094053152057,23.6694781972372,4,5
"7415",21.6916005846057,28.6281518298733,4,5
"7416",22.2215088178698,37.8198655471433,4,5
"7417",17.883119993738,23.8331333136132,4,5
"7418",16.8695187078933,21.7530146031827,4,5
"7419",20.5659321728954,26.2250627077297,4,5
"7420",20.667349462868,30.9046720917514,4,5
"7421",21.9561706372216,30.8709699405217,4,5
"7422",22.2194484143069,37.0917423151079,4,5
"7423",16.617410001607,23.5799190829989,4,5
"7424",21.1630786417409,27.2217547630494,4,5
"7425",20.5498524799211,29.4035308754086,4,5
"7426",16.9531845440272,21.3937236968433,4,5
"7427",19.8735477078445,25.0878540913688,4,5
"7428",23.2480683684627,34.1788680391827,4,5
"7429",20.195937978816,29.0447960061419,4,5
"7430",21.2500737112244,28.9439245582413,4,5
"7431",20.9243243039906,24.2820299149537,4,5
"7432",20.8044390899007,32.9636309831692,4,5
"7433",20.7383517886007,27.3533483011959,4,5
"7434",19.7629973292693,29.7354538068089,4,5
"7435",19.8644176648353,23.0856047715698,4,5
"7436",19.8109170278566,31.3416534114861,4,5
"7437",22.2146394481847,36.8739744004669,4,5
"7438",21.85027970342,37.3142137566667,4,5
"7439",19.8426448087889,30.98288987462,4,5
"7440",22.1746693718319,28.5959425094616,4,5
"7441",18.4255275490469,29.5609878047152,4,5
"7442",18.2289817400983,22.1888519650112,4,5
"7443",20.6979561090753,32.9851978059442,4,5
"7444",22.6633431952221,31.7675091196506,4,5
"7445",21.2463223943871,26.8525153959638,4,5
"7446",21.0487801578605,26.3054078734784,4,5
"7447",23.8451478662472,35.3400502470746,4,5
"7448",19.6464384260917,26.117535133603,4,5
"7449",22.3672536476712,31.8189809414275,4,5
"7450",20.3292877474678,26.0339782797778,4,5
"7451",21.0853642342592,31.3261206057833,4,5
"7452",19.3684532472924,28.8515315335964,4,5
"7453",20.8675293463045,30.9920483771633,4,5
"7454",19.3434976860433,24.7047741120791,4,5
"7455",19.2699264664031,22.6890102701703,4,5
"7456",24.3562300536231,35.8150643519521,4,5
"7457",20.7865501623521,31.2417133776011,4,5
"7458",18.307041657262,28.8847741789941,4,5
"7459",21.9022525572385,32.7938417289645,4,5
"7460",23.0915494128011,34.9031983780441,4,5
"7461",21.0424512920387,28.3797685654323,4,5
"7462",20.2775580764684,29.8747512906387,4,5
"7463",23.260784415231,34.8332863903518,4,5
"7464",21.1435879554726,27.0118583845089,4,5
"7465",20.4400701408489,28.3221839017207,4,5
"7466",20.822167144922,29.3316332752537,4,5
"7467",21.003325340294,25.0901533058944,4,5
"7468",21.8841779290655,32.1491245958772,4,5
"7469",22.0584514154292,29.7262443381025,4,5
"7470",20.5545165207821,27.0076463144464,4,5
"7471",19.2868945492802,28.0855628005354,4,5
"7472",18.7413787127274,22.502964744442,4,5
"7473",20.0277493230945,26.8510508791437,4,5
"7474",20.4682221849872,22.6644538407476,4,5
"7475",20.9815389667605,31.1619269288061,4,5
"7476",22.1878134381669,33.9444508484203,4,5
"7477",19.7226350165469,25.6563480307646,4,5
"7478",23.245924999196,36.7270327003348,4,5
"7479",19.6111744062263,31.935575531828,4,5
"7480",21.185418776837,30.0049273822577,4,5
"7481",22.5412591188967,32.0506462728624,4,5
"7482",23.3607375291923,25.7203938548508,4,5
"7483",20.4932628517871,29.0064349857143,4,5
"7484",19.7534939730799,27.6323540656051,4,5
"7485",19.7879542957941,25.1761089162158,4,5
"7486",25.4280896292931,38.8574711152831,4,5
"7487",21.3497462045396,28.9556524282723,4,5
"7488",20.0363499433663,26.7594787507831,4,5
"7489",21.1658598049112,23.923136475099,4,5
"7490",20.8612820978015,30.8432180048696,4,5
"7491",21.3102796216013,31.5401643902566,4,5
"7492",21.2082802012525,30.720708349214,4,5
"7493",19.3954667579787,24.5362250219395,4,5
"7494",20.922137906109,29.7700518711131,4,5
"7495",22.1299243203301,30.2568268058379,4,5
"7496",20.3311020756591,26.8251923440277,4,5
"7497",20.7986621089468,27.8043855370477,4,5
"7498",21.4595847555983,28.8940049799286,4,5
"7499",18.7174188741443,22.5482655327995,4,5
"7500",20.294940274422,30.9913419933975,4,5
"7501",24.0254165203591,35.1401059395796,4,5
"7502",19.1148044184675,26.718463001127,4,5
"7503",20.8156538082436,24.4559580218781,4,5
"7504",23.5910500993388,27.9688310542279,4,5
"7505",20.9355943638051,31.6763215460731,4,5
"7506",21.4320298770773,27.0024496124163,4,5
"7507",22.8353603542542,31.0186899485414,4,5
"7508",22.6027533273064,35.8609434533444,4,5
"7509",20.7020405958351,31.9402433024151,4,5
"7510",21.5295762000845,31.3667364899467,4,5
"7511",21.0702676930885,25.7736912174559,4,5
"7512",22.2785747928907,31.5208520280349,4,5
"7513",21.2182892124243,31.2229381637946,4,5
"7514",21.987891151809,27.6174696821575,4,5
"7515",19.5620203189681,28.6451136723458,4,5
"7516",21.5645774790514,28.0025312078442,4,5
"7517",19.0113453357173,28.8954204707885,4,5
"7518",22.1141360624317,34.2424613799544,4,5
"7519",20.7810637607017,26.3739292513563,4,5
"7520",20.2548784943296,28.542198040914,4,5
"7521",22.9893132534143,30.3157013073553,4,5
"7522",21.3808554059472,32.7491714242943,4,5
"7523",23.0606981700838,30.288658164883,4,5
"7524",21.9386396079485,31.9633251086373,4,5
"7525",21.4546841425768,33.0249118772448,4,5
"7526",20.5435355636631,30.4806871932048,4,5
"7527",21.78529895744,35.0157533132675,4,5
"7528",20.2753653438375,22.4159419839825,4,5
"7529",23.8503070753711,34.1037562850089,4,5
"7530",21.7526160501969,26.6628145426868,4,5
"7531",23.2695705919288,33.4713162008509,4,5
"7532",18.5137724938342,24.6671173974578,4,5
"7533",20.6318814809781,28.4711515820182,4,5
"7534",21.2784152927261,32.7854786678923,4,5
"7535",23.0032354166166,42.056732927323,4,5
"7536",21.4221766411511,27.806314394114,4,5
"7537",20.7492443541655,29.5280089313558,4,5
"7538",20.0956285244272,26.1115978491762,4,5
"7539",22.8430344300117,29.2549900128211,4,5
"7540",20.8401599069192,29.4548114382234,4,5
"7541",21.6806344632569,31.4212712545943,4,5
"7542",24.9183463007002,43.6675886444037,4,5
"7543",18.8159768831371,28.108339563044,4,5
"7544",22.1196175368763,35.1624696653451,4,5
"7545",21.8275804453207,31.1903997278237,4,5
"7546",20.8844829674741,30.3811996202486,4,5
"7547",22.7779608546969,35.2281482012805,4,5
"7548",19.7972876553559,24.9196540064183,4,5
"7549",20.9991344865096,29.0002284401825,4,5
"7550",19.8412793874067,28.1582752979124,4,5
"7551",19.1764240622634,23.1615659382374,4,5
"7552",22.0356663566024,31.1808968354482,4,5
"7553",21.138248284855,31.9235187360264,4,5
"7554",23.2096467415887,32.1483310347193,4,5
"7555",23.0266995834055,33.0278848837197,4,5
"7556",23.9191248938529,34.3153209924821,4,5
"7557",21.6724550449091,32.2620909180648,4,5
"7558",21.7885132148086,32.3515918390642,4,5
"7559",21.429888809288,29.3558095348399,4,5
"7560",19.4426416455713,22.4505355651215,4,5
"7561",19.4704081942539,21.7996293551867,4,5
"7562",21.7182740408398,29.1078584232544,4,5
"7563",19.7775308746995,27.2913048723062,4,5
"7564",20.0242738635772,25.4126826272155,4,5
"7565",19.9655616718679,25.1507223073845,4,5
"7566",21.8468282511099,31.1660835341716,4,5
"7567",22.6182651701051,35.2856718949323,4,5
"7568",20.9576180467561,24.258789543754,4,5
"7569",19.7076366835262,22.3501210425669,4,5
"7570",23.9442499096975,29.9863067457352,4,5
"7571",22.599052897054,33.9655233790586,4,5
"7572",20.7840197657109,21.4292188359063,4,5
"7573",19.081688346369,30.5303129459403,4,5
"7574",23.8173445189068,32.7545674664659,4,5
"7575",24.3594328153846,41.0898643785589,4,5
"7576",21.4569899153407,26.2610996139497,4,5
"7577",19.4353877284404,23.3182334209905,4,5
"7578",22.0081376235218,30.957099728419,4,5
"7579",19.4245642312767,23.1956820278498,4,5
"7580",21.4866064673997,29.1464451601489,4,5
"7581",17.9203860807671,26.9554269552442,4,5
"7582",21.020847799147,28.5010367122435,4,5
"7583",22.1549489537717,33.6940236815568,4,5
"7584",20.3142257227759,30.0002896381696,4,5
"7585",19.8413008862329,31.0744916799654,4,5
"7586",23.4451458378052,32.3765018105914,4,5
"7587",19.6119951343507,24.791920888806,4,5
"7588",20.566903771166,26.7293529524209,4,5
"7589",21.618872132038,27.8275648117306,4,5
"7590",22.1637478783009,34.3291257174901,4,5
"7591",21.1938375928882,29.4303835898874,4,5
"7592",21.1463053337174,20.603305372717,4,5
"7593",20.9978052389273,30.1324790725522,4,5
"7594",24.0202359959282,34.4847419118517,4,5
"7595",22.7827109806912,34.1735271595824,4,5
"7596",19.3237115425348,32.5299059815525,4,5
"7597",20.0010700379738,28.1269800533898,4,5
"7598",19.726725479788,28.6624760569664,4,5
"7599",21.6462257763413,25.2578643871539,4,5
"7600",19.0183997508107,22.6772260293756,4,5
"7601",22.0055081431074,32.7389948594121,4,5
"7602",20.2503025054193,30.7330983739387,4,5
"7603",20.968625681947,21.7676875335499,4,5
"7604",22.0020001652995,31.2402815970711,4,5
"7605",20.52217207931,28.9441887951093,4,5
"7606",19.4553759328308,27.2353916379657,4,5
"7607",22.0426648366607,34.8678662663436,4,5
"7608",20.4575770977576,30.8092095800306,4,5
"7609",23.1903653327779,39.1669271005761,4,5
"7610",22.5772442794345,35.332469006226,4,5
"7611",21.7309223128775,24.7727300827858,4,5
"7612",21.4197091423867,26.1958532771885,4,5
"7613",21.5908430227209,27.6092583127284,4,5
"7614",19.7876066964991,26.0175335359968,4,5
"7615",20.0622263023855,25.9090369695769,4,5
"7616",18.5745225166073,24.7244844661443,4,5
"7617",18.7414166622765,27.0820045127393,4,5
"7618",22.3625704918816,28.4557478409126,4,5
"7619",22.1497114289011,33.1944172513575,4,5
"7620",19.4271806189153,25.8925846404289,4,5
"7621",21.1634648003635,28.2477676270642,4,5
"7622",22.1039110630881,30.7995406871373,4,5
"7623",21.3532045203715,32.340941184266,4,5
"7624",19.4512759538236,25.5441925806994,4,5
"7625",22.9696313050237,30.1309067723662,4,5
"7626",19.5942826866081,22.2244420339389,4,5
"7627",21.767171027143,29.0633781720376,4,5
"7628",20.0596750978181,26.726736324308,4,5
"7629",21.1757648685722,28.2946427968093,4,5
"7630",21.5408164164395,31.58529438369,4,5
"7631",23.1807242650362,37.1196714091689,4,5
"7632",19.6922984746622,27.3983872709546,4,5
"7633",21.7013016587445,27.8582979063765,4,5
"7634",21.8987630467025,30.4245834487529,4,5
"7635",20.445917425414,31.1351676879975,4,5
"7636",22.4741635725548,34.0336364587411,4,5
"7637",22.5733946244163,30.198089286491,4,5
"7638",20.6227964575556,33.3900912072322,4,5
"7639",18.9903187030922,24.778663623267,4,5
"7640",21.8648236661861,31.9331299203349,4,5
"7641",20.9252495867548,28.6087278451711,4,5
"7642",17.8597119558341,19.0338501229348,4,5
"7643",21.8078814389355,33.9059686936011,4,5
"7644",20.1331953938434,24.5702962935498,4,5
"7645",20.8672834677214,31.5567443511378,4,5
"7646",21.991197094025,28.4675498942301,4,5
"7647",19.2572380848445,24.6109375529124,4,5
"7648",19.9197609509271,27.8115428193215,4,5
"7649",19.7409411343586,21.9069719414078,4,5
"7650",19.701205214519,27.2687627771371,4,5
"7651",19.0226619478228,29.0472358658286,4,5
"7652",21.5808143179019,31.7266160900777,4,5
"7653",18.0548068438513,25.826200933849,4,5
"7654",20.2796503498716,28.742940174386,4,5
"7655",20.9780978229295,22.9044221982574,4,5
"7656",21.4986962443643,27.3423787567174,4,5
"7657",20.6704661547576,30.2714652742716,4,5
"7658",21.3387792213824,30.9563739132703,4,5
"7659",20.1203556535975,26.1617892972937,4,5
"7660",20.9140671072389,26.1067826043618,4,5
"7661",22.8208135446308,31.1770996043732,4,5
"7662",22.7559070535945,33.6689235007407,4,5
"7663",21.8965306907669,29.6372283586523,4,5
"7664",20.1307642349576,21.9678359869143,4,5
"7665",20.2853348184841,35.4754952376899,4,5
"7666",21.1568121941487,25.0495151646547,4,5
"7667",18.1276968563922,24.5369136004333,4,5
"7668",19.5710916956851,26.7088796918474,4,5
"7669",22.0042945033988,31.3813211738099,4,5
"7670",20.5642331498811,30.7606484263124,4,5
"7671",19.2582427850244,29.4605213797284,4,5
"7672",19.5100765446859,28.493630419572,4,5
"7673",20.8555241044067,31.4199327654511,4,5
"7674",17.7504181570267,22.4220674238303,4,5
"7675",21.7035160106841,27.37943619654,4,5
"7676",21.7361732968332,28.7434992776603,4,5
"7677",17.8025881616798,25.5452565952314,4,5
"7678",20.8444660042546,36.5040396811137,4,5
"7679",18.425810993691,23.7051277560237,4,5
"7680",22.5503885739057,30.1956630757103,4,5
"7681",22.9025559528521,35.1687028479508,4,5
"7682",21.6985274648366,31.7098478395232,4,5
"7683",21.4757813216392,27.8122863350407,4,5
"7684",20.9275280303139,27.1812729267032,4,5
"7685",21.5660634346252,28.2850536328798,4,5
"7686",21.1274991812609,33.1126282659067,4,5
"7687",21.1547059305837,27.8104870424304,4,5
"7688",20.2599752924217,28.4544492724888,4,5
"7689",20.1137980710822,24.8342360721888,4,5
"7690",19.7845959922347,24.0300600976577,4,5
"7691",21.1833614683601,26.5699948463852,4,5
"7692",21.1621199513544,31.2453355811546,4,5
"7693",22.2423992914143,30.622239202878,4,5
"7694",21.0100582610252,27.5006374607477,4,5
"7695",21.0032797759533,27.4552857939369,4,5
"7696",22.6061117750463,34.5510669704901,4,5
"7697",17.2765724597375,21.4990753469394,4,5
"7698",20.6027355483565,30.8985027814189,4,5
"7699",20.3964807149108,33.1769810878351,4,5
"7700",17.2648726600334,23.040925594287,4,5
"7701",20.4729560300027,29.3045588497522,4,5
"7702",19.7668481366049,24.6612599441092,4,5
"7703",21.5571926835832,31.2841489577372,4,5
"7704",22.783507587387,32.6037037636915,4,5
"7705",19.9336258675814,27.9453415009874,4,5
"7706",21.4130142578899,26.4476372350388,4,5
"7707",20.5694803736299,25.6368882525962,4,5
"7708",20.1476122045432,31.8464802759416,4,5
"7709",20.4571538416989,31.3353493722963,4,5
"7710",24.7577564361444,40.50949717015,4,5
"7711",21.0694050664981,28.7728750180416,4,5
"7712",20.3300272103236,30.4752148810262,4,5
"7713",19.190865255305,25.3283935411199,4,5
"7714",22.1801195048892,35.5591417216891,4,5
"7715",22.4820893056913,32.2391817002543,4,5
"7716",22.6419414056445,27.9113320285505,4,5
"7717",21.0893782451672,30.9441759637897,4,5
"7718",22.7817011892767,31.9909828132787,4,5
"7719",22.4352572996136,35.0573186104327,4,5
"7720",19.9232270775182,25.0319164059228,4,5
"7721",23.4925739206364,36.3504514034784,4,5
"7722",20.6523468446852,31.7596941839319,4,5
"7723",19.6151196213506,26.8693895863997,4,5
"7724",24.0094709549363,36.9475292284595,4,5
"7725",20.9306924527699,26.6019056988946,4,5
"7726",20.7183196796861,23.6512694566568,4,5
"7727",21.4694089643694,35.8439474088751,4,5
"7728",21.199205464954,31.164346531553,4,5
"7729",21.8063863683871,32.2163537866263,4,5
"7730",22.3819634148641,34.9413031998227,4,5
"7731",19.7202656590314,24.1575902337566,4,5
"7732",20.4999394244416,32.8229088025208,4,5
"7733",19.2153408003402,26.2804331284759,4,5
"7734",22.0810361881433,27.7782173591159,4,5
"7735",21.8657021691404,27.031693654226,4,5
"7736",18.9947800083689,27.4012716129076,4,5
"7737",18.8074638102958,26.7197351181897,4,5
"7738",22.6184886719051,32.2740491721761,4,5
"7739",22.0574894618481,32.1395895882716,4,5
"7740",19.4584849048535,27.219652160227,4,5
"7741",20.3002004606754,25.8850497287792,4,5
"7742",20.7973387160068,26.6847034427963,4,5
"7743",20.7125780009336,29.9897947989332,4,5
"7744",18.6081419296955,20.7298507140667,4,5
"7745",21.51761912536,27.292258995063,4,5
"7746",22.9260644688466,33.3631881598883,4,5
"7747",23.3495297322612,28.1941894685879,4,5
"7748",20.6711030954342,29.7437431348717,4,5
"7749",21.5524201577248,30.2222989567366,4,5
"7750",22.513644399236,29.3820004243499,4,5
"7751",17.1134338402582,22.8063839483886,4,5
"7752",21.3760633964698,29.5388053133936,4,5
"7753",21.3203393975083,32.4635120577383,4,5
"7754",18.7898902705992,28.0916473436546,4,5
"7755",19.4667213676098,21.9538241793929,4,5
"7756",23.4001648480067,30.7515414831341,4,5
"7757",21.7991676993488,32.3909115355735,4,5
"7758",20.6012885829146,29.9045034737577,4,5
"7759",19.0414383468228,27.5979488552326,4,5
"7760",22.7623226100643,30.5863923032795,4,5
"7761",18.7568622940702,27.5484877114389,4,5
"7762",21.6043339053777,28.820077369399,4,5
"7763",22.7033152805688,34.2057729487597,4,5
"7764",20.8469067145045,30.0751895597641,4,5
"7765",20.6562538548378,25.4691367184663,4,5
"7766",20.3419432720543,23.3372819573339,4,5
"7767",20.7647627217009,27.352403585898,4,5
"7768",22.0375152483326,33.1525876844763,4,5
"7769",21.8672844148491,30.030674976391,4,5
"7770",20.9083919332865,28.1242993797851,4,5
"7771",19.54365315327,23.5695349416455,4,5
"7772",22.1189333699245,26.0675152435294,4,5
"7773",20.0354309192642,24.2529240550217,4,5
"7774",20.910720506741,31.6874587901416,4,5
"7775",21.2962339456166,28.3178146500411,4,5
"7776",24.562273461958,35.2598316144444,4,5
"7777",21.0260548689876,26.8031417628008,4,5
"7778",22.84979097518,33.1128457242158,4,5
"7779",22.2841398135929,30.0226229420981,4,5
"7780",22.2045855637423,26.4691857090366,4,5
"7781",24.6820381297181,39.1522002793201,4,5
"7782",23.2775245724431,33.3874989686178,4,5
"7783",20.4924762029861,24.4195580536956,4,5
"7784",21.4701898024322,32.1935235012928,4,5
"7785",19.491945300875,31.9132540473832,4,5
"7786",19.537761401582,23.7200406558947,4,5
"7787",21.9491340119122,32.2149287367213,4,5
"7788",18.3190875780609,24.8071823787126,4,5
"7789",22.4484840859949,34.0599816342841,4,5
"7790",18.8107557702268,24.8956168932437,4,5
"7791",22.5099315716195,29.3445978055044,4,5
"7792",19.98406226775,28.183997252747,4,5
"7793",18.1177204237911,21.4389679720283,4,5
"7794",20.082175970262,21.053790320581,4,5
"7795",21.2614690777816,29.2561518979345,4,5
"7796",22.0313685745594,24.6638831352055,4,5
"7797",20.3363056965457,22.1507211686382,4,5
"7798",21.9758868331237,31.8639558858447,4,5
"7799",18.8668436903117,22.651325815683,4,5
"7800",20.9668120972358,30.5364475507826,4,5
"7801",20.2738610332852,22.4410199552523,4,5
"7802",22.5593679293729,27.9855640844157,4,5
"7803",20.0467938709997,27.04545632991,4,5
"7804",22.3507506178065,27.3035832189944,4,5
"7805",20.8608786832513,23.637623971711,4,5
"7806",23.3737204484013,37.4895134712114,4,5
"7807",21.009166200211,28.1161799369091,4,5
"7808",22.3641448556812,33.9003229324662,4,5
"7809",21.417207047273,24.4830414422903,4,5
"7810",20.1750726655392,25.1089704345083,4,5
"7811",23.0678690321539,25.3395949402307,4,5
"7812",22.4113082554837,32.7593647758182,4,5
"7813",20.717261428529,30.3338859097126,4,5
"7814",21.6251194086406,30.0372778423501,4,5
"7815",19.4385439874293,20.4875943869673,4,5
"7816",19.3813954229523,24.0418023470885,4,5
"7817",22.4771034358064,30.0049551174665,4,5
"7818",21.8809693753062,34.3510443002153,4,5
"7819",22.9476139596207,38.2318720217113,4,5
"7820",20.7145284500343,31.80417046762,4,5
"7821",20.9761543558697,30.7461258664958,4,5
"7822",19.8924372906536,30.066802562621,4,5
"7823",20.2026485896466,23.6572883353335,4,5
"7824",22.3920653716387,36.1469849050519,4,5
"7825",21.8893922295277,34.0079074910931,4,5
"7826",19.0289569849339,28.8248381612751,4,5
"7827",20.465748657511,29.296420946256,4,5
"7828",21.5853434946089,32.8466830149193,4,5
"7829",19.8999768086043,27.1738750196125,4,5
"7830",24.9844057632764,39.611253419704,4,5
"7831",20.5067850849402,32.0807162462457,4,5
"7832",18.3613227645607,23.7994857788421,4,5
"7833",20.0910585853522,24.7113876743599,4,5
"7834",20.8536337272777,29.9781797367844,4,5
"7835",20.5010414989036,26.9417490369993,4,5
"7836",20.3545696806039,29.5927001621226,4,5
"7837",21.3724354088766,29.0470816444415,4,5
"7838",22.605115359535,30.856739360738,4,5
"7839",21.3506037806317,30.8319954259553,4,5
"7840",20.9531016343998,30.4315412743189,4,5
"7841",18.1431770519945,29.652761291436,4,5
"7842",19.7798752011063,26.8976202545492,4,5
"7843",18.9222075269172,28.5716442008431,4,5
"7844",20.5198441109754,30.9438379106403,4,5
"7845",21.3413036791435,29.53646309754,4,5
"7846",19.6432573651692,28.5990623660275,4,5
"7847",21.9450581274327,29.5950470149133,4,5
"7848",18.8725534421765,23.373704549531,4,5
"7849",20.7843901640026,26.4184002832723,4,5
"7850",22.3616878771562,30.8625919962973,4,5
"7851",20.6333764774981,26.3084696082164,4,5
"7852",25.4232426451118,37.4231099259029,4,5
"7853",23.4040420380519,33.5049490023282,4,5
"7854",22.1560964923434,28.2074806173576,4,5
"7855",21.7357493816032,34.585828477256,4,5
"7856",20.490329105914,27.1125823381831,4,5
"7857",21.1564443481051,30.106771090282,4,5
"7858",21.2785069670588,25.7782621744864,4,5
"7859",18.8319576111946,22.923650801026,4,5
"7860",22.3423414969366,34.4668432832581,4,5
"7861",20.2329768136305,26.3780958110297,4,5
"7862",22.0828214406681,22.3591286894352,4,5
"7863",23.0422743182512,30.3507857573953,4,5
"7864",20.1605081792387,36.839779673613,4,5
"7865",21.4302120203774,34.363092417919,4,5
"7866",21.5220339320373,28.7739565027301,4,5
"7867",20.6809292166353,29.4994200368714,4,5
"7868",20.3373504387865,27.4234074550424,4,5
"7869",19.598074038653,26.412945089801,4,5
"7870",21.4055946483342,32.4047049276656,4,5
"7871",18.9026031623034,22.113527813821,4,5
"7872",19.6473107813816,31.5473307798359,4,5
"7873",21.1485738142013,30.7558932979782,4,5
"7874",20.2602627246882,30.8557189985103,4,5
"7875",22.2591245090366,32.6074904309607,4,5
"7876",21.984636822949,32.7100867021936,4,5
"7877",21.322947724367,29.9929113352102,4,5
"7878",20.694940365546,26.5862970875525,4,5
"7879",21.4907586420818,30.3172741314779,4,5
"7880",19.8570683501335,24.246845079773,4,5
"7881",21.6463262255586,29.4111775182599,4,5
"7882",22.9480220532854,36.545515377051,4,5
"7883",21.8245647726532,32.1851451425624,4,5
"7884",22.4030432815868,34.4196186243696,4,5
"7885",22.5774575813036,33.3969155959798,4,5
"7886",22.1460949021458,28.8212027181093,4,5
"7887",21.4954312955864,34.6927252099306,4,5
"7888",20.9366841684981,33.6857513817308,4,5
"7889",22.1207400171664,28.2051563539746,4,5
"7890",20.2509282329789,24.4065069722007,4,5
"7891",21.3319451792877,32.533620092334,4,5
"7892",18.5241762297297,23.8004187723743,4,5
"7893",23.5350726589859,33.3749711080397,4,5
"7894",21.734407337322,31.8626822072731,4,5
"7895",21.2752190203572,26.9943352843644,4,5
"7896",19.9581199411152,25.5656397125633,4,5
"7897",20.0399942942843,25.294564651889,4,5
"7898",20.9191710676358,33.0543448322149,4,5
"7899",22.0409968803795,32.2385153895797,4,5
"7900",20.6300742576072,28.5612067396499,4,5
"7901",22.9397826778837,30.5684926232604,4,5
"7902",20.1244747159485,29.3058101823691,4,5
"7903",21.0773760581493,29.5322338070905,4,5
"7904",20.3583883949563,29.2844594291843,4,5
"7905",21.354420926294,30.1923312189482,4,5
"7906",19.2321273134939,27.1172576186002,4,5
"7907",23.9232441439945,31.9922776557617,4,5
"7908",23.7676709691597,38.4961379923067,4,5
"7909",21.7331251726838,31.7266050160779,4,5
"7910",19.252723726158,23.9579561570196,4,5
"7911",21.4720687635348,26.9703638612518,4,5
"7912",22.6133809240288,33.8491274535265,4,5
"7913",20.1101036716295,27.6831032311499,4,5
"7914",19.4259049760633,29.1399887391431,4,5
"7915",21.4656748655553,29.9175232426051,4,5
"7916",23.291697841114,31.5137351981217,4,5
"7917",22.3801729118831,33.4761043444369,4,5
"7918",20.8419319696686,29.2296976916408,4,5
"7919",21.2633148072432,29.1163880476205,4,5
"7920",18.7479711666542,27.9310245644174,4,5
"7921",19.2356024120054,22.1097753330205,4,5
"7922",21.6834362891333,30.858192429016,4,5
"7923",20.4867340010137,25.1869535520202,4,5
"7924",21.0577131789649,28.9093563511279,4,5
"7925",19.7136549109794,24.5155319345809,4,5
"7926",22.1933797395833,33.5535477598571,4,5
"7927",22.4743816509851,33.410215644229,4,5
"7928",21.9826281851865,31.0704374818989,4,5
"7929",22.9117050156701,25.688722209122,4,5
"7930",23.5558106748886,32.46119040539,4,5
"7931",21.5001599988542,26.4671288924799,4,5
"7932",19.3045298879357,22.1680697476192,4,5
"7933",20.8262736551007,34.4437806948388,4,5
"7934",20.307085901713,26.1290236073306,4,5
"7935",21.2614468428376,34.8165387302705,4,5
"7936",21.9898837415479,29.8937633062086,4,5
"7937",20.5532959648879,29.6846939474394,4,5
"7938",20.1449988103992,25.6732754770157,4,5
"7939",22.5985411021391,39.7056981416031,4,5
"7940",22.8562953053879,31.6523617195185,4,5
"7941",22.7869579667934,28.0570628542556,4,5
"7942",20.8586152871549,30.6042718006662,4,5
"7943",23.0889302179045,35.5581228288863,4,5
"7944",20.8988882000157,26.2370520309535,4,5
"7945",19.9425540410074,32.5333151961498,4,5
"7946",19.2956554060768,30.3933127633154,4,5
"7947",21.4972129413678,29.1667302898611,4,5
"7948",19.1402421622301,28.4109488420393,4,5
"7949",19.6270294777818,26.7341016935271,4,5
"7950",20.5602950865414,24.7764643352972,4,5
"7951",20.6444269114956,27.0740938488012,4,5
"7952",20.7322244215312,34.4093215155602,4,5
"7953",23.3701187699235,35.6104165755284,4,5
"7954",18.4017547054203,23.4059049584877,4,5
"7955",20.3045031120105,31.4239742739723,4,5
"7956",20.7233679694331,28.3205710703966,4,5
"7957",20.4971634084351,32.7663145786251,4,5
"7958",19.5270970476732,22.7494428228975,4,5
"7959",20.394353971113,28.4185008645781,4,5
"7960",22.9442831159771,35.8142896739272,4,5
"7961",19.0276850023573,26.9044135889813,4,5
"7962",19.9188146364489,29.4720488878941,4,5
"7963",21.2478148244843,28.819922360021,4,5
"7964",22.2051634796382,30.4574922114379,4,5
"7965",22.4447342250275,26.0921350509625,4,5
"7966",25.4688789528857,32.0933687757306,4,5
"7967",22.6369318532568,34.0492567458976,4,5
"7968",21.6700648295706,34.042527998638,4,5
"7969",20.278184060405,30.2675265311431,4,5
"7970",18.9843059465113,24.280234187693,4,5
"7971",18.1782638876169,22.5235033536032,4,5
"7972",18.6926607461625,29.3538481051766,4,5
"7973",22.9399298852019,30.8031341297396,4,5
"7974",22.9540982565195,33.9946366773979,4,5
"7975",23.665298545247,37.4211952640422,4,5
"7976",19.3692341155919,27.1265712609755,4,5
"7977",23.1129798788722,32.1651454159695,4,5
"7978",19.456864968664,26.7770383987118,4,5
"7979",22.2865225945628,35.4032524406086,4,5
"7980",19.6929580693203,31.7110318304256,4,5
"7981",19.0804881398932,20.0416023002076,4,5
"7982",20.4377007628822,26.1720158352882,4,5
"7983",19.8529043017519,21.8601323324748,4,5
"7984",23.0155946800357,32.7901806914123,4,5
"7985",19.6883045375062,25.5073389896972,4,5
"7986",19.9091804702411,24.7903062511031,4,5
"7987",23.4399266299469,31.7926386847965,4,5
"7988",19.9741632030775,22.0397951330318,4,5
"7989",23.0221733539866,33.9487679767309,4,5
"7990",20.9651585854585,27.8399678516043,4,5
"7991",22.4374111283667,32.0510970005934,4,5
"7992",21.2648808853713,31.4635691309988,4,5
"7993",20.6974238099844,25.3642891485099,4,5
"7994",22.7671582230711,33.8144231277989,4,5
"7995",20.1980537121265,29.3580186535153,4,5
"7996",21.3779306038173,31.7448223770032,4,5
"7997",23.424304010808,34.339940399136,4,5
"7998",20.9320567381505,36.5409669578931,4,5
"7999",19.3991825175393,23.8276707912192,4,5
"8000",21.4331931746132,27.1843106102471,4,5
