"X1","X2","component","subcomponent"
"4001",20.4280082845769,6.25344024147915,12,8
"4002",25.1619086242357,7.22227296101313,12,8
"4003",19.2479035374348,6.96246716912061,12,8
"4004",26.0310582280614,3.45773689390949,12,8
"4005",23.3584682381352,7.97421653083476,12,8
"4006",22.9398090534498,6.33207602940351,12,8
"4007",24.7715571044405,9.96690932655092,12,8
"4008",19.2460928501475,7.39310623840312,12,8
"4009",20.9653699620188,5.41684349335763,12,8
"4010",20.1159936253817,6.5999525462524,12,8
"4011",23.8664766590281,8.8401238080811,12,8
"4012",26.7343867179586,5.13788525567745,12,8
"4013",21.0120521721522,10.1525792902309,12,8
"4014",25.4033941524919,8.35551684084053,12,8
"4015",27.2935869015436,10.7184619955136,12,8
"4016",23.0818656012513,4.76581268909763,12,8
"4017",23.3694047439083,8.10729906994082,12,8
"4018",13.0609870851519,5.03124012186159,12,8
"4019",19.8139270159182,8.73951970324596,12,8
"4020",26.0218609270159,5.70312813103967,12,8
"4021",19.0983942361866,3.94609558677275,12,8
"4022",20.4431566974233,7.79796548913685,12,8
"4023",19.4891314414764,6.37965772087768,12,8
"4024",18.9016295140014,6.73781578462506,12,8
"4025",22.9275107949173,9.53559292961303,12,8
"4026",25.7378888093144,8.25007178284708,12,8
"4027",22.6797539487539,5.94892246687888,12,8
"4028",25.1941419687003,2.85404740063682,12,8
"4029",22.6736808883395,8.28300316368776,12,8
"4030",21.3094443306361,7.15940523249933,12,8
"4031",22.8824568363751,8.29216791549516,12,8
"4032",20.1327238117109,8.13346747953905,12,8
"4033",23.8030139565938,3.89946863114633,12,8
"4034",18.4597597481061,6.87177019789822,12,8
"4035",22.2982599514639,7.7720345818211,12,8
"4036",22.3139746530423,10.2664203151405,12,8
"4037",22.197122249134,7.60391659668947,12,8
"4038",14.2867461321144,7.351314195797,12,8
"4039",18.3016007669748,6.28672700471859,12,8
"4040",20.6129746317252,7.58361501558618,12,8
"4041",18.1398088725538,4.70948083610729,12,8
"4042",14.3395879354901,10.2068068828173,12,8
"4043",28.2202277873415,2.17712721315194,12,8
"4044",24.0521853268837,7.56081419847011,12,8
"4045",21.2535383167839,2.60742176811898,12,8
"4046",27.6942821911095,5.6469518852644,12,8
"4047",14.7358030089632,4.1133418436785,12,8
"4048",24.2826263641218,7.04434424740192,12,8
"4049",23.2502789765173,9.53783003612887,12,8
"4050",22.9892458930645,5.50203637910322,12,8
"4051",18.484744845546,7.11205517954706,12,8
"4052",24.9412653930759,3.83505072240176,12,8
"4053",23.896978479956,6.32809962983455,12,8
"4054",24.3939880965458,6.62902446833865,12,8
"4055",20.893622941508,3.93431316220691,12,8
"4056",19.0094436694727,3.73067432236103,12,8
"4057",21.8889628723995,9.22424384250447,12,8
"4058",20.209765361557,4.06508592868661,12,8
"4059",22.7751143353721,4.85342118378087,12,8
"4060",24.7165841363215,5.18196093189284,12,8
"4061",19.9657412320783,6.2558174294167,12,8
"4062",20.1269298798742,4.87085428136234,12,8
"4063",21.0843652113355,4.9933013020717,12,8
"4064",22.1040994937809,7.36236587439009,12,8
"4065",26.8004405011727,6.95868819439231,12,8
"4066",23.1798019872402,7.04960453622778,12,8
"4067",23.8973117083385,8.17994932477432,12,8
"4068",23.1312893570937,4.18021093026791,12,8
"4069",18.3329794766014,5.02716881344221,12,8
"4070",18.5542098908914,8.3427214296696,12,8
"4071",28.9230467321681,6.57060581869464,12,8
"4072",20.3918106730091,3.3582421360124,12,8
"4073",27.9619818322327,7.55241439192394,12,8
"4074",26.3947209825127,6.79469864902243,12,8
"4075",21.0156210903036,6.92671967142102,12,8
"4076",21.0182127416334,6.79907068670391,12,8
"4077",16.8186599319127,7.88275209389308,12,8
"4078",14.2722332561755,8.25801083688266,12,8
"4079",15.9247508948302,9.22568204514525,12,8
"4080",22.5359844516648,8.06221445377849,12,8
"4081",18.2268200971762,5.83186688599139,12,8
"4082",24.9816878436083,6.28473579009161,12,8
"4083",17.7713047605907,4.47186484533708,12,8
"4084",22.2676196668818,5.71830218520794,12,8
"4085",22.246352275578,5.6840475963783,12,8
"4086",20.9459651277619,5.95022198203852,12,8
"4087",29.218435219921,6.13751903227885,12,8
"4088",19.5646643385479,5.033968807015,12,8
"4089",19.5507654223095,4.15737211148094,12,8
"4090",24.8784086708198,6.23848637111545,12,8
"4091",22.2147457047378,7.1731181004894,12,8
"4092",26.6032677872719,7.8704180839208,12,8
"4093",23.8429307688259,9.38905635499684,12,8
"4094",22.1302049694594,9.65324825215617,12,8
"4095",18.0519916800556,5.0036966071223,12,8
"4096",20.5098762895044,4.93997652540226,12,8
"4097",26.3306846167366,3.47279293180173,12,8
"4098",19.3520054525885,8.29892488259426,12,8
"4099",15.365633396183,5.42585664998877,12,8
"4100",12.2382555613878,7.82043277509832,12,8
"4101",16.866822510389,5.96614114831654,12,8
"4102",20.7558929360168,8.75011733575143,12,8
"4103",22.8298190855993,6.8504603030086,12,8
"4104",22.3685600109566,6.43166902330334,12,8
"4105",19.6938347475364,6.71082029292677,12,8
"4106",26.1927837194234,6.91238332657874,12,8
"4107",19.3128687107583,3.38991409858792,12,8
"4108",19.428870072321,4.57296433873119,12,8
"4109",24.1697159421882,6.48930066800558,12,8
"4110",17.7519184976106,5.72173817968942,12,8
"4111",16.1445434591024,8.91805972908795,12,8
"4112",20.3719603773866,6.88500363947778,12,8
"4113",26.2716951886376,5.57441085065067,12,8
"4114",22.2215709703918,4.5012867198367,12,8
"4115",24.2976263277419,5.22413306795841,12,8
"4116",12.7482537220828,4.9819061880467,12,8
"4117",16.9744824159434,5.02979702633052,12,8
"4118",19.6036469723757,6.23793022141283,12,8
"4119",23.824682706894,7.19724474786644,12,8
"4120",25.4853233677447,6.98381743995462,12,8
"4121",24.6286356914911,6.24023772996855,12,8
"4122",25.2504765477498,6.57105495938969,12,8
"4123",25.7705599167702,5.21275305336157,12,8
"4124",23.8758826917756,6.36191603310485,12,8
"4125",16.5655911802175,5.28459285954424,12,8
"4126",22.5600721983011,6.73802254181975,12,8
"4127",22.2281282291943,6.63889224370102,12,8
"4128",23.0070576638012,3.20947421710931,12,8
"4129",27.4258354828643,7.56317273862473,12,8
"4130",22.3071889809432,7.43922522651984,12,8
"4131",23.2820045011606,5.21456887329538,12,8
"4132",22.4399505732395,5.37090644546535,12,8
"4133",26.9831404637174,4.73726839617347,12,8
"4134",21.5832250741092,5.33495610217534,12,8
"4135",20.0369205902501,4.34432430525045,12,8
"4136",21.3070835380688,7.07634601401148,12,8
"4137",21.7827167866421,6.62037052659673,12,8
"4138",25.6295291913169,8.42121836260749,12,8
"4139",26.2364676709547,7.36953612978172,12,8
"4140",20.5793422599731,2.41844280421179,12,8
"4141",15.9755479788297,7.88720685409393,12,8
"4142",20.6161947299666,6.15127673828384,12,8
"4143",19.6548085251669,10.6897518132958,12,8
"4144",21.0655234225032,4.20778584966646,12,8
"4145",15.5736041114547,5.55405229525162,12,8
"4146",26.3449890705749,6.2698969288122,12,8
"4147",24.5760018161296,9.51563645546461,12,8
"4148",20.7110245126003,6.88377316508391,12,8
"4149",17.2651250114396,7.46701658479981,12,8
"4150",26.3095725625235,4.14106965852158,12,8
"4151",19.2865354302657,5.14178962556303,12,8
"4152",24.2181146400019,4.71067101739593,12,8
"4153",20.2305243114286,7.82009229846306,12,8
"4154",19.4558506122572,2.60707568081484,12,8
"4155",19.1734085067398,3.132897848433,12,8
"4156",25.5851439000665,6.27590057811534,12,8
"4157",24.0254950870701,5.13877765585893,12,8
"4158",21.3542365523244,6.80566920175783,12,8
"4159",22.8743856070014,2.27810036116892,12,8
"4160",17.207959600285,6.33403742045849,12,8
"4161",24.8346616370446,6.41571695766678,12,8
"4162",19.6242793606985,3.97088288573033,12,8
"4163",17.5331727679709,2.19659380007816,12,8
"4164",22.536617152342,6.37917938880777,12,8
"4165",21.4806636454713,7.30479283075635,12,8
"4166",20.1003161181181,2.61444689813841,12,8
"4167",22.7394442739729,9.85003401901469,12,8
"4168",23.8431281452322,6.12223596017035,12,8
"4169",22.6040663953017,6.68091414840481,12,8
"4170",20.3444792027763,5.58483722818609,12,8
"4171",23.1084627276166,5.44273419161547,12,8
"4172",16.9335485036065,3.25589524812168,12,8
"4173",23.4097385052366,5.14819897017333,12,8
"4174",20.8711151728758,7.90749020248227,12,8
"4175",15.8813001792222,7.45657804571286,12,8
"4176",14.9554821892074,7.96509294498413,12,8
"4177",20.3312221309466,7.92407350554388,12,8
"4178",24.0187434823374,7.6551790463826,12,8
"4179",31.6373020865409,6.46812779221985,12,8
"4180",25.5340162806873,5.47258226010364,12,8
"4181",23.5575604443725,2.30400019404901,12,8
"4182",18.1393229851111,7.61836042631124,12,8
"4183",20.2971951746778,5.60458824422448,12,8
"4184",15.5504697735174,9.1638478951268,12,8
"4185",20.4827138179372,4.3397669677989,12,8
"4186",24.7940214307149,4.95668275413804,12,8
"4187",19.0241226150156,6.92718588945027,12,8
"4188",17.9336854994262,5.09395125793836,12,8
"4189",26.9561213577598,5.39674175681362,12,8
"4190",26.1761906787244,6.0686106550115,12,8
"4191",24.5830980225508,5.71297345479944,12,8
"4192",22.8966103534812,7.71232335290397,12,8
"4193",24.1084058771159,4.00928882424765,12,8
"4194",20.1723478192905,6.76364815453543,12,8
"4195",19.7784381659524,6.49062269814173,12,8
"4196",26.9249405235087,6.79747523044256,12,8
"4197",26.4240743694514,5.37064518398165,12,8
"4198",29.7439281964797,11.3376120354935,12,8
"4199",19.3987381228529,6.61065769130049,12,8
"4200",19.2259465471915,4.43618433048917,12,8
"4201",21.1320409545876,6.82560306111025,12,8
"4202",19.7823011513941,8.66167586850902,12,8
"4203",16.1130174869726,5.03771675950998,12,8
"4204",18.0741903263204,3.91997527150806,12,8
"4205",26.9020504486592,5.07126346815243,12,8
"4206",21.3280385508909,6.94410442111982,12,8
"4207",23.7284204508684,6.45106248059672,12,8
"4208",32.2447968256561,8.06197593982532,12,8
"4209",19.8440723859813,5.63417007740169,12,8
"4210",23.818197627073,6.44328919807188,12,8
"4211",26.7789765730644,7.29756046923228,12,8
"4212",22.7715424797392,6.73820095015278,12,8
"4213",16.2886747906291,9.57195421522008,12,8
"4214",22.6050461122855,6.28653435019512,12,8
"4215",20.8099225024461,3.34190516722351,12,8
"4216",23.7315550957732,7.17813775294593,12,8
"4217",26.1027714415125,5.83902024073425,12,8
"4218",15.2516518708269,8.60992264572871,12,8
"4219",24.6519871429668,7.11233786505267,12,8
"4220",19.8889546925027,4.55580798026002,12,8
"4221",20.3882412184107,9.24400420324387,12,8
"4222",22.4237374619619,8.43348858278929,12,8
"4223",17.8115557039195,7.33321028183858,12,8
"4224",28.627218542492,4.97794935167211,12,8
"4225",15.8690636698385,8.45251542643937,12,8
"4226",22.1232789928556,4.08515342957702,12,8
"4227",24.3626462238359,6.90496407644357,12,8
"4228",24.7261794047823,6.65506727718311,12,8
"4229",19.4735776754714,6.10678080954356,12,8
"4230",14.2911152815694,5.59333805085988,12,8
"4231",17.3286633528782,4.92379703037959,12,8
"4232",24.7473009934165,7.65222835816251,12,8
"4233",28.3763570668284,4.7626678237615,12,8
"4234",28.6309474415513,7.23128846670807,12,8
"4235",20.5960658785812,9.08059828376132,12,8
"4236",25.413933098969,7.83096483998129,12,8
"4237",22.6011331511685,7.89845880826821,12,8
"4238",19.2714323010244,8.86364343078878,12,8
"4239",25.0781641947964,6.49298685847385,12,8
"4240",25.1121684998605,3.09266483952575,12,8
"4241",18.9746478355577,8.61718874497815,12,8
"4242",18.5579729059734,6.95651248054382,12,8
"4243",17.7936084574263,9.26308658440614,12,8
"4244",24.6324035433209,7.87710972913676,12,8
"4245",20.9550026399682,6.47269316753426,12,8
"4246",22.8553487373458,7.76937176779876,12,8
"4247",25.5984212692697,9.67100665045902,12,8
"4248",19.9482817057542,5.87660638337995,12,8
"4249",21.1079538905826,6.54600323212703,12,8
"4250",22.4300451030638,4.72218795777055,12,8
"4251",23.1262061859506,5.84929016296136,12,8
"4252",21.6020075021719,7.30653393646299,12,8
"4253",18.472495002028,7.33270264420981,12,8
"4254",27.6661198538311,4.43059023977705,12,8
"4255",23.4166697500146,6.47833198019328,12,8
"4256",22.420205678218,9.72522440313915,12,8
"4257",26.2567657987222,4.67841611775075,12,8
"4258",24.1522763329108,6.53962071731728,12,8
"4259",24.6697733371008,6.29603193828118,12,8
"4260",16.9529685197664,0.954793842032002,12,8
"4261",21.4094770644699,8.18155781933235,12,8
"4262",19.0665792609116,9.49475166704448,12,8
"4263",20.348733612885,7.07059413033755,12,8
"4264",22.620130072569,7.00144222759633,12,8
"4265",20.0809421228213,2.28357070923181,12,8
"4266",28.2727643359065,9.03664489316298,12,8
"4267",18.1074654825337,6.67432912812097,12,8
"4268",19.0322960958955,5.51646456888166,12,8
"4269",24.493884964274,5.39131839832492,12,8
"4270",23.9289152742101,3.86559853028761,12,8
"4271",20.3484970645132,7.1002122829762,12,8
"4272",19.7593662673427,4.47064683731999,12,8
"4273",18.2012209295996,5.79673221119627,12,8
"4274",16.4248749147063,5.87264204122844,12,8
"4275",19.7556280038437,3.72946248580359,12,8
"4276",25.6796919816071,7.1626060069642,12,8
"4277",23.7211474768527,7.34263585804103,12,8
"4278",24.3394720210793,4.50403797627557,12,8
"4279",15.8996178146894,6.40927492371754,12,8
"4280",18.8669428096712,7.08991058876137,12,8
"4281",28.5831051127809,4.36851249265263,12,8
"4282",29.7697419295676,8.46460287565669,12,8
"4283",25.8534252688308,5.18358927777642,12,8
"4284",25.1638203322492,6.99582360123651,12,8
"4285",17.339024564869,6.96015716895254,12,8
"4286",21.9616705069382,3.40893831697847,12,8
"4287",24.1434503376309,7.55230281237811,12,8
"4288",19.0921482462185,7.85973189353624,12,8
"4289",23.1978140142796,8.37023543585824,12,8
"4290",17.2855287564215,5.3254144835181,12,8
"4291",23.9751798401892,5.44897573430758,12,8
"4292",22.7810942199849,9.15694943947946,12,8
"4293",24.0461060784579,8.30532167692368,12,8
"4294",22.4837657376458,6.66857531911559,12,8
"4295",19.4276534498003,9.21643279881746,12,8
"4296",28.1388120336224,6.19519436610433,12,8
"4297",22.4602630613593,5.39061164141734,12,8
"4298",22.7087868247125,6.08012985020949,12,8
"4299",22.3104168956642,7.08332511146476,12,8
"4300",24.1119210126002,5.49307333580776,12,8
"4301",22.5070542445664,10.1355549471338,12,8
"4302",22.5482584237635,8.48098806744232,12,8
"4303",19.4081441633167,6.26115908388662,12,8
"4304",16.7877990718126,4.42784747109569,12,8
"4305",15.8113183069105,9.14563711996875,12,8
"4306",26.8625455179838,2.75228767836565,12,8
"4307",19.7576134818508,8.78616548395968,12,8
"4308",22.6890039760881,7.43403163852856,12,8
"4309",24.8458803672742,7.63831911110393,12,8
"4310",22.4527306749287,5.61711619151063,12,8
"4311",23.0038365447864,8.96778815013637,12,8
"4312",25.3914107600309,5.66096294220564,12,8
"4313",26.1713929599144,7.60286233077061,12,8
"4314",22.3182481618727,7.67463647481915,12,8
"4315",19.3080874303805,5.33104170065876,12,8
"4316",24.3011484469431,6.76404852187822,12,8
"4317",24.0250939344274,7.28801018688414,12,8
"4318",19.4944046371642,2.89161415819204,12,8
"4319",26.4200474449543,3.59299603598465,12,8
"4320",19.16544651017,4.27640492475882,12,8
"4321",23.1435441275239,5.04113088426789,12,8
"4322",17.52975036071,8.21787285103994,12,8
"4323",17.1292757515272,2.87123623425695,12,8
"4324",22.7307977122708,7.90113875816468,12,8
"4325",18.0016088289394,4.11302950850605,12,8
"4326",28.3781818487661,7.02233352698137,12,8
"4327",22.728215892564,6.06106942589477,12,8
"4328",19.2135542567661,5.82223061552951,12,8
"4329",14.0954790213806,6.8534849151274,12,8
"4330",20.2741509220946,3.66003334610722,12,8
"4331",22.2538511955279,5.42655441335507,12,8
"4332",16.6403331703859,4.77407332870311,12,8
"4333",21.3655994755347,5.12004556845615,12,8
"4334",26.0164002634561,2.74311473437857,12,8
"4335",20.3339685794469,5.98438793826644,12,8
"4336",24.0063591996075,9.34852710466764,12,8
"4337",22.4085411271265,5.6649898871748,12,8
"4338",24.2488686147805,6.58389365630982,12,8
"4339",23.7337827110252,7.89656584600693,12,8
"4340",27.3929896071383,5.25495785248095,12,8
"4341",19.2943482924635,6.19786120186451,12,8
"4342",19.979881672856,7.94642641941765,12,8
"4343",16.1263667494439,4.41897568814639,12,8
"4344",27.8163523837203,5.16361822656762,12,8
"4345",15.8089993742354,4.99868021442496,12,8
"4346",19.884972194956,4.13383149776188,12,8
"4347",24.0287671782985,8.08291002437516,12,8
"4348",21.9843280040903,7.05369482575142,12,8
"4349",25.2289388284378,8.48243793951546,12,8
"4350",25.5406591945928,3.05037419080436,12,8
"4351",27.7672414343296,4.29466813098979,12,8
"4352",25.2453039242382,7.88898807320934,12,8
"4353",20.8575571396844,8.14292020016542,12,8
"4354",26.227261499612,9.47263490510856,12,8
"4355",11.1265829278787,7.37268644111261,12,8
"4356",16.2243490208193,4.19056381376798,12,8
"4357",14.0965686001061,9.10805899363695,12,8
"4358",25.2065418020246,5.5626072845171,12,8
"4359",26.9304961072586,8.11895296469886,12,8
"4360",18.3110362785464,12.6122642370152,12,8
"4361",17.1252801521085,6.66240340242091,12,8
"4362",26.3808426426305,6.14372752212733,12,8
"4363",21.5985185217399,3.78004959253469,12,8
"4364",22.3887243109038,5.58694019152863,12,8
"4365",24.5405831766546,7.49836619662607,12,8
"4366",21.4827888876167,1.92585757560441,12,8
"4367",18.9811524229854,8.37370299946082,12,8
"4368",23.5184824974578,5.50338197259226,12,8
"4369",22.293689695833,2.71191900340706,12,8
"4370",15.3950371612677,10.100984193843,12,8
"4371",19.5010700134737,9.32886607719433,12,8
"4372",27.1843801946052,7.66591566556052,12,8
"4373",17.8461777217979,6.36505692163846,12,8
"4374",16.4598263521903,4.25211489909914,12,8
"4375",17.4377516187568,7.47956828935761,12,8
"4376",24.6219898055478,4.6156992732043,12,8
"4377",21.5337078616904,9.0225448827375,12,8
"4378",24.2854635897228,6.12289502721834,12,8
"4379",20.1800675751238,6.56626007500775,12,8
"4380",24.5471097986491,6.3048699980145,12,8
"4381",17.5004813117296,6.33996534055354,12,8
"4382",25.2880211140353,7.12640955829912,12,8
"4383",21.4795962075806,5.87373198744742,12,8
"4384",16.0466122986843,6.79928261646602,12,8
"4385",28.5924603343298,7.79964730344738,12,8
"4386",21.4933224472449,8.51162999386381,12,8
"4387",23.8641816484599,8.19850949937857,12,8
"4388",21.7274987912223,6.9022948982269,12,8
"4389",26.0939539588373,3.5867522344396,12,8
"4390",28.3108736574456,9.75874905705975,12,8
"4391",19.8078967156323,6.45998258602819,12,8
"4392",22.7530527234307,6.1257555549221,12,8
"4393",19.0464410319474,7.8881723049182,12,8
"4394",20.3858435527675,5.97782370019837,12,8
"4395",19.1928741386988,7.45884504356716,12,8
"4396",20.1179821812895,7.25137569678802,12,8
"4397",32.4199251351754,5.75693622824943,12,8
"4398",21.5250135980316,4.56233519986203,12,8
"4399",22.4254885745791,7.39783612663281,12,8
"4400",25.3541670236681,8.80257990872335,12,8
"4401",21.3581518905061,7.39169131688791,12,8
"4402",15.547784100645,8.90375264091435,12,8
"4403",24.2544997315608,4.38729908632833,12,8
"4404",25.9415847440895,5.67226435555788,12,8
"4405",23.4085569994558,5.02587054212294,12,8
"4406",26.047357437832,6.10474821292299,12,8
"4407",22.151701087043,3.92614431111083,12,8
"4408",23.5917646337145,8.8236250077343,12,8
"4409",16.6332606644242,7.78349293673025,12,8
"4410",28.1320249250832,6.6493554278097,12,8
"4411",21.4153782866191,6.66203522829316,12,8
"4412",21.8330714392942,6.28644197315321,12,8
"4413",17.0399380556717,6.92575719184308,12,8
"4414",24.8806375511674,7.19657466701409,12,8
"4415",29.0774670486233,8.35447590765909,12,8
"4416",23.3435641470278,7.34451817668474,12,8
"4417",22.2926081007968,5.07872918934302,12,8
"4418",21.3128433820956,4.65747896286881,12,8
"4419",20.7744288265406,7.00969657973907,12,8
"4420",22.1621111256032,10.5682777401048,12,8
"4421",21.0315994431556,9.22562076713897,12,8
"4422",22.8222583325643,7.31340035359481,12,8
"4423",24.6231963750191,5.95906673428269,12,8
"4424",25.4644118622694,7.98712551396944,12,8
"4425",27.9436437723907,6.53350510010254,12,8
"4426",19.2575238647204,9.67394750081838,12,8
"4427",20.1798857793682,6.72271266579108,12,8
"4428",19.6476121660301,7.5478588398158,12,8
"4429",20.5777062099718,9.4490368904267,12,8
"4430",26.9357599658634,8.05665662090537,12,8
"4431",19.1250168249651,3.57815507311905,12,8
"4432",18.1246273170356,7.71194563392902,12,8
"4433",21.6208679192521,6.40730469734797,12,8
"4434",26.8242500416712,7.88494942111589,12,8
"4435",20.472503213796,4.02979101908988,12,8
"4436",25.6575689651601,6.69251951843695,12,8
"4437",13.7407772610053,5.65504025316044,12,8
"4438",23.8408741822224,8.47576238725791,12,8
"4439",18.0711610114803,6.20028133742653,12,8
"4440",22.8449451852444,4.96307325220525,12,8
"4441",19.8294979385718,7.94380552219323,12,8
"4442",19.2970580599636,6.63296761994691,12,8
"4443",17.9302817103243,8.08891374149652,12,8
"4444",18.5175284841099,7.80908358200186,12,8
"4445",22.6462525680205,3.81887355664214,12,8
"4446",15.9134802884018,6.13314408073783,12,8
"4447",23.8974955955875,7.07587014370632,12,8
"4448",20.8169133203868,5.74343513435199,12,8
"4449",21.4308866967848,5.48689258094311,12,8
"4450",27.589139965157,5.03107460602501,12,8
"4451",21.1647715104982,6.13027567525183,12,8
"4452",21.3025604384427,5.21233603589274,12,8
"4453",15.3371269108788,8.20390188709004,12,8
"4454",24.6378616628138,5.06537087101039,12,8
"4455",13.6065312078974,6.67321056087054,12,8
"4456",25.694459095314,4.84815846809186,12,8
"4457",23.9992109727266,6.10133170603509,12,8
"4458",20.4730515379841,7.5760244530481,12,8
"4459",28.3652599534098,10.2480231273087,12,8
"4460",25.9613954660558,9.14925356697655,12,8
"4461",22.8279469978164,7.79849154586019,12,8
"4462",26.0451793295372,6.44500824955537,12,8
"4463",25.4558083098528,6.69538675751927,12,8
"4464",19.6031215252137,6.0372170351246,12,8
"4465",19.6488463182723,8.20267812990671,12,8
"4466",17.2988802536279,7.34365069853334,12,8
"4467",22.4634380831909,7.03310981060134,12,8
"4468",23.4046984188795,4.35503843048238,12,8
"4469",26.1924100578425,7.70436646632721,12,8
"4470",19.9258998302994,9.62633265643166,12,8
"4471",22.4865750023705,6.47174110230831,12,8
"4472",27.4463374716849,6.83072419091207,12,8
"4473",23.1257482448311,5.45146781946004,12,8
"4474",19.5306421957985,6.08489398574839,12,8
"4475",20.4774345910952,3.90704019111466,12,8
"4476",21.2185003877971,8.48354478662728,12,8
"4477",16.6583133377441,5.50667725463619,12,8
"4478",22.4667871850168,5.54949525046206,12,8
"4479",27.3990015214803,3.67760264734345,12,8
"4480",17.2441183285971,6.46418259885987,12,8
"4481",17.3502058995539,8.43726878600574,12,8
"4482",19.8913146521151,8.12790141358442,12,8
"4483",23.7486126048305,8.24493484465441,12,8
"4484",23.9229268128678,5.7512168085793,12,8
"4485",22.8044900063521,5.57357844681117,12,8
"4486",20.6245442295009,6.93199023890279,12,8
"4487",20.4629975951228,10.1171217117308,12,8
"4488",21.0947300071514,7.26533266874912,12,8
"4489",17.5314230863212,1.90397089971213,12,8
"4490",24.8705957184866,4.49294607314852,12,8
"4491",20.3090206165838,9.07821396430249,12,8
"4492",19.5127000867217,7.4054343594616,12,8
"4493",22.6116861069738,9.14026940863021,12,8
"4494",23.9861774450402,6.38895276888306,12,8
"4495",21.4676170093077,5.76623833596924,12,8
"4496",23.52774342326,6.0909170347313,12,8
"4497",21.1368934286943,6.14884626206204,12,8
"4498",15.3444547051083,5.76616412676186,12,8
"4499",13.6102316201727,4.47903564820538,12,8
"4500",18.0024475367537,4.30083329081594,12,8
"4501",29.9235210602631,7.30291487754366,12,8
"4502",17.8355852479016,6.01095487420465,12,8
"4503",24.2888889483886,7.65148133080088,12,8
"4504",20.9042468013537,5.81434420416694,12,8
"4505",15.5527345065081,6.4734138883392,12,8
"4506",26.6184774838162,4.7909975609772,12,8
"4507",21.0145113676074,7.48405018953449,12,8
"4508",29.374428457507,7.79339865885953,12,8
"4509",24.316223414451,11.2467541019744,12,8
"4510",16.5548923449269,7.93373050165165,12,8
"4511",19.5378610555872,3.97557016267584,12,8
"4512",26.801940236643,4.68957825875315,12,8
"4513",16.5621838012759,5.18673283569904,12,8
"4514",21.2012708159488,10.0992941277889,12,8
"4515",23.3820270952869,11.3560560830558,12,8
"4516",20.0886217927011,7.41943626616224,12,8
"4517",20.6057329615554,6.22742342391898,12,8
"4518",22.3752727070685,3.55821710497154,12,8
"4519",27.6223812183552,5.65052675709747,12,8
"4520",22.3287762862326,7.78349615321798,12,8
"4521",20.2745558015954,3.84621354325026,12,8
"4522",15.8889934938839,3.82649025945513,12,8
"4523",23.24033244122,3.10254749536246,12,8
"4524",24.643563107603,3.14784361888898,12,8
"4525",22.7525251348271,8.28668619989581,12,8
"4526",18.0279704976477,9.2051439835502,12,8
"4527",19.0430092771022,9.44224172780549,12,8
"4528",17.7940732139036,5.80775194709548,12,8
"4529",22.0246160337874,7.0612600045238,12,8
"4530",22.5002068988533,8.27320050681412,12,8
"4531",25.3601580689483,7.25683467031089,12,8
"4532",21.292474358674,5.09728996043949,12,8
"4533",24.6306604326265,8.9024907671084,12,8
"4534",21.494670000053,6.61552993557267,12,8
"4535",21.3538469615452,4.52231244412187,12,8
"4536",22.2691280661841,6.5271484588298,12,8
"4537",19.1139199916613,6.92757934594241,12,8
"4538",22.3896577935738,4.0246694834481,12,8
"4539",24.6050361435936,8.30901902372646,12,8
"4540",30.5909152219071,4.63860572335893,12,8
"4541",19.8627686521255,6.01197824463373,12,8
"4542",25.9348265375472,5.78615380651173,12,8
"4543",21.7374839606139,8.12385712707828,12,8
"4544",20.4314004257939,8.82341336573628,12,8
"4545",18.3395086021263,6.84215606555849,12,8
"4546",25.3896406429898,7.16605556428911,12,8
"4547",26.9822430661758,6.52709691328504,12,8
"4548",21.6395113631158,7.57135233436824,12,8
"4549",19.7309200335538,7.35706393979656,12,8
"4550",19.4203570499265,5.00883161503598,12,8
"4551",24.9008938291992,5.16579016850357,12,8
"4552",18.1668144828563,4.10346417975268,12,8
"4553",20.006610517064,6.36921465574427,12,8
"4554",17.1152500769511,3.75773352354368,12,8
"4555",19.4735954673965,5.79129418583881,12,8
"4556",18.9975347102573,5.25351794182347,12,8
"4557",23.5730055185744,4.41089595711026,12,8
"4558",17.1796933834065,2.01704665838234,12,8
"4559",16.7831807404358,6.19910756234292,12,8
"4560",23.6131320614282,7.45625292616764,12,8
"4561",24.5837392819001,5.33764351458241,12,8
"4562",17.961291084304,7.36322898480376,12,8
"4563",24.3450083137067,7.6236968513805,12,8
"4564",26.6062076875089,9.72787331870526,12,8
"4565",19.0632841163704,6.1036242121652,12,8
"4566",23.5284413395574,5.36870193256323,12,8
"4567",21.3423895159166,5.52562105621952,12,8
"4568",21.6312940931937,8.5146698280568,12,8
"4569",21.0485830792271,5.08903459177485,12,8
"4570",25.4421340177917,7.95574110060686,12,8
"4571",29.3103844458315,8.55256656264539,12,8
"4572",24.4702108782677,6.23366622754905,12,8
"4573",23.3240495916637,6.59781406721868,12,8
"4574",25.2500579253802,6.24604608600473,12,8
"4575",20.501223789872,7.90835432184493,12,8
"4576",25.7420322391681,4.45968656248751,12,8
"4577",18.5036727943322,7.39007427194384,12,8
"4578",26.6032184349912,3.48526921182407,12,8
"4579",25.7096716470381,8.61324339098662,12,8
"4580",25.3684667323147,9.09980364694113,12,8
"4581",23.0138909262205,4.61977082630592,12,8
"4582",21.2502232610364,7.8631668971604,12,8
"4583",24.2000077922289,7.78131030927685,12,8
"4584",25.7724071150049,6.2467078820564,12,8
"4585",23.7349180982764,7.08815520973959,12,8
"4586",19.6765791844663,4.48373492073053,12,8
"4587",25.1929905852659,4.6470306545673,12,8
"4588",27.5039314633275,6.58564429623115,12,8
"4589",22.952080003501,3.61441964301832,12,8
"4590",17.6964461118461,8.2713373832325,12,8
"4591",20.0627873893529,5.43562696694586,12,8
"4592",25.9112327410782,5.82943046449098,12,8
"4593",22.0635526321908,7.25724480490561,12,8
"4594",23.6270440335738,7.87158221924581,12,8
"4595",23.3647650531418,6.67825373353787,12,8
"4596",22.0987977377714,5.53573371031284,12,8
"4597",28.0005851366375,5.93163755435532,12,8
"4598",16.5166937526445,9.42181148004072,12,8
"4599",23.8857612315488,5.92517920199086,12,8
"4600",21.2366646119851,2.91789338130666,12,8
"4601",23.6931753112887,6.42499813955371,12,8
"4602",26.0992680823458,2.70351213483933,12,8
"4603",20.5677947941193,7.02984834434121,12,8
"4604",20.8874941602201,8.33708015488094,12,8
"4605",23.4093177465542,7.09801757416956,12,8
"4606",22.3733747744661,4.34677671240423,12,8
"4607",18.5020511106868,7.92039666363102,12,8
"4608",17.2163233731465,7.62018286045728,12,8
"4609",27.734961435327,6.97649010591399,12,8
"4610",28.0371845275526,7.45239013456936,12,8
"4611",26.0967830960506,6.26094606883242,12,8
"4612",18.5894314474682,4.05212137217868,12,8
"4613",20.0923802551397,9.31667422058374,12,8
"4614",21.6945249965999,8.54656859811328,12,8
"4615",17.2204842675922,5.79704812736257,12,8
"4616",24.5426234347605,9.03920061707339,12,8
"4617",26.8184262715441,5.49096845090819,12,8
"4618",16.7341456672752,6.2572598239787,12,8
"4619",20.8097673629218,5.86323301072506,12,8
"4620",17.2705247893627,6.12684560751335,12,8
"4621",26.2256241067969,8.20863247161164,12,8
"4622",22.8825118423787,7.66289190229157,12,8
"4623",25.5080136483795,4.55972254071545,12,8
"4624",24.2896556745396,8.81638289653799,12,8
"4625",16.6787703110135,7.88944444354303,12,8
"4626",17.4223972662225,5.41277512325754,12,8
"4627",21.3551734154876,7.26049178585095,12,8
"4628",23.6971075723893,6.04200098540156,12,8
"4629",20.755003062539,6.35753325342345,12,8
"4630",23.8686684241538,5.77905141282369,12,8
"4631",18.3569385831629,7.78990745004484,12,8
"4632",20.5110698095499,7.0202425296491,12,8
"4633",23.4765742075006,5.40835390829097,12,8
"4634",24.1491573287838,4.37685373994498,12,8
"4635",23.2870040189811,6.63353325414596,12,8
"4636",14.791293886626,6.84721649021277,12,8
"4637",18.7225467780092,5.26433184808305,12,8
"4638",28.3300648569414,4.78590272259616,12,8
"4639",21.3274140664687,10.1926606224372,12,8
"4640",16.5861793744563,7.10546347985193,12,8
"4641",23.1078656864768,6.4991841208651,12,8
"4642",23.5827524328593,6.21724429487234,12,8
"4643",21.3281000065692,2.35088035896794,12,8
"4644",18.2489518751807,4.4917940835114,12,8
"4645",12.8260924008618,3.26487035254713,12,8
"4646",27.1260528930282,5.21886309035662,12,8
"4647",18.3973808747522,5.15573099969763,12,8
"4648",26.0456383784453,6.63335996010573,12,8
"4649",25.8899361765141,7.30253489237605,12,8
"4650",25.7303479680881,6.15767992941282,12,8
"4651",26.1959239012935,7.50202657884569,12,8
"4652",23.1681387571053,6.88087524009163,12,8
"4653",25.5332075872955,2.75409762238568,12,8
"4654",18.5077381515959,3.94103052118598,12,8
"4655",21.8612133798799,6.83566159677232,12,8
"4656",22.4437372455166,5.45377742334449,12,8
"4657",18.8953026826672,4.81415861521193,12,8
"4658",19.3295747585938,6.05746039408606,12,8
"4659",23.4245681167503,6.62469265573584,12,8
"4660",26.4164978110199,6.09262305727795,12,8
"4661",25.3172206781689,3.92234091734083,12,8
"4662",23.2844441179297,8.43135171397195,12,8
"4663",25.0049650322475,6.40548740402024,12,8
"4664",24.0093777820355,7.97572482145516,12,8
"4665",32.706982845149,7.74158668616886,12,8
"4666",21.0042637619961,4.88064664766334,12,8
"4667",23.0051064851322,6.10308439960809,12,8
"4668",22.0135975424604,6.7928670144287,12,8
"4669",26.4383159220212,5.09613244339217,12,8
"4670",21.2507625945082,7.4848713809765,12,8
"4671",22.6761051731688,4.26638768506927,12,8
"4672",25.3214244419563,8.54237046938577,12,8
"4673",26.0625321442895,5.69105870842757,12,8
"4674",26.620260936432,7.99359112025739,12,8
"4675",15.2674298992737,10.1996437952702,12,8
"4676",20.0663418493631,5.33988582086641,12,8
"4677",20.3515142998987,4.75771029702238,12,8
"4678",21.7863512023183,7.83338095251308,12,8
"4679",21.1418518147693,8.1264397591862,12,8
"4680",18.97755497246,7.7981281216175,12,8
"4681",20.9511519810249,9.22610003120331,12,8
"4682",20.6746724093349,7.48142347048539,12,8
"4683",19.8436295713479,5.68382413785064,12,8
"4684",26.6914269813078,3.61537458041852,12,8
"4685",9.3446921002926,5.33266691461712,12,8
"4686",24.9652645489507,6.28675211197666,12,8
"4687",30.6145906324021,4.66745317887048,12,8
"4688",23.513036047234,6.21823310329281,12,8
"4689",20.2534076482781,6.20111245426113,12,8
"4690",19.6813816286555,5.30749377230716,12,8
"4691",18.7395401355116,8.36434383587821,12,8
"4692",22.4313893236185,5.45110436668257,12,8
"4693",21.1254217784734,4.73547982535856,12,8
"4694",25.021194961855,3.05937035937118,12,8
"4695",26.2304380263778,6.21216795291001,12,8
"4696",27.1564480146878,6.06965410671427,12,8
"4697",24.5229698182313,2.66976604647158,12,8
"4698",19.0443206898616,7.45362838674028,12,8
"4699",25.2291536387867,1.77496987844173,12,8
"4700",19.2397090802815,7.20850523106164,12,8
"4701",19.2430937302136,9.38561280366136,12,8
"4702",26.8061127630367,6.53537735958975,12,8
"4703",17.7494467271685,7.49669064594829,12,8
"4704",24.6906090531127,5.31862351911891,12,8
"4705",23.5484247554109,3.46245637578118,12,8
"4706",16.7778400956206,3.93790387929089,12,8
"4707",20.876894080446,6.21275168969356,12,8
"4708",18.0191765094874,8.9454534988848,12,8
"4709",19.6659399066919,6.01469719997146,12,8
"4710",22.4486810813514,6.13447900726315,12,8
"4711",26.5873344807692,8.6434033127931,12,8
"4712",28.3585887564264,7.45604005190474,12,8
"4713",17.8983192913197,6.81632723480025,12,8
"4714",20.0854368553002,6.24780142036908,12,8
"4715",18.3208539302003,8.92908685733056,12,8
"4716",26.060907139408,7.74060613172818,12,8
"4717",21.7342441763765,4.53461253082516,12,8
"4718",18.2001371855146,4.81678627007658,12,8
"4719",25.62492509702,6.71313944769926,12,8
"4720",18.2138115244364,4.79170584786964,12,8
"4721",20.8092470196274,8.21441270111121,12,8
"4722",28.4455804518724,8.04088746926112,12,8
"4723",17.2399103362856,7.95885691784368,12,8
"4724",22.0741893035236,4.3308102385752,12,8
"4725",20.3673686231295,6.10309205146631,12,8
"4726",22.5870471534818,6.17186102332582,12,8
"4727",20.3836175262638,6.30048064530815,12,8
"4728",21.88198947365,7.39465403899461,12,8
"4729",19.8880779876134,7.86229566733954,12,8
"4730",23.3725708229458,5.7507820731608,12,8
"4731",22.4361046470528,6.17219378931843,12,8
"4732",11.4254283220163,8.16790419810277,12,8
"4733",23.4079156970211,6.02452385692635,12,8
"4734",21.8699209021122,8.41506774988427,12,8
"4735",24.6371214674036,4.7728665171094,12,8
"4736",21.0511837756087,3.72316333256015,12,8
"4737",22.8408180498072,7.1435178228625,12,8
"4738",17.3650301650678,6.49171367016184,12,8
"4739",22.8405994460966,5.79749082562928,12,8
"4740",24.2749990310497,3.70707275569717,12,8
"4741",13.7587338477333,8.09925638913807,12,8
"4742",22.4808367001804,5.20881362474912,12,8
"4743",24.4867916971527,9.02554720827655,12,8
"4744",19.9003530848992,6.68595941223355,12,8
"4745",25.0703427516318,6.2492621275063,12,8
"4746",26.6026724965411,7.53223603372951,12,8
"4747",21.9131050159845,4.07919450799164,12,8
"4748",26.461575258345,6.69731510276414,12,8
"4749",22.3144317831235,7.92676440676705,12,8
"4750",20.8068129406634,4.90303655990832,12,8
"4751",17.8917111003077,5.13127666377441,12,8
"4752",22.5685120881257,6.87566433393937,12,8
"4753",19.7371117570909,6.00343083505196,12,8
"4754",13.4224699609011,5.55448022493842,12,8
"4755",18.0042360637134,5.70206336602354,12,8
"4756",20.8919511282105,4.54199505437342,12,8
"4757",15.9535449279171,6.58036060848596,12,8
"4758",23.7468633346846,5.94475483417956,12,8
"4759",23.5004560833623,9.42286240555216,12,8
"4760",27.6294434723203,4.63218269840593,12,8
"4761",17.5978918955765,9.28975105708223,12,8
"4762",15.9793297679579,7.90216552451494,12,8
"4763",20.7714553019205,5.48135608404079,12,8
"4764",22.0470768226285,6.48454802406483,12,8
"4765",23.7082530640763,8.08313342425436,12,8
"4766",21.9541249982144,4.45295401897851,12,8
"4767",25.0859568252457,10.5098236141027,12,8
"4768",24.7716863608439,5.82636826308478,12,8
"4769",21.4989051627547,7.18541199145244,12,8
"4770",24.4729110094468,6.30379750128678,12,8
"4771",26.6078590694996,3.97589903902495,12,8
"4772",28.4992643127322,4.7108643105069,12,8
"4773",19.8298841833277,5.67071887549227,12,8
"4774",24.9654060147281,7.77022615949199,12,8
"4775",21.4030971341162,8.34396307507911,12,8
"4776",30.0659106848117,2.87341216545797,12,8
"4777",18.5299389860228,7.00934747189258,12,8
"4778",24.7305468528798,8.13561366246924,12,8
"4779",16.3117411967799,7.72343367738552,12,8
"4780",18.9784189097468,6.02086792772904,12,8
"4781",21.4236668323984,3.74653238391951,12,8
"4782",21.5165579697787,3.40534323637959,12,8
"4783",18.6265314685081,5.74217091972251,12,8
"4784",20.2907317303533,7.26856392972405,12,8
"4785",17.3175865698666,4.92158637686947,12,8
"4786",20.9025073594619,2.92565532699451,12,8
"4787",21.3194232726472,9.93911088119695,12,8
"4788",21.8690117115124,9.53958528429464,12,8
"4789",29.8628910439904,5.84145430580923,12,8
"4790",17.3284402146182,4.64881912506488,12,8
"4791",22.3080789738366,7.28813547465316,12,8
"4792",19.0481383120222,6.67961130681904,12,8
"4793",24.000151865051,6.53644951714846,12,8
"4794",22.1732084603318,5.96631359189917,12,8
"4795",20.432288085016,10.6428183839458,12,8
"4796",19.0364047425004,9.15340900268082,12,8
"4797",21.7768063669146,7.95468691927648,12,8
"4798",21.639837733917,3.18000636016014,12,8
"4799",25.7814300124131,7.08063802125843,12,8
"4800",23.1985860081377,5.08446523544697,12,8
"4801",19.1733012681438,5.24046754430657,12,8
"4802",18.6879401139286,6.56685450020678,12,8
"4803",22.5356530567947,5.37830637233936,12,8
"4804",14.0988579183864,6.95441629480941,12,8
"4805",25.0464576342123,1.9470541623192,12,8
"4806",23.6307581352897,7.29025817769308,12,8
"4807",26.1607509268683,6.23754380042418,12,8
"4808",21.4302456991946,6.80481836634986,12,8
"4809",23.8879777319616,8.03843446132481,12,8
"4810",17.9915327658314,5.86769825615838,12,8
"4811",26.515980774596,6.64469411795993,12,8
"4812",17.7553864096105,6.86144269005312,12,8
"4813",23.821923034239,8.89507493929621,12,8
"4814",24.7005936264562,6.74474887943103,12,8
"4815",16.2924489918523,7.87941447193089,12,8
"4816",24.2849013644813,7.42652491827834,12,8
"4817",16.7151612049853,7.9522568729002,12,8
"4818",26.176618658155,5.91505245797421,12,8
"4819",25.9100142075591,6.01311584559043,12,8
"4820",20.2981459368374,4.3924309661682,12,8
"4821",24.7554887953306,4.81149425450005,12,8
"4822",22.5717939487332,5.66149641555593,12,8
"4823",20.0519917485404,5.11227564847577,12,8
"4824",14.1478195047073,6.57453360954829,12,8
"4825",17.2427233208186,8.82563060443103,12,8
"4826",17.030042840762,7.37345382914984,12,8
"4827",24.0211621229382,8.58095322511932,12,8
"4828",20.5486174197179,7.07095490771483,12,8
"4829",20.7035822998228,5.60506725371944,12,8
"4830",21.7109746441787,9.71227472022644,12,8
"4831",23.4937737513288,6.0858233318876,12,8
"4832",20.2844037724711,7.17009685407969,12,8
"4833",18.6034701910759,3.52217213395729,12,8
"4834",18.2344227198268,5.41414158172364,12,8
"4835",16.75680611452,4.88573467792414,12,8
"4836",24.9988312124409,2.96908079480987,12,8
"4837",19.9997692382191,6.5519726243426,12,8
"4838",23.231922192229,7.53570880652121,12,8
"4839",21.5370154280024,8.29270161891968,12,8
"4840",16.0063272384722,5.41150589790698,12,8
"4841",24.2893875062558,4.20058983708245,12,8
"4842",20.388333283107,5.54392806492107,12,8
"4843",17.7064577016702,1.91660037814831,12,8
"4844",22.9083470252257,8.34269166068713,12,8
"4845",22.0011500028639,6.18571610787752,12,8
"4846",19.0641795499361,4.428786873172,12,8
"4847",30.3455050499361,6.60000796753094,12,8
"4848",24.9928297927049,9.09507404170621,12,8
"4849",20.4887837274719,5.37386306297346,12,8
"4850",30.4672492002908,7.82514340730801,12,8
"4851",21.0988861081973,5.25313522312629,12,8
"4852",19.5094844827332,5.78758918173024,12,8
"4853",20.8016616401007,9.57546835716083,12,8
"4854",20.5704506540224,5.372274711801,12,8
"4855",21.2912231194175,6.57149453884455,12,8
"4856",19.884644556128,6.58902341783063,12,8
"4857",20.9273567432929,3.6907437724386,12,8
"4858",23.6587794691156,8.41825807859375,12,8
"4859",20.1424953766151,5.1616637997862,12,8
"4860",20.3174593160992,6.26056504509237,12,8
"4861",26.7065456163594,7.60787354703747,12,8
"4862",21.312681125299,3.1302845748575,12,8
"4863",19.3420314176346,5.27076544068673,12,8
"4864",26.0657410438078,5.76565623152437,12,8
"4865",24.1041158368341,3.41666230824772,12,8
"4866",19.9889825167642,5.76238914967178,12,8
"4867",27.6332624581856,6.6896530294416,12,8
"4868",20.5915638343935,7.04799975322588,12,8
"4869",21.0516830931341,3.98786470663287,12,8
"4870",19.388936251675,6.83000503516751,12,8
"4871",23.0561375035648,5.79488742023528,12,8
"4872",17.3024781053699,7.89579303221004,12,8
"4873",19.8080033438739,6.53068044262183,12,8
"4874",23.6405059873403,7.16768250648421,12,8
"4875",16.8978305907888,4.18164691544714,12,8
"4876",24.9190651677179,6.94948775089285,12,8
"4877",17.8775776000325,7.37164290509113,12,8
"4878",19.8852960586842,9.49967204209145,12,8
"4879",25.6272770004923,6.3297097702992,12,8
"4880",20.5766169107165,6.40683947355304,12,8
"4881",17.3910394741838,6.91818428951483,12,8
"4882",23.2499174153759,7.79661719577942,12,8
"4883",16.0773461900306,7.84203246752893,12,8
"4884",29.3297781141763,3.42384545285118,12,8
"4885",22.5715976583782,5.69692615865043,12,8
"4886",21.6984047629813,8.7008654026309,12,8
"4887",24.0214146193932,7.29701367277354,12,8
"4888",25.6200815012169,5.88343438768943,12,8
"4889",24.7574134284555,4.08003747777761,12,8
"4890",25.2972124029211,5.32812455744083,12,8
"4891",19.4975061476553,7.27254938047257,12,8
"4892",20.6724801217548,9.18470362097916,12,8
"4893",24.4233224304791,9.8451742609471,12,8
"4894",22.3604504161183,4.43656752943534,12,8
"4895",17.588461442532,3.72841225369367,12,8
"4896",16.542166946368,7.4713344132484,12,8
"4897",21.3088359877208,6.08591558460612,12,8
"4898",18.2679110822831,4.81792762740375,12,8
"4899",26.6581667523724,7.30440003199819,12,8
"4900",19.7935064052433,8.7545819943691,12,8
"4901",19.2086745260431,6.84591992796972,12,8
"4902",23.3128812148005,3.4327078727194,12,8
"4903",19.5949835538364,1.29228691802244,12,8
"4904",23.7631240595357,7.65884089108836,12,8
"4905",13.1553979234022,6.17087652708077,12,8
"4906",22.7166790199896,7.27978317076759,12,8
"4907",23.8123280786147,8.26493231568853,12,8
"4908",25.784025661843,7.27036680416421,12,8
"4909",17.2631747666874,5.76369069290281,12,8
"4910",25.5575059535307,7.56623795531513,12,8
"4911",22.6204602348611,5.20519170127314,12,8
"4912",20.7113234025358,7.99918401831679,12,8
"4913",24.8771585036036,1.60487624764218,12,8
"4914",20.7839457849049,6.09164852166383,12,8
"4915",24.0952829583397,6.01303127904255,12,8
"4916",25.6580693652101,9.10791285696936,12,8
"4917",23.2993033760692,7.57002555079683,12,8
"4918",26.2841550702963,4.98633521825436,12,8
"4919",20.1196531496607,6.77041982417121,12,8
"4920",17.5628072003047,7.05364013927246,12,8
"4921",22.2807220132871,6.69855174441005,12,8
"4922",20.1417216462227,6.80585547355166,12,8
"4923",15.6589730010765,10.1060317216709,12,8
"4924",19.3032819209455,7.38265699596152,12,8
"4925",17.5348682949007,9.02894774855305,12,8
"4926",23.4814705276053,7.84354329566285,12,8
"4927",18.8343581773469,5.98304029900076,12,8
"4928",27.7120725016826,7.75123337756492,12,8
"4929",23.6299786094004,4.3482709073229,12,8
"4930",30.3328090144999,8.04120306896692,12,8
"4931",18.0553698649863,6.42770458308589,12,8
"4932",14.5249019430667,3.56632051299127,12,8
"4933",21.1306998920233,6.10346515554823,12,8
"4934",24.050942342733,3.80605860754906,12,8
"4935",24.0175386167558,3.73234112358332,12,8
"4936",19.6308165781439,4.14595727864737,12,8
"4937",17.5732092547978,4.80420569331862,12,8
"4938",18.9779736594381,4.90689551841305,12,8
"4939",19.1549776047016,8.40121926844545,12,8
"4940",22.0923649562949,4.02931853717141,12,8
"4941",21.6166710427943,6.08183327782531,12,8
"4942",21.304008383464,5.24167327613806,12,8
"4943",21.1858221358624,6.35487267421449,12,8
"4944",24.1514442711637,6.46446972395696,12,8
"4945",31.3266402692234,7.07096356294339,12,8
"4946",22.3861744157883,1.50921085544402,12,8
"4947",26.1017745104639,4.66947084778241,12,8
"4948",19.1510166700058,6.24611708518382,12,8
"4949",21.5727672934657,7.30685479614805,12,8
"4950",17.4738698200429,10.0818939238499,12,8
"4951",21.4723520707381,8.04287597263645,12,8
"4952",24.2090238371549,6.7553428763989,12,8
"4953",14.5342092864164,4.53106475214322,12,8
"4954",25.119484109566,3.54186543202122,12,8
"4955",24.864293054149,5.55033499086606,12,8
"4956",18.2545218612061,6.40226111427295,12,8
"4957",20.8362066202027,5.99952652322787,12,8
"4958",26.806391857601,5.7842500094526,12,8
"4959",24.5786040387386,8.42333234380174,12,8
"4960",27.4282714721546,5.5367218075381,12,8
"4961",21.7409148876286,5.80935606431193,12,8
"4962",21.3998800774873,5.8018708944397,12,8
"4963",24.3878905000131,5.62129910730664,12,8
"4964",16.2085702703545,6.84292687250065,12,8
"4965",19.0085239183964,10.5471869067094,12,8
"4966",25.1336162065462,9.48484935279629,12,8
"4967",19.4558506589459,10.3757283318144,12,8
"4968",21.4137305735966,7.4365319035864,12,8
"4969",17.6865354883872,4.95136787558343,12,8
"4970",26.3234050276682,4.57053281423214,12,8
"4971",21.3949889832006,7.60187640030266,12,8
"4972",25.4821223531608,9.57454179181386,12,8
"4973",19.4395273539171,5.41779237076913,12,8
"4974",12.3729784117608,5.42190492762911,12,8
"4975",21.3613602654613,6.45279309342692,12,8
"4976",15.5972004299822,7.56201361118642,12,8
"4977",20.2044742055838,8.6722337151379,12,8
"4978",25.1846983591808,6.63970962557798,12,8
"4979",19.2415901015128,8.54212030212126,12,8
"4980",21.7901990966704,6.29039755780062,12,8
"4981",17.868991207129,8.45317473336052,12,8
"4982",17.4619595818378,6.19083718710796,12,8
"4983",24.4618568771607,7.61860121869917,12,8
"4984",19.7722946247876,6.52821683938152,12,8
"4985",24.5993101457659,6.74596664358644,12,8
"4986",15.6335616357196,8.76898817825121,12,8
"4987",23.9717145832689,5.12267341667193,12,8
"4988",21.8693769686958,7.56428326398501,12,8
"4989",24.3861615666759,9.13369341518456,12,8
"4990",27.7218310831008,5.78783935192753,12,8
"4991",26.8498653397046,9.96355074622079,12,8
"4992",23.8380656555288,8.291569031413,12,8
"4993",23.9627868353459,6.54318139124649,12,8
"4994",23.7178017121439,5.41723213033442,12,8
"4995",21.5908764587835,8.38237895307264,12,8
"4996",19.2349784542835,4.73397893251383,12,8
"4997",25.7939715495498,6.53908829760201,12,8
"4998",25.4130076201211,7.45675963651602,12,8
"4999",17.9164104250363,7.59904953337874,12,8
"5000",16.2970507785483,4.51396617639617,12,8
