"X1","X2","component","subcomponent"
"4001",18.6327473625353,9.3812186710195,12,8
"4002",23.7143424755598,6.50471615548624,12,8
"4003",24.0967302060301,7.33627455273548,12,8
"4004",25.1209039311749,7.39321664821155,12,8
"4005",17.1716936382598,8.07599498902965,12,8
"4006",24.0653522899165,4.22833431801773,12,8
"4007",21.0202772937277,8.42491682504274,12,8
"4008",26.6334804018451,7.06701122341791,12,8
"4009",24.7840146814181,6.2037711763758,12,8
"4010",16.6125888497855,9.78347134111612,12,8
"4011",18.7457298241717,4.11696709943929,12,8
"4012",20.6442620458605,8.78266381768841,12,8
"4013",27.7665667837106,4.30674245314711,12,8
"4014",22.1938403091617,8.0162128628418,12,8
"4015",23.5070225201723,6.78347497698859,12,8
"4016",26.8384569554375,8.23987078650382,12,8
"4017",24.7146844484264,6.26711748746809,12,8
"4018",22.188502069114,4.90767433743298,12,8
"4019",28.3219551370765,8.39552617693057,12,8
"4020",21.7364920269011,7.77339539135323,12,8
"4021",22.0354792768004,3.34182719617126,12,8
"4022",18.4007661105715,4.6265644842031,12,8
"4023",16.4831619745259,3.97699501472392,12,8
"4024",15.1038249830431,5.48573322028948,12,8
"4025",33.6834057932861,6.3787841370216,12,8
"4026",21.6275466295223,4.82965190877035,12,8
"4027",19.3810591511231,6.64005851206469,12,8
"4028",23.5918108305413,5.06698344486311,12,8
"4029",21.5177223180782,6.08465492610218,12,8
"4030",23.5346592982255,7.1765230473429,12,8
"4031",24.0651647701329,8.18022352355339,12,8
"4032",26.2319492466144,4.55809956463815,12,8
"4033",24.8178858091374,4.79304412746503,12,8
"4034",20.4310787186408,4.66645370979131,12,8
"4035",20.9589166455491,4.11073515865263,12,8
"4036",13.8741966679762,6.58113033837238,12,8
"4037",22.0988326711232,7.4679007457374,12,8
"4038",19.7903233353148,5.22315104145671,12,8
"4039",19.0836675236873,7.21619130429124,12,8
"4040",22.7171181920509,6.5103050027542,12,8
"4041",16.8040012965576,3.89176196810553,12,8
"4042",22.4424715461106,5.58844737800247,12,8
"4043",23.2283702582406,11.3659489618705,12,8
"4044",27.4777096684599,8.66149792125895,12,8
"4045",19.8963424226765,5.19064261275843,12,8
"4046",20.0816440821056,9.55940661945378,12,8
"4047",17.6091148263978,9.72029214299455,12,8
"4048",14.9460920989415,4.09060443035624,12,8
"4049",23.0234203193506,7.59975696952292,12,8
"4050",23.4394548392195,3.52159160748189,12,8
"4051",24.0154703411588,2.4172287795952,12,8
"4052",22.3128915425354,8.08177692199345,12,8
"4053",22.4929028356664,4.08204937161632,12,8
"4054",18.7194485413579,9.28172259841132,12,8
"4055",24.0590522452784,9.01447661982476,12,8
"4056",25.9151793461522,4.55857338433827,12,8
"4057",31.8046992382705,9.50039379376162,12,8
"4058",19.7329289923147,4.96755913637622,12,8
"4059",18.3573221038099,4.64348408602196,12,8
"4060",18.0163233491551,4.71595831542704,12,8
"4061",26.4821414962548,5.64162464285545,12,8
"4062",20.8742438797063,4.66581914192262,12,8
"4063",24.3013371915752,6.60540043832618,12,8
"4064",17.9097440524037,4.96102786008355,12,8
"4065",22.7434158046407,8.71957387531476,12,8
"4066",19.7534593577961,6.11155116823299,12,8
"4067",26.0616614889968,7.9843609715972,12,8
"4068",27.6550724435563,7.85637873601587,12,8
"4069",19.1470966612075,5.52123372676208,12,8
"4070",20.0551857392557,8.81359001758991,12,8
"4071",21.1465539408484,6.33340367466742,12,8
"4072",16.2139101211286,8.83111918869617,12,8
"4073",20.5028256421566,3.09278880868281,12,8
"4074",23.5898044235205,7.41409130840298,12,8
"4075",20.7411627973942,7.50939969327658,12,8
"4076",19.3231503633454,7.72758217765561,12,8
"4077",18.3997405276238,9.05113931210409,12,8
"4078",23.5956397809826,5.34176715847251,12,8
"4079",14.6929681643866,8.43683215472397,12,8
"4080",22.5536133690277,7.88209116474152,12,8
"4081",20.1731187698297,6.82407748445157,12,8
"4082",23.5558542117203,6.638853889274,12,8
"4083",21.7155583454227,7.04980322295635,12,8
"4084",18.75078127376,6.13368671638639,12,8
"4085",26.0870370778121,6.0457422624237,12,8
"4086",20.6795997670376,5.20138964475006,12,8
"4087",23.8269673348604,3.66239451277072,12,8
"4088",22.8512027388792,6.29170389652591,12,8
"4089",23.912525423147,7.78012841789512,12,8
"4090",19.1999325752934,6.53734940828142,12,8
"4091",18.0991528204221,5.99744029368754,12,8
"4092",14.3226215305959,3.02245017387635,12,8
"4093",20.2902579431146,8.32643443157018,12,8
"4094",19.5076757571751,4.86071914929607,12,8
"4095",19.4652136278173,8.50352159151572,12,8
"4096",14.5906410398225,5.60377587928248,12,8
"4097",28.2575872812992,6.7361591923134,12,8
"4098",20.3898484609534,7.96734818891453,12,8
"4099",25.0823847885723,4.86262762902396,12,8
"4100",18.5916252815551,6.06691748265563,12,8
"4101",25.6044845156187,7.01441307705396,12,8
"4102",23.2494332355286,5.35699692058137,12,8
"4103",26.639918684478,3.40710040328994,12,8
"4104",18.8643172776835,9.21328180389692,12,8
"4105",23.1185345954884,3.29891140204726,12,8
"4106",23.1552306222932,8.65146982400964,12,8
"4107",22.8645028135086,5.92382163515871,12,8
"4108",30.7941509710644,7.03086201015168,12,8
"4109",17.475385511074,7.84360799064249,12,8
"4110",22.0643893372553,8.61132957260665,12,8
"4111",23.6558035665697,4.85438035987114,12,8
"4112",17.5135702053615,6.30881180926931,12,8
"4113",28.3573905237665,2.7810389498041,12,8
"4114",28.685879581288,7.89486309911507,12,8
"4115",20.0516620336996,3.64419596586641,12,8
"4116",20.0075566409005,7.06021112280605,12,8
"4117",19.9684830985644,3.6838474945746,12,8
"4118",19.0612346132143,6.95089079793517,12,8
"4119",20.384011887681,7.03766742169972,12,8
"4120",20.6957648510855,7.22844388694562,12,8
"4121",22.5574030200751,8.8016072105883,12,8
"4122",19.2607042541543,4.4886613608291,12,8
"4123",15.4926026159671,5.28864159972431,12,8
"4124",26.3294441768506,5.98583728602873,12,8
"4125",21.1038636847472,8.95995402009442,12,8
"4126",24.2325682588539,6.82476617912247,12,8
"4127",16.3442184149369,7.23812504765192,12,8
"4128",20.683319260695,6.96511356092184,12,8
"4129",22.9783727922042,6.85031654932172,12,8
"4130",17.7831368436171,7.49940795949252,12,8
"4131",23.7097591912765,5.91247733911564,12,8
"4132",24.6156882580904,8.25085374178834,12,8
"4133",23.3923650396823,4.14702202526039,12,8
"4134",16.8961981289701,9.16785923397503,12,8
"4135",26.8097952419368,1.45395149847435,12,8
"4136",24.9343413701209,5.82280094253743,12,8
"4137",23.9234260004256,6.444863060293,12,8
"4138",18.7399047510414,11.5188029544501,12,8
"4139",19.6366065749709,5.44971581568303,12,8
"4140",24.175551021083,6.21264945105224,12,8
"4141",24.7682316730719,6.63925435018586,12,8
"4142",23.7428720478467,3.30416737819123,12,8
"4143",22.9756748084074,8.99432492632595,12,8
"4144",23.9929361446349,4.27602950962289,12,8
"4145",24.8450119454331,5.80520228221988,12,8
"4146",21.9532406001474,8.31683830320246,12,8
"4147",19.6896249479919,4.91107331821599,12,8
"4148",25.2823340744364,5.32403380545233,12,8
"4149",23.9193890449803,8.7441648757536,12,8
"4150",17.3118060581046,4.18686199098124,12,8
"4151",24.3453257166572,4.97245451484127,12,8
"4152",21.2850722092474,8.47941157344832,12,8
"4153",25.086853143156,4.14730855163745,12,8
"4154",25.0218900635548,7.1676675288898,12,8
"4155",22.6412958632868,7.23146984611255,12,8
"4156",25.9470590033263,4.38025498138603,12,8
"4157",21.253006036814,6.58859178793114,12,8
"4158",25.7061802386922,6.31144218942972,12,8
"4159",22.0297542176765,8.73715275892961,12,8
"4160",27.2391162055027,5.15499433550647,12,8
"4161",20.6722303464234,3.97957818690947,12,8
"4162",21.6511546809118,7.05219976797073,12,8
"4163",22.6358128473698,5.82635365386157,12,8
"4164",23.0254465038921,7.38353686333287,12,8
"4165",23.4272916475512,7.93764263163001,12,8
"4166",18.274491729335,3.53312600124409,12,8
"4167",27.2578515811,5.71816584220954,12,8
"4168",24.0823126212732,5.95768469908194,12,8
"4169",25.2789585363962,7.85395305836887,12,8
"4170",21.1048355857467,8.90149985710254,12,8
"4171",21.2856120487049,6.626110463339,12,8
"4172",17.2509337425935,8.59199757889894,12,8
"4173",16.9880780900652,3.12301962206144,12,8
"4174",20.0599818344835,7.10429869272449,12,8
"4175",14.2815846402909,6.25877229898723,12,8
"4176",20.8611342709662,7.58655156559584,12,8
"4177",24.6586563089781,5.94045973629862,12,8
"4178",19.569754696858,8.28248768218765,12,8
"4179",19.5606919224774,7.37365452765602,12,8
"4180",17.356380660349,7.29562134027824,12,8
"4181",10.6232714623042,10.0187509610848,12,8
"4182",20.8506026337762,4.91441327464066,12,8
"4183",23.9790357717597,7.47106494299894,12,8
"4184",20.261499281996,8.9824951324858,12,8
"4185",22.2544322171735,6.47031563048795,12,8
"4186",19.4913911179662,8.09286252452979,12,8
"4187",22.2733754239375,6.42673433597562,12,8
"4188",21.6861362074677,7.26483263631964,12,8
"4189",24.7358354673365,7.56839674096441,12,8
"4190",15.0812272767405,6.14481858208707,12,8
"4191",24.4038540551793,4.20043078256279,12,8
"4192",23.5403717431117,5.82920032197068,12,8
"4193",23.9147479257307,4.49197535252843,12,8
"4194",19.3974832059166,5.79048048370897,12,8
"4195",30.7033702825976,8.09859621519758,12,8
"4196",20.7621381301287,6.81254518015195,12,8
"4197",23.9245967278774,8.02514520458106,12,8
"4198",21.3875592294842,5.94097534972543,12,8
"4199",18.9212329340981,6.97730955512067,12,8
"4200",25.0183226566704,9.05710891864699,12,8
"4201",25.2610570417677,4.68092476170053,12,8
"4202",19.0837339264225,7.30617616899333,12,8
"4203",10.4532933058743,0.0542935038430636,12,8
"4204",21.6405678014338,6.44616039861014,12,8
"4205",20.5594872839003,5.96850294473535,12,8
"4206",27.1879966582987,5.77564263905154,12,8
"4207",24.0830980239691,7.47807800702804,12,8
"4208",21.7863856798044,5.06225495444516,12,8
"4209",23.651278571072,6.85974317306781,12,8
"4210",17.7415610230745,6.53097256357611,12,8
"4211",18.444767917569,6.64385468538774,12,8
"4212",23.04511828841,4.5977027179768,12,8
"4213",21.4369752875455,3.88706223475592,12,8
"4214",24.6978373099088,4.68981003813761,12,8
"4215",25.5122264457072,6.44032179570647,12,8
"4216",20.6723116081766,3.76609348339685,12,8
"4217",25.480849943938,8.87285809158263,12,8
"4218",20.232276033364,6.96339834043387,12,8
"4219",17.9995659039032,10.6763177549581,12,8
"4220",22.7973740365986,6.45968394985931,12,8
"4221",24.9382241424696,4.70124566511453,12,8
"4222",31.0670028716391,6.07664665537122,12,8
"4223",26.8873786926033,7.4530678431551,12,8
"4224",24.0892744381877,6.65756879410043,12,8
"4225",24.7674173235074,4.6972198210191,12,8
"4226",15.9222858264994,5.942509982256,12,8
"4227",24.3256910216524,6.48813619630894,12,8
"4228",20.5026618029189,7.49393124861623,12,8
"4229",23.2638092753423,5.12996185310393,12,8
"4230",26.3094652067173,7.95414509292514,12,8
"4231",16.5532662890827,6.64448182597664,12,8
"4232",30.7417925167149,4.13808863483418,12,8
"4233",20.5786991708167,4.03179839826594,12,8
"4234",24.5672435507122,5.9565168884317,12,8
"4235",24.5442985948101,11.5251519090139,12,8
"4236",19.6371444511942,6.48614977730604,12,8
"4237",21.3021748978431,9.24815921568575,12,8
"4238",21.1505725262669,6.73257271005433,12,8
"4239",22.4155941507417,6.68723972022022,12,8
"4240",20.2843137744161,7.71980301535975,12,8
"4241",17.5855312787362,5.83278776099324,12,8
"4242",24.6533904520401,6.48471016574197,12,8
"4243",25.3685536413827,7.93477853670773,12,8
"4244",24.9716441662071,9.59482235675324,12,8
"4245",27.8801631094736,8.47194332983358,12,8
"4246",20.7414049062025,3.79659408370525,12,8
"4247",25.3708755407042,7.80205328182939,12,8
"4248",16.6430812291626,2.88300657723266,12,8
"4249",22.861535421328,5.49226717038801,12,8
"4250",26.4293775744724,5.803518461091,12,8
"4251",25.9159659763502,6.53762102687388,12,8
"4252",20.7447621501806,5.41586132831427,12,8
"4253",18.8424453118727,9.2061705303345,12,8
"4254",17.838714816113,4.38022676837243,12,8
"4255",24.4443587326171,5.60192015306909,12,8
"4256",24.5896772510662,6.42846861173428,12,8
"4257",22.7852906564575,5.09849241738319,12,8
"4258",21.8803601279679,4.34347876016421,12,8
"4259",21.0507922084938,5.62377839966761,12,8
"4260",20.9365611097199,8.10227998038012,12,8
"4261",22.1207406893448,7.97822501018165,12,8
"4262",19.5842069192748,4.42533546904747,12,8
"4263",21.1778568047595,7.42223213726426,12,8
"4264",17.1418354809441,8.79461232208589,12,8
"4265",21.6248814286626,6.29988471162674,12,8
"4266",21.4939993571348,5.36503866459016,12,8
"4267",25.7278510819355,4.32864059321533,12,8
"4268",18.0127846868013,6.83258601968835,12,8
"4269",21.2244291465594,7.9906209630994,12,8
"4270",23.734920769917,9.75736780594497,12,8
"4271",19.8044907945872,7.44743527923075,12,8
"4272",20.8024388820844,7.21092206190188,12,8
"4273",23.5576332446522,5.84198283999828,12,8
"4274",19.6366198526819,3.0052349440692,12,8
"4275",22.939761411888,8.85617064967216,12,8
"4276",25.9256117264837,5.23376418792815,12,8
"4277",26.8713124975774,6.41937567069744,12,8
"4278",18.7406465993382,9.7000716647253,12,8
"4279",22.0449891422025,3.70031263273556,12,8
"4280",18.0298556516946,5.96102141603932,12,8
"4281",19.6641298037058,6.06043431190403,12,8
"4282",25.2775299385036,8.26462492731302,12,8
"4283",22.3195931012481,6.87763011446244,12,8
"4284",23.1557585873889,9.70454768620268,12,8
"4285",14.7517423908964,4.19672124387319,12,8
"4286",16.7137734995183,4.80733987924062,12,8
"4287",22.6317208507012,5.0296081920288,12,8
"4288",19.5459630602078,6.78973831606836,12,8
"4289",23.3392078039611,6.21769971660323,12,8
"4290",24.1372043552767,5.3469609076672,12,8
"4291",26.3341228396912,7.9037037725787,12,8
"4292",25.3149444073081,8.53435553939321,12,8
"4293",21.0790365563896,4.95120238117722,12,8
"4294",21.6584610797886,9.70046517285346,12,8
"4295",25.4524305397293,9.80372800890385,12,8
"4296",26.3105097730257,6.88183792117443,12,8
"4297",22.268635380743,7.10290634759408,12,8
"4298",21.3700452794605,6.89961876294396,12,8
"4299",18.7803438718908,7.63979056490866,12,8
"4300",20.126770593334,6.35719540184311,12,8
"4301",27.2320858514606,8.14689658221144,12,8
"4302",26.1606136837391,8.48076777559763,12,8
"4303",23.6471745273425,9.19249072257089,12,8
"4304",20.7397234354249,6.94214713085633,12,8
"4305",21.9566623602757,6.68290411265015,12,8
"4306",21.3570301569224,6.19581165409533,12,8
"4307",21.8218888247027,6.42258147713516,12,8
"4308",24.315023571755,6.00276597651487,12,8
"4309",16.8414736527745,9.50167513072547,12,8
"4310",19.9782678541007,9.12480966873605,12,8
"4311",19.5383827783739,5.89155356657993,12,8
"4312",20.2340488530952,7.52473026353297,12,8
"4313",22.3544049836375,6.77783953806728,12,8
"4314",23.4198986457076,6.3267838543013,12,8
"4315",15.3703544301355,8.51193853145817,12,8
"4316",22.1447457921234,4.08185825075168,12,8
"4317",24.2264416097413,6.98708285700371,12,8
"4318",27.8592741523693,6.43871943761369,12,8
"4319",21.4239285431511,5.57326095398429,12,8
"4320",22.745518905907,7.09930821333924,12,8
"4321",22.9294789133409,7.19392356954275,12,8
"4322",22.5232989047426,5.4642897656258,12,8
"4323",18.8267173867923,5.91992494200888,12,8
"4324",15.7438663727953,4.06914872444621,12,8
"4325",21.7608540921931,9.38825393145074,12,8
"4326",22.1701666972284,6.46139957444952,12,8
"4327",27.9721924463473,7.78712906228458,12,8
"4328",18.1315655458659,4.32643720908005,12,8
"4329",25.6777588075174,7.79246184898068,12,8
"4330",21.1791279688094,8.94701447746267,12,8
"4331",25.7632824782981,6.28868064557058,12,8
"4332",18.4893917080096,8.2840255759236,12,8
"4333",23.3937664195807,4.51351479805347,12,8
"4334",20.5445074566864,6.2261053116898,12,8
"4335",18.2083445398014,7.75901650499039,12,8
"4336",24.8939343289563,8.41052594168174,12,8
"4337",19.5126723604709,4.62857025160904,12,8
"4338",24.7214641018167,7.49425546085313,12,8
"4339",26.8463015821379,6.81797608710561,12,8
"4340",23.9673045098907,7.56227226787855,12,8
"4341",24.2957163963049,7.3275842731109,12,8
"4342",23.3193622926723,5.79864483462923,12,8
"4343",16.5805826737138,5.98521942004556,12,8
"4344",18.521660927079,7.87377047561261,12,8
"4345",23.1928137114216,7.29901234598476,12,8
"4346",16.1759838599085,4.62328558906826,12,8
"4347",26.9160432854642,4.67402704781648,12,8
"4348",18.6108710831165,4.55558763825117,12,8
"4349",22.358134789082,6.6692087368181,12,8
"4350",27.1609325328547,7.18861528453597,12,8
"4351",21.4916330079806,4.43190668951188,12,8
"4352",16.0577777209277,8.00667892653552,12,8
"4353",20.3149714837289,8.77991164685972,12,8
"4354",18.7609198381736,6.58278759093784,12,8
"4355",23.5273095990722,7.9657139193917,12,8
"4356",19.5902785945856,6.9981989240756,12,8
"4357",14.3429843545741,8.21811139740973,12,8
"4358",15.3741062274533,6.28166926510125,12,8
"4359",25.1560837735209,8.74613116196129,12,8
"4360",21.4934911026242,6.96654658872132,12,8
"4361",23.5138468584337,4.21555046317451,12,8
"4362",24.0582515715522,5.30805276606232,12,8
"4363",27.4909783660803,6.37721520227715,12,8
"4364",26.5179583332016,3.24722167777637,12,8
"4365",19.5749100661761,8.21522654224733,12,8
"4366",21.031553575237,3.05948053921693,12,8
"4367",23.3987492237001,7.5868464939166,12,8
"4368",20.8678575067867,5.55005839750612,12,8
"4369",19.7376536266224,5.93179684303887,12,8
"4370",17.8018645302386,7.55113068002356,12,8
"4371",24.7492200590492,5.32504561149663,12,8
"4372",24.6087793355446,6.71492880700109,12,8
"4373",14.4740763680262,10.5710885656392,12,8
"4374",21.8568615543889,3.98334443237586,12,8
"4375",25.6359207555712,5.20257788147387,12,8
"4376",18.4881416643122,7.09960793014854,12,8
"4377",20.0750919221244,7.04231277445304,12,8
"4378",21.3136832461493,8.14970917105347,12,8
"4379",15.0772166954575,8.06158067047072,12,8
"4380",20.188040441736,6.2709727457939,12,8
"4381",28.3701394046351,6.62248917469262,12,8
"4382",23.1103563145837,7.45685884053493,12,8
"4383",15.5671476334,6.78844642740694,12,8
"4384",19.4331900723609,5.37271503166375,12,8
"4385",26.9001827888519,6.46529322736961,12,8
"4386",20.7515786475583,3.35047292688971,12,8
"4387",25.1989440383994,8.91018300302227,12,8
"4388",20.9909809075585,8.1369686939048,12,8
"4389",23.8316466971021,3.52381537039434,12,8
"4390",20.5396492632836,4.16909319191391,12,8
"4391",19.9137037237502,7.07819492780049,12,8
"4392",25.7710219388048,4.57627142255387,12,8
"4393",26.4304689262387,9.56558868058971,12,8
"4394",31.2132292356129,5.3536649812393,12,8
"4395",27.854003348579,6.03263575623931,12,8
"4396",18.2380973804653,3.03404275977763,12,8
"4397",17.9966524826529,6.56167414784727,12,8
"4398",21.2381600902386,7.69342049761065,12,8
"4399",17.4273518707464,3.43767012466403,12,8
"4400",25.2768382687769,8.2601185749137,12,8
"4401",20.2383396183977,3.43768571466854,12,8
"4402",30.5322000813766,7.35589208097967,12,8
"4403",22.4187890821738,5.66049113862014,12,8
"4404",20.2650978354757,4.60909488200227,12,8
"4405",24.4600543393249,6.50710891790921,12,8
"4406",30.6256641747456,6.4882094924715,12,8
"4407",25.3969471708896,5.53475919263745,12,8
"4408",18.102511046661,3.47979608460857,12,8
"4409",12.5659077227357,7.8249677453732,12,8
"4410",19.073917510405,4.72562688615709,12,8
"4411",20.4168173278798,4.31667258382361,12,8
"4412",16.3644667897366,6.38211856035857,12,8
"4413",21.8851101212759,3.59072792837776,12,8
"4414",16.8714258138548,7.74893655490304,12,8
"4415",20.6106547567509,8.54980727526993,12,8
"4416",23.599238041217,4.15791170108724,12,8
"4417",18.9195533077948,9.05142912612143,12,8
"4418",25.8750633007855,5.4306067721476,12,8
"4419",26.1162782037569,4.87818664019024,12,8
"4420",23.5019384658176,7.31660180826374,12,8
"4421",19.3628337246017,7.9910734397771,12,8
"4422",23.3043261659967,5.55531374963916,12,8
"4423",15.4630330111583,5.81206978869307,12,8
"4424",23.5459528289327,8.09807531084871,12,8
"4425",23.8021689662286,3.65221165209826,12,8
"4426",16.0578800888575,8.76482051117651,12,8
"4427",17.4674730846133,8.41956303552957,12,8
"4428",31.8479732596754,8.21477862430642,12,8
"4429",21.8784476878784,6.7129372189321,12,8
"4430",19.4385590447109,5.78235651043741,12,8
"4431",26.6116555487316,5.77678208210572,12,8
"4432",10.3762103932085,6.99599730455037,12,8
"4433",19.225290547184,8.24096585671409,12,8
"4434",13.8971614375726,7.61645789701523,12,8
"4435",19.5599277872045,6.53168502682905,12,8
"4436",25.1491175877814,8.81246195705108,12,8
"4437",25.779536585617,5.41909833318312,12,8
"4438",22.0157661893506,5.42063065193096,12,8
"4439",17.9496300619724,6.79625927626209,12,8
"4440",20.1703611082075,5.50401788852333,12,8
"4441",25.0674732386032,5.6091413786641,12,8
"4442",24.5312356321002,6.82293127814353,12,8
"4443",22.8949396555542,4.33850397385799,12,8
"4444",20.655062043963,7.45199065630023,12,8
"4445",24.7832182498448,8.70998159334104,12,8
"4446",21.026846841659,7.29559079844971,12,8
"4447",26.3429722680067,7.25822147730518,12,8
"4448",18.6438828263243,7.55346809184434,12,8
"4449",17.2534714498958,7.15299213666596,12,8
"4450",17.9121119845719,7.05052055580628,12,8
"4451",21.3139374117004,4.9211678726958,12,8
"4452",23.4970400365905,5.53991833095533,12,8
"4453",20.710995181202,4.9679132827989,12,8
"4454",21.7721837188475,9.97231149391497,12,8
"4455",21.2355034962153,11.1618395441063,12,8
"4456",21.1254651869906,7.29520948789214,12,8
"4457",21.2431265719023,5.38562920086583,12,8
"4458",11.9331746664725,2.62239585588667,12,8
"4459",23.6153628979903,6.63155296190557,12,8
"4460",19.1537503875372,5.51235397900625,12,8
"4461",24.662409487062,6.42980100680092,12,8
"4462",20.9402319898511,5.06299465602299,12,8
"4463",19.7651527145345,7.37044288397833,12,8
"4464",25.7378425016735,9.23312686681231,12,8
"4465",25.1039549601357,3.92739512583004,12,8
"4466",20.9899195663952,7.2402585092691,12,8
"4467",28.235331200274,7.99673038592474,12,8
"4468",20.3622176241356,8.08940119797929,12,8
"4469",19.1687446773444,7.90819905388656,12,8
"4470",16.8040430094864,1.06002957138233,12,8
"4471",24.9896202534812,5.67681043455885,12,8
"4472",23.7854460578248,7.75582756787846,12,8
"4473",23.376679309898,7.26322734208761,12,8
"4474",24.741236718109,8.73249806366915,12,8
"4475",22.0852662146893,8.50800278508277,12,8
"4476",21.9468867543031,5.89730855043115,12,8
"4477",20.2284585469974,6.02091181927737,12,8
"4478",21.2384879413632,4.17075051663915,12,8
"4479",23.0435686257719,9.68596938991638,12,8
"4480",21.3065085161537,4.08298577013127,12,8
"4481",23.1660017744476,6.75381404617754,12,8
"4482",22.8543039570271,4.36028859463959,12,8
"4483",19.3781492300107,3.74392397271502,12,8
"4484",22.8083601599066,8.19864090444608,12,8
"4485",20.637306374439,5.86860262234844,12,8
"4486",23.4142843640113,6.93438586757581,12,8
"4487",16.2218039511364,5.94706177340067,12,8
"4488",18.4740035134174,4.62382893433629,12,8
"4489",16.4622433746278,6.82673915671661,12,8
"4490",22.8166074160071,6.80921277161986,12,8
"4491",24.8675457427895,7.20985820812388,12,8
"4492",21.6265046300912,9.52928734976927,12,8
"4493",23.0517801832792,6.81703357522313,12,8
"4494",23.2381982695251,2.60163651646312,12,8
"4495",19.0937145941567,7.87343385473622,12,8
"4496",21.5781434046708,4.39623505826298,12,8
"4497",23.9321632874056,6.16104205125615,12,8
"4498",24.9512494316144,6.78711571383949,12,8
"4499",23.3939551290097,7.42948555025651,12,8
"4500",21.9351891460872,7.13537117842673,12,8
"4501",20.8112088228674,3.45754125941756,12,8
"4502",25.253291439942,7.39120007714508,12,8
"4503",15.7964001081208,6.83109231639667,12,8
"4504",23.6523886766624,5.11403168898266,12,8
"4505",17.1754194287886,9.79901882075585,12,8
"4506",16.2977774502768,4.69443984505366,12,8
"4507",20.1558505796365,8.1405084904381,12,8
"4508",20.4700529034384,7.25405257074351,12,8
"4509",31.9985394850443,10.5199664375597,12,8
"4510",24.849415464232,2.39266165255916,12,8
"4511",23.5196243841025,5.2210250767236,12,8
"4512",24.9436386642155,5.46913351216322,12,8
"4513",27.7592752663235,6.46477525583329,12,8
"4514",19.9762696422979,7.18650005725442,12,8
"4515",23.9948710937989,8.82354822346014,12,8
"4516",24.2294845083576,7.36979101784428,12,8
"4517",19.562122857508,5.24507078034479,12,8
"4518",28.6172665473203,5.69747761747798,12,8
"4519",20.9149725867922,7.80012626782191,12,8
"4520",15.8693608389856,5.42373235475542,12,8
"4521",23.3731423421855,6.52855820574484,12,8
"4522",22.7778379789245,7.72181846168231,12,8
"4523",22.9220374775262,4.85848022843844,12,8
"4524",19.6642057439544,7.00294941794707,12,8
"4525",15.571558452465,4.94734674367831,12,8
"4526",16.0796337793914,7.07473136234471,12,8
"4527",19.9290357363723,6.35191076024113,12,8
"4528",21.9074394766836,5.17395776081877,12,8
"4529",22.8749266367485,3.6874424972743,12,8
"4530",17.2463085724598,7.29008040681591,12,8
"4531",24.9433193698086,3.7706068891907,12,8
"4532",22.8373525101497,8.50054532176314,12,8
"4533",21.3154566278098,5.39143417055199,12,8
"4534",19.6838555126525,8.26050240783951,12,8
"4535",20.715476956953,4.1882609858423,12,8
"4536",21.6525259011851,5.16275511406506,12,8
"4537",18.8146966812702,6.13387537541986,12,8
"4538",22.7929061421771,7.50841008951753,12,8
"4539",16.4004185594338,8.11811929817086,12,8
"4540",23.2997385687399,7.97553553728036,12,8
"4541",17.345304388727,4.50802325587314,12,8
"4542",22.5609500218393,5.54870160697413,12,8
"4543",20.5621779878479,7.12787689494355,12,8
"4544",30.9656712127346,9.87249615709738,12,8
"4545",21.2575571191646,5.97452198488137,12,8
"4546",18.8205242372633,4.50602851302553,12,8
"4547",14.5471492147944,5.344912805778,12,8
"4548",23.0281545237765,8.35281182596706,12,8
"4549",24.4730064280059,7.73075995835741,12,8
"4550",24.1178820867618,9.75450506406983,12,8
"4551",27.3629723192759,7.4223069423728,12,8
"4552",22.9420129400269,8.64082406213697,12,8
"4553",20.8948219770846,4.21110239379396,12,8
"4554",16.0110756617418,6.74326043288706,12,8
"4555",22.1343637326574,6.88452606625059,12,8
"4556",22.1232603060386,6.57855269542266,12,8
"4557",25.8909942363595,10.2505911459122,12,8
"4558",23.9931763690457,8.4948021318576,12,8
"4559",21.7227988079992,9.01078401748335,12,8
"4560",30.5094522751694,5.59958424198577,12,8
"4561",20.1878814902429,3.86679298365084,12,8
"4562",18.2498217403269,4.68873338327622,12,8
"4563",15.7930254184254,7.4160301746667,12,8
"4564",23.908016514798,7.32329156655231,12,8
"4565",25.320652181647,5.35693460023538,12,8
"4566",18.2864363844915,7.39065945297534,12,8
"4567",19.577823443295,8.63633957728441,12,8
"4568",26.0913928940719,6.61423859530151,12,8
"4569",23.2514569362145,6.02326268465873,12,8
"4570",27.3934573383075,5.19220688846573,12,8
"4571",26.3770878395601,4.7057187045242,12,8
"4572",18.5411789391408,5.52036818717391,12,8
"4573",23.72570199317,7.02380092960728,12,8
"4574",25.2881367187956,8.60045549294669,12,8
"4575",23.9846264596691,11.7213938473551,12,8
"4576",19.2739702341377,8.48926325555493,12,8
"4577",20.5120181213301,9.50170670834795,12,8
"4578",21.2257833228143,6.03498320261619,12,8
"4579",20.8953400614792,4.99563545000358,12,8
"4580",21.0893924373038,4.13672076594961,12,8
"4581",18.1250763248161,9.49621758649918,12,8
"4582",21.6715717878175,8.55861863791204,12,8
"4583",14.8067931476956,6.8986319980859,12,8
"4584",20.5533849091848,5.79088014849462,12,8
"4585",18.9884402394852,6.07118637118408,12,8
"4586",21.8303656943696,7.79771786086111,12,8
"4587",22.2649121645779,5.60563125152332,12,8
"4588",22.4305966167888,8.10904450377143,12,8
"4589",20.0976317811615,8.4416804103098,12,8
"4590",17.2847974043308,7.54313695479933,12,8
"4591",22.621734907885,6.61519962590858,12,8
"4592",19.9135541553319,9.09274464427605,12,8
"4593",27.4196856569553,10.3336348587621,12,8
"4594",20.1867927517839,5.69333092506132,12,8
"4595",20.4606717932846,2.98392783670303,12,8
"4596",21.6513508164322,8.27481580739379,12,8
"4597",24.8719512979377,6.72539913296209,12,8
"4598",19.4268525804788,5.40957585900448,12,8
"4599",25.2858486236478,5.31876182842361,12,8
"4600",19.866207209977,6.65963281175709,12,8
"4601",24.8201572689649,6.90983296509739,12,8
"4602",17.8957042771409,6.17918394173251,12,8
"4603",26.2201089370608,8.13197385624801,12,8
"4604",20.2742825850649,5.28291342903894,12,8
"4605",24.5819747459705,9.60836889454879,12,8
"4606",21.2112353319917,7.43276875571033,12,8
"4607",23.1618938510797,8.37101491632297,12,8
"4608",22.7514504683996,6.91816471362162,12,8
"4609",23.7285001456047,7.0195707041124,12,8
"4610",21.28401246826,6.39209994041367,12,8
"4611",20.2533612706722,5.62760971366292,12,8
"4612",16.7948640568184,3.56461706212677,12,8
"4613",25.35545928414,6.64991581702182,12,8
"4614",24.4662555828327,6.70754082643796,12,8
"4615",28.9936502403603,5.86964457371058,12,8
"4616",18.0127942467919,7.07877586734657,12,8
"4617",26.1593585825224,5.40600955684561,12,8
"4618",21.1506749967666,3.18274129305807,12,8
"4619",14.9402041771622,3.86543037240943,12,8
"4620",22.6635108095081,5.87174909221438,12,8
"4621",17.9584939127829,8.0330003558407,12,8
"4622",25.7678006611782,7.01052847658005,12,8
"4623",20.6905687680563,7.7405875519163,12,8
"4624",17.3556274271954,7.78979834831431,12,8
"4625",22.4585552146395,4.370525385111,12,8
"4626",20.1902188981028,7.12459983297107,12,8
"4627",20.7212673941562,4.21544174534082,12,8
"4628",27.7717504281502,5.84204771876382,12,8
"4629",26.4087965407436,4.88310102818745,12,8
"4630",25.1320799090583,4.81061599449275,12,8
"4631",22.6774029477359,2.86273781935819,12,8
"4632",20.8872382923076,4.60010375821249,12,8
"4633",21.5530890569169,9.77004451159632,12,8
"4634",22.5012026113061,6.74099192051037,12,8
"4635",23.3216367969295,6.8016490949567,12,8
"4636",21.7636598132782,5.99541002877532,12,8
"4637",24.029595181729,3.34810188510543,12,8
"4638",29.0937620058405,7.10602098886051,12,8
"4639",27.0765457982896,5.13561247603141,12,8
"4640",24.5430001681678,9.19057433506313,12,8
"4641",17.3323394717262,6.68833164102351,12,8
"4642",21.4633830424218,5.52409100057142,12,8
"4643",22.9167879564457,6.73913642854997,12,8
"4644",21.225023410663,9.0892760684132,12,8
"4645",22.5166917560865,7.38184935652044,12,8
"4646",17.5618785017846,6.92558663694614,12,8
"4647",19.1364900827815,9.66342597737525,12,8
"4648",26.7159147211709,4.69154872120227,12,8
"4649",21.039307841985,4.60943117665251,12,8
"4650",28.0904502002386,3.82429364011905,12,8
"4651",21.6207832080837,4.36392285740604,12,8
"4652",19.1106447135115,7.00501839620666,12,8
"4653",19.5682195469376,7.37562051950298,12,8
"4654",21.2378533873189,6.76862229291004,12,8
"4655",15.4355333226413,10.3246015653353,12,8
"4656",22.2650483989898,7.96511166662669,12,8
"4657",23.9071090712333,6.54246941159792,12,8
"4658",22.1963322231716,7.50678059641771,12,8
"4659",20.0472586960311,6.22392997659202,12,8
"4660",15.350238439689,10.182402066262,12,8
"4661",29.3061556557514,9.25602658897471,12,8
"4662",22.5793541817751,6.28434078198732,12,8
"4663",20.0826998925645,8.08389533623143,12,8
"4664",19.5443737880658,6.83361172641133,12,8
"4665",22.5017969258404,4.77800582087957,12,8
"4666",23.5645321922724,6.12069659191981,12,8
"4667",24.6673870127974,8.16673167162491,12,8
"4668",17.1685600953512,6.52477499334415,12,8
"4669",16.2866870437378,6.72536978546276,12,8
"4670",19.5972626318009,7.34629259296816,12,8
"4671",25.6961037170958,6.49115806968873,12,8
"4672",23.1146751488345,7.77053792292311,12,8
"4673",21.215774566416,3.83991020710598,12,8
"4674",23.579452454242,4.86883255522467,12,8
"4675",28.4244387930704,5.16628226908611,12,8
"4676",26.5592554509533,4.80419662517749,12,8
"4677",19.1189807755445,8.1558448048957,12,8
"4678",26.3352298385408,6.41039816732922,12,8
"4679",17.9056479243147,7.34096649187831,12,8
"4680",22.1546318198605,4.95627972451144,12,8
"4681",27.0868841521224,8.12036005806196,12,8
"4682",25.0642551075363,6.44331389753684,12,8
"4683",22.1183363581179,7.70544835953259,12,8
"4684",20.7428897212235,6.71387112303276,12,8
"4685",25.2271016595341,6.65921041988046,12,8
"4686",24.9335289686115,5.86517892988269,12,8
"4687",18.2099836484909,8.53409815833637,12,8
"4688",23.7957231758579,6.0654272975248,12,8
"4689",27.4482562979362,6.44098471508297,12,8
"4690",27.7459352269255,6.07158849645805,12,8
"4691",14.8954539894124,4.91819921517513,12,8
"4692",24.9665835427931,6.63901281913865,12,8
"4693",24.037186460193,5.90446144004144,12,8
"4694",28.5847619730146,7.80762886755215,12,8
"4695",23.2815972245548,3.91367928692786,12,8
"4696",21.3995451823447,8.38580518447484,12,8
"4697",23.4938289603335,6.33207951006139,12,8
"4698",18.5986068950616,6.72540161662381,12,8
"4699",22.9850833566171,7.11834969561645,12,8
"4700",20.7655107429868,7.08015388778643,12,8
"4701",23.0627612851091,6.69171141039697,12,8
"4702",19.9027831478195,5.70709726523362,12,8
"4703",15.2993969819567,5.21864493988777,12,8
"4704",25.196458146295,6.74148953681999,12,8
"4705",24.9615525985611,8.52764332289258,12,8
"4706",19.3474563274789,5.16712898806472,12,8
"4707",25.9448638414165,6.88582491527429,12,8
"4708",19.1615235432658,6.13548836511467,12,8
"4709",25.2216798109742,9.9786892751435,12,8
"4710",20.7607577379575,7.16497837370744,12,8
"4711",22.4341567601981,5.37670482620031,12,8
"4712",22.7123997437969,8.857349486076,12,8
"4713",18.2648682665362,6.8580220807138,12,8
"4714",21.5353707039528,8.34052212093325,12,8
"4715",23.8190848704274,6.3403623106876,12,8
"4716",24.1484287502652,7.58038601729483,12,8
"4717",21.9242001677158,5.33677553962873,12,8
"4718",22.3269725724972,8.88403281995355,12,8
"4719",20.9985976981098,4.53087707564614,12,8
"4720",19.1138620528437,9.8936095521588,12,8
"4721",23.3275229774507,6.38124028086279,12,8
"4722",21.0849312698614,6.07814170404336,12,8
"4723",21.8854812053602,9.66815700161355,12,8
"4724",24.5007774952274,4.68890359377839,12,8
"4725",25.8503718863506,5.57245447510892,12,8
"4726",16.5727024858442,6.57575823078211,12,8
"4727",19.6835689506375,6.19705991646368,12,8
"4728",19.7046529535796,3.97259181866958,12,8
"4729",28.1403074037335,7.7719202585795,12,8
"4730",23.862905807643,5.81704862543309,12,8
"4731",29.3646347850855,6.06341042263389,12,8
"4732",23.6926372800131,6.71561926462605,12,8
"4733",23.4838828359093,6.74121516021413,12,8
"4734",25.500656169822,4.91738558590191,12,8
"4735",21.8054427981613,3.72375818237843,12,8
"4736",24.3956505585046,5.88312374349812,12,8
"4737",20.5356116179698,6.34997019949484,12,8
"4738",23.231371962167,6.28326565086083,12,8
"4739",24.9066370167957,6.14253141481674,12,8
"4740",18.6910872770554,7.92657466706036,12,8
"4741",18.2457168170983,8.49254285550544,12,8
"4742",26.0095702516897,3.66411948786389,12,8
"4743",19.5060023021657,9.19759453990573,12,8
"4744",17.5386857850943,6.60971160812342,12,8
"4745",20.5281001847739,9.45926816353277,12,8
"4746",22.1812206043396,3.29273853011055,12,8
"4747",26.2347689813163,7.11373528645911,12,8
"4748",20.9249875387149,7.95332493324015,12,8
"4749",23.4916527268118,4.35936896641722,12,8
"4750",18.5248216090841,9.66597877263105,12,8
"4751",22.791162000113,5.7736331131711,12,8
"4752",22.5080384190817,9.60151339725662,12,8
"4753",20.9364838081291,8.82998225112502,12,8
"4754",23.4666378511284,7.39043669059355,12,8
"4755",19.4528369908575,7.73111190684861,12,8
"4756",21.4069947954892,6.67098944873749,12,8
"4757",22.8007458578991,4.66560874443029,12,8
"4758",24.6516358031476,8.8679406965541,12,8
"4759",22.8205181813847,4.9932973939504,12,8
"4760",15.2461515101779,7.80625966531238,12,8
"4761",22.0520386014766,8.13679276049229,12,8
"4762",20.7377620714544,6.60031971166688,12,8
"4763",22.5696313337525,8.21805879685921,12,8
"4764",21.0104966030772,5.88476990597211,12,8
"4765",19.4888308767357,5.68026463507903,12,8
"4766",18.9410559358371,8.22257379303001,12,8
"4767",24.3919068901244,6.54311411939104,12,8
"4768",20.3376167099725,5.29491187023612,12,8
"4769",18.7233421002205,7.5466614430476,12,8
"4770",19.7202170474738,6.27977686682798,12,8
"4771",22.2895932882669,4.43248734174671,12,8
"4772",27.6687881999965,3.72744476081946,12,8
"4773",14.818835484996,6.44715696489543,12,8
"4774",20.8913254589294,7.22313363210465,12,8
"4775",19.9040192837642,4.67479123514978,12,8
"4776",25.2106771709832,7.69545388750295,12,8
"4777",25.6977384799748,8.73131853278775,12,8
"4778",19.6249533823088,8.43100113279933,12,8
"4779",20.5875445445588,6.76593812600877,12,8
"4780",25.647808803789,6.36503994791659,12,8
"4781",19.8148866917992,6.74181171982767,12,8
"4782",24.032239857853,5.86519303189519,12,8
"4783",25.4471780927239,8.47940230496686,12,8
"4784",24.3884534103639,5.2912746432691,12,8
"4785",22.2322749056536,6.19768772559545,12,8
"4786",19.3200070109342,3.91166106839507,12,8
"4787",18.4328569670735,5.21744859112536,12,8
"4788",17.9593359085436,7.42086860998203,12,8
"4789",22.8238598851069,7.13412139856533,12,8
"4790",15.5882795599362,6.22429659560501,12,8
"4791",25.4037379664475,3.71857780227434,12,8
"4792",18.7997170260746,7.04683078952232,12,8
"4793",12.9018464051286,7.10882594655509,12,8
"4794",21.2908028426745,6.39200052222472,12,8
"4795",32.070072122769,4.51053992426431,12,8
"4796",23.0903552287078,9.05843807950032,12,8
"4797",21.926711568616,4.5369925497442,12,8
"4798",16.4967949203701,6.78230052447194,12,8
"4799",19.1800600644568,7.4671243780983,12,8
"4800",18.0863207938862,3.59590557067889,12,8
"4801",27.6556356742363,8.77230982302479,12,8
"4802",16.4294181825082,4.83496659966693,12,8
"4803",25.3815107760774,3.56314619237171,12,8
"4804",20.4943411107054,4.12311983499697,12,8
"4805",26.7844434202852,5.88118986823548,12,8
"4806",25.515052702032,7.73041308528788,12,8
"4807",21.1214569783863,8.50364042638012,12,8
"4808",26.4556591831785,7.73541154119272,12,8
"4809",24.046841266418,7.4283933100875,12,8
"4810",21.3922627259643,5.17835368418054,12,8
"4811",22.3790520503961,8.53272160847212,12,8
"4812",28.5681922760624,5.05175743972787,12,8
"4813",27.6543418230818,10.1808362296515,12,8
"4814",20.7844306201474,7.37921087835008,12,8
"4815",15.3789371142458,7.71458834192001,12,8
"4816",23.78501198392,7.13218993657569,12,8
"4817",17.7036361325948,4.96823467113116,12,8
"4818",26.0707750018845,6.22549986541346,12,8
"4819",20.2919112515717,9.12902182789517,12,8
"4820",28.5757446178967,4.54872540725951,12,8
"4821",25.2938868230618,7.51386784698176,12,8
"4822",19.7924318037169,4.45134797787006,12,8
"4823",16.6346358192833,8.71546455976996,12,8
"4824",21.9258658584033,3.25360272247324,12,8
"4825",20.9650883562331,7.30414533651451,12,8
"4826",23.9782768730238,9.42526821570684,12,8
"4827",16.4407084621778,4.84033745820752,12,8
"4828",22.100901150442,5.59209773602638,12,8
"4829",26.6713187915516,8.60207313315119,12,8
"4830",16.0865211530256,7.78412506625107,12,8
"4831",20.5239770979964,5.61162887454324,12,8
"4832",23.2665543824192,5.45573539018255,12,8
"4833",23.9977620831569,11.0999086485932,12,8
"4834",25.0337775735862,9.62202948886065,12,8
"4835",23.3638690910614,3.7231456518198,12,8
"4836",19.6291743572202,2.6571528227032,12,8
"4837",16.9336187087597,8.47201330674404,12,8
"4838",21.0901593124227,7.39848677141033,12,8
"4839",20.8319430850996,7.11882070260443,12,8
"4840",20.2129491445752,6.75107234045772,12,8
"4841",19.6817148981468,5.76126393473623,12,8
"4842",16.4733029267793,5.95969081003004,12,8
"4843",28.8607664537445,5.84180280905058,12,8
"4844",19.1377329346088,7.79931181161428,12,8
"4845",17.4605297144416,9.82094051009294,12,8
"4846",19.0608883889959,8.85513238317976,12,8
"4847",20.1686607585854,8.46862616315714,12,8
"4848",25.4378835729177,6.61669012761616,12,8
"4849",26.5492240734911,4.55781566280766,12,8
"4850",21.7319630667627,7.37787281575322,12,8
"4851",17.1311109464938,5.57551824561647,12,8
"4852",21.6573719403271,7.10137823851131,12,8
"4853",23.4242398943625,5.80872778824307,12,8
"4854",22.4834987083392,4.16708010641077,12,8
"4855",18.4520430560326,6.65448173491113,12,8
"4856",22.2843935701095,6.2811243383786,12,8
"4857",27.644179707537,6.8591335215512,12,8
"4858",17.8071199110051,2.80701524091467,12,8
"4859",20.0549966318603,7.22041306001876,12,8
"4860",21.7990225324741,3.72810198551543,12,8
"4861",20.4094173460155,7.91150995727208,12,8
"4862",15.3988171891673,6.48696821139988,12,8
"4863",22.3439738788922,4.95185002899486,12,8
"4864",21.8949117506629,5.22467558442125,12,8
"4865",22.9892362659576,7.34371872248138,12,8
"4866",25.35344688355,4.94602650676841,12,8
"4867",20.7763586910367,6.13573725216666,12,8
"4868",25.0072349931386,4.76056672779626,12,8
"4869",25.0003076483646,3.70326279811968,12,8
"4870",18.9762130557834,4.79408509705402,12,8
"4871",24.6080490131146,10.0148488024733,12,8
"4872",17.0301934836522,7.18437905752312,12,8
"4873",23.1099921676838,3.31865171663937,12,8
"4874",23.3509992560032,7.23205431564809,12,8
"4875",25.0302544113843,6.18572486135981,12,8
"4876",19.0730296117344,6.33611410637502,12,8
"4877",20.7179678907438,7.28478501829307,12,8
"4878",26.7231450785783,3.43056429558757,12,8
"4879",19.757506640879,7.5206685941754,12,8
"4880",20.9560751278719,7.6795284838013,12,8
"4881",22.2172270456911,3.59846186994538,12,8
"4882",23.1354458069575,9.28201867879663,12,8
"4883",18.6206075259329,6.29788362538215,12,8
"4884",20.1007516025114,4.45851432005245,12,8
"4885",21.6977291192017,7.86730121122182,12,8
"4886",19.0758673141023,5.95022274464031,12,8
"4887",22.3772194010763,3.98837329142369,12,8
"4888",31.214007177839,6.07804582578168,12,8
"4889",27.2405203173159,6.9197904506004,12,8
"4890",21.73073475022,4.61251493539508,12,8
"4891",22.5861186769087,7.15595430615367,12,8
"4892",25.4808718519953,10.1313485824796,12,8
"4893",18.149753668528,5.89505551266261,12,8
"4894",25.742550627766,4.65351662763945,12,8
"4895",19.5981684650297,9.60494720231795,12,8
"4896",20.0206688931882,3.2271319869716,12,8
"4897",23.0211142922203,7.67721967708211,12,8
"4898",23.7458302290454,1.97156487472177,12,8
"4899",28.7012273675112,6.20472656238048,12,8
"4900",24.6018327107439,4.32986698875356,12,8
"4901",24.322742427997,7.06342909983737,12,8
"4902",23.4952428455367,6.6224011965678,12,8
"4903",18.5578040981801,9.47950531160236,12,8
"4904",21.0226483802713,6.59851344111843,12,8
"4905",31.0708423553307,7.9112479355108,12,8
"4906",17.987350540266,3.16950089386898,12,8
"4907",17.8596210107842,8.19740220659741,12,8
"4908",23.1513574400016,6.53729015207876,12,8
"4909",28.553953968951,6.39875352648073,12,8
"4910",18.1441210622797,5.89308509705203,12,8
"4911",26.4783429113877,5.63493276464623,12,8
"4912",21.7303930034214,5.47155879384377,12,8
"4913",18.9936433190398,6.25217934132565,12,8
"4914",22.3363327123385,7.66169781920386,12,8
"4915",23.5233009092406,5.71640895216068,12,8
"4916",20.3493817815773,4.51885411918842,12,8
"4917",14.4569228370476,4.75393238280874,12,8
"4918",23.3041613892161,8.75972630522825,12,8
"4919",27.1416711293343,9.72299112065177,12,8
"4920",18.342590373235,5.8388695887533,12,8
"4921",20.723965462075,5.88798849868875,12,8
"4922",25.6311180455582,7.71343800032841,12,8
"4923",21.6608170977268,6.07241061023333,12,8
"4924",26.4598963169808,7.13297619854407,12,8
"4925",20.7729068985084,4.85571730215407,12,8
"4926",25.0334542174222,9.20235477696286,12,8
"4927",24.4186080857423,7.2255782143653,12,8
"4928",19.4424462460747,5.28771434996188,12,8
"4929",21.7225449512909,5.45248291876336,12,8
"4930",14.1092786424016,7.99057332981517,12,8
"4931",22.0492457360241,8.58215296081976,12,8
"4932",18.9186548767516,3.76161208630875,12,8
"4933",21.7640535771981,4.66205719290839,12,8
"4934",18.0452478168615,4.20214349868794,12,8
"4935",15.2350908467587,8.06445367514067,12,8
"4936",22.0706934155843,6.09031342277897,12,8
"4937",16.3493911878651,8.47931080884613,12,8
"4938",19.6573345066903,7.19532661815102,12,8
"4939",23.0084653498957,8.48117476678257,12,8
"4940",20.8630270171806,4.73649805958194,12,8
"4941",15.6460671102258,3.75765182622165,12,8
"4942",21.7374509683164,7.40992500866308,12,8
"4943",17.706284385193,4.04539130215148,12,8
"4944",23.684366981223,5.92487453653134,12,8
"4945",16.4379201245622,5.86986545502955,12,8
"4946",17.0032093527687,6.29288985122642,12,8
"4947",16.1355549763588,8.69048690943425,12,8
"4948",22.335644907495,2.41683643409824,12,8
"4949",20.4821855118192,5.81259569253961,12,8
"4950",19.5545656146812,9.04355764970804,12,8
"4951",24.4087890733837,7.06745654870816,12,8
"4952",16.7134227913403,6.69065530869675,12,8
"4953",25.5613243788129,5.63507364489042,12,8
"4954",17.7079223857631,5.52504364625105,12,8
"4955",24.3167623844993,5.8763735033561,12,8
"4956",23.8514925569773,4.42106926713701,12,8
"4957",17.5877344346625,6.37006678435515,12,8
"4958",19.3088946101939,4.16338447870531,12,8
"4959",21.4943469283805,6.84544810673885,12,8
"4960",25.2731145822163,6.79829450165385,12,8
"4961",18.378011758481,6.68038969105511,12,8
"4962",21.2820569148621,6.50563871059315,12,8
"4963",26.3432828009885,6.68589050023913,12,8
"4964",25.7976805250512,7.15037358400116,12,8
"4965",27.6335892480894,8.64244806903977,12,8
"4966",23.9061114880608,9.02095489575672,12,8
"4967",20.6411032277341,6.849338896399,12,8
"4968",18.875412731563,8.95519261687384,12,8
"4969",19.0426822305041,7.13252377842473,12,8
"4970",20.1750745197078,8.7009304930122,12,8
"4971",20.0700063319755,3.13079400425751,12,8
"4972",20.6950011464673,3.29913121955029,12,8
"4973",17.5730152442448,5.57182482144757,12,8
"4974",18.4392553592023,9.24691673073263,12,8
"4975",25.7018128236916,6.58422436229198,12,8
"4976",20.2411790578169,4.99029041496407,12,8
"4977",18.324389312324,6.96509470343672,12,8
"4978",17.6287835488346,7.57775602538559,12,8
"4979",18.5165681550717,7.41664168539301,12,8
"4980",21.39264170663,5.3649881037533,12,8
"4981",19.3698151507993,5.4900317588173,12,8
"4982",17.6789128838492,6.9790402926776,12,8
"4983",29.4189993852585,5.7642840867913,12,8
"4984",12.6988492236627,6.05358173392939,12,8
"4985",21.651873760268,7.19742488204386,12,8
"4986",21.9835937634147,4.53793155403061,12,8
"4987",20.6774785699813,10.0130596895204,12,8
"4988",20.4292031794214,7.73544783328121,12,8
"4989",25.2349667699497,6.77597222676291,12,8
"4990",22.3854848732523,8.10812848588782,12,8
"4991",21.9586075563574,7.77866662838425,12,8
"4992",22.9673761774156,1.56373187236134,12,8
"4993",24.5634457412076,5.30258080188117,12,8
"4994",23.4105347372932,7.02961958207304,12,8
"4995",15.2185072128803,6.81203573664329,12,8
"4996",18.4135153809774,6.7227540775033,12,8
"4997",22.5280341026555,2.80223451614479,12,8
"4998",17.4586607073014,0.522574925395751,12,8
"4999",21.6410035246596,7.92522266810975,12,8
"5000",21.0452769312547,1.33443605010377,12,8
