"X1","X2","component","subcomponent"
"4001",19.0526622193744,24.6206860130131,4,4
"4002",21.3950114913387,20.4915249895873,4,4
"4003",17.1937664897588,31.4093689209352,4,4
"4004",20.0936895454124,25.0520142319921,4,4
"4005",18.6186296029376,24.8792302344643,4,4
"4006",20.8043390902218,26.74417376286,4,4
"4007",20.0827132981107,21.8193937561842,4,4
"4008",21.7102021860652,14.3739776725,4,4
"4009",18.1157329143527,21.7084531163938,4,4
"4010",21.5799630032692,15.3920036341203,4,4
"4011",19.6590056831977,27.2802059991229,4,4
"4012",21.9279512102581,17.3388028316184,4,4
"4013",18.0954693432762,24.3339289858218,4,4
"4014",19.5877341870135,22.23382078997,4,4
"4015",20.8059156421163,17.5644677576924,4,4
"4016",19.6773447746174,23.240390524937,4,4
"4017",17.0869624142994,27.9814941976212,4,4
"4018",16.9938496568169,23.5374685857859,4,4
"4019",18.6309835791021,22.5668241931575,4,4
"4020",20.8316429993791,22.3960633062433,4,4
"4021",20.5170469517467,24.5193198549415,4,4
"4022",19.6763734625447,20.4254948890433,4,4
"4023",16.0191668638869,24.5377335070663,4,4
"4024",14.7283867793114,32.5391422388873,4,4
"4025",18.3933786769185,25.2006419821512,4,4
"4026",19.8031202506861,27.8322943792462,4,4
"4027",18.7252146589385,25.9770703859769,4,4
"4028",24.8056558790337,13.8663002057573,4,4
"4029",16.1723819298964,29.9730785010516,4,4
"4030",18.6135722914121,24.0569444995584,4,4
"4031",20.3088113904254,22.2330043925522,4,4
"4032",21.3431428163549,21.8834036650836,4,4
"4033",19.3039552394416,23.1543973161929,4,4
"4034",21.1790390529492,20.8215275422666,4,4
"4035",17.7375774284793,29.1221447503001,4,4
"4036",21.9676011717032,20.7356769462483,4,4
"4037",21.4337439760053,22.2934864723065,4,4
"4038",20.4074171048414,21.1397689540161,4,4
"4039",18.584135733063,21.6027487880002,4,4
"4040",21.0658054238043,21.9872770682941,4,4
"4041",20.3663660415784,20.3515626642477,4,4
"4042",21.0999863595501,16.7592818094836,4,4
"4043",18.1391273456257,26.4309737988324,4,4
"4044",19.2506673947665,22.59534865202,4,4
"4045",19.442164464245,20.7032844141924,4,4
"4046",19.5509091778711,20.6931858322948,4,4
"4047",18.2196586144824,27.2396645293648,4,4
"4048",15.5283322576323,29.5895574524214,4,4
"4049",19.5325305174498,23.0628860923635,4,4
"4050",16.8782466589873,26.6767985043239,4,4
"4051",16.6506992152498,24.1252688861088,4,4
"4052",16.7245304067511,24.8972823459477,4,4
"4053",17.5089780655085,23.8200499745821,4,4
"4054",19.7970202927752,22.1703958212255,4,4
"4055",20.9165659519198,19.0145004645898,4,4
"4056",18.4818788871029,24.8984577339252,4,4
"4057",18.1718901711324,20.0466629858496,4,4
"4058",20.7218418194545,24.476518493675,4,4
"4059",21.9030425441817,17.0698065285381,4,4
"4060",20.0308000780871,22.1527700448318,4,4
"4061",16.5743524488284,26.3257389439546,4,4
"4062",17.4819611123462,26.4485522502466,4,4
"4063",21.365380084335,15.7667551835685,4,4
"4064",19.8159358719742,21.263682935437,4,4
"4065",19.4312432533144,22.7045189620502,4,4
"4066",21.88967971793,20.5690325870158,4,4
"4067",23.6840812462392,15.1147518045273,4,4
"4068",19.2422857079271,23.2320516268323,4,4
"4069",17.927659024211,28.7714387381233,4,4
"4070",19.4881422195743,23.7398044757589,4,4
"4071",19.0043814819112,24.8474349625532,4,4
"4072",18.1675845519595,23.5395303347739,4,4
"4073",17.8831459090209,27.1483170706447,4,4
"4074",18.0348710837126,24.7638884830378,4,4
"4075",20.0239121526678,20.8417275586168,4,4
"4076",22.8399695097007,19.8504258055665,4,4
"4077",19.5097679210798,17.3497260913522,4,4
"4078",17.508794513085,29.8145371254813,4,4
"4079",25.2956315221286,15.7550396789904,4,4
"4080",19.7450348884598,19.900714628465,4,4
"4081",17.9155488860741,22.2511506687794,4,4
"4082",20.6903579259224,30.0577031053554,4,4
"4083",21.3992814539885,25.6567660784911,4,4
"4084",21.50626945864,19.6426014241749,4,4
"4085",20.2205275174085,23.0511810463357,4,4
"4086",21.7921029195783,15.6462908706703,4,4
"4087",21.535713930941,20.8710826175514,4,4
"4088",17.9250254017176,26.3337036351367,4,4
"4089",21.136587186001,21.6646242366704,4,4
"4090",21.3938940349668,20.6559566239112,4,4
"4091",16.7583317424366,25.2404487252205,4,4
"4092",20.0364482067416,25.8074625205297,4,4
"4093",19.5981849627921,22.8922425600946,4,4
"4094",20.8308251817736,21.2581502781498,4,4
"4095",19.4120755572249,26.0343987295946,4,4
"4096",16.4551108651896,27.7118877193257,4,4
"4097",18.5904782924894,23.8332848573662,4,4
"4098",20.8148682482056,24.375590448261,4,4
"4099",20.0189805505284,24.0400169232725,4,4
"4100",19.426297388927,22.186645413319,4,4
"4101",20.0146384491906,27.3295690031944,4,4
"4102",19.7504256686422,19.8706868000121,4,4
"4103",21.5720768825146,16.2150548194954,4,4
"4104",20.8923949867731,19.0260728426311,4,4
"4105",20.4696741031673,23.1231480149569,4,4
"4106",23.3820522688941,16.9663147840821,4,4
"4107",17.8559061736064,24.5058073533783,4,4
"4108",14.9036103109433,32.5058257769153,4,4
"4109",20.0984940838461,19.8180271644381,4,4
"4110",20.0720029507817,22.0264509905509,4,4
"4111",20.7558708220564,23.1368357044449,4,4
"4112",15.9850800849748,25.4063177250444,4,4
"4113",21.7699140707002,18.195340197855,4,4
"4114",16.9418978193292,21.4408938295864,4,4
"4115",16.650178424757,22.7760467529032,4,4
"4116",21.7113451380145,24.4283975101137,4,4
"4117",23.3488492756555,19.0100811744274,4,4
"4118",20.8972189718513,22.5705641839779,4,4
"4119",16.8929412240677,24.9255322510616,4,4
"4120",18.5110549388019,24.6196475610703,4,4
"4121",19.4788880986282,19.8084849601297,4,4
"4122",21.5873347322756,20.7210221679651,4,4
"4123",17.9067163733598,23.029505717924,4,4
"4124",21.9419111819829,17.8406456164265,4,4
"4125",18.2415901721156,21.0750839614876,4,4
"4126",19.8436703007971,18.2499558035483,4,4
"4127",22.1693484085216,19.3888137898386,4,4
"4128",17.5299648894246,26.0304836743341,4,4
"4129",21.8285213243549,16.6197515496812,4,4
"4130",18.0558300108155,28.4446311109214,4,4
"4131",19.340628929308,21.3093746368887,4,4
"4132",20.4362243854604,22.9144509096252,4,4
"4133",16.3474549084023,29.9713744785227,4,4
"4134",20.9160819866718,18.8177865906546,4,4
"4135",20.4862328772239,18.2964263234223,4,4
"4136",22.8132149439663,18.3647206764692,4,4
"4137",15.7616214543285,29.836437705777,4,4
"4138",19.2581951411875,20.9483319192882,4,4
"4139",21.8257421422899,17.0929164526014,4,4
"4140",21.1958465340732,21.0096758481607,4,4
"4141",21.8149324586844,20.5240436179876,4,4
"4142",20.9640076830612,18.1032111940419,4,4
"4143",22.2816479323181,17.7933851638329,4,4
"4144",22.8992966226181,20.8689044965068,4,4
"4145",20.6486613113013,19.8265004085958,4,4
"4146",20.7579444371293,22.2821361158227,4,4
"4147",20.9134892541124,22.4012285188604,4,4
"4148",18.6086891053063,20.9915083944974,4,4
"4149",19.5232906673156,21.3287947651999,4,4
"4150",23.6959673056403,14.3415340596418,4,4
"4151",21.9148406361325,15.8254792180547,4,4
"4152",26.2763873725896,14.4924704937542,4,4
"4153",19.3643891152423,23.174509995907,4,4
"4154",18.6789777695275,26.2984724644816,4,4
"4155",21.5293612619694,15.3947674365316,4,4
"4156",21.8738257884899,19.2917752719367,4,4
"4157",20.9761642220184,21.91405839072,4,4
"4158",22.3425773489167,19.9787565357068,4,4
"4159",20.7648517502963,18.807032950126,4,4
"4160",21.1988541231332,21.3597565894683,4,4
"4161",20.3760607395346,23.1745182121309,4,4
"4162",19.1856122602915,22.8508446968466,4,4
"4163",17.4643976595183,21.496498619058,4,4
"4164",20.3270407000154,15.9398587831351,4,4
"4165",20.8960841118252,20.423568758758,4,4
"4166",23.5355966097225,16.1503701329863,4,4
"4167",22.2673892395802,20.0045624413594,4,4
"4168",20.3418428008901,19.465419280908,4,4
"4169",18.2254293619296,25.5191166994202,4,4
"4170",22.1486632231644,15.1397798823853,4,4
"4171",17.608487477371,27.4886842729756,4,4
"4172",20.7161671733614,25.8881522736,4,4
"4173",22.4486899481894,15.5983934852498,4,4
"4174",22.4720624843158,16.8999418315583,4,4
"4175",21.3037267080146,23.1026466937431,4,4
"4176",20.5175522359358,21.891859200489,4,4
"4177",17.7986690347841,29.4299895597393,4,4
"4178",19.613987930027,24.741696508073,4,4
"4179",17.6244698652713,22.1605232356334,4,4
"4180",18.206400186809,28.5363226986614,4,4
"4181",21.0314915735716,17.7936651948901,4,4
"4182",14.7765553296886,27.1655630721086,4,4
"4183",22.729006891474,17.8712845879115,4,4
"4184",22.6333217652205,12.9806650541459,4,4
"4185",20.7806186699203,16.9687345475686,4,4
"4186",22.3616477784607,19.1948370232604,4,4
"4187",20.3007512394394,20.4331586961111,4,4
"4188",19.4086987773711,22.560596873321,4,4
"4189",18.7494278868572,26.9465634511652,4,4
"4190",24.669012108225,16.5086510509192,4,4
"4191",17.5999133924236,24.7833540812616,4,4
"4192",19.5963678376893,20.6104266986854,4,4
"4193",17.6440020119199,20.5173224048838,4,4
"4194",18.8793631819697,19.8522725048059,4,4
"4195",21.3366223643644,17.5150901933312,4,4
"4196",20.1655724763261,17.3586211756738,4,4
"4197",21.3091108864941,22.3122933294716,4,4
"4198",18.8977848663809,25.6271531384539,4,4
"4199",20.3647375691145,23.0198544335208,4,4
"4200",19.2779343821065,24.7458367199706,4,4
"4201",19.8882849885271,18.5047642542395,4,4
"4202",18.5003480885822,27.0557766310327,4,4
"4203",20.9414697885744,21.4594303950926,4,4
"4204",19.1501298832764,25.401924295759,4,4
"4205",20.5670306021364,21.6714358143558,4,4
"4206",17.7347698908221,19.5351083257049,4,4
"4207",20.281222206966,20.5570340658297,4,4
"4208",21.4024836221534,17.6860079390864,4,4
"4209",19.3819945224687,17.9560294385807,4,4
"4210",20.2836354077819,21.1892375326656,4,4
"4211",23.336347565221,21.2182922881649,4,4
"4212",21.1187398876589,18.8456592867529,4,4
"4213",20.669380558833,17.6033160315941,4,4
"4214",18.5361396499247,23.7219253154981,4,4
"4215",24.5054694266958,12.3100160531057,4,4
"4216",20.4498781438716,20.3521980404994,4,4
"4217",19.7610339959654,19.7457110438133,4,4
"4218",19.3245297672583,23.2206641491813,4,4
"4219",23.4479187026409,17.4486673385676,4,4
"4220",19.1392696335552,21.8302224944895,4,4
"4221",20.1068086020894,19.0409153170858,4,4
"4222",17.6285044513589,24.8933585212644,4,4
"4223",21.0445054473712,22.0111710042474,4,4
"4224",18.8475589998929,24.1686093709915,4,4
"4225",20.8964437435014,18.4101033681267,4,4
"4226",20.3331815761741,24.7297827473148,4,4
"4227",20.7543542278574,17.8222358524464,4,4
"4228",17.6033412134568,30.8165602235364,4,4
"4229",19.1101588239916,21.5639907942532,4,4
"4230",19.9354588500423,21.0189616592223,4,4
"4231",22.9184488032273,20.6790560139404,4,4
"4232",20.4731160871658,21.6194176988269,4,4
"4233",18.0523452593919,29.2532485171537,4,4
"4234",16.8516573515324,21.8870275465555,4,4
"4235",22.9610129485265,15.2066077290554,4,4
"4236",18.6472815363497,26.1550764371703,4,4
"4237",20.2422135010717,19.0995341502673,4,4
"4238",19.4087674377814,26.9454443331765,4,4
"4239",20.2597226733067,18.8628669697314,4,4
"4240",19.2252984682789,18.8330146784552,4,4
"4241",19.9603033639095,23.5410485270949,4,4
"4242",20.5164883226939,22.6688906452274,4,4
"4243",17.8271596835096,20.2279970437676,4,4
"4244",19.620258880331,23.295779473899,4,4
"4245",20.0423084572112,25.375003857595,4,4
"4246",19.8250961731932,17.8037862795958,4,4
"4247",19.3649272872644,20.7420038366536,4,4
"4248",18.4734709986065,30.0023342258619,4,4
"4249",22.5753820920642,22.0934159182435,4,4
"4250",17.9669635492353,21.1050517278876,4,4
"4251",19.9636980985472,22.809785394118,4,4
"4252",18.2981089363242,21.1811457704878,4,4
"4253",20.8535908340675,20.0970519409197,4,4
"4254",22.1282005426335,19.0568585027614,4,4
"4255",16.884667903047,26.7201060709499,4,4
"4256",21.0748759598567,20.533633125139,4,4
"4257",16.1947508947313,25.7034814517192,4,4
"4258",16.1015669885227,27.4452024263892,4,4
"4259",20.4347714788199,24.5482173204811,4,4
"4260",20.903529045229,22.2546759115591,4,4
"4261",19.9978379413883,26.3481137826016,4,4
"4262",16.8458520860533,24.7275018984868,4,4
"4263",17.8463322927331,22.4875237620627,4,4
"4264",23.0996887673363,18.6306343412279,4,4
"4265",19.9950019494272,24.5494251708274,4,4
"4266",21.0559161557352,18.0735771149036,4,4
"4267",22.893850813796,16.9883820679132,4,4
"4268",20.432345217834,22.9858143901976,4,4
"4269",19.0297220795056,24.4722103293782,4,4
"4270",19.1054406902869,22.3696852723053,4,4
"4271",20.0915216804514,23.968829685635,4,4
"4272",20.1746324563486,24.7334877335246,4,4
"4273",22.2126801063865,14.8125248585326,4,4
"4274",18.9291158308514,22.6854076617782,4,4
"4275",17.2258798039342,20.99435910178,4,4
"4276",19.6651180210872,20.8531841325704,4,4
"4277",18.7643377522634,20.250974195831,4,4
"4278",20.9452993243134,23.2935132616554,4,4
"4279",17.1597602467981,26.0657923951764,4,4
"4280",15.5118620292141,27.8305671467894,4,4
"4281",21.5506720487517,14.771575817118,4,4
"4282",23.6867720513941,17.2623551203675,4,4
"4283",22.6657761593606,18.9254093510533,4,4
"4284",19.6414711429048,20.5104769801761,4,4
"4285",21.0949754740934,21.1818668824686,4,4
"4286",18.3866375025551,24.7198979780364,4,4
"4287",19.3538416698166,19.3759208965086,4,4
"4288",22.3971229736077,20.45740678293,4,4
"4289",20.3559880345756,22.648575431398,4,4
"4290",21.7367460482781,19.3051050510407,4,4
"4291",19.8375594079294,24.5062896548158,4,4
"4292",19.3031444623424,23.8578106821959,4,4
"4293",22.6277264412441,19.2575631236037,4,4
"4294",19.8188278861615,27.5003192670259,4,4
"4295",21.6880647662966,16.5433513002862,4,4
"4296",17.3881208356421,23.7014246079112,4,4
"4297",20.291304376842,22.3340282272721,4,4
"4298",21.3211685955885,18.0611475904166,4,4
"4299",16.8716920181246,26.1730726019627,4,4
"4300",19.7990945264712,19.4124082240394,4,4
"4301",20.5461281414254,21.1542999320161,4,4
"4302",18.5390610430846,23.0605475696363,4,4
"4303",20.1252833805474,20.4843893234334,4,4
"4304",21.2568334933691,22.0158114198173,4,4
"4305",20.4013194668476,21.0779397764041,4,4
"4306",20.1930746659184,20.9359667782896,4,4
"4307",19.4061338817994,21.5974180115119,4,4
"4308",20.1605653225529,24.4086207454654,4,4
"4309",21.1862261341606,23.6196185390362,4,4
"4310",21.7266848909068,19.8472490429437,4,4
"4311",18.6650178676043,21.8776209195756,4,4
"4312",21.8767634852656,18.7509624625769,4,4
"4313",24.6958032600512,12.5161631943091,4,4
"4314",18.5505683775083,30.1488522137131,4,4
"4315",17.9406435558443,21.8819774452494,4,4
"4316",21.7440458588243,22.5730530969174,4,4
"4317",17.3518283978955,19.5171391423639,4,4
"4318",21.7538278293057,20.0273639737218,4,4
"4319",17.3693540872085,25.6526188396795,4,4
"4320",18.4834861110392,26.3944286056832,4,4
"4321",20.6288725102894,29.1023413104676,4,4
"4322",18.6995149259114,25.7902086792902,4,4
"4323",22.3542857774175,18.8183518473335,4,4
"4324",17.2887589729646,19.5568733226311,4,4
"4325",18.7208536691828,30.2500442985378,4,4
"4326",22.4961086149089,14.7407801876704,4,4
"4327",20.1508293214544,19.0634176198625,4,4
"4328",20.9251111038867,18.8993453547128,4,4
"4329",21.2609251805162,27.789310532506,4,4
"4330",21.7853554227895,21.1932897964797,4,4
"4331",20.1446506494669,24.9044704541646,4,4
"4332",20.3580119483564,22.7600430761651,4,4
"4333",22.3519032942848,24.7067101871105,4,4
"4334",20.9020356733512,22.9841449178416,4,4
"4335",19.5786928038789,16.7626707939415,4,4
"4336",20.123281732458,21.9216319207712,4,4
"4337",21.538026407158,15.1861946306359,4,4
"4338",19.3438410837164,19.2422506177738,4,4
"4339",18.9811899807081,26.2241240835282,4,4
"4340",19.4242939456379,21.2064047626799,4,4
"4341",21.488182524005,22.8526965198131,4,4
"4342",18.1955166690133,29.4986406363197,4,4
"4343",18.8601692060674,21.2138843869051,4,4
"4344",21.2562967033326,18.6633657879133,4,4
"4345",20.5618964921593,20.7273636417939,4,4
"4346",19.0303775284126,21.158715387285,4,4
"4347",19.7872182389022,23.3630153825107,4,4
"4348",23.0399255755388,17.0207280264349,4,4
"4349",19.7249448066589,21.1571451073385,4,4
"4350",21.3225128742276,22.3646003664073,4,4
"4351",18.217697349411,21.1979959548186,4,4
"4352",21.4423115316279,17.479932973804,4,4
"4353",19.1509193517368,26.2436925976109,4,4
"4354",20.280123498262,24.0451752356501,4,4
"4355",20.2568055006464,24.8058923070416,4,4
"4356",20.4455102862227,23.2871873612753,4,4
"4357",22.3459697524358,18.2380756663682,4,4
"4358",18.6463705157017,22.6833112623673,4,4
"4359",17.1043044903227,30.2537616396461,4,4
"4360",17.6461685091829,23.5178874042338,4,4
"4361",19.546093005761,28.6631463628193,4,4
"4362",25.3788837538777,13.5826255922863,4,4
"4363",19.2214150542885,20.8797776730441,4,4
"4364",17.8213256780647,26.8887546056043,4,4
"4365",21.5959353022904,23.8786121765029,4,4
"4366",18.0951250756869,20.8196289990064,4,4
"4367",17.6936310249563,25.5653445533283,4,4
"4368",18.306628146446,26.7708653615777,4,4
"4369",19.9349844639944,16.1571705563005,4,4
"4370",21.5084005870953,20.2955863740821,4,4
"4371",18.7641380812092,22.9882128215162,4,4
"4372",20.7179211421028,22.4748295947122,4,4
"4373",20.4098000160661,21.5638205249536,4,4
"4374",20.8141929638267,19.3277885987833,4,4
"4375",20.4079628327888,20.453588643297,4,4
"4376",15.3636027089404,31.7962499594947,4,4
"4377",20.3580504127063,17.1181397902193,4,4
"4378",16.9020752591417,27.4564439053465,4,4
"4379",22.4579790449672,16.9605881980369,4,4
"4380",22.6641911146634,26.5354469358019,4,4
"4381",22.9678877162296,10.9072383999392,4,4
"4382",20.1853284311679,22.2625890976989,4,4
"4383",18.5815591855828,21.8798413061286,4,4
"4384",23.0767990717676,16.0082690027241,4,4
"4385",19.5603352436383,21.2897231350719,4,4
"4386",16.6539442527775,25.7115934357782,4,4
"4387",21.0591834064182,21.5406124258938,4,4
"4388",22.7599721855037,20.3931858164233,4,4
"4389",20.0793075782131,21.5125216485518,4,4
"4390",16.6506648592455,31.4248971180519,4,4
"4391",18.3869834792553,26.1716887252637,4,4
"4392",21.2326531895397,18.4752508713092,4,4
"4393",19.5793163532429,18.422107116207,4,4
"4394",20.5191961706538,21.8449988711671,4,4
"4395",21.154484117349,18.8703757323825,4,4
"4396",22.2267847033709,23.4256984338059,4,4
"4397",19.7620279968363,25.1288444988938,4,4
"4398",21.244073158766,20.3014293753595,4,4
"4399",18.6717046341492,22.2891175518962,4,4
"4400",15.9521443722363,26.4543923906016,4,4
"4401",19.0510955000283,25.2203454933626,4,4
"4402",21.9251843600706,23.2251079280258,4,4
"4403",20.500875267919,22.1426049895941,4,4
"4404",20.3052749716063,23.7730220523877,4,4
"4405",20.6486345123377,20.2738507637758,4,4
"4406",20.4914490477043,20.37529124884,4,4
"4407",20.493058931392,21.6555567038921,4,4
"4408",18.6758512777727,27.6701397994408,4,4
"4409",21.5283851754623,19.193556015524,4,4
"4410",21.2654144961829,17.9287984362258,4,4
"4411",18.3402794912868,22.8387952371028,4,4
"4412",19.1568311363337,17.6841040492233,4,4
"4413",20.4091609178687,19.25939863921,4,4
"4414",19.8224319626484,24.2451053636897,4,4
"4415",19.5020755366241,25.9105564106748,4,4
"4416",17.6066283741914,27.4207293710455,4,4
"4417",21.7560137085468,20.8863138052448,4,4
"4418",19.7933949313528,22.2136462451066,4,4
"4419",20.303741737863,21.9887452842777,4,4
"4420",18.2786977411691,26.3585522171158,4,4
"4421",16.6326824460657,26.5602183427441,4,4
"4422",19.568132034575,24.6608301771757,4,4
"4423",22.5331497580413,20.9881488149536,4,4
"4424",18.12460840145,24.9178237663204,4,4
"4425",20.6110244014326,18.5959218538675,4,4
"4426",20.7912844709377,19.6011014470505,4,4
"4427",20.0273480046573,22.9375296783877,4,4
"4428",18.1743321348632,22.838883377535,4,4
"4429",16.418386559721,30.7750890538136,4,4
"4430",21.493468101183,12.6889266116092,4,4
"4431",22.5695148224885,18.7263828371243,4,4
"4432",17.5119515215546,23.7276415587355,4,4
"4433",18.9141454504645,22.4849442827188,4,4
"4434",22.1418530232879,13.7854964821682,4,4
"4435",19.3088472863293,22.7927809217637,4,4
"4436",18.1531982655189,22.8114989548821,4,4
"4437",20.9519334146276,22.2121482621623,4,4
"4438",18.4227977275536,21.7264836579736,4,4
"4439",16.9406465424457,28.9124314580547,4,4
"4440",16.442893446088,27.456087561562,4,4
"4441",18.3673126860446,26.0700347137455,4,4
"4442",22.5305053730353,17.8411759020584,4,4
"4443",21.4839260155081,22.8429909186592,4,4
"4444",20.7462434303354,17.9302490489526,4,4
"4445",18.9750013695877,22.948937839678,4,4
"4446",15.4456138746168,33.2188420658968,4,4
"4447",16.7690061981727,32.9639486124686,4,4
"4448",19.0600519396995,22.257378321892,4,4
"4449",21.411311281867,14.892265655799,4,4
"4450",18.6169788379339,23.3302636327626,4,4
"4451",23.0572977211274,18.3178653200218,4,4
"4452",19.3031202683042,23.910390298088,4,4
"4453",19.9478194820794,20.3623541362309,4,4
"4454",22.0159525616491,19.0635872998327,4,4
"4455",20.5318354630186,20.1111183175455,4,4
"4456",23.0189027452935,17.6859344817047,4,4
"4457",21.0712356466784,23.6871956530588,4,4
"4458",19.1089317901357,23.830107868422,4,4
"4459",21.5369828841267,20.2082406407659,4,4
"4460",20.2103423981348,20.0477623644309,4,4
"4461",17.5999165017023,23.849825823407,4,4
"4462",22.5940400411926,16.0100868665181,4,4
"4463",19.6607396246557,23.4436364969354,4,4
"4464",20.3322944058263,18.7980557468358,4,4
"4465",21.3468961269951,22.1278087513349,4,4
"4466",21.7709357490837,21.8448073790022,4,4
"4467",20.6168753730546,24.9833925553882,4,4
"4468",20.2561173021218,17.3654296190063,4,4
"4469",18.9511689856441,25.7356621912396,4,4
"4470",23.2006665578992,17.553944238267,4,4
"4471",22.3265943227415,18.0628680008153,4,4
"4472",20.7089110783738,24.4681519081724,4,4
"4473",19.4174720378898,21.0545921145308,4,4
"4474",23.7440232429986,18.6416405168946,4,4
"4475",19.5990843158623,23.0145254312883,4,4
"4476",20.7862756828095,19.3523472811368,4,4
"4477",21.0951153328132,20.1103309878338,4,4
"4478",18.9972553198267,18.2745887065536,4,4
"4479",20.9373192715008,22.4484722344945,4,4
"4480",21.9090902566537,17.4772962696537,4,4
"4481",19.7392115573325,19.4314661901893,4,4
"4482",19.602103136971,20.225087621529,4,4
"4483",17.7590963579437,24.3099076558626,4,4
"4484",18.3738042876352,18.4730759868585,4,4
"4485",18.7120399696127,18.40726951854,4,4
"4486",21.8603504007162,21.4169403413849,4,4
"4487",23.2011852822895,21.8474491233691,4,4
"4488",18.1760553246667,32.1764302785186,4,4
"4489",20.91888045011,17.1653626223933,4,4
"4490",19.1783801582038,21.3068439661184,4,4
"4491",25.0614863016763,16.6890184341518,4,4
"4492",20.6547607338673,23.2552880042073,4,4
"4493",19.1774250681882,24.7042539905163,4,4
"4494",17.8738748333583,23.4069840334901,4,4
"4495",18.3563570359788,24.8231604521883,4,4
"4496",17.7530079704945,30.4493436482248,4,4
"4497",21.6688061026151,22.7847839602782,4,4
"4498",17.246195923175,25.3236041806347,4,4
"4499",20.4193008645065,17.8763724756806,4,4
"4500",19.5247280573026,24.6171099992301,4,4
"4501",19.4658647294782,21.3361524313205,4,4
"4502",19.8134701191648,22.1331123991271,4,4
"4503",20.9279880643955,21.3012262048631,4,4
"4504",22.2329012706123,15.4390677713567,4,4
"4505",20.6765414736038,21.2155606626644,4,4
"4506",19.5654255903856,23.4325653609985,4,4
"4507",20.4486461476417,17.9770733240392,4,4
"4508",20.383165917531,19.9027942884716,4,4
"4509",24.9887793552099,17.3862600255798,4,4
"4510",19.0460996985294,18.6160254869216,4,4
"4511",21.7440583628154,21.0653009647488,4,4
"4512",20.8438911959096,20.81076586503,4,4
"4513",19.8864879597163,24.7976237709903,4,4
"4514",21.6102799765879,17.1855019979526,4,4
"4515",19.1541970426214,22.1556752100014,4,4
"4516",17.9290072597409,29.796844891591,4,4
"4517",17.4310557590273,23.4268792283578,4,4
"4518",18.4494408146368,26.7525083474482,4,4
"4519",18.6630186375864,25.166262896447,4,4
"4520",19.8692888466161,22.1385455524062,4,4
"4521",20.7973071040257,23.5329818212554,4,4
"4522",23.3113575241956,18.3032647679038,4,4
"4523",19.4624883398145,21.7847465659831,4,4
"4524",19.6911969717334,23.297949500017,4,4
"4525",21.1200724785139,25.151242416527,4,4
"4526",19.3497331135199,22.4104775945437,4,4
"4527",20.0622865295677,25.7337786525431,4,4
"4528",23.0877425361262,11.7334716350348,4,4
"4529",21.2396176737708,19.0967525779159,4,4
"4530",17.6172834283584,27.8697061273167,4,4
"4531",15.788650387313,23.2777967487321,4,4
"4532",21.5208410401634,20.6273861853127,4,4
"4533",17.5917749519147,24.0276639773307,4,4
"4534",18.3204243825229,30.8922002781624,4,4
"4535",21.2425634181273,22.675034438797,4,4
"4536",19.5425735454603,25.4513621321089,4,4
"4537",15.6400168261251,29.0776360583186,4,4
"4538",21.466205032167,17.4208618947502,4,4
"4539",18.3968299220286,26.7230975678632,4,4
"4540",22.7700563184278,20.0709272837343,4,4
"4541",21.9811235505233,18.0242475804225,4,4
"4542",21.4634358954677,19.1556507521416,4,4
"4543",19.9699449126714,18.8264172290277,4,4
"4544",19.6377813134885,21.9219909387442,4,4
"4545",20.0488275298241,20.9027453708474,4,4
"4546",18.437055299482,30.3344783246227,4,4
"4547",19.1287172961188,21.8555561744049,4,4
"4548",20.3097701630252,18.9401738312298,4,4
"4549",15.0391107374891,32.4863081502814,4,4
"4550",23.4598440214334,18.5153196146393,4,4
"4551",20.3913340875934,17.1747440079129,4,4
"4552",21.9248925739439,21.1174641193524,4,4
"4553",19.1590897967423,26.3347935126721,4,4
"4554",19.1145611966341,22.1181391920197,4,4
"4555",19.2441421834686,25.2874670557075,4,4
"4556",20.6216181378548,17.8666323181994,4,4
"4557",21.6182490200474,15.1639864533101,4,4
"4558",17.9774428279806,28.2432910034917,4,4
"4559",19.6596910145054,17.637200517835,4,4
"4560",22.2612524951192,16.0356885093087,4,4
"4561",19.811992513856,21.0189679153877,4,4
"4562",23.3447696359642,13.6979950163325,4,4
"4563",19.4662421619934,19.8559992807721,4,4
"4564",23.3643862889721,17.0867467709521,4,4
"4565",20.0494544461226,24.223921300614,4,4
"4566",19.946627026528,24.4078422997527,4,4
"4567",18.9495149799875,21.6543431143379,4,4
"4568",20.6963918056418,19.1747926261003,4,4
"4569",19.9258324078322,24.1830617498923,4,4
"4570",19.6578704379353,23.7927900662932,4,4
"4571",19.1626639535378,18.5699789271875,4,4
"4572",19.9593008764337,20.4958567599471,4,4
"4573",21.9449636513805,18.7820506693783,4,4
"4574",21.9382640657721,22.2262750457058,4,4
"4575",21.4395949130309,19.5771966936485,4,4
"4576",19.2738071724648,26.149215465074,4,4
"4577",18.6970032003474,21.2194181210325,4,4
"4578",22.0271708662103,16.5391304474373,4,4
"4579",23.4925806422387,15.1742304550289,4,4
"4580",21.7608653995533,19.0678345889229,4,4
"4581",19.0320220088183,20.5188122242484,4,4
"4582",15.5150010025042,31.611209318931,4,4
"4583",18.2921535030842,28.0858824134207,4,4
"4584",17.2574432060582,25.5941276126111,4,4
"4585",20.0184114375249,25.6715099908577,4,4
"4586",19.9568014324702,23.3877603684485,4,4
"4587",22.7798767755897,22.5689112276592,4,4
"4588",16.0529590003363,23.6962294462149,4,4
"4589",21.2880473186482,15.1238332446747,4,4
"4590",17.5483345543363,27.7540701064999,4,4
"4591",18.4975753217055,29.3944456480804,4,4
"4592",23.4058321857602,15.1176089536929,4,4
"4593",16.8837017537486,25.372864047132,4,4
"4594",18.6438957136963,20.8524309493257,4,4
"4595",21.969491478908,17.5379066439847,4,4
"4596",19.5008199960358,24.8142205272092,4,4
"4597",20.3059337725829,18.7044304896398,4,4
"4598",19.2215072417057,19.899231960495,4,4
"4599",20.6291465545244,22.9084720760517,4,4
"4600",21.2248672211569,20.7736992405018,4,4
"4601",21.4521960628722,24.9879664772839,4,4
"4602",18.7443643654348,19.7175488391502,4,4
"4603",19.1109797797092,17.0594840565484,4,4
"4604",19.7200738811591,19.9157492991225,4,4
"4605",20.2568347981486,21.8057341988662,4,4
"4606",20.5566127657921,19.2141243627764,4,4
"4607",16.8069240542603,28.5329325287825,4,4
"4608",21.1093245171292,18.3867963365102,4,4
"4609",18.6829321813743,24.6184303935283,4,4
"4610",17.7565887352253,24.2489391958841,4,4
"4611",17.1938993959149,25.4581597569397,4,4
"4612",18.4125952437659,24.6165265737584,4,4
"4613",18.3986588937394,29.1180171223843,4,4
"4614",19.5628631326604,27.2802743727994,4,4
"4615",19.1152019664605,27.1908454536068,4,4
"4616",17.6342895367152,23.6820849697333,4,4
"4617",17.3129892707719,25.5984810229518,4,4
"4618",22.8258639570883,20.5836591343309,4,4
"4619",22.1058360934922,16.4058231156521,4,4
"4620",19.9078878054703,23.6001789281978,4,4
"4621",17.1185854956713,27.5268412582178,4,4
"4622",16.7833377732564,28.3830996978432,4,4
"4623",22.0888060257457,15.2538711004206,4,4
"4624",22.1011802371921,22.3459887185642,4,4
"4625",19.9904137765731,20.3551225780535,4,4
"4626",21.8611856096585,13.7805419954556,4,4
"4627",20.2019998137276,20.3337222031305,4,4
"4628",21.0968394833595,26.377281028332,4,4
"4629",19.6785104077172,21.4182580742531,4,4
"4630",17.6502918746672,27.8214555619063,4,4
"4631",19.3672047142122,21.3535216897375,4,4
"4632",18.7152981181481,27.8228190966049,4,4
"4633",20.4947312737629,20.1535515373312,4,4
"4634",21.8699686552573,16.4711143295515,4,4
"4635",19.6010965192373,19.2050757902266,4,4
"4636",16.3942756020296,22.6905567208427,4,4
"4637",21.8265177910397,17.1380376175227,4,4
"4638",21.9241058279298,23.5951002287784,4,4
"4639",21.2411815744636,23.2280722722932,4,4
"4640",21.7961305216854,17.3970138039935,4,4
"4641",18.9715973253736,25.7823996384037,4,4
"4642",20.0469261095264,22.0555493020867,4,4
"4643",24.3232778567276,15.930841447749,4,4
"4644",19.3731815264815,16.7948757518252,4,4
"4645",18.9356962891054,26.150701715685,4,4
"4646",18.2111901986285,27.9274553782449,4,4
"4647",19.5712581191766,21.1189517048028,4,4
"4648",19.4354147899858,25.7133419443598,4,4
"4649",22.053005069478,17.905712635614,4,4
"4650",21.1435686538963,21.4647080979958,4,4
"4651",19.3256062427648,25.7342014134429,4,4
"4652",18.827608242699,28.3931891549007,4,4
"4653",22.835619381168,16.9306764709473,4,4
"4654",18.7668271807507,20.5087315799477,4,4
"4655",20.10385425072,22.6892617338187,4,4
"4656",19.395882434135,20.8247809004577,4,4
"4657",19.4884404966102,25.7878396714096,4,4
"4658",17.1614674138614,29.4227528740526,4,4
"4659",19.0406710479411,21.5404256846931,4,4
"4660",22.2505534665539,16.439894166304,4,4
"4661",18.6041962976476,21.7910419160245,4,4
"4662",20.252120343152,20.1911369813206,4,4
"4663",22.0507329056036,19.5228087941874,4,4
"4664",21.5233691956175,18.9942855670892,4,4
"4665",18.6993055972376,24.3001949775723,4,4
"4666",19.6953406962813,21.4112516137986,4,4
"4667",19.1013908952805,27.1654955621105,4,4
"4668",24.2116313086918,15.1452908851618,4,4
"4669",17.6813780038773,23.8245729599003,4,4
"4670",22.9973055881007,16.559719742739,4,4
"4671",16.4469921083444,25.6226015119421,4,4
"4672",18.1286418989815,22.1446493609105,4,4
"4673",21.3131931575094,17.4211850865234,4,4
"4674",18.7211524163226,24.075356424168,4,4
"4675",22.1559445688711,19.6175032166688,4,4
"4676",23.8610667258383,17.4453683623353,4,4
"4677",22.6333905730721,19.9666492230146,4,4
"4678",21.3970170562645,18.5756131326019,4,4
"4679",21.6794850186254,21.0467041111076,4,4
"4680",17.1414276268088,23.2019615054004,4,4
"4681",22.119911819071,20.2795546862026,4,4
"4682",24.7901175171973,15.233103807798,4,4
"4683",23.5819566617367,21.100076931825,4,4
"4684",15.9346261728324,30.3461908121181,4,4
"4685",23.9779953629229,13.8543726331099,4,4
"4686",18.5537694148591,22.222879170975,4,4
"4687",21.4490589260868,21.3183284673316,4,4
"4688",21.0504372323846,23.9522727315571,4,4
"4689",19.3796907125273,22.4887598680522,4,4
"4690",20.3306343628696,20.1917092647469,4,4
"4691",19.134890503712,21.4158249631116,4,4
"4692",17.289898475281,30.1986592929467,4,4
"4693",23.4247686525506,17.2210566161113,4,4
"4694",24.0845928627096,21.4601420690778,4,4
"4695",22.4116847030118,16.2612550479874,4,4
"4696",16.7310591979589,30.4381932246724,4,4
"4697",23.3298636089751,20.9172348560655,4,4
"4698",18.9492508954349,20.2169157238994,4,4
"4699",23.2518147785355,17.6121116430115,4,4
"4700",20.4575666812706,22.2835322478487,4,4
"4701",17.0204152160474,22.5387826120705,4,4
"4702",17.0830617662935,25.1441174068859,4,4
"4703",19.6287664947776,22.1736763337774,4,4
"4704",20.8434981637737,18.8026052384737,4,4
"4705",19.5795828388839,25.5969629140103,4,4
"4706",21.4799186131708,20.9460176476332,4,4
"4707",20.4629266412511,22.6503610030495,4,4
"4708",20.6030571647593,22.147212426816,4,4
"4709",26.3522117750768,19.068542783584,4,4
"4710",17.9597752555865,26.8758435775132,4,4
"4711",21.0496845640095,18.2962323983552,4,4
"4712",18.9900021239449,23.0645746101213,4,4
"4713",18.8464102995157,21.7956729711588,4,4
"4714",19.9186806974796,23.6602012312869,4,4
"4715",21.1825208415239,20.7385573640079,4,4
"4716",20.5719402808044,17.2698993551257,4,4
"4717",20.8544825972691,22.7419783245355,4,4
"4718",18.8554594104232,26.5599654659336,4,4
"4719",19.6394054145832,26.7283333586942,4,4
"4720",21.1452963693167,16.9937501701162,4,4
"4721",20.1598369772316,21.2230876501145,4,4
"4722",21.42180325432,18.7288862734671,4,4
"4723",22.058977897535,21.9001506314634,4,4
"4724",21.118564698712,19.5030785476816,4,4
"4725",17.5777553974165,25.6804780962805,4,4
"4726",19.8494612097827,29.802657836293,4,4
"4727",21.837341368471,16.4875078445295,4,4
"4728",14.0801773118295,33.966131200168,4,4
"4729",21.4872281071409,20.9913260706193,4,4
"4730",20.9988536918505,23.6903798423641,4,4
"4731",20.1520473304623,19.309915885636,4,4
"4732",21.5430384079927,17.285351775052,4,4
"4733",20.4446127460627,20.3820750587891,4,4
"4734",18.8792468481048,24.3663024533207,4,4
"4735",17.7260269696454,29.2135401500185,4,4
"4736",20.0012400269554,20.0898859366798,4,4
"4737",18.8444731918798,22.6380431223606,4,4
"4738",21.9124007046419,18.2234663621485,4,4
"4739",21.9870281182249,19.3604446644867,4,4
"4740",19.8489938182474,21.5912053339907,4,4
"4741",15.5604874433725,28.3242946515472,4,4
"4742",19.1590974528353,21.6229363635394,4,4
"4743",20.1860757297834,20.9969972294142,4,4
"4744",15.6645414576196,32.3518636044971,4,4
"4745",18.9412732130405,26.3883442466488,4,4
"4746",19.5352151855402,22.5375203860839,4,4
"4747",19.976559707887,19.1020058930496,4,4
"4748",23.0429745372924,17.9094084403289,4,4
"4749",22.6438050070471,16.7651864058047,4,4
"4750",20.3323406231765,23.8434512166398,4,4
"4751",21.8775174498391,19.7014620887225,4,4
"4752",20.9428004289595,23.7967990176957,4,4
"4753",21.4799409711639,19.4978108540444,4,4
"4754",20.8007502938943,27.0059833830476,4,4
"4755",21.2932429996955,21.6200741604294,4,4
"4756",22.4234914116197,18.3183538493062,4,4
"4757",22.9802240678738,19.5465730733518,4,4
"4758",17.8227898921112,24.0612870652764,4,4
"4759",20.4332873665068,21.4900884000325,4,4
"4760",20.7978869339058,19.9454290656826,4,4
"4761",20.3624789261293,22.8514397336544,4,4
"4762",20.9273148057647,21.098702610509,4,4
"4763",21.9834354321336,17.3527403355453,4,4
"4764",16.6147878479178,30.1811634822857,4,4
"4765",19.6659376320234,24.5678666213395,4,4
"4766",20.8004527312599,16.8197995928887,4,4
"4767",18.8008761934008,25.1303894519197,4,4
"4768",20.9941805584784,22.9393835123367,4,4
"4769",19.4644801677439,22.7079859123349,4,4
"4770",16.3338815976315,28.0602578810995,4,4
"4771",19.6270808514565,26.3926283048525,4,4
"4772",18.2385819402456,22.0901453059384,4,4
"4773",19.3103674623849,21.8667178425223,4,4
"4774",18.8453737653136,23.5548425471624,4,4
"4775",19.820928911781,22.368217196774,4,4
"4776",18.6642368622921,26.8522535409266,4,4
"4777",21.0196874508017,19.0004107697832,4,4
"4778",19.9914339745202,21.7869594823953,4,4
"4779",17.4572234466461,27.2759925363985,4,4
"4780",17.781451116192,24.4962080614225,4,4
"4781",21.3057549883331,18.165124297765,4,4
"4782",19.7838993673274,20.6199433248699,4,4
"4783",16.5342966512478,26.7948431943112,4,4
"4784",20.3463459935915,24.8407653621105,4,4
"4785",23.0142722016977,15.2628653916527,4,4
"4786",21.5368376445465,24.7431361950941,4,4
"4787",21.174348803938,18.6879975456702,4,4
"4788",19.5445977297927,18.4896895649706,4,4
"4789",15.5373163664334,27.789954137052,4,4
"4790",17.0575188016605,26.2174748655468,4,4
"4791",21.2464767535508,18.3348430411111,4,4
"4792",18.4400562564509,25.308030933371,4,4
"4793",21.0087599365525,20.7491838682517,4,4
"4794",22.1140009225328,20.4962045702309,4,4
"4795",21.9815450855143,15.1802918012413,4,4
"4796",20.7484829200926,24.9722036196053,4,4
"4797",21.1269308274499,21.5001941851708,4,4
"4798",24.2116318216905,15.5499874536606,4,4
"4799",21.3175236580885,23.6652779992389,4,4
"4800",16.2134448672256,19.9157725365069,4,4
"4801",20.328707329526,19.6036701774608,4,4
"4802",23.7440567682862,18.8726592573309,4,4
"4803",22.6549734466014,19.2094101095992,4,4
"4804",19.0755869763648,22.8410597943989,4,4
"4805",19.0907341358598,21.9448703468843,4,4
"4806",20.2424682925617,17.3084437649622,4,4
"4807",15.6854004066818,35.0285199412731,4,4
"4808",18.5723613621105,27.2455451286374,4,4
"4809",22.0899703513414,14.4128076576795,4,4
"4810",19.0186024544644,24.7029238895272,4,4
"4811",19.5777384343478,21.4171545556893,4,4
"4812",23.0076734582643,16.8450910900973,4,4
"4813",20.3302380307789,22.575585727218,4,4
"4814",20.4094867603759,21.1413315990926,4,4
"4815",16.6786813095543,24.4152126565181,4,4
"4816",20.4207931115406,17.6520631821071,4,4
"4817",18.7690222459688,25.2454640837557,4,4
"4818",20.812080951077,20.6177591341802,4,4
"4819",20.3720449084577,23.1721779036997,4,4
"4820",20.062152773785,20.9202327510312,4,4
"4821",19.191545628715,22.9634850662582,4,4
"4822",21.0321349927178,20.2151636273863,4,4
"4823",21.508568760636,19.5359422476701,4,4
"4824",23.5331338062062,15.086331703446,4,4
"4825",16.8687806390993,25.0111489934821,4,4
"4826",22.8806894424398,14.525035886795,4,4
"4827",20.395971384435,22.4146381127994,4,4
"4828",19.039604301267,29.355595304848,4,4
"4829",18.3838408949727,22.3677327460965,4,4
"4830",21.5868881367253,23.0726340018114,4,4
"4831",21.0140414482725,24.4689800829495,4,4
"4832",18.4322028442945,27.6390915904405,4,4
"4833",20.3126312712134,22.7855525596974,4,4
"4834",19.2802813362675,22.5788797659506,4,4
"4835",19.435037343864,24.4215194661053,4,4
"4836",20.2002503449012,18.9507856618083,4,4
"4837",19.4062794017968,21.9742401643195,4,4
"4838",16.3581522794282,29.0512678747476,4,4
"4839",18.6300937438289,23.3736623055696,4,4
"4840",22.113623857339,14.7788191687499,4,4
"4841",19.14304985148,24.4033868490102,4,4
"4842",17.0605090117971,25.1603901215394,4,4
"4843",22.5070124343816,18.0430917837521,4,4
"4844",18.8050948883833,21.7059746807953,4,4
"4845",19.8533628987854,26.0991114327826,4,4
"4846",19.6660604162724,20.7328903187254,4,4
"4847",22.3589198146411,14.7863523415406,4,4
"4848",16.8078367991583,32.4029707147346,4,4
"4849",17.7949178256877,25.0028172957558,4,4
"4850",23.3763443394397,14.932199793639,4,4
"4851",17.7538613146487,24.8546143783746,4,4
"4852",21.8691374120072,18.8679929589229,4,4
"4853",20.0478616477936,20.369733470058,4,4
"4854",19.8459593768183,24.8593250594418,4,4
"4855",17.6937018590319,24.1415400876747,4,4
"4856",21.8909177394015,20.1654189102678,4,4
"4857",19.4920480766157,24.3693373792241,4,4
"4858",18.6816142009131,28.9111737494258,4,4
"4859",20.2254541960373,19.7665593750229,4,4
"4860",20.6509782851873,24.7838755152604,4,4
"4861",17.034280732059,24.8361767565274,4,4
"4862",20.1303702928249,26.8506950913717,4,4
"4863",24.0208212538064,13.5034105304571,4,4
"4864",20.1435428253894,24.3984845229994,4,4
"4865",20.7270099198222,21.7638422938219,4,4
"4866",22.2138909940891,20.3586656531732,4,4
"4867",20.0164733797361,18.4935128183035,4,4
"4868",22.0712552440938,16.5358458867141,4,4
"4869",22.7891459870899,18.8537424782721,4,4
"4870",17.1846462428265,24.6609745673836,4,4
"4871",20.1968006258895,26.4387440942365,4,4
"4872",18.6074762901839,25.1851161872713,4,4
"4873",17.4713421035069,25.649708822423,4,4
"4874",20.5510442438854,19.7392547551007,4,4
"4875",19.3520528312825,24.1684872276257,4,4
"4876",20.1517478989861,23.8056606183725,4,4
"4877",18.3498249777759,25.1054053568155,4,4
"4878",19.9188205224039,22.5341761435939,4,4
"4879",20.83327628445,20.7838551204089,4,4
"4880",21.1804069634642,23.457465017257,4,4
"4881",18.0455526391966,28.8643770379575,4,4
"4882",19.1194344211092,24.0387629115002,4,4
"4883",18.6598293821754,21.9051975235972,4,4
"4884",17.2697673947763,24.9155215950968,4,4
"4885",23.315031085187,18.8618530770659,4,4
"4886",21.6578266646705,19.0903953295562,4,4
"4887",17.0319755556741,27.1458821217124,4,4
"4888",20.6597938704484,24.6157420996773,4,4
"4889",18.976644263603,24.7520076979097,4,4
"4890",17.4828538429298,21.6706074682717,4,4
"4891",16.1987201754713,25.6577817068348,4,4
"4892",19.7974815589012,28.2715569657732,4,4
"4893",19.1045020619946,21.1622963596974,4,4
"4894",20.973921062569,24.1646492754184,4,4
"4895",18.5894066249529,18.9694678856388,4,4
"4896",17.538286732681,27.4898451459503,4,4
"4897",16.1343679160289,26.7170317790921,4,4
"4898",22.1293307579518,22.6357464549702,4,4
"4899",22.2217621841096,16.9307536067773,4,4
"4900",20.234900024669,22.4557868231864,4,4
"4901",17.6132914129228,23.96366356239,4,4
"4902",19.9431037305642,22.3972884102263,4,4
"4903",18.6464854554859,23.1717386496694,4,4
"4904",19.217369626383,22.5379470624645,4,4
"4905",18.3561767523394,21.5494238805345,4,4
"4906",22.1790790264822,13.9984877024605,4,4
"4907",22.5146791933487,19.3515136296866,4,4
"4908",16.6973223108958,26.5701668273151,4,4
"4909",17.9774474987061,27.4175401722712,4,4
"4910",20.5864999925212,24.2594135868449,4,4
"4911",20.7111005270867,20.7820518893211,4,4
"4912",18.9167060150325,21.0399478471205,4,4
"4913",21.6657922731186,20.9092621771751,4,4
"4914",16.7943860582924,19.679892862728,4,4
"4915",23.2085601489967,15.7481049449683,4,4
"4916",21.1468335852078,14.6366581695864,4,4
"4917",17.8871288158623,26.4893122848129,4,4
"4918",19.0137692958358,22.1896636350064,4,4
"4919",19.2088363641081,21.4968535410414,4,4
"4920",20.8157074568591,18.1925533901651,4,4
"4921",21.1641290987464,17.8933334104581,4,4
"4922",21.4865914417367,19.5960225237944,4,4
"4923",20.1340848995184,17.7654849195208,4,4
"4924",21.7350548392297,18.0625273853701,4,4
"4925",19.9636160374749,25.5526112170476,4,4
"4926",19.1846890671247,23.7300073647216,4,4
"4927",19.1291889248224,18.5984442986309,4,4
"4928",20.1518235030521,21.1578233389963,4,4
"4929",18.8414615946704,24.1916467527907,4,4
"4930",20.9133297608921,21.2236132237951,4,4
"4931",16.9023594611542,22.4652959544019,4,4
"4932",18.3084855424638,18.7803917915971,4,4
"4933",21.0365664318779,22.1368890760547,4,4
"4934",18.7036536843657,20.6348979858773,4,4
"4935",19.660183532474,21.6524416271123,4,4
"4936",22.5966913069788,20.1692169423596,4,4
"4937",16.0764102821649,28.3356197831799,4,4
"4938",19.6366473309524,24.1265262745478,4,4
"4939",20.0660439705157,25.6619832267437,4,4
"4940",19.0074503755891,19.602211042626,4,4
"4941",18.830036401055,23.764008387545,4,4
"4942",22.654140691823,15.0887596909608,4,4
"4943",20.7024694761192,19.1890961387428,4,4
"4944",18.3565409631428,18.0296556404929,4,4
"4945",21.5328708660407,21.4229613338182,4,4
"4946",16.5448355671354,28.9958930267808,4,4
"4947",24.4816781960479,15.8684836348667,4,4
"4948",18.5898385104169,24.9212275011671,4,4
"4949",22.5545119865717,22.0637414124671,4,4
"4950",19.1355379367806,21.0732012784051,4,4
"4951",18.1083822565476,30.2942745935105,4,4
"4952",20.2201489392136,20.1402149096246,4,4
"4953",20.2099517408609,23.0189167040734,4,4
"4954",21.185013004395,20.2331071369854,4,4
"4955",17.9277834480912,26.4110891365693,4,4
"4956",21.8867192272204,20.490610404005,4,4
"4957",22.8252199107458,20.7640288519675,4,4
"4958",20.8754010692387,22.4493972663031,4,4
"4959",21.6191196034525,20.3734829557712,4,4
"4960",20.6292174935362,17.1993496852534,4,4
"4961",18.6724379052416,22.1992362121428,4,4
"4962",21.1257613017558,18.1835833569856,4,4
"4963",17.6127090732993,25.3645966885736,4,4
"4964",18.4640515640035,24.0566187180387,4,4
"4965",18.1589642770755,23.465013646308,4,4
"4966",20.3626381544054,20.7171875674808,4,4
"4967",21.2900510909519,21.9910966369283,4,4
"4968",16.7590479572843,26.3347083782458,4,4
"4969",19.9068109159362,17.5285053443792,4,4
"4970",20.9995631548261,19.7276949605489,4,4
"4971",19.479943213434,25.4669113409315,4,4
"4972",16.6985223863302,20.1210391586658,4,4
"4973",20.0509587247119,27.9852654672142,4,4
"4974",20.2072636600154,24.4724594366854,4,4
"4975",20.6284820783449,21.8176989454895,4,4
"4976",22.3591149907102,23.1543606852555,4,4
"4977",18.9684585987737,24.7838936371971,4,4
"4978",21.140801308561,26.1030281920398,4,4
"4979",21.4979538308832,21.2339731798078,4,4
"4980",20.1113978891951,24.887580960352,4,4
"4981",19.1348922630991,21.4388653345866,4,4
"4982",24.0407460654782,16.8183275072453,4,4
"4983",19.7816225657886,18.0261937623083,4,4
"4984",20.9633316629678,19.9976760139494,4,4
"4985",20.098231372559,24.7019385537118,4,4
"4986",21.9185460742888,25.0386213926403,4,4
"4987",18.5024733082509,21.8373856346025,4,4
"4988",16.8506842262813,22.6139882871957,4,4
"4989",20.8294140403378,22.7837268182769,4,4
"4990",20.2132933432356,20.3425456168164,4,4
"4991",19.0692415462622,20.208846649801,4,4
"4992",21.254132537841,20.0458813507267,4,4
"4993",20.5791772208511,21.7022011081014,4,4
"4994",22.1675275901517,21.3365050087414,4,4
"4995",21.5840145394018,19.6723683863258,4,4
"4996",18.5217162471111,29.4365924312894,4,4
"4997",22.2478891760198,13.4621590952459,4,4
"4998",20.3041040632469,21.0147010227833,4,4
"4999",23.0672225837408,16.310814643636,4,4
"5000",19.6805977168369,23.0914236163585,4,4
