"X1","X2","component","subcomponent"
"6001",21.1666810782691,6.99883473180449,12,8
"6002",26.0718383547659,9.20812077199443,12,8
"6003",19.7279424856855,6.18369228989664,12,8
"6004",22.6085908690254,9.18122105191695,12,8
"6005",23.36600567753,6.9676165439584,12,8
"6006",25.8139819782761,4.72800610007513,12,8
"6007",23.8209000364555,7.90655556432946,12,8
"6008",14.64377509596,7.81808797314083,12,8
"6009",21.9329343894902,5.81532738575492,12,8
"6010",29.7741126918699,9.17012316765443,12,8
"6011",19.1851531140556,8.77287639124861,12,8
"6012",28.0399242069203,6.66396114589646,12,8
"6013",22.6275431609876,4.47615238537333,12,8
"6014",14.6708847480163,6.50267042156903,12,8
"6015",17.0081489781248,9.25028616611811,12,8
"6016",25.5841493914904,8.1165309128392,12,8
"6017",23.2413247933537,8.03476108907005,12,8
"6018",12.4065991181614,9.93720954584143,12,8
"6019",18.1064347239347,7.29399242305383,12,8
"6020",25.534199546555,5.55704028910259,12,8
"6021",28.3528230228042,7.01932686609623,12,8
"6022",22.533204516636,7.53261332696107,12,8
"6023",24.8036264763283,7.22082216316712,12,8
"6024",26.04836992115,6.64451773757783,12,8
"6025",26.7321253358733,7.21824535744667,12,8
"6026",21.7779890991743,7.53916196414637,12,8
"6027",22.6038163170817,6.48164241597075,12,8
"6028",21.6601254417567,8.29294044291528,12,8
"6029",21.4421060606691,6.04596471080078,12,8
"6030",21.9479339071428,8.11796332372151,12,8
"6031",21.0687850418872,8.45523385253323,12,8
"6032",23.0251922816452,6.58469479264387,12,8
"6033",16.2667904142599,9.95301473049978,12,8
"6034",26.9152795510106,7.07836497321304,12,8
"6035",21.4842775745109,9.35653566701816,12,8
"6036",23.3025170618908,6.90827795556218,12,8
"6037",24.642180711974,7.49569076075045,12,8
"6038",18.282497224475,5.65785303007597,12,8
"6039",24.1712203027893,5.47509020856069,12,8
"6040",24.1803574936252,7.93726773802326,12,8
"6041",17.6801100376227,7.84976470946647,12,8
"6042",25.8576642333776,6.35862992717545,12,8
"6043",21.2488219535755,3.69697557387611,12,8
"6044",22.170077316895,7.2997971076805,12,8
"6045",19.4899240926517,7.30031809915933,12,8
"6046",25.6903095427311,4.28078989386071,12,8
"6047",24.7285574189761,5.14211433035872,12,8
"6048",22.4543045346323,4.97434085376786,12,8
"6049",23.1675048241559,4.59407481768828,12,8
"6050",24.4227850979665,7.155468491566,12,8
"6051",19.2724093397432,6.31731124870848,12,8
"6052",17.8003980694638,6.75094598116949,12,8
"6053",24.303666423827,7.55187100499264,12,8
"6054",24.4165280732248,6.32394302762335,12,8
"6055",24.801392347351,7.47952612009166,12,8
"6056",20.6966627196566,7.92193474746451,12,8
"6057",23.5769436066733,7.35089629037912,12,8
"6058",23.7965746670458,8.32231273065883,12,8
"6059",18.6226360145444,8.81476884452763,12,8
"6060",23.3258139669918,6.15040369664724,12,8
"6061",28.2671110576691,3.41215491187831,12,8
"6062",16.7556725005779,5.84046318720634,12,8
"6063",25.0060241097047,11.9835105236487,12,8
"6064",15.6217253224696,3.62195766959309,12,8
"6065",18.6226566050107,8.91190083721701,12,8
"6066",23.2581644936122,4.49443666241564,12,8
"6067",19.626209872133,6.06003188996716,12,8
"6068",31.4681063647567,7.32364483938246,12,8
"6069",24.2144771136344,3.67796453258884,12,8
"6070",17.4007982006353,5.72647094128628,12,8
"6071",26.2156305580007,5.25961116221539,12,8
"6072",24.0130996827645,4.69360065391815,12,8
"6073",21.0880364133642,7.64750959650124,12,8
"6074",14.0539678636404,7.12628577894518,12,8
"6075",23.0114657923648,5.24710597629821,12,8
"6076",18.1284941044605,4.5251597334855,12,8
"6077",21.3954180184642,5.48666002536463,12,8
"6078",18.8612555510749,7.0116761926591,12,8
"6079",19.2302620271195,5.46645079664,12,8
"6080",19.5926272852308,6.83907062244966,12,8
"6081",26.0523816592368,8.9821191127479,12,8
"6082",19.7156028638476,3.51210882832527,12,8
"6083",16.2345318564079,6.34918793133409,12,8
"6084",23.1211153026002,4.72460946304957,12,8
"6085",21.9613688046754,5.08422832818518,12,8
"6086",20.2557664918085,4.69156752365707,12,8
"6087",27.1084973031045,4.40692134041931,12,8
"6088",26.0903402023246,10.8709347931299,12,8
"6089",22.9460095061421,9.54786180099868,12,8
"6090",23.1858192868774,6.40202813344442,12,8
"6091",26.2945747912704,5.22001677063678,12,8
"6092",23.2471741361882,7.1036357890024,12,8
"6093",18.5255652468362,6.19621154757288,12,8
"6094",22.9974247432101,5.74856696342012,12,8
"6095",16.9050789840191,3.04739055806111,12,8
"6096",26.452999074578,6.71845694132186,12,8
"6097",22.2649055004865,4.52115795189049,12,8
"6098",27.0562970432499,2.27464779740391,12,8
"6099",16.2288909757894,6.46622410969262,12,8
"6100",21.2198223909683,6.16369024790751,12,8
"6101",25.3052855640281,6.67729230746609,12,8
"6102",28.6427749436485,9.13613083518898,12,8
"6103",23.4551204996084,5.25708138382454,12,8
"6104",23.4886407548282,5.26012677055744,12,8
"6105",17.1898912854398,2.88982376463715,12,8
"6106",24.7982117481268,8.06496755221005,12,8
"6107",29.3601301708302,1.71810104013794,12,8
"6108",21.3566923605156,5.56228631993796,12,8
"6109",16.9849079510541,5.43876401504066,12,8
"6110",19.7504776658706,7.76570076815743,12,8
"6111",15.8125665683766,7.41139313896982,12,8
"6112",29.3621160744408,3.09102913344793,12,8
"6113",23.0004292418857,7.13310671682539,12,8
"6114",22.0440054691529,5.4855210025302,12,8
"6115",24.2684091367102,7.74575345237988,12,8
"6116",25.2130133202026,4.90058626483834,12,8
"6117",21.2745041895948,7.68040091574477,12,8
"6118",25.5585397789431,8.0002714019994,12,8
"6119",22.1713668576765,4.90615059740576,12,8
"6120",24.5161548544591,6.27691044005172,12,8
"6121",27.0341028800713,7.14668699957384,12,8
"6122",21.827287612888,3.1258455619858,12,8
"6123",23.4045238896261,5.22132794117584,12,8
"6124",22.5629718251673,6.90891907822227,12,8
"6125",24.9507769888435,8.17107872628949,12,8
"6126",26.396982270392,6.93512370626596,12,8
"6127",24.6506915099325,6.09618518331783,12,8
"6128",27.5536427554192,8.66669600331875,12,8
"6129",26.8653026189469,4.10538574912023,12,8
"6130",16.4211640703442,7.3973106637922,12,8
"6131",24.0582196585034,7.66238932829398,12,8
"6132",23.910526639475,9.65968440006668,12,8
"6133",19.2482519784567,8.2965260205162,12,8
"6134",18.4058310316738,6.03542542183822,12,8
"6135",24.3973656105259,6.81158030084327,12,8
"6136",21.9772260896444,4.54960205476103,12,8
"6137",23.3566941796613,8.40902188279818,12,8
"6138",30.6835661859403,9.18064997104582,12,8
"6139",17.7239224392544,4.95184674518747,12,8
"6140",24.95948242739,3.76533776485996,12,8
"6141",28.9782345014567,6.9937932796903,12,8
"6142",18.6156811302384,5.93708679363256,12,8
"6143",16.3776670327058,6.45810948101984,12,8
"6144",18.5145906684505,8.23914196892009,12,8
"6145",17.4272032736411,4.91447434134639,12,8
"6146",25.23357691634,7.07925785206038,12,8
"6147",24.2956114897526,5.67554117810227,12,8
"6148",21.1493959253753,7.99136600413944,12,8
"6149",24.1928807951132,4.311721950147,12,8
"6150",18.2116696728999,4.12296042001917,12,8
"6151",19.7562398002003,8.98610642436162,12,8
"6152",23.4595955277864,5.01930808018127,12,8
"6153",24.139715842705,7.13589428386001,12,8
"6154",18.1973096316336,9.93907477756788,12,8
"6155",20.2931230218977,9.6263512268242,12,8
"6156",25.8013102969117,4.94503426701943,12,8
"6157",20.6719842787097,6.44585963937605,12,8
"6158",20.5248439266981,6.53868668656094,12,8
"6159",24.4421424290743,5.23949497449139,12,8
"6160",17.7048237724302,8.90105047215744,12,8
"6161",16.2582951400634,8.24582801210811,12,8
"6162",24.3552784226766,5.33722193704129,12,8
"6163",16.5128506579346,6.87428136244643,12,8
"6164",20.4790583954707,7.8803343612896,12,8
"6165",25.651101300059,7.54103080589826,12,8
"6166",23.7496787167601,9.8410321175006,12,8
"6167",22.1244308981396,7.12835611141501,12,8
"6168",20.2473026930149,8.45768848588757,12,8
"6169",25.4626930739075,7.82204778096034,12,8
"6170",24.2373349541371,5.66769280415689,12,8
"6171",23.2456021591629,6.55114343999842,12,8
"6172",25.3445154489615,5.87221154840714,12,8
"6173",24.554803426811,4.22062719645607,12,8
"6174",25.0247407093759,8.14808172760839,12,8
"6175",19.1006892862847,5.67940638075306,12,8
"6176",24.4005041293428,6.42112178983044,12,8
"6177",27.4785788692366,6.5583779000283,12,8
"6178",27.3147967219433,4.94534017404914,12,8
"6179",15.7682943913569,4.67804543964446,12,8
"6180",20.7510791260992,7.76187095246305,12,8
"6181",22.7189801214379,2.0107994902459,12,8
"6182",25.5202180387661,7.58979082928354,12,8
"6183",22.0946707488074,9.01397299651514,12,8
"6184",17.09841662241,4.35360714182452,12,8
"6185",19.1503845286038,6.34742055870307,12,8
"6186",23.5146258027151,8.49278140932111,12,8
"6187",25.0210329887404,7.97803592802339,12,8
"6188",25.54913363933,5.70860991956078,12,8
"6189",23.7286568568198,5.13023612244126,12,8
"6190",20.1157839408376,7.95245971782397,12,8
"6191",25.5752741049306,4.36441213922446,12,8
"6192",20.6932460791108,6.32135752346574,12,8
"6193",26.064473923696,6.97252595772466,12,8
"6194",20.8550240643341,6.44642015501026,12,8
"6195",23.0606243330095,7.67695230137274,12,8
"6196",26.0097936812867,6.47468652691153,12,8
"6197",21.0883363015825,5.58212416831941,12,8
"6198",22.8730985275965,4.73400165812544,12,8
"6199",22.0528278720634,5.03376232126962,12,8
"6200",18.5969756001717,6.59049179826823,12,8
"6201",18.6151672773935,7.67383525269629,12,8
"6202",25.1870498194679,7.36982562035847,12,8
"6203",19.0546457242914,10.9468373696234,12,8
"6204",21.8508112489093,4.92932376197824,12,8
"6205",19.0376934925127,5.40940265987112,12,8
"6206",17.8579518046347,5.37217933349843,12,8
"6207",23.9064027311026,5.73931919706042,12,8
"6208",19.7874078351594,9.45762248858074,12,8
"6209",21.3494484599573,7.19354908040721,12,8
"6210",21.1940612734421,5.78513395071678,12,8
"6211",20.6952561825749,6.17217909614074,12,8
"6212",15.6051734588274,5.88920102797788,12,8
"6213",18.0598074069028,6.15070782145628,12,8
"6214",29.9734484660411,6.49067549821226,12,8
"6215",17.1183920473663,6.39207225028761,12,8
"6216",21.4550070615861,7.35886725432581,12,8
"6217",20.4458845061543,6.06197435499896,12,8
"6218",22.1047410584474,5.4328260102268,12,8
"6219",23.140505061966,6.59472087902627,12,8
"6220",21.4103499617428,5.79076387867903,12,8
"6221",21.1884486899684,6.56415969116153,12,8
"6222",22.9094994705946,9.29500465804065,12,8
"6223",19.6545047852289,5.52982123489521,12,8
"6224",18.9967138450703,5.68085570322591,12,8
"6225",18.3745153770644,7.886834020851,12,8
"6226",19.0003002780791,6.82574166265074,12,8
"6227",18.5976474330015,8.30969150043147,12,8
"6228",28.1637142514483,6.5777142956774,12,8
"6229",28.2686331026514,5.3443863286865,12,8
"6230",25.4224753236664,6.35382369555512,12,8
"6231",25.4561083324723,9.30243405178654,12,8
"6232",26.5835139307682,7.0272308477869,12,8
"6233",22.2986509885986,4.74743138370709,12,8
"6234",21.0160401672245,9.25958656228383,12,8
"6235",18.2717314642375,8.99568594768067,12,8
"6236",24.1778487882103,10.1261703118519,12,8
"6237",20.9430479978506,4.37534245006224,12,8
"6238",20.35379072414,8.40301433538205,12,8
"6239",19.2458962738406,8.62425345145033,12,8
"6240",21.7637758124811,5.92299790134777,12,8
"6241",28.0080278301545,3.84655041383546,12,8
"6242",22.0163468112339,4.96902310888147,12,8
"6243",20.0336674047314,6.81413124157223,12,8
"6244",23.9021956901007,8.14023332098794,12,8
"6245",23.2363068818728,3.81453938098087,12,8
"6246",22.6318453338247,7.48134463015373,12,8
"6247",28.5264663890713,4.49876600599925,12,8
"6248",20.3850281504963,4.60756364198584,12,8
"6249",24.3380174085462,4.1320005674129,12,8
"6250",28.6122609317344,6.22845761586735,12,8
"6251",27.0659905466586,6.47334842164625,12,8
"6252",23.7520833425774,7.06360867154424,12,8
"6253",28.6845749819721,1.84579035184543,12,8
"6254",22.229587531487,5.16469030138527,12,8
"6255",26.3768769421515,6.83202643684309,12,8
"6256",19.4079624716202,7.22289974948808,12,8
"6257",22.5269847956339,5.78175269710658,12,8
"6258",18.2213307945447,5.04887057171221,12,8
"6259",19.5555874967329,5.18835198449718,12,8
"6260",22.9576577683607,4.70447663357942,12,8
"6261",26.0223669147249,5.29524567905118,12,8
"6262",24.3146346990848,8.03824995832199,12,8
"6263",17.2011797385542,7.51485957135204,12,8
"6264",19.3503705224263,4.37912916296099,12,8
"6265",22.6422431307856,6.65846865922725,12,8
"6266",23.8283035854066,8.77314719749994,12,8
"6267",25.3584653391121,7.9240547104514,12,8
"6268",20.1057998325027,6.83259460183914,12,8
"6269",23.1509728830719,7.79333278804879,12,8
"6270",22.3037666289173,4.4396427447093,12,8
"6271",14.8869008369276,5.90774941082612,12,8
"6272",24.3032833691299,8.70183099724003,12,8
"6273",26.9207959700482,3.76176656682694,12,8
"6274",23.6787301337678,8.32483661763021,12,8
"6275",24.1823676748741,7.52779613538113,12,8
"6276",24.1360515487808,4.4532391064098,12,8
"6277",24.2369608503646,7.6303829030294,12,8
"6278",28.2595256882683,5.5581988125589,12,8
"6279",27.3784597406493,8.1487397659054,12,8
"6280",26.6169844218569,2.69875139526389,12,8
"6281",21.4150465953512,8.51485162090746,12,8
"6282",13.8418655253297,5.89336761958119,12,8
"6283",24.1881835157168,7.15163030619945,12,8
"6284",25.3855527636383,7.90763510649823,12,8
"6285",25.2349275374125,5.64766722170073,12,8
"6286",27.8452653237052,3.45440289691255,12,8
"6287",25.1242019538872,6.29753858790653,12,8
"6288",28.3932068083084,4.39405169366824,12,8
"6289",21.0240538012801,4.67861195108034,12,8
"6290",21.4660149390026,9.10844684610374,12,8
"6291",24.7115090476691,6.55810202072219,12,8
"6292",20.6949342525229,5.2210894174527,12,8
"6293",21.6604426360223,3.97623044918603,12,8
"6294",28.6305400554921,3.51912791717775,12,8
"6295",20.3681291901848,3.24779688020845,12,8
"6296",19.0353036131863,4.9626644818791,12,8
"6297",19.8572671365033,4.00377569576513,12,8
"6298",23.3351498698016,8.48435997824114,12,8
"6299",18.0710497638409,5.703453402191,12,8
"6300",22.5811208378331,9.83539375083361,12,8
"6301",21.5318681458624,8.53772923106524,12,8
"6302",26.8347064088689,6.83261243266984,12,8
"6303",16.7507005380026,5.77795034742262,12,8
"6304",23.4986804111486,6.23671127867905,12,8
"6305",17.5108897989935,5.3557550274386,12,8
"6306",18.2907166370344,6.94166281668034,12,8
"6307",26.0207526771507,6.37653226944894,12,8
"6308",25.2414289317245,7.90112468221889,12,8
"6309",23.0542069382803,6.50385563013464,12,8
"6310",17.9652227395473,6.44854640719841,12,8
"6311",19.659397486261,9.32506348119891,12,8
"6312",22.6584734988846,7.00183790756731,12,8
"6313",19.6044440780109,4.81241381855105,12,8
"6314",22.3700538432837,4.94748210515944,12,8
"6315",22.2944481514831,7.84569768976957,12,8
"6316",22.3019111508719,7.38463040722811,12,8
"6317",19.8314414278047,4.76013092749673,12,8
"6318",15.9509395830597,7.3603817451665,12,8
"6319",20.9754424518884,5.11340498672804,12,8
"6320",25.2413067801074,4.44971484325619,12,8
"6321",21.5260073030366,7.90271148686137,12,8
"6322",24.3061695097219,2.08728927479958,12,8
"6323",22.4448611387228,8.26623146082285,12,8
"6324",24.2635895647446,2.91819128502197,12,8
"6325",20.3497908418903,7.78296897696012,12,8
"6326",17.1638684361399,3.84191340910543,12,8
"6327",22.490429723552,7.13004695787792,12,8
"6328",25.9150371636066,2.3519683339293,12,8
"6329",22.3398587969769,9.47978594255142,12,8
"6330",28.8614860639446,3.22046388669666,12,8
"6331",24.8519848236042,5.6466347496318,12,8
"6332",22.2237496708192,4.50240473338556,12,8
"6333",23.6658929660553,2.40727626300307,12,8
"6334",24.3294400035305,7.84170674040168,12,8
"6335",22.9834729594401,6.13453854296809,12,8
"6336",22.5822907429053,6.45336848647551,12,8
"6337",23.8483394883535,6.95116954254975,12,8
"6338",26.2241438581382,6.34904494259367,12,8
"6339",26.9567722112053,7.64825868440774,12,8
"6340",17.4350616196644,5.46456286149965,12,8
"6341",19.3528030651337,8.27821664040727,12,8
"6342",23.6115460805557,6.56973834537392,12,8
"6343",23.0589400990854,5.63675386172915,12,8
"6344",27.5356592036844,9.65909655876588,12,8
"6345",21.5944007096454,8.21199580556383,12,8
"6346",19.8313367169023,5.92127111305145,12,8
"6347",24.2312671549515,6.41300856577954,12,8
"6348",23.1664812852559,3.39354487890928,12,8
"6349",24.4675985634505,9.29519136731185,12,8
"6350",22.9139339488421,4.586805804262,12,8
"6351",30.3742850020184,5.00615786783463,12,8
"6352",17.9974084024956,6.22758377264101,12,8
"6353",17.1502443791157,6.55493398697947,12,8
"6354",22.8144797341277,7.92602638064735,12,8
"6355",22.815197224312,2.63418753662871,12,8
"6356",21.7371146013324,6.74834729926985,12,8
"6357",24.2601441272016,7.86754734481939,12,8
"6358",16.0611119497924,7.99272259900289,12,8
"6359",22.0839146041139,7.57238144557641,12,8
"6360",21.9926189028086,7.42270827104982,12,8
"6361",21.9057281861149,10.130289487218,12,8
"6362",21.442070086273,9.90929783400952,12,8
"6363",23.8045469651279,5.96448375856103,12,8
"6364",20.6678540379913,6.25455943093985,12,8
"6365",23.1212171448261,6.35988845523081,12,8
"6366",21.0937314514952,8.06846108182328,12,8
"6367",25.0014686378018,9.77474319725335,12,8
"6368",26.0168850717156,3.32042279416036,12,8
"6369",18.9267722640088,7.89162475995188,12,8
"6370",22.4511237441813,4.82065066901514,12,8
"6371",25.5194755330316,8.95109106878014,12,8
"6372",18.2624714892258,6.53901565873416,12,8
"6373",17.1254153375776,8.49490478469336,12,8
"6374",23.0385597579563,8.33885587048717,12,8
"6375",20.6377319507192,5.1052317482137,12,8
"6376",25.5409811882835,6.58931592574869,12,8
"6377",25.6031426796669,6.53228395862821,12,8
"6378",24.2710705643471,8.07186657763777,12,8
"6379",20.7226161872277,3.11895559643189,12,8
"6380",22.5893407121292,10.1183020279555,12,8
"6381",31.701233838985,8.61948335344844,12,8
"6382",16.7831180735222,7.20307062229146,12,8
"6383",22.365983034501,6.26731539003142,12,8
"6384",25.4475820727812,7.11954339788022,12,8
"6385",25.3342540225661,4.17393039753328,12,8
"6386",25.0441701371769,9.23968358650342,12,8
"6387",19.7811212701806,5.8459725783545,12,8
"6388",24.6628263462207,6.11401003232763,12,8
"6389",17.9301967398388,7.62372705669211,12,8
"6390",28.1885944346015,7.42216300686825,12,8
"6391",21.234435266093,7.46956623949128,12,8
"6392",21.9082388369963,7.27352009319909,12,8
"6393",20.9491862131399,7.74905712588493,12,8
"6394",20.506172070132,5.47737321887536,12,8
"6395",21.2904831677432,5.54387122491463,12,8
"6396",18.0030289419931,8.97052738626286,12,8
"6397",20.5964891963728,6.21380794328944,12,8
"6398",22.3348625041029,9.88001505846893,12,8
"6399",20.8737258957044,5.60477804870838,12,8
"6400",17.8128326859792,8.75420947728237,12,8
"6401",25.0933862959755,5.31129765592813,12,8
"6402",19.1933333169463,8.2321191916992,12,8
"6403",16.3998889502228,7.2027648394237,12,8
"6404",18.5596853302363,5.56341660504657,12,8
"6405",24.5976849457633,6.16018196903403,12,8
"6406",22.9899610598679,9.45365449892538,12,8
"6407",21.3511656294001,6.35537230161779,12,8
"6408",24.1510699146793,7.95969160798514,12,8
"6409",27.2895031606529,6.3141726138817,12,8
"6410",26.2536624257789,8.88316956670188,12,8
"6411",20.3243005402891,6.75023747869312,12,8
"6412",22.20479845271,6.30539811027564,12,8
"6413",24.9824056007347,8.78490272030806,12,8
"6414",20.3954669316339,6.26248763304671,12,8
"6415",23.5418390322552,4.29120184615918,12,8
"6416",19.3003731850331,9.15571862924742,12,8
"6417",19.7373596034615,7.34730855230411,12,8
"6418",24.2706072351331,7.20988351627607,12,8
"6419",24.908696498578,7.59922182150895,12,8
"6420",18.995318466747,5.39834254829705,12,8
"6421",18.5965761169179,6.6132058685933,12,8
"6422",23.4706860355358,5.44609018053336,12,8
"6423",23.7326159760926,3.80865547283493,12,8
"6424",26.3214169597135,10.610005021069,12,8
"6425",26.1116800619721,7.22928077663223,12,8
"6426",23.9204952951748,7.52896115096344,12,8
"6427",20.6246992486208,7.02337368849725,12,8
"6428",21.4249097273679,4.90434602719387,12,8
"6429",20.3538995224703,5.4944919565117,12,8
"6430",18.9908481732356,1.9332653518151,12,8
"6431",22.3597793109897,8.27360599228139,12,8
"6432",23.2036400927576,6.09010586594229,12,8
"6433",24.3700259112681,8.61189682519248,12,8
"6434",21.3237004798882,11.5249520131515,12,8
"6435",15.2340268974278,3.75752368881432,12,8
"6436",23.8102618402764,5.5693605459971,12,8
"6437",23.6269113302911,6.07974073720887,12,8
"6438",19.1969134288655,6.02340386365016,12,8
"6439",16.869166932406,5.3714224342973,12,8
"6440",21.2200705542675,9.22363891383917,12,8
"6441",25.4892991131156,6.61894995620184,12,8
"6442",21.3229440228956,7.80752773333043,12,8
"6443",30.3804373606982,8.6597357434281,12,8
"6444",24.4048362935682,5.64317955282561,12,8
"6445",27.8042033679813,8.14660010087759,12,8
"6446",31.0329371047717,8.71080887988436,12,8
"6447",15.6522496409475,6.33919495635544,12,8
"6448",19.103768583588,3.84409858834708,12,8
"6449",21.0274802473959,8.33979164777843,12,8
"6450",19.0382028097439,3.64770475969697,12,8
"6451",21.4655393566953,9.52561648375859,12,8
"6452",25.4523705860744,9.45622428379503,12,8
"6453",17.9261816924322,5.31492592626929,12,8
"6454",18.2235845358804,4.93595767702787,12,8
"6455",16.5248440000571,5.04349577571098,12,8
"6456",21.6336966362719,6.57860451322319,12,8
"6457",24.5578199361749,5.52745240131695,12,8
"6458",26.7080732903363,6.67192825516985,12,8
"6459",22.7502032938807,9.62731523488587,12,8
"6460",23.6877629950873,7.78806781592152,12,8
"6461",24.4690130467006,6.72448792920173,12,8
"6462",20.3862077012358,5.66524100295165,12,8
"6463",18.6520177811657,4.92538494974006,12,8
"6464",20.6431283548695,4.4235606047361,12,8
"6465",22.2759794559184,3.38336948878078,12,8
"6466",24.2684771397284,5.78842478717114,12,8
"6467",24.7928207697911,6.81281205820517,12,8
"6468",21.420697301821,6.38380713266592,12,8
"6469",13.6994981941865,6.77876718728919,12,8
"6470",23.3635979865296,6.90696235189394,12,8
"6471",18.215809426595,7.70792264508492,12,8
"6472",21.4562618316361,4.62318845482844,12,8
"6473",21.7809972072314,8.99635184401243,12,8
"6474",21.2967608372104,6.29781241489339,12,8
"6475",16.7660724905664,5.54295680014658,12,8
"6476",19.1649594805219,6.21026786531403,12,8
"6477",15.749957836645,7.17085098399012,12,8
"6478",22.4879581564077,5.31150359193283,12,8
"6479",21.8654662639107,7.85966171470415,12,8
"6480",27.976493035579,6.46732350597335,12,8
"6481",24.2450967450392,5.8994753612279,12,8
"6482",19.4754824748592,7.20721814948742,12,8
"6483",23.8205781514744,4.19336912092277,12,8
"6484",17.9947748735845,5.63615903709816,12,8
"6485",20.2496929861028,7.36651572677239,12,8
"6486",23.1506348087847,7.89979644077857,12,8
"6487",24.2818884090246,9.50131620057083,12,8
"6488",26.1545343660697,6.78917477491585,12,8
"6489",25.3286645419774,8.12041721776138,12,8
"6490",17.4800999457919,7.6712541149843,12,8
"6491",30.3456427539514,7.61818280143317,12,8
"6492",18.0759233268874,5.87254661894153,12,8
"6493",25.9237574734465,5.73588759150538,12,8
"6494",18.9936290350045,8.89905408064856,12,8
"6495",19.2276072163666,7.42932248792306,12,8
"6496",25.1538656274229,4.82998903349456,12,8
"6497",23.7763759884938,4.2300719428243,12,8
"6498",19.8528891014416,6.51797589643894,12,8
"6499",15.6679353947442,3.54703053593274,12,8
"6500",23.6659297326781,9.8884562387157,12,8
"6501",23.2335044843143,5.25561194849284,12,8
"6502",21.2599178253295,5.32685076478146,12,8
"6503",21.1827926914576,6.98746429035501,12,8
"6504",25.8578803218732,4.26223291677029,12,8
"6505",18.9895626025732,6.96862758436567,12,8
"6506",21.4626268791437,8.16714100160421,12,8
"6507",20.3990017140929,3.00658743110816,12,8
"6508",21.8569032742361,7.57170048854032,12,8
"6509",27.3390967014583,4.49299452408884,12,8
"6510",17.0210812598724,6.98071373457431,12,8
"6511",20.2705998762611,10.6152495759235,12,8
"6512",24.0124936517154,7.73742483173113,12,8
"6513",17.5576798251438,8.72620352441055,12,8
"6514",14.6681945364708,4.91280245519283,12,8
"6515",20.0815221711575,7.38434044938463,12,8
"6516",25.094108956101,6.5353708503115,12,8
"6517",21.1945197898515,7.43866983868977,12,8
"6518",19.2170184468229,6.67271559703653,12,8
"6519",18.8637671772338,7.48561409149899,12,8
"6520",17.2085801960552,8.93460919824704,12,8
"6521",21.8270344729836,6.36451857588692,12,8
"6522",26.0352205387897,9.64099252357401,12,8
"6523",16.8236961840638,5.76508433365584,12,8
"6524",18.8108551657314,5.74880387507662,12,8
"6525",24.3690727821659,7.65290693322872,12,8
"6526",23.4103123501753,2.51336869876265,12,8
"6527",18.9629086352932,4.89490939172091,12,8
"6528",21.3090293941672,9.4131654127415,12,8
"6529",19.7330365074588,7.29101626388715,12,8
"6530",22.165270641718,4.93618023030544,12,8
"6531",26.3866130180518,6.71364967916711,12,8
"6532",21.7840990463705,5.2722173524042,12,8
"6533",25.3666194071751,4.76991527114424,12,8
"6534",24.4800754283607,6.71910234017476,12,8
"6535",20.2774019400951,7.18521929582838,12,8
"6536",24.7479067659937,7.87365921492499,12,8
"6537",26.8547196060814,9.17867590644541,12,8
"6538",27.9183878440384,5.43230184896767,12,8
"6539",13.8283098823849,5.31529311136999,12,8
"6540",21.8966237625118,9.02634677840755,12,8
"6541",21.7826757888609,6.17360548774414,12,8
"6542",18.9573319034517,6.46342873446431,12,8
"6543",22.7644171459722,5.25233950902335,12,8
"6544",16.8023181706903,9.09467574889524,12,8
"6545",26.1413783922638,5.70343907273751,12,8
"6546",21.3172412716545,9.60278524093316,12,8
"6547",23.819841714774,8.39885981028616,12,8
"6548",25.3224821019838,3.65672464498929,12,8
"6549",23.4288240963647,5.7600685789941,12,8
"6550",26.0698997921347,2.25404563753157,12,8
"6551",27.539134657991,4.74287720283776,12,8
"6552",19.3593589578497,4.24644370834779,12,8
"6553",18.6285571034167,6.21762025354082,12,8
"6554",24.5833227709501,5.17817071995735,12,8
"6555",20.1025761936637,8.16399757738241,12,8
"6556",21.3639284336784,5.82162060312057,12,8
"6557",18.4590969501223,7.06421528853423,12,8
"6558",22.7222920345032,5.26776343468441,12,8
"6559",21.0112155996016,6.26403106448628,12,8
"6560",20.1398791920069,7.91970694532255,12,8
"6561",21.2386372471831,3.97963950619883,12,8
"6562",21.6042781470962,8.01141218866701,12,8
"6563",25.3290464961403,7.25417834650756,12,8
"6564",20.4573704146469,7.14369567529362,12,8
"6565",17.9328864645378,7.43822774883441,12,8
"6566",21.3288362266823,7.51730055219027,12,8
"6567",18.9042105718857,6.10902809833138,12,8
"6568",18.2459325685149,8.47002107108264,12,8
"6569",20.7280738779909,4.52573224671653,12,8
"6570",19.7485346571211,7.26431576420134,12,8
"6571",19.1264706190254,7.03559039908616,12,8
"6572",27.5941755947305,4.19042569217594,12,8
"6573",25.6277565100404,5.71787829267584,12,8
"6574",24.7491766288498,6.83412640283766,12,8
"6575",26.4980613268062,7.85351228131469,12,8
"6576",23.3287664869668,3.98850142966715,12,8
"6577",26.1856397440087,7.68776256355348,12,8
"6578",18.5253039148117,7.62982325403618,12,8
"6579",20.2658717207055,7.49791549279478,12,8
"6580",20.2636507404601,6.02298206889091,12,8
"6581",14.4490964201046,7.291352256055,12,8
"6582",21.6759493721812,4.86227850352906,12,8
"6583",23.1536104016453,11.2946777565717,12,8
"6584",20.2782229801625,7.42557075402704,12,8
"6585",22.6865831153521,4.56559050625723,12,8
"6586",29.7667184781472,6.30836032208551,12,8
"6587",23.7710824235206,6.58390782153207,12,8
"6588",19.9350851058168,7.79489874962887,12,8
"6589",20.1500391810937,9.43576071610487,12,8
"6590",14.8430115302439,5.11673278539438,12,8
"6591",19.1313867058046,7.29878206977014,12,8
"6592",23.3779504898878,5.68155076599649,12,8
"6593",19.9078306792983,4.89194269953909,12,8
"6594",24.085317880195,4.20719378993306,12,8
"6595",20.4210445843412,6.79757191427733,12,8
"6596",14.2731259003942,7.15285184500685,12,8
"6597",20.6525139809401,6.13137485598906,12,8
"6598",26.3921042494502,7.61109451595896,12,8
"6599",25.6717203971017,9.03850237975564,12,8
"6600",22.3593670261578,7.47672018569348,12,8
"6601",14.3233878531173,5.42009688377436,12,8
"6602",27.0121196337478,7.97580336037463,12,8
"6603",19.5989408833131,6.66803063610509,12,8
"6604",21.9401978874877,5.53360536450954,12,8
"6605",22.2755461527234,11.4256816518118,12,8
"6606",19.7202553726591,4.65976224809301,12,8
"6607",22.7287060244251,6.48844512576977,12,8
"6608",21.2075478834596,5.96897901883672,12,8
"6609",29.136320691254,7.90285733583134,12,8
"6610",22.4477226039034,4.89229268811986,12,8
"6611",16.6350775400165,6.90508639157413,12,8
"6612",21.899482201909,5.26775822012841,12,8
"6613",17.1808837104069,7.09206924006651,12,8
"6614",24.6783711695884,2.77547014247629,12,8
"6615",20.419756348458,7.04994965366155,12,8
"6616",23.703915334412,7.81818052373769,12,8
"6617",26.4080213487777,4.89391278394201,12,8
"6618",19.7780084615991,6.65373887203247,12,8
"6619",31.8484296990001,6.11636390994232,12,8
"6620",18.3348834394227,5.03688239522059,12,8
"6621",18.1875437173254,6.06613874062279,12,8
"6622",20.7465361240192,6.18468337746647,12,8
"6623",22.5649842055651,8.74321890105055,12,8
"6624",17.9226638331828,4.92494851957273,12,8
"6625",18.0763225054723,3.84117448408165,12,8
"6626",26.3003387468724,7.2398942467692,12,8
"6627",20.7282940179205,8.29437417103797,12,8
"6628",24.2916046611515,2.81722622397298,12,8
"6629",26.8550084721307,6.52506051014558,12,8
"6630",19.6592467792777,10.1315807270136,12,8
"6631",13.9700608149184,4.67181887640695,12,8
"6632",22.0359689169956,2.68303662864938,12,8
"6633",19.7172130396154,8.63943971334596,12,8
"6634",26.9442978559852,6.71167887062175,12,8
"6635",21.7083317177863,9.92202663441856,12,8
"6636",25.7243957622343,5.10170851166327,12,8
"6637",24.9805205648355,4.95163919273636,12,8
"6638",22.9508290400431,5.04091604492325,12,8
"6639",19.1079640994852,7.53470113913068,12,8
"6640",15.8824863529362,5.07963969366135,12,8
"6641",29.8374018516613,7.93385831531248,12,8
"6642",23.6124795828743,6.37286454897304,12,8
"6643",19.1381621910996,5.76580208502128,12,8
"6644",23.6758514245734,7.05113377177298,12,8
"6645",26.7121889790441,6.28848142100391,12,8
"6646",18.1981589599544,6.675527559066,12,8
"6647",25.1390564275843,6.43671692642385,12,8
"6648",23.7312039061942,9.26360924852954,12,8
"6649",20.5480116744867,8.25602248577419,12,8
"6650",19.6338534259872,4.54995292263593,12,8
"6651",22.8925295027941,5.86089955411338,12,8
"6652",21.225945487893,7.3460009470311,12,8
"6653",17.3115723506155,5.20121512592634,12,8
"6654",23.08538906006,7.22251250052549,12,8
"6655",27.5913207652273,6.60491209460655,12,8
"6656",24.6821899478308,7.23394484531786,12,8
"6657",17.2532056523807,5.56695786945555,12,8
"6658",18.247387163565,7.60079417294553,12,8
"6659",25.8884229657886,3.93473296821512,12,8
"6660",20.9401181099254,8.18650222442032,12,8
"6661",19.3181875531384,8.45286063116047,12,8
"6662",24.0369686966963,9.00282288569886,12,8
"6663",23.1698580470212,5.25598566302387,12,8
"6664",23.2825244017664,7.06719223017519,12,8
"6665",26.204705274555,6.39182161487143,12,8
"6666",19.5443901749941,9.76412310033143,12,8
"6667",23.6316345279584,1.33597522460042,12,8
"6668",21.6129763919908,0.832639235620356,12,8
"6669",19.5479860480226,8.18999697024726,12,8
"6670",19.0172656535135,8.2232665244669,12,8
"6671",20.4214658982151,4.89252835399556,12,8
"6672",18.5254509156733,4.90212802916272,12,8
"6673",19.2587279939198,6.61119315712224,12,8
"6674",18.2870588495142,6.23123506710218,12,8
"6675",22.8502934410056,6.95203944716397,12,8
"6676",20.925060177803,4.39455881782672,12,8
"6677",19.7678630240089,9.54681000591988,12,8
"6678",24.3626221003815,8.18970188726452,12,8
"6679",20.1037229138932,4.23874622805813,12,8
"6680",21.829526714615,5.69122320656917,12,8
"6681",22.0575004078951,7.53981771016391,12,8
"6682",21.453780009533,7.92742891915521,12,8
"6683",21.3550793896174,6.97321506641763,12,8
"6684",20.2707710588878,6.97237818597269,12,8
"6685",21.5976479197434,8.83412789338917,12,8
"6686",18.9207025135141,5.08661208087469,12,8
"6687",17.2432072228052,5.21966952980999,12,8
"6688",25.69778355231,11.5643764591095,12,8
"6689",25.9337040601506,6.92046616015761,12,8
"6690",16.2837073783104,3.97004219396849,12,8
"6691",26.873875762271,4.98071897383468,12,8
"6692",21.4575855449475,6.61344433743696,12,8
"6693",18.8141143029473,8.58483398415271,12,8
"6694",28.3866203317875,7.53824306754738,12,8
"6695",20.1890782529535,9.34237214355549,12,8
"6696",16.1436885252236,4.80650949884156,12,8
"6697",20.727082507761,5.69234365854011,12,8
"6698",25.9946796112085,8.24042154843252,12,8
"6699",19.1683882973945,6.70021286387649,12,8
"6700",17.658646644029,7.90133744356054,12,8
"6701",28.8593535904218,8.45149311327415,12,8
"6702",24.3528632578006,3.6486279334696,12,8
"6703",19.3255402767711,4.55295817176824,12,8
"6704",27.5457386034002,5.35373990549548,12,8
"6705",23.825688679916,8.78391120328781,12,8
"6706",23.0490098227914,6.54012512678969,12,8
"6707",26.9250511785617,3.98854986714212,12,8
"6708",22.7071306497206,6.2339650611415,12,8
"6709",23.7852075766449,8.63079935620683,12,8
"6710",16.8276573979662,8.16527409926424,12,8
"6711",22.7060041635553,4.78060259134514,12,8
"6712",25.706817379592,4.78436229813625,12,8
"6713",20.5123713186687,8.12666140939532,12,8
"6714",23.2002218303452,5.32750250159178,12,8
"6715",17.2641780938622,9.15503451649634,12,8
"6716",24.101373803496,4.71659282193371,12,8
"6717",22.8963478904348,8.44229300169259,12,8
"6718",20.9487372833208,5.18516390179626,12,8
"6719",19.2458599402357,7.04676976521766,12,8
"6720",22.5280652337662,4.76990798110678,12,8
"6721",19.9670566904679,6.87831042265223,12,8
"6722",25.7372290495303,7.2975223965154,12,8
"6723",17.8673251168605,7.39869473378249,12,8
"6724",28.9477694395254,9.66561178567304,12,8
"6725",25.2406224817914,8.39532897782475,12,8
"6726",27.1717655582504,4.71647991799214,12,8
"6727",23.3592277000467,4.22842444952459,12,8
"6728",25.6032855157783,6.86908207891349,12,8
"6729",25.7294696877938,8.30724416538743,12,8
"6730",18.8801133240708,4.66953155037056,12,8
"6731",20.2851509578982,5.36383123166528,12,8
"6732",21.6986506059567,3.42439897793475,12,8
"6733",19.0619671426167,10.31427214053,12,8
"6734",27.6707756931054,7.8982156285765,12,8
"6735",23.4902103344328,8.00313099993005,12,8
"6736",15.8762186242122,8.786607873546,12,8
"6737",21.2352184247177,5.70609360895821,12,8
"6738",27.2260040680663,5.66510981664202,12,8
"6739",22.4867646166999,7.2355804589512,12,8
"6740",19.029558995916,5.06860850512892,12,8
"6741",24.8794451131419,6.85776897319564,12,8
"6742",30.5602992193865,5.96711287051405,12,8
"6743",23.631823079995,2.6071242993017,12,8
"6744",23.212054951054,10.3882050895181,12,8
"6745",21.180394931759,7.38756035400655,12,8
"6746",21.7271832695717,5.27606133547302,12,8
"6747",25.735935097366,7.0643931293536,12,8
"6748",24.28158614328,9.5787817144831,12,8
"6749",28.7488891947598,9.45197070903524,12,8
"6750",27.0845252563523,7.74827450311784,12,8
"6751",21.2838877080098,6.43391059905555,12,8
"6752",23.667775205784,4.99197398787176,12,8
"6753",23.8463527618448,9.24398351272057,12,8
"6754",14.1602052115057,8.09406903222539,12,8
"6755",17.9530962478748,5.85023038303423,12,8
"6756",21.133290393405,3.46559318898789,12,8
"6757",27.7600501484644,7.09695549772213,12,8
"6758",22.0825973904458,3.92066757305364,12,8
"6759",17.9832316136451,6.43044541692909,12,8
"6760",26.9420516908222,5.89430874722324,12,8
"6761",22.1997313202567,4.94355833226799,12,8
"6762",25.4898073086127,6.93705624111499,12,8
"6763",20.6145737003256,8.58951712749324,12,8
"6764",21.8791068338836,5.1515742456846,12,8
"6765",24.3971250303643,6.43595790205076,12,8
"6766",24.0323989178143,10.1793632570984,12,8
"6767",28.174722156816,6.77905783403257,12,8
"6768",27.2314870576463,5.31658153744482,12,8
"6769",18.3135403980615,5.88271487507479,12,8
"6770",27.0328873251892,6.22689115369575,12,8
"6771",21.3499317769964,7.26588866191847,12,8
"6772",18.0847037721671,7.87442399737593,12,8
"6773",23.9887647332905,6.35925664870848,12,8
"6774",21.1028900779247,5.27069648239928,12,8
"6775",23.0557230958859,6.77423215105773,12,8
"6776",16.6483208250221,5.65583039412164,12,8
"6777",19.0326710710789,7.86435949858572,12,8
"6778",19.529281138728,9.54660714174835,12,8
"6779",15.1395286978662,9.09885793006947,12,8
"6780",22.9984815881375,4.6430253396644,12,8
"6781",20.3557651392803,5.48622758966295,12,8
"6782",21.5301037981115,4.33144062347226,12,8
"6783",26.096994924054,5.86377530628399,12,8
"6784",21.3718608779009,7.8667956585386,12,8
"6785",23.1754956482238,9.64097994267203,12,8
"6786",24.3694573543023,7.80405296083808,12,8
"6787",24.5322246702983,3.47061917438417,12,8
"6788",27.5665393352357,6.86698060449457,12,8
"6789",18.8323126148148,3.43952914855866,12,8
"6790",22.2079942962384,5.92965799174255,12,8
"6791",25.9156525430493,6.29594024061307,12,8
"6792",22.694274886815,9.56797560017215,12,8
"6793",23.5065861471325,5.54512657864832,12,8
"6794",20.9937760159756,5.0070639256602,12,8
"6795",24.6125995445283,9.43575670479564,12,8
"6796",24.9780939766264,6.30982467353321,12,8
"6797",16.4373070532133,5.77326590201972,12,8
"6798",26.1839772025641,8.75047906520918,12,8
"6799",24.7255945850835,7.84928358822532,12,8
"6800",19.8519132671956,5.83419612705404,12,8
"6801",24.7042140302167,6.14573118052702,12,8
"6802",26.4609640501968,6.19120788259536,12,8
"6803",25.3339194877925,6.98506766565542,12,8
"6804",16.8594208612049,5.92126852186836,12,8
"6805",17.3895868560216,10.3378377396874,12,8
"6806",21.0504508305504,8.23483236935884,12,8
"6807",22.986424675183,2.9076498923137,12,8
"6808",22.1966268314579,7.99989003187776,12,8
"6809",24.9307445537162,5.72218264894907,12,8
"6810",19.3879544225846,8.60241494849609,12,8
"6811",22.784074415308,5.73175951683053,12,8
"6812",22.1947468928363,7.87456872483448,12,8
"6813",16.70928693364,6.97344444392652,12,8
"6814",29.9562658501656,6.52847805958716,12,8
"6815",22.2992124300611,7.37803597215898,12,8
"6816",26.3495338987361,2.36438288229487,12,8
"6817",20.6461108984948,3.69449788902631,12,8
"6818",19.2821341972279,4.2141405365903,12,8
"6819",20.966202564551,4.63711154813033,12,8
"6820",24.4880907869671,7.04212623141312,12,8
"6821",18.2855712592627,5.10030262509499,12,8
"6822",21.9219865171206,9.19796046445739,12,8
"6823",23.2685513889293,4.02053394963552,12,8
"6824",14.648802403925,6.89132816912832,12,8
"6825",22.3137452326612,6.49647485405435,12,8
"6826",22.4116226505773,6.49712810389499,12,8
"6827",13.2082148940393,8.45690798547063,12,8
"6828",22.5890184866161,7.09708005120154,12,8
"6829",26.2072640780901,6.95297502483413,12,8
"6830",19.3340031677283,5.34184868792802,12,8
"6831",19.0225169419032,7.17694139488188,12,8
"6832",27.9530805611073,4.26252291663189,12,8
"6833",26.8347959381153,8.25462237280279,12,8
"6834",28.7773324780275,6.47729472002753,12,8
"6835",21.3020804584351,3.69063511314453,12,8
"6836",16.4530227065665,3.70218805579157,12,8
"6837",28.81569679679,2.8797475911443,12,8
"6838",23.1182735523967,8.30733783774475,12,8
"6839",16.8214085166352,5.22248973829538,12,8
"6840",23.4962552969435,6.18882318149432,12,8
"6841",25.1296598169054,4.76597227098554,12,8
"6842",23.0253399204446,8.79885114628419,12,8
"6843",17.9284768617301,5.81833296645776,12,8
"6844",18.3867956774309,5.70907943374274,12,8
"6845",22.0074305253106,6.06459344050659,12,8
"6846",19.4256588898598,7.65829636964108,12,8
"6847",18.1926416920054,7.38154679212391,12,8
"6848",23.7622338430161,7.67535512802398,12,8
"6849",17.1418245530933,7.78386032094088,12,8
"6850",12.7009221761677,5.03779068273341,12,8
"6851",27.3264346293183,6.40441433858248,12,8
"6852",25.2515589216781,6.57373216162427,12,8
"6853",25.6480827545114,5.25505955521735,12,8
"6854",23.9352869774592,3.12046483078067,12,8
"6855",25.3378124943113,5.3812186757437,12,8
"6856",25.4543594881994,7.16068492819428,12,8
"6857",22.1238985027876,5.23703613338251,12,8
"6858",30.1040313745618,5.19207466002759,12,8
"6859",23.6808761087678,5.41204644936204,12,8
"6860",22.2726110944928,6.3895850180552,12,8
"6861",19.8320272002078,5.37715840700389,12,8
"6862",19.3139696667612,4.91162111913705,12,8
"6863",22.6265460963736,5.01572680816161,12,8
"6864",19.9895552080683,7.12600325976984,12,8
"6865",19.6785943384079,5.1649660293459,12,8
"6866",15.6005290741938,9.2222242084307,12,8
"6867",16.8422501599095,5.44449331928401,12,8
"6868",21.2849287806551,4.30884659490317,12,8
"6869",21.4469611046891,9.38703089969902,12,8
"6870",25.0107517013765,5.05285633152125,12,8
"6871",19.9673261790799,6.41024912975353,12,8
"6872",21.6703115480684,5.45175170772004,12,8
"6873",14.9503910070477,1.65798603130684,12,8
"6874",23.8735096221684,4.95397838253236,12,8
"6875",25.0141222335926,7.80634366216727,12,8
"6876",15.5296032759869,4.64271353692484,12,8
"6877",22.6845949922759,5.96611448166526,12,8
"6878",16.9131135856808,8.65237201949262,12,8
"6879",16.9917894830673,7.71163563071897,12,8
"6880",22.9352005811061,7.94270260495594,12,8
"6881",20.3320169932754,8.44288582359453,12,8
"6882",22.5610881531129,4.70094477098068,12,8
"6883",12.1946045980142,5.51735981968612,12,8
"6884",18.0776935492038,6.98675607649753,12,8
"6885",25.8723049632975,6.16215740321905,12,8
"6886",19.4005976042359,7.53181066136331,12,8
"6887",18.8354319978057,5.48588077548793,12,8
"6888",11.3393286067162,9.23781103596597,12,8
"6889",20.2193244372917,4.38898086515731,12,8
"6890",27.2377558882715,4.52154456001325,12,8
"6891",19.5777771970006,5.64101690593262,12,8
"6892",19.3370683181679,5.84491812744004,12,8
"6893",27.9177111414393,6.79830787232493,12,8
"6894",26.2919936812778,9.42916460186933,12,8
"6895",28.8791683544539,3.75832633686377,12,8
"6896",20.7813807504664,5.07863847162834,12,8
"6897",21.4377108313991,7.30187478455196,12,8
"6898",22.6548838158056,5.96413890000668,12,8
"6899",17.1118646904876,6.19148377505232,12,8
"6900",27.110678143028,7.36427552305031,12,8
"6901",20.3455136691985,6.21826580501473,12,8
"6902",23.4539843376679,6.07908719341409,12,8
"6903",20.1333425063723,6.34689403744937,12,8
"6904",24.2857127895615,5.10678508244994,12,8
"6905",22.8479757362085,5.28577581954778,12,8
"6906",22.5392677261379,6.49591402862289,12,8
"6907",21.4802571127461,8.85324741444487,12,8
"6908",19.1282606990774,4.35828668378898,12,8
"6909",23.6798774816996,7.16361860675399,12,8
"6910",23.3623897447233,4.93133832944454,12,8
"6911",28.3969201654547,3.63559739471477,12,8
"6912",21.9570604686392,5.56558275708154,12,8
"6913",28.6436477040798,4.12175151003955,12,8
"6914",21.9024588219387,4.57664174991714,12,8
"6915",23.1529448158627,6.2902494594871,12,8
"6916",19.6386855975135,4.55947171847219,12,8
"6917",22.5443908780003,7.51482666059853,12,8
"6918",18.8694254379054,8.39835604664948,12,8
"6919",20.3882238977242,6.89837290152465,12,8
"6920",21.9601792346339,4.46674256887944,12,8
"6921",20.8295250604616,5.9829827735453,12,8
"6922",18.4502622876824,7.99404361222057,12,8
"6923",23.359732659677,6.68547623645501,12,8
"6924",15.073810233246,5.59140846167453,12,8
"6925",20.9242041690769,3.76474127595182,12,8
"6926",18.9709610382761,4.6661188260822,12,8
"6927",18.6162954206895,5.43626320150245,12,8
"6928",23.4971143463305,4.88253523853935,12,8
"6929",17.3956851341478,8.02660868406783,12,8
"6930",18.3289524995087,6.85743188625151,12,8
"6931",23.0669678054484,8.77624310417059,12,8
"6932",22.9079426137257,7.58965848427515,12,8
"6933",14.2474461095843,6.76523263171901,12,8
"6934",22.3482511563966,8.05609692549761,12,8
"6935",23.6090453471433,8.19080813915044,12,8
"6936",23.5908868039953,4.35238435464869,12,8
"6937",20.9985437144786,7.67333338744061,12,8
"6938",21.4989549989606,7.89316408998042,12,8
"6939",18.0503569419887,2.29680792561315,12,8
"6940",23.1926715041344,4.58896913753133,12,8
"6941",24.4700016680529,6.7623751137762,12,8
"6942",15.3582759607539,6.69236214267561,12,8
"6943",22.2651763929737,5.74292924754669,12,8
"6944",21.1985930477294,3.22402791950306,12,8
"6945",17.4942284687987,4.9197916217032,12,8
"6946",27.4450960118549,6.34646910312936,12,8
"6947",17.729302615708,7.84962421561223,12,8
"6948",21.2820462725124,7.60069915046641,12,8
"6949",20.4359387473018,8.56198434954724,12,8
"6950",23.2517016979411,8.26239643329886,12,8
"6951",26.1529606196549,9.8547130280583,12,8
"6952",24.2795313806107,5.73040045680643,12,8
"6953",19.4890682446113,3.85032295850911,12,8
"6954",25.449649367657,6.42512244372326,12,8
"6955",21.5103805266033,8.01875674315746,12,8
"6956",21.61342005422,4.01186123593253,12,8
"6957",24.4001442357409,6.15775648206754,12,8
"6958",15.0800135157428,7.40649347195305,12,8
"6959",23.8885542464195,6.7923234521382,12,8
"6960",25.8045025401185,7.78761562383888,12,8
"6961",20.3535635225267,4.30218974002049,12,8
"6962",29.4122555996997,5.30620558334937,12,8
"6963",30.9971668284138,6.36163320470459,12,8
"6964",18.512532860085,3.954307949876,12,8
"6965",20.9014726431276,6.77529529322804,12,8
"6966",19.4737469635935,8.6306177275995,12,8
"6967",22.4997176151659,6.83417514712667,12,8
"6968",18.493824919317,5.75562695517076,12,8
"6969",23.1089314899985,6.79755265824062,12,8
"6970",20.4676161162127,6.78211081345579,12,8
"6971",23.4260515261825,3.60783461287179,12,8
"6972",23.6662821223066,6.99642871517432,12,8
"6973",25.5983642019571,5.58139054992983,12,8
"6974",23.3086776521739,5.54251873909974,12,8
"6975",19.4276595625225,4.70415235005248,12,8
"6976",26.2860383817491,6.91180602768991,12,8
"6977",24.1494603974442,4.71929673255874,12,8
"6978",20.7732526235459,6.54047219551743,12,8
"6979",25.2908215379458,6.83081082517686,12,8
"6980",23.9848340906449,5.37300214572934,12,8
"6981",21.913812251438,5.63565195220447,12,8
"6982",15.9174033613674,2.05660995666768,12,8
"6983",22.4098464566069,4.24076016414039,12,8
"6984",20.2266527461025,6.02601201249852,12,8
"6985",19.8093618270467,6.12811860415593,12,8
"6986",27.6540407073666,4.67690037931351,12,8
"6987",24.6274809761222,10.5274535960716,12,8
"6988",23.0750687075957,5.90879248415528,12,8
"6989",25.1012696119128,2.95909764774287,12,8
"6990",21.1324506037182,6.02580868897375,12,8
"6991",21.2450644907869,8.39101368474597,12,8
"6992",20.115146428399,3.83197148432654,12,8
"6993",25.8152831544484,5.97459822531347,12,8
"6994",21.5435033134663,4.87731909301759,12,8
"6995",20.5880242279196,6.45649322960651,12,8
"6996",25.6224724058549,8.93114240035168,12,8
"6997",22.0035187215823,6.28459322096446,12,8
"6998",20.895631314686,4.89126544544753,12,8
"6999",23.560277688854,6.59449663482851,12,8
"7000",25.8105042254401,7.27389282629304,12,8
