"X1","X2","component","subcomponent"
"6001",-1.51968675497652,4.7602194640284,1,2
"6002",0.278312365969677,7.45010121409128,1,2
"6003",2.94336575034585,-1.33170948932728,1,2
"6004",2.87769284853392,7.67468079764985,1,2
"6005",2.1797705073338,3.60583166449325,1,2
"6006",-0.485696934619019,8.75421425211173,1,2
"6007",2.78239769944535,5.48184901059613,1,2
"6008",4.89121543647083,3.14834528054302,1,2
"6009",1.72549406865273,1.77432941238531,1,2
"6010",-3.04857427073476,9.2884745687566,1,2
"6011",2.48525684929088,4.08461265550637,1,2
"6012",2.39394502429101,8.71271467373212,1,2
"6013",-0.43460034768789,7.92718734452848,1,2
"6014",0.188798291549468,7.12152236842072,1,2
"6015",-0.0974796864353868,8.33135057034282,1,2
"6016",-0.130856481635903,4.96648090478046,1,2
"6017",-1.05360100720549,2.7276260615565,1,2
"6018",4.35887661240907,4.86131096558902,1,2
"6019",4.15806705220088,14.0570025879618,1,2
"6020",-0.308647109837832,5.4186313320183,1,2
"6021",0.560330855134942,1.84585629871984,1,2
"6022",-1.19336422530438,4.8979770871602,1,2
"6023",-1.11713394634145,10.2325191247708,1,2
"6024",0.547614047184234,7.29108568033772,1,2
"6025",-0.445276636520635,3.48460023602124,1,2
"6026",-3.83425365319564,1.68833225968865,1,2
"6027",2.08171215223474,11.810843026156,1,2
"6028",5.02080785898909,4.06407072691867,1,2
"6029",3.54250866412124,4.84154335607157,1,2
"6030",0.616425298940775,0.38448854139951,1,2
"6031",2.82597016204434,10.4734988273506,1,2
"6032",-0.571376909402233,6.8957038927061,1,2
"6033",-1.05603288742301,5.17177724943611,1,2
"6034",0.281410374263498,7.84186728665682,1,2
"6035",-0.605344419936787,-1.61488815265364,1,2
"6036",3.50986685248943,8.1993471108833,1,2
"6037",0.574324123550177,5.05305843941674,1,2
"6038",2.9017195286264,-0.292782734247119,1,2
"6039",2.13974877602224,11.0297946880723,1,2
"6040",0.0258231143768166,9.82315836712029,1,2
"6041",3.65941344141033,6.06789148410621,1,2
"6042",4.05643839046216,2.87416332533755,1,2
"6043",2.49987350557257,10.1526525794638,1,2
"6044",-4.20903889510306,-1.96323396763944,1,2
"6045",-1.28404169563621,3.14852370770812,1,2
"6046",0.515985313127392,14.8123362654639,1,2
"6047",-0.983948334304125,-0.0809613272145828,1,2
"6048",1.59558306929657,9.05795932549262,1,2
"6049",-0.809452852886325,5.18757160246881,1,2
"6050",2.74452252540472,7.75318203320004,1,2
"6051",0.663168092399596,4.22338513298818,1,2
"6052",2.11685616486674,6.04420426044735,1,2
"6053",3.26772795968799,8.08205258139459,1,2
"6054",1.43755537249274,10.4894418481176,1,2
"6055",4.55577483649621,0.293493357412896,1,2
"6056",-2.26786658973459,11.7486342565711,1,2
"6057",3.94062441512255,9.29519859750667,1,2
"6058",0.277461326824032,9.4520455670925,1,2
"6059",6.59028698960707,1.62109377690404,1,2
"6060",2.52015347051721,9.83648272507384,1,2
"6061",-0.202988873759006,3.30577201396631,1,2
"6062",0.899474465442523,0.899381436862268,1,2
"6063",-3.38339013556667,6.16264907788113,1,2
"6064",-0.516225256181148,5.27682130494025,1,2
"6065",0.532560685043548,4.45761591384215,1,2
"6066",2.01401800646682,5.12880150337188,1,2
"6067",0.0348393507895273,9.5789185959604,1,2
"6068",1.44997600216297,4.26718883548509,1,2
"6069",0.489310957968392,4.81308082283219,1,2
"6070",2.14252968655319,3.06029930262598,1,2
"6071",0.255840752454733,4.57225961844758,1,2
"6072",4.36841409869723,8.41712865036906,1,2
"6073",3.16124292593665,11.3115059669285,1,2
"6074",-2.16476316783079,6.99857748720754,1,2
"6075",-0.99384815446819,12.7737094106444,1,2
"6076",3.25645066586007,4.89353337798135,1,2
"6077",3.07176482695386,2.24740668411778,1,2
"6078",-1.03066293362533,8.78477039254519,1,2
"6079",-0.252180199339652,5.37940014262996,1,2
"6080",1.60358824399555,-0.00970553444841116,1,2
"6081",2.94412040661875,6.88818060941874,1,2
"6082",3.66416051916355,5.87134077079252,1,2
"6083",-0.139529985937256,8.35521437089689,1,2
"6084",-0.614446316264578,5.45650228957122,1,2
"6085",0.0904026615509579,7.56415875761625,1,2
"6086",1.03841696703913,3.8118850465903,1,2
"6087",0.108683193669342,1.53531753352815,1,2
"6088",2.68189156534469,9.42838296301438,1,2
"6089",4.56953927507876,5.66948174868105,1,2
"6090",1.32717991413017,8.24459461513697,1,2
"6091",1.06650627349196,9.36713675718864,1,2
"6092",4.66685360330689,7.7390033516354,1,2
"6093",0.896358934277443,4.48349646389886,1,2
"6094",2.15352031777502,4.77554673780448,1,2
"6095",4.60737062677851,8.40669598017204,1,2
"6096",-0.660881996108733,6.19307923529658,1,2
"6097",4.20545282903928,5.98761046750575,1,2
"6098",1.99527089877905,5.7407085017806,1,2
"6099",0.986337291681552,6.40194643601329,1,2
"6100",2.47325054762051,9.07775853748626,1,2
"6101",1.14267724942563,5.32242733422281,1,2
"6102",2.66210673133808,8.09165879333753,1,2
"6103",-2.12600564001159,4.31710574530548,1,2
"6104",3.50277377693921,0.827073474710412,1,2
"6105",3.39106247946467,4.5100865095785,1,2
"6106",2.38466099014816,4.22172169379297,1,2
"6107",4.71829097068497,2.78966032410685,1,2
"6108",1.64709796213955,5.1119650787946,1,2
"6109",-0.561125155378351,5.85488435342228,1,2
"6110",0.406955154940619,11.431144122308,1,2
"6111",-0.529244802761744,0.53526498225617,1,2
"6112",-0.191781446163152,6.42991512277229,1,2
"6113",-1.23148735367546,9.91837244451086,1,2
"6114",0.346791113243069,8.18036026479268,1,2
"6115",6.98601837512878,7.26820424498991,1,2
"6116",0.144092275020131,2.0686434047513,1,2
"6117",-0.289752652990377,2.90794245593444,1,2
"6118",1.71994302679712,3.93901904200355,1,2
"6119",3.52171378513095,1.11278959487943,1,2
"6120",3.8411452394433,11.0387117818794,1,2
"6121",1.89146880548539,4.75586271669995,1,2
"6122",-1.8366785713554,4.93671654837111,1,2
"6123",1.40446319770007,7.11648280614178,1,2
"6124",2.71890250434471,7.08656996037546,1,2
"6125",-1.82046418660055,6.03868056759108,1,2
"6126",-0.847151658618054,4.21083291766549,1,2
"6127",1.93356911212945,5.75662537448898,1,2
"6128",1.42009326533132,7.66712267973774,1,2
"6129",1.7679854201834,7.13487316772507,1,2
"6130",1.03163376388057,5.69290820879923,1,2
"6131",3.99594402212154,10.5665611426826,1,2
"6132",0.907851033743957,7.24039341138093,1,2
"6133",7.22528918108553,3.12820489005739,1,2
"6134",-1.27178179867787,8.17743234659563,1,2
"6135",0.651133894036038,2.11729314565216,1,2
"6136",2.7711530432702,5.75768295858348,1,2
"6137",2.25097737878937,10.2464754573428,1,2
"6138",2.55723452108493,8.16146828909805,1,2
"6139",1.81129564992395,2.14887142349494,1,2
"6140",1.6089964046386,3.44171577485736,1,2
"6141",2.07511802503545,7.59197006563506,1,2
"6142",2.60857563976086,10.7994065368633,1,2
"6143",1.10420304859613,5.97960935131005,1,2
"6144",-0.768911237909767,1.53564099366945,1,2
"6145",2.80967818383518,12.1038388654657,1,2
"6146",0.603405513212062,7.64513770583429,1,2
"6147",2.96144725844294,7.34507801451401,1,2
"6148",0.752557226057965,10.3180191890558,1,2
"6149",3.29020899105267,9.11560765296895,1,2
"6150",0.137826387518383,1.76518768111768,1,2
"6151",0.68873168860415,8.34650708548398,1,2
"6152",3.81344988100462,12.5945976563822,1,2
"6153",1.94748677899972,0.165721061873434,1,2
"6154",-1.10842486571906,7.74260687731525,1,2
"6155",2.05270749491275,5.78312543145265,1,2
"6156",0.0292899183536486,3.08329561941708,1,2
"6157",5.26970052941497,6.32709945592362,1,2
"6158",1.73269979474746,5.224797945152,1,2
"6159",0.253703864406397,6.51468668734073,1,2
"6160",-0.242302419230947,5.95836233744829,1,2
"6161",1.46647418124779,5.79227067469304,1,2
"6162",2.80001258863513,9.19600989605593,1,2
"6163",2.46946200303444,3.89852349963435,1,2
"6164",3.90307200961497,5.65379999675558,1,2
"6165",1.68258489810798,4.83382499789007,1,2
"6166",1.13873878343963,6.17050939333876,1,2
"6167",0.234259785778175,6.49447687433463,1,2
"6168",0.644541370555507,2.70351227448964,1,2
"6169",2.17236032153317,2.89049761466543,1,2
"6170",1.12976417401097,0.591253835210177,1,2
"6171",0.0408325753010741,4.72681031312493,1,2
"6172",1.77224206338486,6.78692697365453,1,2
"6173",3.35167131906903,-2.06461796314342,1,2
"6174",2.33947064858855,4.80059302847096,1,2
"6175",3.22653302652307,8.89750198251936,1,2
"6176",2.88007950459631,4.9339449969807,1,2
"6177",-0.70927815539983,3.73709144792936,1,2
"6178",2.42553150488597,3.2902633044735,1,2
"6179",2.19159418622774,2.18719839530795,1,2
"6180",1.22333600903836,11.2545155106899,1,2
"6181",3.49565901761444,6.11937679151002,1,2
"6182",3.05771736501962,4.44495346382602,1,2
"6183",0.883901770967372,4.81056240262326,1,2
"6184",0.410067085433928,2.35191168561337,1,2
"6185",0.967080165027265,5.01437694818526,1,2
"6186",1.8797198946138,9.54926110596697,1,2
"6187",3.03609415048795,4.85952133917975,1,2
"6188",0.417161522352173,3.06869970220146,1,2
"6189",0.782784689989891,7.35868572400424,1,2
"6190",-1.01056615589294,5.29842648247918,1,2
"6191",3.29149077958261,3.45098574497189,1,2
"6192",2.16974705335673,3.55919274309398,1,2
"6193",2.36902798851152,1.38145491408701,1,2
"6194",1.43190130328273,5.76091305256388,1,2
"6195",3.58974643852746,9.62578470215531,1,2
"6196",0.851942496926416,5.26317786305753,1,2
"6197",0.467568283450827,5.77974706206431,1,2
"6198",3.37136184691308,7.19805444488963,1,2
"6199",1.41689882675571,5.89710855395941,1,2
"6200",2.66351170106367,11.912013536499,1,2
"6201",1.69831763966801,0.577493398851296,1,2
"6202",1.6165288802536,7.46889420043207,1,2
"6203",2.4315261887638,12.4800082991137,1,2
"6204",0.450351236471576,4.26410263563015,1,2
"6205",5.59687182375038,8.68051594419184,1,2
"6206",0.0160766659196039,9.87647242186021,1,2
"6207",-1.10487803545735,8.6618465336447,1,2
"6208",3.00626878178138,8.67235988295061,1,2
"6209",1.94510666724991,9.13234307013589,1,2
"6210",0.113411896272893,6.823167010729,1,2
"6211",-0.806022899625001,3.23615037360103,1,2
"6212",1.35330448664752,9.97780526665311,1,2
"6213",-1.28707609716706,6.25560764520653,1,2
"6214",0.316272517938362,4.07328443281496,1,2
"6215",1.3649897690856,6.3871555834002,1,2
"6216",0.668265698704145,8.38416939416803,1,2
"6217",0.744175311060555,1.18984405720189,1,2
"6218",2.49466747540487,9.87965213174145,1,2
"6219",3.78131173502924,3.09586455671919,1,2
"6220",1.98742927708086,5.24655602454976,1,2
"6221",0.616968913050713,7.59790222229903,1,2
"6222",1.96423041195994,10.5734629771814,1,2
"6223",0.0364546943173842,2.59079335567013,1,2
"6224",2.8455565971327,4.86833740891186,1,2
"6225",3.25699528811038,5.53933223956636,1,2
"6226",2.06901923092016,2.60578258843721,1,2
"6227",-0.6855296425405,6.12639029344318,1,2
"6228",1.42762276727122,4.11015552201391,1,2
"6229",-0.727907465124624,10.673816668584,1,2
"6230",1.1525108545232,11.1224116380108,1,2
"6231",-0.203437023362909,5.17695474379774,1,2
"6232",2.18498577796983,10.1897288143883,1,2
"6233",-0.399775647761526,5.86773046544659,1,2
"6234",1.93298879269623,11.4995969237595,1,2
"6235",2.29176520047848,12.2182284291559,1,2
"6236",3.66500134796521,7.4970934124137,1,2
"6237",2.92751596072331,4.18138170838382,1,2
"6238",2.35681985573615,1.42597767916044,1,2
"6239",-0.221151357478574,8.8182274646166,1,2
"6240",4.06914029820125,2.50990458892194,1,2
"6241",0.33137313052746,3.76881535813485,1,2
"6242",0.990497984582667,-0.861889210210528,1,2
"6243",2.12937187151125,11.0733377836218,1,2
"6244",2.78671898993517,9.65804198608176,1,2
"6245",-0.445750924949967,8.05089148900453,1,2
"6246",2.55414478399633,4.96910438122242,1,2
"6247",1.40105821253091,7.31961101298441,1,2
"6248",3.02287061159602,3.8751867601131,1,2
"6249",-0.457962289531845,8.62673335821575,1,2
"6250",-4.20037579239653,9.80808627476764,1,2
"6251",0.961067140970981,2.58848721823656,1,2
"6252",0.340606934247709,10.2771043730406,1,2
"6253",0.0447600718959809,3.21102328902884,1,2
"6254",5.64159568540621,2.87569129237572,1,2
"6255",0.383692837191641,6.7307334165315,1,2
"6256",0.155664622510333,3.47333996501135,1,2
"6257",0.809770003113133,3.28584390568909,1,2
"6258",3.30519684717755,8.16000834451356,1,2
"6259",1.75764350095848,6.87519417003696,1,2
"6260",3.0254845137161,1.59216898581707,1,2
"6261",-0.930565587818498,0.123600240980331,1,2
"6262",1.35025949856965,6.62666150004391,1,2
"6263",1.88832421093792,1.4807862392025,1,2
"6264",-0.368277127493906,-2.8385250880393,1,2
"6265",1.65170014453816,4.22293526174191,1,2
"6266",1.61552526787785,6.61953127843597,1,2
"6267",2.6489027955568,11.9267986002005,1,2
"6268",-0.415263842757198,8.59743700198685,1,2
"6269",3.32759683879698,4.31061304799698,1,2
"6270",-2.23019623322397,5.13870020806444,1,2
"6271",-0.64558362355474,4.60125099854236,1,2
"6272",2.15556545835491,5.00010311317479,1,2
"6273",4.62760588004899,10.069091085671,1,2
"6274",1.63485738440432,4.12094889468689,1,2
"6275",1.73697332335636,6.3026585234287,1,2
"6276",-1.41400098000034,6.1854933247032,1,2
"6277",-1.5165412009132,5.99847379083255,1,2
"6278",1.85442978833126,8.81980411144282,1,2
"6279",-0.0751329780371706,-2.97492589322886,1,2
"6280",1.62129754141312,4.83528671955903,1,2
"6281",0.663572972070916,9.95730452884763,1,2
"6282",3.49412541139685,11.5763004570446,1,2
"6283",1.50182594116637,2.26281698350133,1,2
"6284",-0.118933889471496,5.81308912245955,1,2
"6285",1.85852105372236,9.43404558154464,1,2
"6286",1.69936937526215,6.18242572854091,1,2
"6287",0.58022871921402,11.4217704674976,1,2
"6288",1.93889278164922,6.41110462362677,1,2
"6289",2.5324807697462,1.26747251799443,1,2
"6290",0.931871547573241,6.15242614318958,1,2
"6291",2.10842947372117,6.68617392139289,1,2
"6292",0.210057518848292,7.24112068666745,1,2
"6293",0.268452824365579,9.9973389307705,1,2
"6294",1.26161308977141,9.03722457244324,1,2
"6295",6.99559595860075,8.73676038780982,1,2
"6296",1.41842174355197,-2.6621783200475,1,2
"6297",3.18675228106503,11.1664919541042,1,2
"6298",2.14655573732479,2.70043643304183,1,2
"6299",2.46071190351556,10.6617173441947,1,2
"6300",-1.86902674885281,3.69518461523251,1,2
"6301",2.08222554976544,6.86144096287255,1,2
"6302",-0.840543729872441,14.9434093764954,1,2
"6303",0.289811614899959,5.58345537206026,1,2
"6304",3.15789061215246,6.41233366406721,1,2
"6305",1.24026709269471,4.81264866870977,1,2
"6306",3.68663866703879,7.48829567738289,1,2
"6307",0.982668909644713,11.4090959960834,1,2
"6308",1.66893485445342,12.7391150713906,1,2
"6309",1.61914647860922,9.85364127252006,1,2
"6310",1.5631118800391,5.18234965806685,1,2
"6311",-0.866984979460126,4.70438082543259,1,2
"6312",0.533789645011663,11.2290420229428,1,2
"6313",3.58707818748576,3.40892330858376,1,2
"6314",0.864520048593196,6.40884998261417,1,2
"6315",1.92713227612214,6.77673979168042,1,2
"6316",3.46343776514176,1.98550804521243,1,2
"6317",1.04956397208414,11.994127570079,1,2
"6318",1.33033429729564,3.65990828853111,1,2
"6319",0.736926081536636,3.92675951839089,1,2
"6320",0.0920420521933023,3.47805806263674,1,2
"6321",2.45416406056134,5.38726680519435,1,2
"6322",0.788357155204734,7.29971255714909,1,2
"6323",0.481444874416921,6.33997315131896,1,2
"6324",3.21312846045797,10.3384962968132,1,2
"6325",0.252365729614925,1.36026226664066,1,2
"6326",2.10740183939921,4.19549058181523,1,2
"6327",0.348544071528716,0.46680211041347,1,2
"6328",2.57284113910118,4.01798233829708,1,2
"6329",3.69099425094115,8.45902661994439,1,2
"6330",-0.293179270020289,4.57286079774033,1,2
"6331",3.35215627536891,5.78839837767328,1,2
"6332",1.17173972299353,4.99887850222873,1,2
"6333",1.57460319480619,1.98949483922373,1,2
"6334",1.3761164373466,5.22367683534903,1,2
"6335",1.43838182660287,5.86219054775886,1,2
"6336",-1.11198707487419,7.47968519542112,1,2
"6337",-0.49350590802334,6.30966846486693,1,2
"6338",-0.0679224259130924,4.49258678920025,1,2
"6339",5.02136398043261,0.396212956077661,1,2
"6340",2.28223519541535,6.81840636175398,1,2
"6341",4.13110769063837,9.671828158076,1,2
"6342",1.17285947123603,9.93316000767048,1,2
"6343",2.90333903611355,8.27968585010191,1,2
"6344",2.35839447992377,4.1444201845863,1,2
"6345",-0.0909999691380872,5.50098000956348,1,2
"6346",0.732059996773786,0.840062602192542,1,2
"6347",-0.870075931695269,6.45889749228823,1,2
"6348",-0.322578653953047,5.07297785428034,1,2
"6349",-0.973883714369014,9.88617445543434,1,2
"6350",5.35280177691453,6.19422546092265,1,2
"6351",3.28904938787441,2.93570185089199,1,2
"6352",1.12377686861359,1.52211413624521,1,2
"6353",-0.385091525913323,-2.71427968594563,1,2
"6354",1.44800743212524,7.5763299938974,1,2
"6355",-0.280801209262668,9.18281189284602,1,2
"6356",-2.38946224595348,7.98764438841669,1,2
"6357",2.0916022979329,10.7325829552801,1,2
"6358",1.22848196610035,2.57935672593611,1,2
"6359",2.51220212688133,6.55390838581335,1,2
"6360",-0.640767899455616,8.26469693630429,1,2
"6361",2.64004407069156,4.28582689853873,1,2
"6362",3.59108078145143,5.62187470452274,1,2
"6363",3.48283634169327,5.69683013183464,1,2
"6364",0.689126193889935,15.0477484786917,1,2
"6365",3.08456081754053,6.29886932884369,1,2
"6366",3.31882558889299,5.33177182956682,1,2
"6367",2.71871815188852,7.42101579070436,1,2
"6368",0.964616799511927,-0.979269547357695,1,2
"6369",-0.591047928733003,6.46489561414181,1,2
"6370",2.03848311843487,5.3382064829719,1,2
"6371",-0.695333564402401,5.03389614749295,1,2
"6372",3.37000203272397,5.33403694565216,1,2
"6373",-1.60174317868537,4.82948873283242,1,2
"6374",4.71402483826077,3.02338060389872,1,2
"6375",3.08615554163822,6.94548339549872,1,2
"6376",0.742528353854576,7.9020705708942,1,2
"6377",2.12500032154019,1.79151826722512,1,2
"6378",1.13793907017317,0.112663930010287,1,2
"6379",0.762783761335735,11.4263124310095,1,2
"6380",0.888786173678513,5.92536537143588,1,2
"6381",1.72977444122955,4.32537807439228,1,2
"6382",-0.19327384748217,9.0871090698614,1,2
"6383",1.67948758493884,4.34376206238342,1,2
"6384",-0.0408138964148326,6.3921412351373,1,2
"6385",0.0969321886893268,6.10880924541756,1,2
"6386",3.67598783881205,4.9465300444123,1,2
"6387",-2.80760583885648,1.28733793283984,1,2
"6388",1.02396365451066,7.54279838915674,1,2
"6389",1.44225958232978,3.62090259480633,1,2
"6390",4.01836780322094,2.45682726196469,1,2
"6391",0.422319923466086,6.16035981996447,1,2
"6392",1.60039793331242,5.38194272005843,1,2
"6393",2.83463423660738,0.129656666423321,1,2
"6394",1.95170297759252,11.0372251951359,1,2
"6395",3.68315385959162,4.06741475774652,1,2
"6396",3.6928147402905,4.07489651813043,1,2
"6397",-0.270339991477716,8.05728088148073,1,2
"6398",0.350426842542831,4.5228413305507,1,2
"6399",1.60134491914454,5.96642195375877,1,2
"6400",4.92888390524168,8.4505995360054,1,2
"6401",0.771519085015391,6.63374199698724,1,2
"6402",1.08532614488963,8.26432028664656,1,2
"6403",4.16501815274882,0.915064427955576,1,2
"6404",-1.16915621847149,7.15999850141023,1,2
"6405",2.432672579131,12.249916496049,1,2
"6406",0.235020952850291,11.6529681052963,1,2
"6407",-1.35060598239692,4.0146294363141,1,2
"6408",-0.987433821526186,5.09289596091131,1,2
"6409",3.24069493685728,5.2102837140907,1,2
"6410",2.38815648415919,6.68278261572555,1,2
"6411",2.72684827571269,3.90441876572323,1,2
"6412",2.11258845141151,10.5177632998934,1,2
"6413",1.56388633110408,2.95858968639825,1,2
"6414",2.57918436912583,6.87945835978688,1,2
"6415",0.475427710989301,1.48120426720255,1,2
"6416",1.09106194923632,1.23111652969315,1,2
"6417",2.32061799512689,2.13196346394717,1,2
"6418",3.4337130590048,5.07646926078156,1,2
"6419",4.45360818731543,4.8273745460353,1,2
"6420",-1.68652249638226,1.98705579710833,1,2
"6421",0.969393732455956,10.9388378417463,1,2
"6422",3.33810554164891,6.83052503208848,1,2
"6423",3.49332563677759,3.78403170037463,1,2
"6424",-0.777582324951223,6.13811810151679,1,2
"6425",1.62731735526406,6.79916102680542,1,2
"6426",0.850548440482927,6.59558204518183,1,2
"6427",-2.20788869712699,7.78472361849943,1,2
"6428",4.5008894945439,5.35481857573042,1,2
"6429",-1.25003293582735,0.904459656286951,1,2
"6430",-1.18035422092907,7.50927885230627,1,2
"6431",2.74014372483348,7.64732886051512,1,2
"6432",0.182287908445084,4.07919935478848,1,2
"6433",0.840221682833738,7.13050410440138,1,2
"6434",0.339467943099446,10.6401638739713,1,2
"6435",-1.45905595628535,8.07584443486659,1,2
"6436",6.40497193621097,3.46185101142866,1,2
"6437",0.924362324942941,7.00734110184675,1,2
"6438",2.85320110877908,4.60039532151489,1,2
"6439",-1.08709236206366,10.4773272687757,1,2
"6440",-0.519289013312975,2.06708829484293,1,2
"6441",1.77281518367204,9.20171777461477,1,2
"6442",1.00715373444639,-1.28973001526508,1,2
"6443",0.953288346346237,7.71861561260734,1,2
"6444",0.740478309204029,14.8945636665978,1,2
"6445",1.09486050480385,7.2073949213344,1,2
"6446",1.04986279485053,2.23746786562198,1,2
"6447",0.165697643763019,4.78573379007732,1,2
"6448",4.84884096525949,2.79488622659307,1,2
"6449",2.37344654515012,3.8744836983397,1,2
"6450",4.66931073601478,-1.29190222301634,1,2
"6451",1.93904731827389,8.46070893219752,1,2
"6452",1.07121965217079,3.68081314512313,1,2
"6453",-0.286993095168987,6.98252557572261,1,2
"6454",-1.47049735164807,11.9971246027839,1,2
"6455",1.57596989715638,6.37293544277509,1,2
"6456",0.695717040669691,7.11309793584434,1,2
"6457",1.43333120732068,5.09905763482934,1,2
"6458",1.47247679463338,1.36070098958954,1,2
"6459",-1.8347013135682,4.92860539168179,1,2
"6460",-2.65025213106874,6.57522521493106,1,2
"6461",2.22820417310038,8.9757295797264,1,2
"6462",3.12878194685914,11.1067316056629,1,2
"6463",-1.12554271860545,3.37995252829429,1,2
"6464",4.64418145599921,4.25541187921544,1,2
"6465",3.11490103219116,10.1163803318428,1,2
"6466",3.14322384855759,0.185167958627009,1,2
"6467",-1.05710427813252,5.17281179469611,1,2
"6468",1.68073237897688,4.19542894486078,1,2
"6469",3.10933504828635,8.39102006346095,1,2
"6470",-0.334042228143222,10.245029381566,1,2
"6471",-0.335288280630493,7.49386956943746,1,2
"6472",1.20850396038343,8.05130957024895,1,2
"6473",-0.153108981315236,5.9629948008855,1,2
"6474",-0.076563165605922,4.54068396882872,1,2
"6475",0.161078261435045,4.3248271194937,1,2
"6476",2.91847769749755,2.15289571438441,1,2
"6477",1.31139788331631,2.97270311887712,1,2
"6478",2.91590628788791,3.33393037749985,1,2
"6479",1.90720327989206,-0.401328671394399,1,2
"6480",-0.844613797945452,5.45610864699104,1,2
"6481",3.32284274221053,1.82957188561504,1,2
"6482",1.09059283083761,2.13751994560534,1,2
"6483",-0.176910517594165,8.3032186989757,1,2
"6484",-1.51285470695909,3.74074370173836,1,2
"6485",1.56365744423824,3.83436108844602,1,2
"6486",0.0568371434014492,9.15018175141858,1,2
"6487",-1.83222391287324,12.1193631424791,1,2
"6488",0.973667379686468,-0.713711932397755,1,2
"6489",-0.915541554519175,3.39937251333714,1,2
"6490",2.21617980950553,5.61777834159271,1,2
"6491",1.80076271191243,4.16356373853843,1,2
"6492",3.76460157393421,5.26672770874124,1,2
"6493",0.205750901124578,4.33521042504673,1,2
"6494",2.45588421303373,2.49261932893065,1,2
"6495",-0.110919810389727,2.35234238997641,1,2
"6496",2.78116778197567,9.46368795550326,1,2
"6497",-1.09894965796061,6.52855071939006,1,2
"6498",3.24150206609746,9.06929185600625,1,2
"6499",1.83759897812292,7.25011675593981,1,2
"6500",3.15728668086911,0.894563178002312,1,2
"6501",2.79063251525763,3.58217699792252,1,2
"6502",1.93549800312734,8.39959405759557,1,2
"6503",2.23894143049018,5.57671458288754,1,2
"6504",-2.90243004493005,3.83373638660331,1,2
"6505",0.118313280452266,2.82291773783602,1,2
"6506",0.600090756507713,3.25406196095822,1,2
"6507",4.77007328308413,3.80934592137643,1,2
"6508",1.68114107876237,-1.13726500678885,1,2
"6509",2.19071635358321,5.12740851778517,1,2
"6510",3.45721958667206,8.44852335721615,1,2
"6511",-0.193007727742118,8.62700028394678,1,2
"6512",0.957417313636427,2.26942723515836,1,2
"6513",-0.17055362624146,3.82260928258333,1,2
"6514",4.31815430685173,1.13435099588697,1,2
"6515",3.27319253732301,-0.0579942022921589,1,2
"6516",3.64817838224953,4.27833526344259,1,2
"6517",1.23591441590686,7.13755099146793,1,2
"6518",1.18877365455527,9.39530688464806,1,2
"6519",-2.25834781838435,0.706790531238755,1,2
"6520",0.621206594594264,1.27500348197288,1,2
"6521",-0.702996669440708,9.09888983225555,1,2
"6522",0.0954744996706784,7.47758908664587,1,2
"6523",2.06582865743784,5.37065433752669,1,2
"6524",0.494936303620203,0.404551190218113,1,2
"6525",1.46490451182079,4.63452860606255,1,2
"6526",1.61796684921337,6.39883711729849,1,2
"6527",-0.00265687826950201,1.10261925637158,1,2
"6528",1.74199171031054,3.06345007704519,1,2
"6529",0.347269402125951,6.38952905723897,1,2
"6530",2.52845179913177,5.15465099327575,1,2
"6531",1.38572006886988,3.8574940722497,1,2
"6532",-1.63249793702098,0.640566258858496,1,2
"6533",1.20965013133642,-0.0214275880073282,1,2
"6534",2.7742627356303,1.36305360214896,1,2
"6535",2.51188714358596,4.49848591918954,1,2
"6536",3.78986559391943,9.16229078931782,1,2
"6537",1.50394625996499,6.17968801543516,1,2
"6538",1.69091786847657,10.1482077689842,1,2
"6539",-1.52618780735291,9.46914208641664,1,2
"6540",1.54702731357784,4.46415144470158,1,2
"6541",-0.824317021168581,3.396306340651,1,2
"6542",0.970028315272306,2.23265794943231,1,2
"6543",0.75142213534574,4.80587563870176,1,2
"6544",0.605932437921557,0.995627166141728,1,2
"6545",3.26315147279114,10.0045321543831,1,2
"6546",2.43026498508701,10.627593197188,1,2
"6547",0.173086310744617,2.24248459084249,1,2
"6548",2.09924428878478,0.433071580233519,1,2
"6549",2.15428977213932,3.40125817763107,1,2
"6550",2.0796951327987,6.07724099150118,1,2
"6551",6.00241916273502,4.05959597425924,1,2
"6552",0.278147831075957,15.6917215071497,1,2
"6553",-0.236343207472429,6.90052116891869,1,2
"6554",4.39909674051823,0.440900473881625,1,2
"6555",4.61203309589288,12.5027916285918,1,2
"6556",2.40823684541663,9.01985449107997,1,2
"6557",1.5749531601661,12.3895523598965,1,2
"6558",2.48484820758162,0.722733975425404,1,2
"6559",2.55422460313416,1.31958238629125,1,2
"6560",-0.479926399240801,9.31790447731725,1,2
"6561",0.0581040820922698,7.38924065719473,1,2
"6562",0.316550475625255,3.11438180409794,1,2
"6563",-0.587242241030478,0.34688128406485,1,2
"6564",3.63970129326957,9.61957559352339,1,2
"6565",2.67662742246203,9.26240553178266,1,2
"6566",-1.52780633173396,9.8236713178164,1,2
"6567",3.55551391318043,0.959990169151975,1,2
"6568",2.99861550766962,3.18932490869958,1,2
"6569",0.361307561703686,3.07629104918054,1,2
"6570",0.908231005619117,7.39471418701532,1,2
"6571",0.430050760610906,7.35668163426952,1,2
"6572",3.38082191220481,8.12766852827964,1,2
"6573",-0.00986454080820787,7.04141844525728,1,2
"6574",0.149860766736688,9.75068560777882,1,2
"6575",3.38676121666945,4.13786059079889,1,2
"6576",0.297040282937745,6.58135199626549,1,2
"6577",1.56592150831922,5.52683231530014,1,2
"6578",2.34152898100613,2.93466470573176,1,2
"6579",0.930725028801334,5.72257150567736,1,2
"6580",1.14831836761378,7.93148154999324,1,2
"6581",-0.372260799185294,6.9298473987182,1,2
"6582",2.99038688674344,9.06854719294058,1,2
"6583",2.07545869647236,10.4462877847518,1,2
"6584",1.23086375094815,11.2518711892796,1,2
"6585",0.63738067053281,8.5538842363964,1,2
"6586",1.85290619420029,4.20162165895494,1,2
"6587",2.5520451702495,2.41595389317818,1,2
"6588",2.68806031102993,9.87544482294578,1,2
"6589",1.72663038305248,0.906814947612252,1,2
"6590",2.87157104608198,3.10721611437764,1,2
"6591",3.65430418476571,4.49993065682382,1,2
"6592",0.0466366181981972,4.65685472062822,1,2
"6593",0.787858444496751,0.220085189135697,1,2
"6594",1.40308455966427,2.24561386724168,1,2
"6595",2.44814592244404,10.9857114664853,1,2
"6596",3.94367315934206,1.16326430718876,1,2
"6597",1.48538109367365,9.89597085080295,1,2
"6598",1.21502731371214,5.37646648070186,1,2
"6599",0.709841568559094,4.96605249998145,1,2
"6600",1.11544079707073,7.61063449771816,1,2
"6601",-0.091566936313672,12.3462884126928,1,2
"6602",3.62232504638819,13.2975303185559,1,2
"6603",0.774740076585411,6.24124174500053,1,2
"6604",4.66015070322654,-0.489735921527216,1,2
"6605",1.7623184638345,12.8172256271831,1,2
"6606",2.69961045582848,8.26104529477932,1,2
"6607",5.49471048572414,3.90822675403863,1,2
"6608",3.09555426490883,5.96291526612356,1,2
"6609",-0.602730561607395,10.5630256069888,1,2
"6610",5.24771070702446,4.4081032020455,1,2
"6611",3.18077958324082,7.20500460118064,1,2
"6612",3.11436940468133,5.14678267096028,1,2
"6613",3.00106090272451,9.55343036202408,1,2
"6614",2.9121262645165,0.93842064419044,1,2
"6615",0.802356357587035,-2.17846487258627,1,2
"6616",2.69932782378773,1.53275150301027,1,2
"6617",1.98953748544857,11.7781184454949,1,2
"6618",5.6209809194152,1.84976840763897,1,2
"6619",2.68087215477361,9.6758735579435,1,2
"6620",1.55200650515293,3.79529534775961,1,2
"6621",1.83498019732866,6.06952880575675,1,2
"6622",-0.314286632709292,7.43526743209857,1,2
"6623",1.80894300889283,-1.28054424240969,1,2
"6624",-2.39433932090181,6.8866548818547,1,2
"6625",4.05992267535817,2.44862871355585,1,2
"6626",3.9914947959953,-0.600925307181512,1,2
"6627",0.887039300367134,1.53167454163619,1,2
"6628",0.874460795591697,6.08446824533742,1,2
"6629",1.16383826264624,10.0622096012433,1,2
"6630",0.00369766395408822,0.94488208251308,1,2
"6631",3.41134801006322,4.83443591739927,1,2
"6632",2.15912637865833,7.6713401450392,1,2
"6633",2.35086928097479,6.91701283255549,1,2
"6634",4.12398306199995,-1.26686598370383,1,2
"6635",0.0390432135501932,7.27329046856601,1,2
"6636",0.513291642435244,6.55136019685392,1,2
"6637",4.74984768389008,11.2611953624288,1,2
"6638",-0.861161911387821,15.5637251549221,1,2
"6639",0.10855058728154,5.91386706802284,1,2
"6640",1.71389251422374,6.94280897850885,1,2
"6641",3.23749444305169,4.64390963333101,1,2
"6642",4.54654011436764,12.2571376219015,1,2
"6643",4.15127331620159,6.17064846122674,1,2
"6644",0.590350863263275,3.13391534446875,1,2
"6645",2.72746676181872,7.50974321761293,1,2
"6646",-0.0227834217688918,6.38521104332499,1,2
"6647",2.83835328505465,7.9866298613671,1,2
"6648",2.67327375863662,2.10329937004568,1,2
"6649",3.5620519910274,4.0394961326808,1,2
"6650",2.08265468057302,8.60777575340226,1,2
"6651",-0.350864449323902,9.13722779310174,1,2
"6652",-1.98643342634433,1.80581087732454,1,2
"6653",3.24321534262044,3.17376850263951,1,2
"6654",3.7654924241093,4.83067590811501,1,2
"6655",2.4595037423035,2.63222572151944,1,2
"6656",4.55708387831145,-0.195799889060679,1,2
"6657",3.27788357238822,-0.819316339253855,1,2
"6658",3.96057898626968,10.6508478488261,1,2
"6659",1.82814576924403,6.52272516020089,1,2
"6660",0.832143700861027,4.81733679283646,1,2
"6661",-0.019244369162621,8.05073304721797,1,2
"6662",-0.342286002482061,7.9545886646505,1,2
"6663",-2.16468882977849,7.78477795867676,1,2
"6664",-1.24341529275879,7.48491133157834,1,2
"6665",1.84354872357477,3.57074078988057,1,2
"6666",1.64757251391525,2.73566755820606,1,2
"6667",1.85171885032026,1.55170695170658,1,2
"6668",2.38242248426946,4.69504568701766,1,2
"6669",-0.965976866447506,8.84859957687466,1,2
"6670",-1.78349513509233,6.78032077066889,1,2
"6671",2.29640925632149,-2.28278021240932,1,2
"6672",1.28126822480656,4.51721977735969,1,2
"6673",0.0815669151255691,7.3936947429463,1,2
"6674",1.71475745115702,5.69933440802972,1,2
"6675",0.538190546379389,0.606522052543777,1,2
"6676",3.16701355455563,8.01738103179935,1,2
"6677",0.985692716129529,8.14648391721659,1,2
"6678",0.82121747321969,9.90231514582403,1,2
"6679",-0.537199764599871,5.85427660995286,1,2
"6680",-0.568918713096912,3.36493206360982,1,2
"6681",-1.60848244435382,9.99007170910752,1,2
"6682",0.961898785661812,1.96255796310076,1,2
"6683",-2.45147187671964,3.89259924975099,1,2
"6684",0.851394346964314,10.3916051600655,1,2
"6685",5.52787803533974,5.86105739360093,1,2
"6686",-0.403689368985636,11.0598212265795,1,2
"6687",-0.95588735060521,5.14533941792089,1,2
"6688",-2.27343477965695,5.67333865998242,1,2
"6689",1.43356049263207,2.2499025593796,1,2
"6690",1.50049066116641,6.70967415999846,1,2
"6691",-1.52610275579083,5.63473073492364,1,2
"6692",1.37958838795906,9.97165451984682,1,2
"6693",-0.00734011622531638,-0.0801206107577652,1,2
"6694",-0.404210856610382,0.146676341138657,1,2
"6695",-1.17606945315102,3.07759864409661,1,2
"6696",2.55742310469207,8.39526339941632,1,2
"6697",1.99525301599382,6.90434924076487,1,2
"6698",-0.172621314075674,3.67869071827778,1,2
"6699",1.40493770840373,4.42112167226687,1,2
"6700",1.37431568527677,6.05190886202791,1,2
"6701",3.68874512059229,-0.965207602294097,1,2
"6702",-0.597082231124432,4.94112572936614,1,2
"6703",-0.0271204877581639,5.25226074766293,1,2
"6704",1.15409387108307,9.67320860607283,1,2
"6705",0.473948122320926,3.56406774628306,1,2
"6706",-0.0564858808355928,2.29974632299262,1,2
"6707",0.270798784842718,4.81686717046142,1,2
"6708",1.58728717569417,4.97066169735608,1,2
"6709",1.11985128254319,13.0738287593845,1,2
"6710",-0.396723717223102,7.0269066482079,1,2
"6711",-1.68934123974018,2.73242504208683,1,2
"6712",3.44780877890782,2.37413061369318,1,2
"6713",0.753956460835786,0.69426972075991,1,2
"6714",-0.208872427988323,6.91561927115145,1,2
"6715",3.09835104511322,2.1179179455186,1,2
"6716",0.0363071893148534,2.62642395486791,1,2
"6717",-2.61122477752331,7.00468212036917,1,2
"6718",4.70806804031164,0.964594716044341,1,2
"6719",1.73558610161043,1.12406604091292,1,2
"6720",2.86725639564436,12.2700275827805,1,2
"6721",1.42520939201821,2.17079377817826,1,2
"6722",3.39612649244511,5.51465922136746,1,2
"6723",2.08908015800632,6.95091797307438,1,2
"6724",2.71475672513103,1.26935708055087,1,2
"6725",2.35844279035269,7.37617359412666,1,2
"6726",0.411977176008724,5.2054862379076,1,2
"6727",3.76551050484477,3.02631205630084,1,2
"6728",5.86932993046028,0.57780887146836,1,2
"6729",1.68085402736448,0.57353628248731,1,2
"6730",2.24643058209228,0.96202101884741,1,2
"6731",-0.133605738497026,8.62847061861329,1,2
"6732",-1.81536747828312,11.5108168498229,1,2
"6733",-0.830605357658714,0.151836902857067,1,2
"6734",0.589128952678003,6.59518751773629,1,2
"6735",1.47462933688036,9.25468485711118,1,2
"6736",0.0052398589931173,2.01646023495599,1,2
"6737",2.11548316154437,8.67085231029964,1,2
"6738",0.0168138337610866,8.28629640216741,1,2
"6739",1.48005040447818,9.07598701013986,1,2
"6740",0.747506444604664,11.1011147324164,1,2
"6741",3.91898989345451,2.26172831724879,1,2
"6742",0.756935273823154,7.58635083548004,1,2
"6743",-1.38941796645931,4.97328532912444,1,2
"6744",2.23965753466084,-0.57427375441099,1,2
"6745",0.911732153668655,7.7527477494104,1,2
"6746",1.37737083323221,5.83511679872582,1,2
"6747",2.87381118862831,2.77681795840662,1,2
"6748",4.08167266491072,8.41892222310887,1,2
"6749",2.75063547337907,5.771127369769,1,2
"6750",1.27844598941008,-5.00703292117147,1,2
"6751",3.53311637299379,9.24005228912806,1,2
"6752",2.69663913988495,10.6945094988075,1,2
"6753",4.96387009509728,4.33599016062988,1,2
"6754",0.117505488700844,3.60566564781964,1,2
"6755",1.3231484512309,10.1933256482361,1,2
"6756",2.02208855560675,3.45868193007625,1,2
"6757",2.56254048573879,9.32211391209019,1,2
"6758",2.13749454981076,-0.226328045650269,1,2
"6759",2.57958721353139,7.08782982199347,1,2
"6760",1.26375619249826,5.06573751494566,1,2
"6761",1.88370698142467,5.04653907243624,1,2
"6762",2.1501080483587,-1.92674907636525,1,2
"6763",1.88189113196308,6.11572869491098,1,2
"6764",1.80264596546064,0.981574480897639,1,2
"6765",-0.091940878822165,15.706957758913,1,2
"6766",3.27580582985219,1.67700725167394,1,2
"6767",1.71647003422039,5.31198918895934,1,2
"6768",-0.729851717349693,10.6786545359765,1,2
"6769",1.37418189510492,2.45394152247838,1,2
"6770",1.42850371454474,10.0563708291053,1,2
"6771",4.36111014285189,8.6456637280181,1,2
"6772",3.16135914578949,13.5912030212859,1,2
"6773",0.851043615492771,1.4879363711519,1,2
"6774",1.86013383924189,-0.480132859993291,1,2
"6775",0.0494197303592379,3.23607486685489,1,2
"6776",4.10649559849956,6.71293455418794,1,2
"6777",5.92074971596403,8.24416738378377,1,2
"6778",-2.56970780739412,10.8543515310951,1,2
"6779",0.458096701318537,5.48584288114473,1,2
"6780",0.381434981657631,6.73512535660227,1,2
"6781",4.6091019267539,2.83153611878921,1,2
"6782",5.20550214476755,6.40744109370417,1,2
"6783",2.30032559080014,5.65384238411906,1,2
"6784",2.9480488657164,2.31062332490957,1,2
"6785",0.442866102770163,4.08377391231689,1,2
"6786",-1.84469362633479,13.5615442274415,1,2
"6787",0.630069100286069,8.98445502279221,1,2
"6788",5.04690574916894,4.42085966351838,1,2
"6789",0.989234095043244,10.6802332632115,1,2
"6790",3.05899215691701,4.77899574533868,1,2
"6791",4.58377713887187,8.4306787288087,1,2
"6792",0.598460406814311,8.84079253491368,1,2
"6793",-1.18261253899568,15.8365598127833,1,2
"6794",1.83904611810072,6.03076869881229,1,2
"6795",2.99776528033112,6.54543359334197,1,2
"6796",3.38046308182941,3.35641042660779,1,2
"6797",1.00635052346478,8.04991019774367,1,2
"6798",3.82912537571447,8.01675216473431,1,2
"6799",-0.25861037959584,-0.463275153328632,1,2
"6800",-4.17446994433943,6.81788248138013,1,2
"6801",2.63276562653514,8.58741924928262,1,2
"6802",4.94548811143122,4.66252459458205,1,2
"6803",3.56618973889316,5.04377043810292,1,2
"6804",4.79728425865455,4.35159349187358,1,2
"6805",1.66614823205343,7.84470646900785,1,2
"6806",-0.423596835924879,2.39434796112845,1,2
"6807",-0.482883787170974,4.98161634609634,1,2
"6808",1.64227730768992,0.504434537787922,1,2
"6809",-1.02330362193455,2.52895158351493,1,2
"6810",-1.78584173566249,11.9625822657002,1,2
"6811",1.29210146196494,9.08500806701989,1,2
"6812",1.06491792599311,6.53824556064161,1,2
"6813",-1.39746685121675,7.06145201847382,1,2
"6814",2.21608830810201,8.10945861549558,1,2
"6815",2.12524172668196,7.36264385356835,1,2
"6816",1.52440644970714,2.37301874645025,1,2
"6817",1.84859283096106,5.84589639977098,1,2
"6818",3.27606467446462,10.0685380245254,1,2
"6819",1.56761485470229,6.43460999404511,1,2
"6820",-0.716928323568542,9.41848891646778,1,2
"6821",1.91568427938503,8.92780803834166,1,2
"6822",0.74092357133817,5.66773154896493,1,2
"6823",0.957725790974926,3.44442979280501,1,2
"6824",0.346553554767892,0.406723242224126,1,2
"6825",-1.76054588224653,3.4000356521971,1,2
"6826",3.50395406224194,7.56286177495054,1,2
"6827",1.44303294086229,3.87495287567795,1,2
"6828",-1.22674112122147,7.02728247612946,1,2
"6829",2.90475077076326,1.27953751798603,1,2
"6830",1.37506672780445,7.05200397694244,1,2
"6831",2.01037451700822,4.84497984628233,1,2
"6832",-1.34911705199805,7.9656667924097,1,2
"6833",3.1041641222797,1.58686219048104,1,2
"6834",1.06604603685501,0.353658607407612,1,2
"6835",1.34824120372598,-0.932972219917265,1,2
"6836",1.86266898041935,11.6575812754336,1,2
"6837",1.64568285463798,10.7601674107642,1,2
"6838",3.24737843810816,10.6384394131852,1,2
"6839",0.49725764330404,1.64960164378995,1,2
"6840",5.45666723844559,0.408657945786268,1,2
"6841",-0.592674298690491,7.3004292582228,1,2
"6842",0.238994427162419,4.82133103852682,1,2
"6843",2.69224967696173,3.27559345311907,1,2
"6844",-1.07365595370735,9.70964571288857,1,2
"6845",3.53061439439157,8.40434268948171,1,2
"6846",0.998832446005272,9.1712380717157,1,2
"6847",3.19778131585903,8.37391581121607,1,2
"6848",2.27024923030177,11.9721683950185,1,2
"6849",3.12039881514719,7.82043569975976,1,2
"6850",0.0947236046612179,10.4463266476554,1,2
"6851",3.49866378665007,2.06719610053262,1,2
"6852",-2.51130670831124,-5.36139087522462,1,2
"6853",-0.863666552664794,0.586499398259776,1,2
"6854",4.55823818741179,5.888833766635,1,2
"6855",4.38223002454613,4.77552697321687,1,2
"6856",3.40519788181797,5.32349337060937,1,2
"6857",1.42424119083352,3.22187794037096,1,2
"6858",0.413753808311114,8.58590530101415,1,2
"6859",4.31920428355655,8.27041681695449,1,2
"6860",0.896091082731235,1.61837339187617,1,2
"6861",3.92525208659587,3.78615463523865,1,2
"6862",0.78218084268877,2.38388343501266,1,2
"6863",0.918431331734453,2.66775028828526,1,2
"6864",0.331933205924302,7.82168498363943,1,2
"6865",0.809276366749118,0.525912741878383,1,2
"6866",-1.8665223792257,4.97759387275092,1,2
"6867",4.30493202498689,3.65287067179184,1,2
"6868",2.1973304338559,2.9459409043993,1,2
"6869",1.94509079831109,-2.3895891173249,1,2
"6870",1.52753135516026,4.88433670656242,1,2
"6871",3.7250444668204,7.64369203182963,1,2
"6872",2.08014141655372,9.35584223272182,1,2
"6873",-2.42396136365878,8.55460657829658,1,2
"6874",1.34944619115674,8.18170885002113,1,2
"6875",1.7265810205305,10.4946247600513,1,2
"6876",4.11867408318225,7.46799229027764,1,2
"6877",2.792594387517,9.76858417356566,1,2
"6878",0.230608468535602,4.38721993284893,1,2
"6879",-2.02595855680251,3.50837225405498,1,2
"6880",1.97699475794577,8.84681633022217,1,2
"6881",-0.0976255965033568,5.83088649295163,1,2
"6882",4.59214490087777,4.23314622814563,1,2
"6883",2.32109334482535,5.13083537289177,1,2
"6884",1.2484119818845,11.8472572546483,1,2
"6885",0.0839565381324854,5.62361881451449,1,2
"6886",1.63209821848517,8.16804388306932,1,2
"6887",-2.23181237463147,8.4791914872305,1,2
"6888",-1.1612603462034,4.20580271587494,1,2
"6889",2.45203699721999,1.6714422874429,1,2
"6890",2.78563420076952,9.88281440185792,1,2
"6891",-2.23901267268341,1.89745864734596,1,2
"6892",2.60725397313584,9.44055579276164,1,2
"6893",3.89363388376804,9.06521711696075,1,2
"6894",1.88286042465505,-1.39767881719298,1,2
"6895",0.237300353000819,2.84846247382994,1,2
"6896",-0.330438826910201,3.12029859894178,1,2
"6897",-0.949931118135843,-1.09393454902324,1,2
"6898",-0.471066558061616,4.44325346748213,1,2
"6899",0.508090344831107,7.05822137183591,1,2
"6900",1.18651233089457,4.72367582586044,1,2
"6901",2.01506905834218,16.9069968731116,1,2
"6902",-2.9138624449937,10.9895804320362,1,2
"6903",-0.453310218668176,4.17068287551417,1,2
"6904",3.20570094658391,8.08033288614166,1,2
"6905",4.09343758715531,1.08229528225981,1,2
"6906",-0.42724873417099,4.6591985978509,1,2
"6907",2.12096022563926,7.74477510881177,1,2
"6908",-0.0356364260530393,1.63636537378984,1,2
"6909",2.0189584716569,5.88854949249002,1,2
"6910",4.7853818690358,7.76777472371656,1,2
"6911",0.351064217193021,8.62131613234626,1,2
"6912",1.6027513946909,8.77948187279372,1,2
"6913",1.83081942798776,5.52695394489661,1,2
"6914",0.585841493414269,8.29427829364599,1,2
"6915",2.82357322571078,5.1904884858823,1,2
"6916",-1.38986653150727,6.62272440506265,1,2
"6917",-0.34628843599743,9.60335698739718,1,2
"6918",4.02596472662128,7.36603539180477,1,2
"6919",0.709867524317139,11.1254015519626,1,2
"6920",-1.31998452780563,8.16879323453271,1,2
"6921",5.42029311988434,7.86078984649589,1,2
"6922",0.640368808863737,6.62847939728356,1,2
"6923",1.91337329838431,9.0905941387304,1,2
"6924",2.58703105662662,3.00315689371327,1,2
"6925",1.72903536036888,7.52082264459408,1,2
"6926",-0.445075283685111,5.76661826916191,1,2
"6927",-0.366828022866628,0.284272396487742,1,2
"6928",-0.109246567993823,1.8990065460663,1,2
"6929",-1.11864793524272,1.73878367978478,1,2
"6930",2.11523829024832,7.79106690458662,1,2
"6931",0.760846954885004,8.24938305609231,1,2
"6932",3.32060372994891,7.58274217508555,1,2
"6933",-1.14760071630137,5.1387533874807,1,2
"6934",1.92955632728601,4.44227216030527,1,2
"6935",0.945172850795482,4.13449703239246,1,2
"6936",3.28649679018914,5.14117575850462,1,2
"6937",1.48732898024824,3.05575816060617,1,2
"6938",3.23239035269065,11.4326837656445,1,2
"6939",1.80408814416297,5.69389191252237,1,2
"6940",-0.634408340107073,5.2616533694918,1,2
"6941",3.26736507870111,2.70637148605777,1,2
"6942",2.63883849037278,2.46718142589109,1,2
"6943",3.05097613487125,10.5138517732282,1,2
"6944",2.77469346978414,9.56877733206472,1,2
"6945",-1.76258161606064,1.59217959315209,1,2
"6946",1.86149280098906,6.43998049172336,1,2
"6947",1.96738548281271,6.6094640155885,1,2
"6948",2.22954952672607,9.7505208312091,1,2
"6949",2.81622971760969,1.00365396178619,1,2
"6950",2.59990997604532,9.15601522348199,1,2
"6951",3.05128814118422,3.41462668838676,1,2
"6952",2.04812514389543,11.7543817546882,1,2
"6953",4.41903504939544,5.35098916535997,1,2
"6954",1.06911900048108,5.8691488979863,1,2
"6955",-0.521769936735116,8.0923569920398,1,2
"6956",0.64463566226789,7.98929408694976,1,2
"6957",1.17018153187477,5.3914235532631,1,2
"6958",2.98843869696878,5.64222019070174,1,2
"6959",2.61581761192826,2.88737537039789,1,2
"6960",0.935140987556567,9.69891795797626,1,2
"6961",5.0009199080094,7.04335644371671,1,2
"6962",2.15975928155323,3.93422189456537,1,2
"6963",3.39553100356699,4.45189971512724,1,2
"6964",1.23976145465599,2.72111554212309,1,2
"6965",-1.81167654494721,1.2161832128696,1,2
"6966",-0.111962726511391,2.84963777560053,1,2
"6967",2.18696846999745,9.20333059947857,1,2
"6968",2.1412955801749,7.19568421771569,1,2
"6969",-1.34177245334114,3.73282200284931,1,2
"6970",2.41843994518824,7.19903565693944,1,2
"6971",1.78765492248779,9.18937125252668,1,2
"6972",-0.839163188299655,5.59455861938937,1,2
"6973",-1.56884308927185,-0.914705632057444,1,2
"6974",4.02534171634231,7.95932121450803,1,2
"6975",1.72900925415317,3.55312137526928,1,2
"6976",1.01657094122435,5.44872504617004,1,2
"6977",1.27240976402702,4.82132012073675,1,2
"6978",2.11006760425456,6.52233422847669,1,2
"6979",3.16224904179978,3.46480845622907,1,2
"6980",0.838477007951622,4.68758998786771,1,2
"6981",0.132501100801874,2.51622405605344,1,2
"6982",1.58982469836782,2.83135940251439,1,2
"6983",0.0350161370571784,3.99761001758628,1,2
"6984",1.35317196878423,7.42116496947246,1,2
"6985",4.30611708389396,10.1457414612937,1,2
"6986",4.62113292310095,8.00032658373662,1,2
"6987",5.31763426947925,3.60157474737481,1,2
"6988",-1.27910190015047,2.12164578470607,1,2
"6989",1.55988223077756,5.63520972345883,1,2
"6990",3.90550957533995,2.93774070076703,1,2
"6991",-1.59758396599868,7.43472902552232,1,2
"6992",0.0905924280700081,13.4148308506035,1,2
"6993",4.78718180433854,12.545661367461,1,2
"6994",0.277449252827056,7.41243807294425,1,2
"6995",2.62556305069685,1.66365329560063,1,2
"6996",-1.10220427771783,-0.034715980893341,1,2
"6997",0.243296876791642,13.2576133082614,1,2
"6998",3.51680973720265,3.80707725330014,1,2
"6999",3.4059713786138,5.93395563778119,1,2
"7000",3.06055892046497,7.64867792889739,1,2
