"X1","X2","component","subcomponent"
"6001",9.01830308501338,25.9538488905716,8,6
"6002",9.94525029759231,25.8548016436835,8,6
"6003",10.5175825103117,24.8659172411977,8,6
"6004",8.48569607544822,25.9663346774707,8,6
"6005",10.3242973418848,27.9267563285556,8,6
"6006",9.1779925613565,22.2634088509907,8,6
"6007",8.39159322063079,24.3948465358388,8,6
"6008",8.9974510870642,25.8705875345434,8,6
"6009",11.0587901121512,27.77503943897,8,6
"6010",7.99968618549742,24.3766251325243,8,6
"6011",9.65765371272108,16.2320589872026,8,6
"6012",7.42635318743804,18.4816010337768,8,6
"6013",7.12153348526342,19.5901939224841,8,6
"6014",5.07827803993843,19.0541350119802,8,6
"6015",10.3196958075845,27.1369726180169,8,6
"6016",8.02349021120742,26.1494467621374,8,6
"6017",8.62592616599671,22.6417944292355,8,6
"6018",6.64801907222549,21.8868557519996,8,6
"6019",4.09571794627333,15.6112788130027,8,6
"6020",8.68589232210022,25.2465403090027,8,6
"6021",11.7599487876734,30.565924822822,8,6
"6022",7.47689547380116,23.1357396811079,8,6
"6023",11.291222984582,32.2577128693324,8,6
"6024",10.1274281341097,24.0091058203246,8,6
"6025",9.84211335859556,26.6771294315123,8,6
"6026",8.78871274098597,24.2769748693869,8,6
"6027",7.96384258142774,20.8425305264282,8,6
"6028",11.1960920714579,24.3013140559029,8,6
"6029",6.27770122039338,23.1030028485259,8,6
"6030",6.53449312686254,25.5193977407224,8,6
"6031",7.5843509401885,19.3994451012738,8,6
"6032",5.64372924992206,18.5329850469514,8,6
"6033",9.05099566186269,19.7467875509467,8,6
"6034",6.83695867637063,19.2776813193981,8,6
"6035",8.27504982047304,23.7731263770907,8,6
"6036",6.08070085035708,19.3492780173642,8,6
"6037",8.94422589638836,25.8602333984765,8,6
"6038",8.53229520758997,21.428863155157,8,6
"6039",8.3983287404037,22.6311666589263,8,6
"6040",4.43889110850871,18.4364200943107,8,6
"6041",9.5629726873882,25.4157768634335,8,6
"6042",6.4211343593009,22.3189292524296,8,6
"6043",7.76579186909186,21.6978346637235,8,6
"6044",6.87762785371646,17.5386121794489,8,6
"6045",7.90063338479249,22.6400967848725,8,6
"6046",6.03306123726517,21.4512552212975,8,6
"6047",7.94323473178257,20.3959108101587,8,6
"6048",4.98525000122588,16.5490299122932,8,6
"6049",6.44861278039229,18.2062866276917,8,6
"6050",3.36648495130229,17.571576057914,8,6
"6051",7.23053476137659,20.809823926122,8,6
"6052",7.7493335740513,24.946767325381,8,6
"6053",4.3399695434354,18.6051299134687,8,6
"6054",6.34224949075094,21.4233560675065,8,6
"6055",5.61105091904705,20.0181243483817,8,6
"6056",9.8496819322418,24.2668281175142,8,6
"6057",7.87407845235445,23.0540926625052,8,6
"6058",4.86824443112619,23.4269517623896,8,6
"6059",8.69045979208099,26.7516779060143,8,6
"6060",4.7712904578619,20.5865256947692,8,6
"6061",8.64148812661216,22.1573993894697,8,6
"6062",8.82034953069332,17.0845320906757,8,6
"6063",8.52155980744024,26.8229639191781,8,6
"6064",9.35345738305501,19.6845367140893,8,6
"6065",8.02645656388141,21.5090082684106,8,6
"6066",7.75360980219109,24.0276156333861,8,6
"6067",11.2298272529917,30.9296810469364,8,6
"6068",10.4814966093625,23.1086726510541,8,6
"6069",7.56653586569966,20.6026673850557,8,6
"6070",9.37298935506788,23.9413423074189,8,6
"6071",9.71915191196405,25.4837991527325,8,6
"6072",9.76806617312279,21.4908902241757,8,6
"6073",8.46268409040705,22.2191084294056,8,6
"6074",7.69003846907115,21.1303903933514,8,6
"6075",7.76376212287681,22.765301802231,8,6
"6076",11.4322510531812,27.8873733849936,8,6
"6077",7.27411421245835,19.6811125409947,8,6
"6078",6.27463409061941,20.9160640208395,8,6
"6079",4.47362415371722,18.1094672229247,8,6
"6080",7.27460850349456,19.5261779020456,8,6
"6081",5.36964154393061,20.9427746886822,8,6
"6082",5.37956049685113,20.4215540089732,8,6
"6083",10.2318464336733,21.4242771803271,8,6
"6084",9.90754565210074,25.7496319851916,8,6
"6085",7.36695831529434,22.2349879051377,8,6
"6086",10.3019874851344,27.8706732070147,8,6
"6087",9.36721222074275,19.5130992057029,8,6
"6088",9.76680320698519,22.2565038941142,8,6
"6089",8.63817967426678,23.3389808328385,8,6
"6090",7.91215427728673,17.0041984488868,8,6
"6091",6.40926762180397,17.2957413924223,8,6
"6092",9.10577107895888,17.3355639448947,8,6
"6093",9.85723548483795,20.0158268241801,8,6
"6094",7.51360474520148,22.2670810871315,8,6
"6095",4.22477657211611,15.7617644464484,8,6
"6096",10.6768455170973,27.3779155505336,8,6
"6097",8.41931413224782,18.715323454804,8,6
"6098",13.5822037485935,31.2955534694876,8,6
"6099",8.14380842124207,22.0595999419266,8,6
"6100",7.20359229560878,18.6929558455039,8,6
"6101",10.51291477636,28.1425845600439,8,6
"6102",8.15297150797832,19.0247854387216,8,6
"6103",6.29773118616667,25.5680296530217,8,6
"6104",5.15713787978331,19.9812487281982,8,6
"6105",10.5178616954732,23.7049783841539,8,6
"6106",6.40693517548425,22.7143686758755,8,6
"6107",8.27608553356967,24.3317021787922,8,6
"6108",11.7211139001221,23.8335441964066,8,6
"6109",9.83250019350249,20.7772527183965,8,6
"6110",7.98132527815062,22.6706942821734,8,6
"6111",8.77268237130235,26.6679891012865,8,6
"6112",11.2146805837778,30.5858167190355,8,6
"6113",6.96269722850434,25.9081972071622,8,6
"6114",5.24321925087048,16.7856467221355,8,6
"6115",8.92449088361971,20.2385357702818,8,6
"6116",8.96180989138579,22.9748670754129,8,6
"6117",7.9323639474394,24.325763255098,8,6
"6118",8.03509300565597,18.7406834007496,8,6
"6119",6.52233825156467,22.0436299075935,8,6
"6120",7.44647984937391,16.3267017776679,8,6
"6121",9.01124330468209,26.7984519312195,8,6
"6122",11.8543768577011,29.0682388230658,8,6
"6123",9.86847618913654,28.74198730579,8,6
"6124",7.50843563775742,25.7914498239285,8,6
"6125",9.4150773334368,27.8588981909919,8,6
"6126",8.90437198464187,24.4743946922828,8,6
"6127",12.8680864476868,28.1986241989387,8,6
"6128",7.87584456947726,24.069792125466,8,6
"6129",8.31117560304216,22.3691144691146,8,6
"6130",8.18402967335174,25.2985402890538,8,6
"6131",4.84110768492062,18.6606028069687,8,6
"6132",7.07255275929604,23.3828797739427,8,6
"6133",8.40639110465206,22.1629339913062,8,6
"6134",9.26561900751023,22.8122698173781,8,6
"6135",5.50019758618329,15.9456303826872,8,6
"6136",7.44611221140572,21.63658649866,8,6
"6137",7.07798697194339,23.3278867220995,8,6
"6138",7.35337363402323,24.1675857749713,8,6
"6139",6.78492146712334,18.6284134356699,8,6
"6140",6.23596063101866,18.3165951730996,8,6
"6141",10.343466260385,29.6132739678815,8,6
"6142",6.64398882159197,16.9441478930687,8,6
"6143",8.17133897906607,21.337205810254,8,6
"6144",7.76362338068906,20.7969436221895,8,6
"6145",10.9278855571669,25.8066022966672,8,6
"6146",6.81488938390853,20.3222178386485,8,6
"6147",9.08911180575597,26.3204460277788,8,6
"6148",7.39106970889364,24.0985358697167,8,6
"6149",8.12883676225072,19.9570417375636,8,6
"6150",10.1998605145537,26.9429528074959,8,6
"6151",8.61357320733804,28.4594965540707,8,6
"6152",8.46077530019395,23.8910039531619,8,6
"6153",7.44026697734117,25.0902490112891,8,6
"6154",6.69176173969799,19.0911447369218,8,6
"6155",7.31451659501413,19.0864711581499,8,6
"6156",8.15176438694578,19.5268879147389,8,6
"6157",11.0818297406168,24.143381114996,8,6
"6158",7.59186771519344,21.6863664261027,8,6
"6159",11.3118496433241,24.2325897332128,8,6
"6160",6.87184964480975,19.9537441394918,8,6
"6161",9.01775526411902,20.4084931465647,8,6
"6162",8.56696961098688,24.3398414598592,8,6
"6163",7.6192649278287,22.5647116046383,8,6
"6164",7.16076722016869,18.5612542476777,8,6
"6165",8.08435954495056,21.2974666877195,8,6
"6166",6.05172763306294,18.0597318401197,8,6
"6167",10.0048733771933,25.6377830916096,8,6
"6168",9.47079756031061,24.9280051259431,8,6
"6169",7.20963697047291,19.7476044542637,8,6
"6170",9.24001080578664,25.9541167854986,8,6
"6171",6.69293127739089,23.1937977469975,8,6
"6172",8.09059174611188,25.1117506438801,8,6
"6173",6.41062716407748,14.466017915105,8,6
"6174",7.25494326655527,20.6098821338405,8,6
"6175",5.94161404355311,16.5976661255568,8,6
"6176",4.4732578174701,13.8742739863993,8,6
"6177",7.1550266101504,21.4115161807074,8,6
"6178",9.14151341737004,23.4162333920417,8,6
"6179",4.12524548182648,15.7864894212204,8,6
"6180",8.85528484371738,27.008329790583,8,6
"6181",10.096917945442,23.8133586063666,8,6
"6182",10.1353246036459,20.9481144563891,8,6
"6183",4.55353267175837,17.4232112877178,8,6
"6184",9.10694139669798,22.9529254434983,8,6
"6185",10.0983578944042,23.3548462967862,8,6
"6186",4.44381318936288,19.3642520503302,8,6
"6187",7.90189945661697,25.1710508466479,8,6
"6188",5.13806540923469,19.2998512826042,8,6
"6189",6.10889199554855,16.8506608778054,8,6
"6190",8.30201531505491,24.353253896902,8,6
"6191",5.91471371011251,21.7749653809606,8,6
"6192",10.8242298009049,26.9848353509907,8,6
"6193",10.9825508033317,26.15670434979,8,6
"6194",7.94007121097823,19.1124792345231,8,6
"6195",8.66923398553209,21.0226312773662,8,6
"6196",9.27522514178316,21.9497082165803,8,6
"6197",9.01167191186398,23.247179097859,8,6
"6198",7.00759402469855,17.4852445520209,8,6
"6199",7.32874878018861,19.4798375174873,8,6
"6200",6.81198781862854,22.3411110011934,8,6
"6201",7.62824021434907,15.2229599959942,8,6
"6202",8.2283157211523,29.2431594317329,8,6
"6203",9.09649367311675,21.0071922021062,8,6
"6204",10.3948013581483,26.2167961655182,8,6
"6205",6.38254456239328,17.8568935400778,8,6
"6206",8.16388264444635,22.7560174296379,8,6
"6207",10.0296025056014,26.978903279813,8,6
"6208",6.62253470911815,23.5471562577748,8,6
"6209",6.63886364862378,23.3013215742507,8,6
"6210",3.5781256182663,19.1925748674007,8,6
"6211",5.51216771623196,19.3561417773668,8,6
"6212",8.76001812827166,23.9168604444372,8,6
"6213",8.79040082097837,20.9646939542112,8,6
"6214",7.08362478363046,23.2981640927577,8,6
"6215",9.05210125250497,19.8152313756708,8,6
"6216",9.39259765112643,24.4782100016818,8,6
"6217",9.14206259336834,23.2683252813137,8,6
"6218",8.49997000083524,23.9757562758754,8,6
"6219",6.33336455525425,20.1114441865531,8,6
"6220",9.03391410309665,20.5571750075264,8,6
"6221",5.70675689317646,20.4321916569097,8,6
"6222",11.3652058232399,23.8420610385521,8,6
"6223",5.60210044137592,20.1596146317644,8,6
"6224",8.18976039502791,22.7279438767066,8,6
"6225",8.86789610037518,25.334799280164,8,6
"6226",6.68745162824655,17.3020685228247,8,6
"6227",6.88931904099309,18.7976401112098,8,6
"6228",8.66907165754671,29.3540683822409,8,6
"6229",9.99403247301296,21.7296818443933,8,6
"6230",5.71290105180876,17.2953861706393,8,6
"6231",7.94889141748202,20.6013785388225,8,6
"6232",7.50830851763946,18.7604725609316,8,6
"6233",8.73382211194142,23.3149277318761,8,6
"6234",12.5807489570779,27.7181717610065,8,6
"6235",8.40734526417179,24.3349862147411,8,6
"6236",10.1680459851233,20.3796374792851,8,6
"6237",9.09650696805461,23.4972009855645,8,6
"6238",8.10090433185594,22.8951293970883,8,6
"6239",10.3404886695649,26.5874543368026,8,6
"6240",11.5728409494445,21.2130181257372,8,6
"6241",10.4889886569705,29.1891892278304,8,6
"6242",7.23249275936734,16.8809429427759,8,6
"6243",6.12225135301284,21.5509435648982,8,6
"6244",5.11293035063304,12.3118409971127,8,6
"6245",10.8297968161171,21.6132735788835,8,6
"6246",11.0690892494396,21.3829033402438,8,6
"6247",7.52051216828383,24.6868818646357,8,6
"6248",8.22177032734381,19.9530639336628,8,6
"6249",7.487097906505,20.7989084030101,8,6
"6250",12.9685584996369,25.6025897889115,8,6
"6251",6.0541255037076,17.8505282174174,8,6
"6252",8.88766606087373,27.3954635063484,8,6
"6253",7.20924558888994,16.4469898217586,8,6
"6254",8.67926308446016,24.3590354592674,8,6
"6255",8.6836338330554,22.0288108050265,8,6
"6256",7.34269363763941,23.6501293375262,8,6
"6257",6.79310830316962,16.0049804394101,8,6
"6258",4.43120559450139,21.8818549151101,8,6
"6259",9.57656370242162,30.4547421949293,8,6
"6260",11.301264453065,25.6292454715944,8,6
"6261",6.96535518511278,22.922582249721,8,6
"6262",8.14891167696415,21.4305693921001,8,6
"6263",7.25839912434692,20.9703031258163,8,6
"6264",9.4596838374913,23.6605664981134,8,6
"6265",7.29533277633784,17.0493787939122,8,6
"6266",10.0851899902967,35.2218847494309,8,6
"6267",5.50776413334669,21.8751753998252,8,6
"6268",5.89322964918151,12.8920406922892,8,6
"6269",8.33487466888051,22.642775742492,8,6
"6270",6.9603817186116,22.0119531624549,8,6
"6271",7.89790606817412,17.4456347840662,8,6
"6272",8.33284908938384,22.8956839804592,8,6
"6273",6.44402883283305,19.0916584927261,8,6
"6274",7.60806238455865,23.8043826241033,8,6
"6275",4.64243498988357,15.5775273548434,8,6
"6276",10.2746154952802,26.8731262755712,8,6
"6277",12.236239150142,32.2224528105834,8,6
"6278",6.62288638844593,23.0654492815365,8,6
"6279",8.15333165561461,23.7891393185415,8,6
"6280",6.78003663257854,21.9173070698246,8,6
"6281",7.73564675697995,25.9262674928226,8,6
"6282",9.19910589486233,26.7385944535903,8,6
"6283",6.33762672008151,16.6163950603007,8,6
"6284",7.80203990734729,20.0999658512969,8,6
"6285",10.2778219787659,25.3040175730734,8,6
"6286",8.14261348067955,20.5954855435382,8,6
"6287",10.4309755336794,24.7538369943398,8,6
"6288",6.03508788853986,19.9343792985392,8,6
"6289",11.2763502912023,24.1094292742438,8,6
"6290",9.71825490492882,30.8826607306983,8,6
"6291",5.85899392100006,22.736135810303,8,6
"6292",8.20646960223381,25.1876021031188,8,6
"6293",10.4261352126266,30.4888319803563,8,6
"6294",7.48982424515138,18.7291100576567,8,6
"6295",8.00565600304481,19.7132148562978,8,6
"6296",7.87762856974668,22.5879185051188,8,6
"6297",5.12997451058086,20.0999564261643,8,6
"6298",10.1053531693907,22.6378935499623,8,6
"6299",8.39635567277783,25.6021466856484,8,6
"6300",6.61365542020007,23.8112634111873,8,6
"6301",6.69597595390246,20.4037163241522,8,6
"6302",7.40330145103938,22.3184513959537,8,6
"6303",6.01002962521761,20.2174233055078,8,6
"6304",10.7332180467555,32.0088383681654,8,6
"6305",8.21894970294338,19.851583809893,8,6
"6306",5.28567599586315,18.8226881228811,8,6
"6307",6.68503953011104,21.9990491719942,8,6
"6308",9.25874895086449,27.2790100035332,8,6
"6309",8.06344594927973,22.47861847781,8,6
"6310",6.30830463958681,19.1826116832524,8,6
"6311",6.06337909059759,17.4953448628078,8,6
"6312",7.35789234237871,21.1097789677164,8,6
"6313",9.284728117683,23.3415027698789,8,6
"6314",10.0936507353428,34.0303053969652,8,6
"6315",8.25496524957117,21.8344077023052,8,6
"6316",9.47862293460718,23.8095145329925,8,6
"6317",7.05366190078343,21.3871617758765,8,6
"6318",6.54895459952356,17.6518911513691,8,6
"6319",9.5822352218464,25.549450388539,8,6
"6320",7.43935418071427,19.0264626076737,8,6
"6321",8.76797130900981,23.0986742439486,8,6
"6322",7.7928625777609,17.388134219176,8,6
"6323",8.667678404047,22.6009571754283,8,6
"6324",8.41751283973256,21.8998986974254,8,6
"6325",5.55047427845084,16.9689276000312,8,6
"6326",4.76268081952411,18.9457773689765,8,6
"6327",11.2544372324601,24.8053039530852,8,6
"6328",6.1004057228414,19.8819821873584,8,6
"6329",4.91877457402442,21.281096071741,8,6
"6330",6.41108120406578,23.6158412546333,8,6
"6331",8.2517317485328,23.6238309682899,8,6
"6332",7.63871756033333,19.9849785997192,8,6
"6333",4.74594009629709,12.5379309294658,8,6
"6334",9.07141804299209,30.5818621025235,8,6
"6335",11.6686905459049,25.2067443610052,8,6
"6336",7.92726432613662,23.0285161674636,8,6
"6337",6.08398885196348,15.1012468248065,8,6
"6338",5.76897199942394,19.2836289297701,8,6
"6339",4.08385357431062,19.1273660458381,8,6
"6340",7.52609326307159,19.6630861513406,8,6
"6341",9.7374834537903,21.7617443850173,8,6
"6342",8.73916891134908,19.3802507029305,8,6
"6343",11.8351998056893,30.2004948889972,8,6
"6344",7.53407845861662,23.2652246657758,8,6
"6345",10.4008428666464,31.370525127058,8,6
"6346",4.6628046616234,23.1441202725472,8,6
"6347",7.74362599607481,24.6321338029656,8,6
"6348",9.31820715125108,25.8508078735857,8,6
"6349",6.46497651219485,23.4099078227213,8,6
"6350",9.43776855109384,25.0936547385497,8,6
"6351",5.86926068247618,14.7263550176083,8,6
"6352",11.0489541695746,28.1900758411051,8,6
"6353",11.8419460550988,24.9512701847518,8,6
"6354",10.3773183054607,22.4356833605881,8,6
"6355",6.00746904620933,23.6705968585353,8,6
"6356",10.9924690394714,27.067381489035,8,6
"6357",10.4573174822292,25.1322210340064,8,6
"6358",10.2432717360358,20.2073471521269,8,6
"6359",7.3295369016841,21.2876861467432,8,6
"6360",9.21379237125106,27.6333295910855,8,6
"6361",6.21215314473431,19.1416577010883,8,6
"6362",7.35430793738686,21.8848946095338,8,6
"6363",4.43465915591239,20.9375087414158,8,6
"6364",10.2616265049653,27.452798203449,8,6
"6365",10.5860464193456,30.8547227074305,8,6
"6366",9.78530930699484,22.2754514672353,8,6
"6367",7.50832792522681,25.230483039117,8,6
"6368",11.1292825281963,29.4737843823806,8,6
"6369",6.68839678345793,24.0973470743506,8,6
"6370",8.53223497265234,17.9002003646273,8,6
"6371",8.71169910175798,27.4596684538308,8,6
"6372",8.75889036201311,21.200059154812,8,6
"6373",10.4553477801699,21.8567677936441,8,6
"6374",8.17754475087119,23.1583277654251,8,6
"6375",10.8686681422606,25.772841289896,8,6
"6376",6.5817123206134,22.7202857558649,8,6
"6377",8.37288236863914,26.9299973814254,8,6
"6378",10.5131956307223,23.8313902139709,8,6
"6379",5.67436896304972,22.5631527239763,8,6
"6380",10.4557880299694,27.1920923959762,8,6
"6381",6.06156702497873,19.0328637226334,8,6
"6382",7.39920794943351,25.1611124415198,8,6
"6383",8.97311744139138,21.501053394371,8,6
"6384",9.19940884336071,23.2663611044043,8,6
"6385",7.549984766338,20.1180027155241,8,6
"6386",10.9440651718833,26.2032199546044,8,6
"6387",5.929536810106,20.4558430255184,8,6
"6388",8.44181865200625,22.3607066032327,8,6
"6389",11.0264267751425,24.9341259874774,8,6
"6390",7.60174906945465,22.0332863845955,8,6
"6391",6.1470915493082,23.5511866154788,8,6
"6392",8.48832113970516,19.7103425502665,8,6
"6393",6.22854233864952,23.3919451301252,8,6
"6394",5.81527479916991,21.4858464336363,8,6
"6395",8.20531073962377,18.9699861553582,8,6
"6396",3.5325205775852,16.5742327920951,8,6
"6397",7.34733263164437,19.780801170933,8,6
"6398",7.38563287440474,24.4643891982802,8,6
"6399",6.00548817325681,21.7316957407748,8,6
"6400",9.38028255135005,26.0339016194617,8,6
"6401",6.85299138613286,18.0052701326808,8,6
"6402",7.29136606882949,19.4212458083796,8,6
"6403",10.6141389779473,27.2229162618052,8,6
"6404",10.1830937995699,22.7655332140267,8,6
"6405",6.49335913415006,17.1994728851271,8,6
"6406",6.80796368059057,21.6476025181906,8,6
"6407",5.61231108638786,15.91217433197,8,6
"6408",5.91954151506738,17.5869047368671,8,6
"6409",7.0525336355768,20.1182694842559,8,6
"6410",10.370587693982,25.2753889104269,8,6
"6411",5.96490381374938,22.2913164135467,8,6
"6412",9.19212658638859,22.1129575325043,8,6
"6413",7.30461052891296,21.6691044729709,8,6
"6414",4.85652963122537,15.379809053009,8,6
"6415",7.19573898082787,23.1733916015816,8,6
"6416",9.54419487942363,20.3986634284484,8,6
"6417",3.42870600344362,13.0328858634967,8,6
"6418",9.14899140117452,21.9463221549433,8,6
"6419",6.40245260208091,23.5930950635718,8,6
"6420",8.8051491610837,20.8120482924538,8,6
"6421",9.1903349674012,22.6837995138684,8,6
"6422",5.06279859581346,17.8604160496901,8,6
"6423",10.8925589654979,31.4528388223723,8,6
"6424",10.5530610188577,23.2706501787804,8,6
"6425",11.0656176817404,24.538272340563,8,6
"6426",6.89699595016146,19.1591315726229,8,6
"6427",8.11795747205686,19.8663371311343,8,6
"6428",8.91916990715131,27.0594349617156,8,6
"6429",7.78400312770655,22.182751897039,8,6
"6430",8.72799907048433,23.1831761121794,8,6
"6431",8.74295919179169,20.872725197898,8,6
"6432",5.21473038509919,16.1860068594939,8,6
"6433",9.34457456711633,24.2285331765833,8,6
"6434",5.6831923270599,18.4840943883631,8,6
"6435",9.3848417081603,26.1978064061388,8,6
"6436",12.028510179074,23.4281887056432,8,6
"6437",6.96616212110717,17.7401949074824,8,6
"6438",6.13921114391466,20.9506115796082,8,6
"6439",6.00110885759226,19.7924844760913,8,6
"6440",6.66402366718708,21.9133073145294,8,6
"6441",6.30757190597873,20.5323950187383,8,6
"6442",6.90620699766108,20.1499606635609,8,6
"6443",7.99724360368403,23.701875877129,8,6
"6444",10.4306117927109,26.6960075236724,8,6
"6445",9.84920617996872,25.6203361941355,8,6
"6446",10.8858461683295,29.0636240761552,8,6
"6447",9.9543950599424,22.2079430438236,8,6
"6448",5.42455562618223,15.7673420359428,8,6
"6449",11.2316444000979,29.2740720263465,8,6
"6450",7.47850910180832,17.2073486626664,8,6
"6451",6.94758897647054,20.9015203678992,8,6
"6452",9.91865325326504,24.5915006995459,8,6
"6453",8.35346101176872,20.2910872454806,8,6
"6454",8.41547323568222,24.9010062122803,8,6
"6455",7.57743472857921,26.1230623378331,8,6
"6456",5.3868191055174,21.6423810404202,8,6
"6457",10.2448991307477,26.0789406949475,8,6
"6458",5.3766947127415,22.941733273689,8,6
"6459",9.13028275309803,23.5374985895137,8,6
"6460",12.1065566917521,30.1447015327151,8,6
"6461",4.97805763951699,20.5495476506205,8,6
"6462",7.83570024091922,20.2307945191911,8,6
"6463",10.939691455271,27.7920803466811,8,6
"6464",7.55952529215926,23.2410853295897,8,6
"6465",10.0931998172598,22.8471129594404,8,6
"6466",7.8579899086823,23.1242627074041,8,6
"6467",9.18176725451169,22.518607998308,8,6
"6468",8.65542460461981,20.6216957445024,8,6
"6469",6.63929027740048,25.8841029718181,8,6
"6470",4.2816718944069,21.9553469903918,8,6
"6471",6.76200867241069,21.9295488904858,8,6
"6472",5.2091466084564,20.3715816451592,8,6
"6473",8.70723415247144,25.947627439622,8,6
"6474",5.42701666581474,17.5407943803561,8,6
"6475",8.48883823457526,19.974155919062,8,6
"6476",8.1297852372926,22.5348922476888,8,6
"6477",6.65329449904832,20.6385684275001,8,6
"6478",9.54560049958903,24.3251794543441,8,6
"6479",9.25328119245176,15.3943154219982,8,6
"6480",6.21462369004959,13.2821889163553,8,6
"6481",8.6082824035917,19.2146464446695,8,6
"6482",8.1135994951091,23.7347552698261,8,6
"6483",8.1509540748304,20.9348181616679,8,6
"6484",9.42871418489063,22.396596460743,8,6
"6485",5.86861098964716,16.8592732126846,8,6
"6486",5.23879989011678,16.0219003161759,8,6
"6487",14.0167652349074,28.741183610938,8,6
"6488",8.68645611558851,21.2036264272754,8,6
"6489",6.24678482562665,16.2437900066475,8,6
"6490",11.0643096727439,26.7141191387002,8,6
"6491",8.08754272377139,22.0896857847841,8,6
"6492",7.79682118647383,25.9624550021933,8,6
"6493",9.46381515922466,24.9253145941411,8,6
"6494",6.4751620308092,22.1605563244902,8,6
"6495",10.7724973429943,24.6951466068425,8,6
"6496",4.72232248913728,17.5561321268445,8,6
"6497",10.9045844741096,30.1394013886529,8,6
"6498",9.44075926003515,25.5218296050029,8,6
"6499",8.27405958646333,22.3094632906907,8,6
"6500",8.6522784222701,24.216584717545,8,6
"6501",8.40763553014654,21.1651432989631,8,6
"6502",7.82771866058737,20.1459693928575,8,6
"6503",7.38326162456792,22.1715485523343,8,6
"6504",6.52217866495729,19.902304064479,8,6
"6505",8.25923488071921,17.3633877073413,8,6
"6506",5.28495131896546,22.5503295875918,8,6
"6507",8.72526025858311,24.9640395771573,8,6
"6508",10.3527809296906,32.1875252176963,8,6
"6509",3.66139269330053,16.8736390411885,8,6
"6510",11.9156643534564,33.0198974495196,8,6
"6511",8.15533686865517,20.0205387093615,8,6
"6512",7.70219975339831,25.4255042156456,8,6
"6513",4.56187778597081,19.8632718458541,8,6
"6514",8.77674892417529,24.4258954241102,8,6
"6515",8.47787233380243,22.7482688057816,8,6
"6516",8.77173544208615,21.6341648379429,8,6
"6517",3.32928852022217,10.5569154806535,8,6
"6518",7.98324708467828,25.9548786540039,8,6
"6519",9.00157370921123,26.9502317888801,8,6
"6520",8.05365893814919,22.9573993402847,8,6
"6521",10.243216772512,29.5766284578961,8,6
"6522",10.9415148490892,28.4859503798243,8,6
"6523",8.10235639307349,22.368136263446,8,6
"6524",8.24974357259394,22.4861747669156,8,6
"6525",8.76035469984089,23.0225298576491,8,6
"6526",9.58285934240255,19.5693046759167,8,6
"6527",10.4826225049997,28.7185076208482,8,6
"6528",5.06816826524267,17.0066437713649,8,6
"6529",9.45402446379221,26.880104485488,8,6
"6530",8.94797396397259,26.5613046064399,8,6
"6531",8.708319858554,23.373724033538,8,6
"6532",7.87328263455624,25.8702554859869,8,6
"6533",5.26841135491797,26.6017489155088,8,6
"6534",4.46471257552608,17.2461611592814,8,6
"6535",8.69308906624227,25.5388169378099,8,6
"6536",7.73062325396138,19.2368497512685,8,6
"6537",2.59108987933015,14.9975070185713,8,6
"6538",9.04025792857066,24.1758942915702,8,6
"6539",6.55467121448938,13.1504456431979,8,6
"6540",5.79062225132192,15.9528996555279,8,6
"6541",6.02001832485272,24.2321378736289,8,6
"6542",5.7040591481582,16.0745041936831,8,6
"6543",9.78045166603164,23.9985920526729,8,6
"6544",4.62618495059659,17.1320264784771,8,6
"6545",9.39005571770447,22.521043193382,8,6
"6546",10.1721825729549,27.1076599871258,8,6
"6547",7.38496222330292,22.8127412233639,8,6
"6548",12.3005800453337,27.7546082850582,8,6
"6549",5.70210578409458,19.9170170493859,8,6
"6550",8.34447439496898,27.6955662648966,8,6
"6551",9.56813750440494,26.2385034509593,8,6
"6552",9.06316996247327,24.0373288891098,8,6
"6553",7.03138273547778,15.7367345075081,8,6
"6554",8.40068170123403,26.1045826781632,8,6
"6555",5.96701059909304,18.5940889788345,8,6
"6556",9.22081760672608,26.4188807319389,8,6
"6557",7.12506071944614,21.3365685192829,8,6
"6558",5.17943495378458,24.1852292972369,8,6
"6559",4.22922369672074,12.1366251663353,8,6
"6560",9.47671927342106,15.9859282495176,8,6
"6561",8.5347592666018,25.2069526972128,8,6
"6562",6.23844495646255,22.4948561778861,8,6
"6563",8.60677909322429,25.7477437815155,8,6
"6564",4.3208704231699,16.6958500976835,8,6
"6565",5.100616628601,18.0641075367991,8,6
"6566",5.98976422213429,21.3199148143485,8,6
"6567",9.65971960220602,22.8645674355422,8,6
"6568",8.73034867664287,24.4111735359932,8,6
"6569",7.94734497911832,20.3802448653236,8,6
"6570",7.56192802618813,18.1328505092804,8,6
"6571",5.431840850032,18.970365012406,8,6
"6572",7.22005994812758,17.9211051750794,8,6
"6573",7.91511886982423,23.9516488293452,8,6
"6574",5.92882750130653,21.3560711518941,8,6
"6575",11.7520722733704,29.3807189250138,8,6
"6576",4.72127944496527,12.6219798924127,8,6
"6577",7.23794737289866,22.5836546305433,8,6
"6578",8.16780180000131,23.0558418395671,8,6
"6579",7.1352025771047,20.3493148440809,8,6
"6580",6.5812390671378,21.5529717536222,8,6
"6581",6.47419117073911,22.2895227767306,8,6
"6582",7.29100939501426,24.9725173035984,8,6
"6583",5.11285304723413,18.5363552059798,8,6
"6584",9.69247555727884,29.1647426383205,8,6
"6585",8.44500355813987,24.5520139088145,8,6
"6586",9.15312249771877,25.1986668368634,8,6
"6587",4.28901421553928,19.8823259482316,8,6
"6588",7.06124534693223,23.4191965166804,8,6
"6589",7.17584032034434,27.4401470267378,8,6
"6590",5.25505992975178,21.1715699650147,8,6
"6591",7.8283045752042,18.8783235935191,8,6
"6592",9.29014808298005,27.473315825125,8,6
"6593",5.78755856606146,16.7786876757723,8,6
"6594",10.2158830215907,26.1731653682161,8,6
"6595",5.7071601894219,20.6190203423879,8,6
"6596",7.95348987261272,19.6712339317277,8,6
"6597",3.35370839962561,22.0868680961498,8,6
"6598",7.36990598996539,19.9239999338441,8,6
"6599",7.50881318778584,22.2016528476012,8,6
"6600",9.03461271714325,19.6035119885761,8,6
"6601",9.6004901950492,20.8857988271236,8,6
"6602",8.30824450040042,20.6191942199371,8,6
"6603",6.79137476314742,21.7411153946856,8,6
"6604",12.3765098939578,26.8372771450738,8,6
"6605",5.25816248913273,18.8262464724841,8,6
"6606",11.4442898251089,27.8349758740574,8,6
"6607",8.75266124103952,28.3752829422881,8,6
"6608",9.74052142762663,25.4228169169725,8,6
"6609",9.77715397393909,27.0856239119884,8,6
"6610",11.9471765323698,27.1444584110363,8,6
"6611",7.81510246712005,22.7488036290779,8,6
"6612",7.55658722913929,23.0365430973089,8,6
"6613",7.41936660115089,25.4288849013262,8,6
"6614",7.49752173643859,22.8807208711801,8,6
"6615",6.06857599756935,20.7064491725802,8,6
"6616",8.19281985522335,20.5391520093565,8,6
"6617",8.25673117389212,22.1284461066234,8,6
"6618",11.4904182600329,28.5516632037879,8,6
"6619",7.22727095559865,16.0683454032955,8,6
"6620",5.91676972095207,16.3058306390936,8,6
"6621",7.72376632117848,25.9768919414098,8,6
"6622",8.47422423968238,23.6844382248254,8,6
"6623",8.933429888522,23.5445158095157,8,6
"6624",10.4315461999185,26.1456165282335,8,6
"6625",5.65610347476184,19.0101895895288,8,6
"6626",6.583129739429,24.8609140090371,8,6
"6627",7.3726137596532,27.1907687251796,8,6
"6628",5.95404817864614,16.3142840537033,8,6
"6629",4.9519977014508,19.8719288374277,8,6
"6630",9.43304726166071,25.9245329383473,8,6
"6631",7.67616742731991,22.3754266675434,8,6
"6632",6.82237663746467,19.6768953613101,8,6
"6633",7.08418261728451,22.1878840617003,8,6
"6634",7.34503987256514,21.660031204942,8,6
"6635",10.0848371800472,23.6075297745838,8,6
"6636",8.43187856035016,26.5644297080743,8,6
"6637",6.51912476905034,25.892703841577,8,6
"6638",7.43863052702366,21.839674991785,8,6
"6639",8.16988168233987,24.1465481671768,8,6
"6640",7.99420061217881,22.0141102456579,8,6
"6641",6.75928246734931,20.387083740005,8,6
"6642",9.79343841900895,27.9839390961099,8,6
"6643",9.24470440179434,25.8359979037641,8,6
"6644",8.26070075224669,19.2173600216078,8,6
"6645",8.60036893707338,22.1789783377776,8,6
"6646",7.13556485454258,18.7521476020993,8,6
"6647",4.93974763497585,18.9906324554243,8,6
"6648",7.14346644015255,20.2277437676407,8,6
"6649",5.41378887176418,20.7275609952521,8,6
"6650",6.93540100876276,19.8163754378518,8,6
"6651",6.91726824932938,19.7873400691114,8,6
"6652",7.17867570850473,19.383939766849,8,6
"6653",9.41022120168102,29.1977401419412,8,6
"6654",7.74421561754763,24.8769920403044,8,6
"6655",4.89957251235849,17.8560113475212,8,6
"6656",6.42240905310083,24.2651244079951,8,6
"6657",7.50768642104621,23.4858323309412,8,6
"6658",7.87428007507968,29.0223563691324,8,6
"6659",9.38342666171066,21.8794054736881,8,6
"6660",7.24928709158658,20.9180593586854,8,6
"6661",7.00456833932426,18.6948377838824,8,6
"6662",7.27077094473594,22.9316113628976,8,6
"6663",9.22330542054267,22.192809373615,8,6
"6664",10.208492727931,24.4836225233243,8,6
"6665",8.32994908354,23.2119800889282,8,6
"6666",5.89493264016984,20.0861360803527,8,6
"6667",6.65467032510311,22.4140634031998,8,6
"6668",9.03049254957255,22.6712515200826,8,6
"6669",8.02536403812463,21.8670317807936,8,6
"6670",8.58984862710697,25.1006144983421,8,6
"6671",5.23606582758246,16.6862916415349,8,6
"6672",5.21142172963627,17.5041037973489,8,6
"6673",8.99018643666615,23.1163285239025,8,6
"6674",5.81201619595023,22.3729299561878,8,6
"6675",9.1050036071993,24.929733544494,8,6
"6676",9.21795867996069,27.8680885677819,8,6
"6677",10.5566174167701,27.6521383818762,8,6
"6678",9.73134187854664,23.5007998975079,8,6
"6679",11.9061798236293,25.2220512936722,8,6
"6680",13.5071436029158,30.5387366733213,8,6
"6681",9.33417145187001,25.7784352934709,8,6
"6682",6.22737809281059,24.4759115461688,8,6
"6683",9.97748265381164,31.2114893323831,8,6
"6684",5.99526383365053,15.8217624787413,8,6
"6685",7.55911585732194,19.9461764207504,8,6
"6686",9.6640830256138,20.4401484240175,8,6
"6687",8.77808377194717,24.9319830393419,8,6
"6688",5.15199965382419,21.6143089460969,8,6
"6689",5.68093746010431,19.2765736145117,8,6
"6690",8.26191563607767,21.6915322243858,8,6
"6691",10.4784470670014,25.9320812041707,8,6
"6692",7.58726978386711,20.0743009433006,8,6
"6693",9.78596072424994,17.1139806161467,8,6
"6694",12.3251616303607,30.8877694154113,8,6
"6695",4.29567143264798,16.27582573343,8,6
"6696",8.46841578025586,20.1864648282178,8,6
"6697",7.8259728637027,29.2512857061257,8,6
"6698",7.17057409461391,24.5638738643542,8,6
"6699",9.20063713690415,25.5945449198004,8,6
"6700",4.64367473498301,18.5729713504119,8,6
"6701",6.28795616535259,15.5474202884825,8,6
"6702",8.04717134723215,22.8723925544949,8,6
"6703",6.32653695167432,15.9496941042742,8,6
"6704",8.22469969027515,22.8867048032401,8,6
"6705",10.7840675352376,25.5993484356533,8,6
"6706",7.59452264471104,24.3471554180144,8,6
"6707",7.58507877656883,19.3222691312468,8,6
"6708",8.21997115773235,20.6571405975286,8,6
"6709",9.23402527438301,26.1036423483214,8,6
"6710",6.16186307544298,19.2806352450446,8,6
"6711",9.1645436834946,25.5949090585322,8,6
"6712",8.8071066819203,23.1665219958367,8,6
"6713",9.46000093414479,24.4142484748006,8,6
"6714",7.07638274172485,16.3657514541283,8,6
"6715",9.72557054056602,24.724007131316,8,6
"6716",10.7014265359666,27.1380776754584,8,6
"6717",8.74339348488559,24.0226125701192,8,6
"6718",7.582268011732,19.1494565162095,8,6
"6719",8.92057553506747,23.4837553891102,8,6
"6720",7.05846328970717,19.859012859973,8,6
"6721",5.66751011329787,21.7389138717672,8,6
"6722",10.2211473889291,22.58191136593,8,6
"6723",8.92416930017651,22.6883442315457,8,6
"6724",9.40046768173328,22.8627741587337,8,6
"6725",7.25288635977208,26.0359796608652,8,6
"6726",9.12389351168872,24.2217410038177,8,6
"6727",10.3060561351165,30.1419509305807,8,6
"6728",9.37720208670788,27.1121661107487,8,6
"6729",5.95132997126134,21.6094341955961,8,6
"6730",5.05296488728041,20.4376495828274,8,6
"6731",7.46742577341703,16.7265469734605,8,6
"6732",6.66893490980634,24.2864002461205,8,6
"6733",6.84648304934017,20.7620469404363,8,6
"6734",9.09351264716394,18.1199464809904,8,6
"6735",10.2905983672553,22.4226820760864,8,6
"6736",8.8302695999804,21.1280108347943,8,6
"6737",8.86123159663614,24.0139087752897,8,6
"6738",8.11851698341425,21.6468641430964,8,6
"6739",5.72863730112306,22.9449935320348,8,6
"6740",8.88727994529615,27.5458464761019,8,6
"6741",8.44579817645293,24.3516772153189,8,6
"6742",6.03626913671817,22.0723958702686,8,6
"6743",11.999173729688,29.7457811767163,8,6
"6744",4.05858975050455,18.3268804037742,8,6
"6745",6.5730345111468,20.8650015042249,8,6
"6746",11.555919416054,28.9175502793722,8,6
"6747",5.79307572656569,16.4255774055443,8,6
"6748",9.11782083374825,23.5460010565889,8,6
"6749",6.08558533336914,18.0699161546253,8,6
"6750",9.16884537136605,27.7975519205517,8,6
"6751",8.20924718051614,20.9094339891009,8,6
"6752",8.12296467976874,25.8940190363276,8,6
"6753",9.31680633206284,23.0320518481934,8,6
"6754",7.78814043137263,19.7585688974461,8,6
"6755",9.55283600142354,26.5045559660193,8,6
"6756",9.68007590895145,20.9879279545545,8,6
"6757",9.49897490722782,24.6413828371191,8,6
"6758",5.35745535888495,21.6438692253352,8,6
"6759",8.52247640607006,25.2523366872619,8,6
"6760",9.18424730132545,28.3146270393816,8,6
"6761",6.70845208558346,22.4035913985172,8,6
"6762",7.7008007813746,21.6307654131499,8,6
"6763",2.99332232013053,13.2920501251745,8,6
"6764",7.39866057567438,17.3188104679409,8,6
"6765",8.28900126468635,21.756766922119,8,6
"6766",4.79762095640348,18.9376993417661,8,6
"6767",8.51633096359695,27.6585045472293,8,6
"6768",7.38575029725104,23.1783335885845,8,6
"6769",8.56194275827188,26.0400695005177,8,6
"6770",8.14581693884476,18.5654357035757,8,6
"6771",8.48552311915207,24.4543940141499,8,6
"6772",11.91618119108,30.8586720097715,8,6
"6773",4.87465257914219,23.0373837431144,8,6
"6774",7.13844299077845,14.3866917050103,8,6
"6775",2.99353651588108,17.1690351124668,8,6
"6776",6.62687002180152,19.3225065708434,8,6
"6777",8.96081311408173,28.0037781954053,8,6
"6778",8.32503403086359,18.6226793784441,8,6
"6779",5.8941515552012,20.7880725158949,8,6
"6780",8.04008688695064,20.2746450047668,8,6
"6781",9.22920374350498,25.7587848302395,8,6
"6782",8.23608422566224,20.200839692256,8,6
"6783",10.8509408895167,25.1288310427944,8,6
"6784",5.41874756105284,23.9058871755684,8,6
"6785",9.78496531470817,27.8808677249567,8,6
"6786",10.966017265054,22.9204069160605,8,6
"6787",6.84188883894067,20.1557830925169,8,6
"6788",8.72293433882667,23.631002457574,8,6
"6789",6.4173088117887,21.8904669553332,8,6
"6790",4.66350063795249,18.8287038654491,8,6
"6791",8.45914741176647,18.8767931149536,8,6
"6792",9.25979473035141,22.6119265398154,8,6
"6793",10.1126797261222,22.1108036267579,8,6
"6794",4.82328701483208,20.8346223810664,8,6
"6795",9.31390100050873,28.0659789270586,8,6
"6796",7.24327465562432,19.393108890489,8,6
"6797",6.80255105684002,24.4474023076898,8,6
"6798",6.95368699822019,18.7012663290612,8,6
"6799",9.48629647067802,21.80753304772,8,6
"6800",3.69389887198797,16.53852365363,8,6
"6801",6.19277766191439,17.686574673265,8,6
"6802",9.26722827448637,20.0856039568231,8,6
"6803",8.9009030057374,25.4886207241472,8,6
"6804",7.04744971389731,19.000273164761,8,6
"6805",8.96822480342773,25.1314402718935,8,6
"6806",8.6082144581551,14.0730624628335,8,6
"6807",8.94773393784358,23.1307615498982,8,6
"6808",9.53376715887222,23.3724126764953,8,6
"6809",9.92697784064037,25.9926185106412,8,6
"6810",9.69327058705676,25.2490895171924,8,6
"6811",7.47049763198172,24.4127274203704,8,6
"6812",10.0142064390213,29.8382634439337,8,6
"6813",11.9793788333886,27.6724319951318,8,6
"6814",7.21524917122843,25.1502574493088,8,6
"6815",10.4506544505124,25.7429317273317,8,6
"6816",12.3362229321616,29.6428049518966,8,6
"6817",10.6942264503455,30.9194276868908,8,6
"6818",8.72580270758049,18.901220077478,8,6
"6819",7.20304012756261,16.4009958834826,8,6
"6820",6.80918697881261,24.5842635661881,8,6
"6821",9.2702875427558,29.7949549299404,8,6
"6822",6.29800948386064,18.0222096789719,8,6
"6823",6.89672175317452,23.4888641493163,8,6
"6824",6.55410949520049,17.1296631585579,8,6
"6825",10.1043751122637,22.4735725249909,8,6
"6826",7.84690143075936,22.7334828724914,8,6
"6827",7.21581976221464,17.9345483807392,8,6
"6828",8.55154805821535,22.3661718704136,8,6
"6829",13.5393452513834,30.1922125365584,8,6
"6830",7.64254291663358,24.793211843355,8,6
"6831",7.715627689252,20.7734496768718,8,6
"6832",9.21249968371323,24.0978107345835,8,6
"6833",7.34880919816393,23.5667512842141,8,6
"6834",11.2242816851543,22.5628111349805,8,6
"6835",4.85530896152115,20.8122384309056,8,6
"6836",9.51716768788996,21.9986511062365,8,6
"6837",4.58564551360943,16.1680916603959,8,6
"6838",6.43747031024633,23.3712534625824,8,6
"6839",9.03591135508179,23.891142063985,8,6
"6840",6.04244064197921,23.8217811636935,8,6
"6841",8.18783837938777,22.0861105943514,8,6
"6842",8.69000228046652,30.6477557299262,8,6
"6843",7.46570831935521,21.6972866069899,8,6
"6844",7.52680678245695,19.9847758053219,8,6
"6845",6.58506557521837,17.0702994206784,8,6
"6846",7.1882850654156,22.1483952121945,8,6
"6847",6.87788841018769,22.9865185048275,8,6
"6848",10.4378703918482,21.8556572197948,8,6
"6849",9.74525604352339,21.6510963426808,8,6
"6850",9.3865712847093,24.9842743505699,8,6
"6851",5.2280127558288,20.5650892775083,8,6
"6852",11.258720933016,28.5073784530986,8,6
"6853",2.91475004178668,16.299861329438,8,6
"6854",7.18555716640096,19.2948782628021,8,6
"6855",8.09327464344872,24.4945759174988,8,6
"6856",12.7107762622194,28.490969037163,8,6
"6857",7.66387232644979,22.7717410652078,8,6
"6858",9.87554989799892,23.967399157836,8,6
"6859",9.75803523266985,22.8728675002743,8,6
"6860",6.81760665181918,18.5375515892129,8,6
"6861",9.20766984504671,19.2185888947908,8,6
"6862",6.99906880586837,20.7363305530858,8,6
"6863",7.93600016296262,22.0566759197588,8,6
"6864",9.6377130053754,24.6944361196645,8,6
"6865",4.17971756908233,16.1614263829732,8,6
"6866",9.21633334959799,25.0560737938751,8,6
"6867",3.35025185694597,15.9926373639707,8,6
"6868",7.15081579198527,18.5507672044902,8,6
"6869",6.73197889044295,18.6150963047146,8,6
"6870",7.1552596095468,17.0313968592449,8,6
"6871",9.5762025091171,24.8107666441411,8,6
"6872",8.9836226135891,23.6109257054347,8,6
"6873",9.90656472581258,24.1735875995326,8,6
"6874",9.56314929203016,25.897915826758,8,6
"6875",8.07044985000786,21.1990693069531,8,6
"6876",5.65622358936553,16.2881535507634,8,6
"6877",11.1380652037965,29.8102068290058,8,6
"6878",3.19972910714793,23.1279783767033,8,6
"6879",10.2383654806382,29.0605980506393,8,6
"6880",7.79052262849924,16.8913915315455,8,6
"6881",11.7433092873534,24.1888670141823,8,6
"6882",7.67670096338626,24.074978174481,8,6
"6883",9.35077967650653,21.0064597836756,8,6
"6884",8.77892349853373,24.9933273900972,8,6
"6885",10.4889364915893,22.810521214992,8,6
"6886",5.79057674426587,20.1421292243344,8,6
"6887",5.93502451657538,22.1012050176283,8,6
"6888",9.31603803860072,24.7300024291587,8,6
"6889",9.30533073629216,29.628865531699,8,6
"6890",7.94518019568138,21.1067794274408,8,6
"6891",9.61157169989991,21.0891447521749,8,6
"6892",7.09880831613904,21.8998961291509,8,6
"6893",5.18446642823709,15.0912015698383,8,6
"6894",10.6338324807332,28.8941426741487,8,6
"6895",5.13782053130714,17.6658700029425,8,6
"6896",8.37911752034679,25.3325910326013,8,6
"6897",10.915798965497,26.703883580693,8,6
"6898",5.81277396977734,19.0117766797594,8,6
"6899",8.22994167501178,24.5190394824454,8,6
"6900",6.39223187625179,20.0117913211016,8,6
"6901",4.6328446485125,9.17999954646526,8,6
"6902",7.62331263984837,19.2377274591719,8,6
"6903",10.2272642014198,25.8944833192566,8,6
"6904",7.74107003412771,22.0207711242954,8,6
"6905",7.31723485573392,23.0440495423663,8,6
"6906",6.68671940489148,23.0937022244064,8,6
"6907",5.39243945237982,20.7982159658065,8,6
"6908",8.3524901606751,23.8993269874883,8,6
"6909",13.0446818502499,26.9693038700624,8,6
"6910",10.8537433425874,29.7000177832958,8,6
"6911",10.3144410846996,25.6369887344588,8,6
"6912",9.50846258749453,25.8722387881117,8,6
"6913",10.525249082941,26.2639704668668,8,6
"6914",6.24734881250401,20.130741116172,8,6
"6915",9.16662556538928,25.4916838388701,8,6
"6916",7.87149799517458,26.0432547316414,8,6
"6917",8.76225773241578,25.2836708527247,8,6
"6918",6.88854742044054,22.271358417244,8,6
"6919",8.25788352871648,23.0035699418039,8,6
"6920",7.54158327496424,22.7751837581982,8,6
"6921",9.79094435513633,28.4697636425898,8,6
"6922",5.16489069222215,17.7732252067185,8,6
"6923",7.81177194777087,24.2137870214946,8,6
"6924",10.1148505365313,23.5513608120694,8,6
"6925",5.74915932564398,17.0597000233011,8,6
"6926",8.98856239924079,24.0788030616356,8,6
"6927",7.69505727969775,26.4098825168212,8,6
"6928",9.8640017717464,20.6012162707274,8,6
"6929",11.2949376896664,24.9173152620692,8,6
"6930",7.42926104082816,19.6826101653842,8,6
"6931",5.02380753185392,16.7969683316012,8,6
"6932",8.18961976972918,21.6355792506237,8,6
"6933",5.1005133859512,16.8862867888996,8,6
"6934",6.85080949076159,22.6566454319334,8,6
"6935",6.79282219165755,18.350490296904,8,6
"6936",9.04468487339426,22.5114949134914,8,6
"6937",8.1748073518182,21.89838341965,8,6
"6938",10.450242913458,25.4665022259559,8,6
"6939",5.62285132698972,20.1926030832756,8,6
"6940",4.26218626165518,16.4510118245365,8,6
"6941",9.42784228121688,25.8918398714047,8,6
"6942",6.2077750808862,22.081033871642,8,6
"6943",8.22374434743054,23.4073978734238,8,6
"6944",7.80598315567918,21.4132297577583,8,6
"6945",9.44224040605038,24.3294059496425,8,6
"6946",12.961808645384,28.8678287495008,8,6
"6947",4.82082790467866,16.6156121474847,8,6
"6948",4.25964502077352,15.237189189334,8,6
"6949",7.07613360948433,18.063268064758,8,6
"6950",8.33567858643473,24.1736236874918,8,6
"6951",8.16386536685421,26.0093219295072,8,6
"6952",11.5066744988459,25.4402731029016,8,6
"6953",10.7111074642768,27.8401897685022,8,6
"6954",9.55837921355388,23.2410530885241,8,6
"6955",7.12534631181077,23.6629354855546,8,6
"6956",7.17516653766526,18.9686562782751,8,6
"6957",7.23545805180253,21.0583671545742,8,6
"6958",7.03361202620177,22.8245208108766,8,6
"6959",5.8839019626547,15.8406852676448,8,6
"6960",3.59860899522686,15.5108964522971,8,6
"6961",8.70112939682554,28.1297779914036,8,6
"6962",6.60769691109057,21.1458522051701,8,6
"6963",5.29440086504851,15.8141585421773,8,6
"6964",10.8094449104054,25.8904971918441,8,6
"6965",5.96842982808411,21.4555245204335,8,6
"6966",5.29265850675637,20.8738002647505,8,6
"6967",6.85250682127341,18.8981944014348,8,6
"6968",10.0411967010169,22.7268850393661,8,6
"6969",8.07169247411908,21.4071352940644,8,6
"6970",7.27565193279682,17.6326922736307,8,6
"6971",6.40338351067233,16.2857007243281,8,6
"6972",9.84806522794146,30.0604613251975,8,6
"6973",9.51640550890665,25.6905844505548,8,6
"6974",6.32270458297431,18.2141768502634,8,6
"6975",5.64475672146937,19.5007089372134,8,6
"6976",9.78059636741695,30.1343730292121,8,6
"6977",9.76887158699024,21.500159999507,8,6
"6978",9.50584907312793,21.6389229418832,8,6
"6979",5.80877022633083,20.7524994121646,8,6
"6980",5.29312117622376,19.6016408989068,8,6
"6981",8.10864462876629,20.8587434748389,8,6
"6982",5.53035529553115,22.6932375617776,8,6
"6983",9.98335080768427,23.9322236359658,8,6
"6984",8.4779235803962,20.3581302972556,8,6
"6985",7.14531623978539,24.264008856552,8,6
"6986",9.57739667456028,21.116895068241,8,6
"6987",6.62135678491111,19.1595862693805,8,6
"6988",6.19850449236749,18.6867903283467,8,6
"6989",10.0664246308655,23.2202658136452,8,6
"6990",6.18363187825463,17.8759134971011,8,6
"6991",8.7832472359706,23.0748747050395,8,6
"6992",11.7728122570877,26.6864663410076,8,6
"6993",10.7508458168628,24.8702296169051,8,6
"6994",5.61527046690462,14.8461512643594,8,6
"6995",8.20032022544647,22.494225506367,8,6
"6996",10.7343810443126,26.1409274415602,8,6
"6997",9.58905754086509,22.4044009313406,8,6
"6998",10.6117763426961,23.708183269468,8,6
"6999",10.7168213311373,30.7532089597952,8,6
"7000",6.87777515163767,16.763588537019,8,6
