"X1","X2","component","subcomponent"
"6001",23.268994233213,5.64971192275438,12,8
"6002",25.6400087442384,3.26060909337444,12,8
"6003",28.5064924601146,7.11212702794532,12,8
"6004",24.4428172916062,6.69521639386179,12,8
"6005",19.2426118827342,5.18713192479475,12,8
"6006",28.6097841859474,8.08971924035995,12,8
"6007",17.0184219532362,5.84178192617141,12,8
"6008",20.8732075088117,5.92699859006532,12,8
"6009",21.7132861172437,6.84824191117126,12,8
"6010",24.1278264713709,7.37736500838823,12,8
"6011",19.9636642064186,8.00322219129797,12,8
"6012",27.7419953021343,8.36588072568941,12,8
"6013",21.834845933336,5.57328035504811,12,8
"6014",23.8946685144413,7.72412818645885,12,8
"6015",17.1342532243418,8.77544415065308,12,8
"6016",22.6777241898156,5.54395116334656,12,8
"6017",28.7350748553632,7.5503396641745,12,8
"6018",19.9599382994852,6.28246391666403,12,8
"6019",23.4707234912846,4.1022741657331,12,8
"6020",23.3779097143555,5.53608868762599,12,8
"6021",21.9301571257734,8.25451139276592,12,8
"6022",21.7784667885991,6.37288899889825,12,8
"6023",20.827034077879,7.39305535001115,12,8
"6024",27.9547827675073,5.99554790831434,12,8
"6025",21.6823360656776,2.9124033800518,12,8
"6026",27.647868128362,5.39631230592935,12,8
"6027",29.5355413506296,7.36148639521593,12,8
"6028",17.5620748821355,6.29170691865317,12,8
"6029",23.0991022877396,8.46861679012745,12,8
"6030",22.0426468996246,6.11457022799904,12,8
"6031",23.6475498105638,8.0517763678401,12,8
"6032",19.3961851407063,4.47401968622522,12,8
"6033",21.4363361678699,4.50422584183755,12,8
"6034",20.4371397072384,3.56120800582589,12,8
"6035",17.8325619911541,8.85088786738839,12,8
"6036",12.2990815600079,5.66443809892715,12,8
"6037",23.6155057020792,4.98047103864746,12,8
"6038",23.2014319380152,6.5096461378777,12,8
"6039",20.4182052481847,6.21564368254601,12,8
"6040",20.2618864988215,4.39884679631473,12,8
"6041",22.1466104222786,7.20005426397679,12,8
"6042",19.0851062400032,4.13504969102128,12,8
"6043",24.664854223428,9.73450436883284,12,8
"6044",22.7512228747048,4.01321006998917,12,8
"6045",20.4428580623078,7.02618510906742,12,8
"6046",25.544834020626,7.49099350543262,12,8
"6047",28.0794716339969,8.93360029415941,12,8
"6048",23.5087750785496,5.95319294102034,12,8
"6049",26.9414996024709,10.5020763224924,12,8
"6050",26.9219336012505,7.13182569031102,12,8
"6051",23.6821976971495,6.86819770307536,12,8
"6052",23.3868063924238,8.81643339804999,12,8
"6053",25.0582637205265,5.98206612010161,12,8
"6054",18.6562833661603,7.55050865124699,12,8
"6055",24.2269161231634,9.66318798975815,12,8
"6056",26.471140303199,4.92366786812148,12,8
"6057",21.70628795151,7.27602418412469,12,8
"6058",23.6914615820629,8.11783741150707,12,8
"6059",24.4145302057559,6.06347232193933,12,8
"6060",21.2195928741741,9.97718504965953,12,8
"6061",17.8228634395857,6.24613075761884,12,8
"6062",24.9905545931097,7.76052761031063,12,8
"6063",19.7399458098824,8.70086362905462,12,8
"6064",22.0945788385515,6.91462448489552,12,8
"6065",17.7068011309632,8.72425841895218,12,8
"6066",26.0620392678891,7.91944149294511,12,8
"6067",22.2383734507903,5.62621304169112,12,8
"6068",22.4004938167799,6.22833265591157,12,8
"6069",24.2327494039277,6.82494300967719,12,8
"6070",24.3193670626916,2.99796832980942,12,8
"6071",19.4175473060424,6.55999207143801,12,8
"6072",23.4060878211786,6.85416380101071,12,8
"6073",20.1496540450865,8.20234100745596,12,8
"6074",23.911442988518,5.64305997981538,12,8
"6075",25.8072847187178,5.71325933543022,12,8
"6076",20.194988741182,7.96000914730498,12,8
"6077",19.6377176349282,3.43485431413786,12,8
"6078",20.1814119422354,8.44239154416405,12,8
"6079",24.1480260083604,4.93414848405375,12,8
"6080",26.9043740765112,6.15618076291262,12,8
"6081",25.899734453242,4.16444902101579,12,8
"6082",21.7835645746696,6.47788654206431,12,8
"6083",18.7811567699793,3.03767061375504,12,8
"6084",25.2300384023992,5.17934464411562,12,8
"6085",24.6644683966446,7.58494941896575,12,8
"6086",22.2665533394909,5.26841283372642,12,8
"6087",27.1024519193527,9.14808769954295,12,8
"6088",29.5449967429721,4.32491452590529,12,8
"6089",24.5142744213467,8.17181612275376,12,8
"6090",23.0089736274713,6.07884285486845,12,8
"6091",18.3448961009181,2.3724810135531,12,8
"6092",24.1853044604615,7.09357040577717,12,8
"6093",21.3517431351412,8.90131756051541,12,8
"6094",19.9597398817594,7.53197977284876,12,8
"6095",14.0309392008675,7.47114861182503,12,8
"6096",25.8479365578145,6.23259680481759,12,8
"6097",27.0363809524642,6.5544880047039,12,8
"6098",25.3743126857933,8.26277115428872,12,8
"6099",23.7254635870661,8.89971366732431,12,8
"6100",19.413955987902,7.29692300696607,12,8
"6101",20.3260883403718,4.594422444454,12,8
"6102",24.543367408091,10.8355193330929,12,8
"6103",20.5120016583175,6.69691966840222,12,8
"6104",21.5861144387506,4.64923401134008,12,8
"6105",21.4391108372818,9.28547023213637,12,8
"6106",25.8591244839222,4.15956898654132,12,8
"6107",23.4813822308619,3.88832265024781,12,8
"6108",18.5991405069872,7.97327865092089,12,8
"6109",29.759925712406,5.06787765496556,12,8
"6110",22.5332580719409,6.59249774508159,12,8
"6111",16.0089746293541,6.66579697597388,12,8
"6112",22.67489086563,6.19878921414049,12,8
"6113",31.1092222258918,3.8052497916232,12,8
"6114",24.4138984533032,8.01780775891067,12,8
"6115",23.0859284661484,5.4129917293705,12,8
"6116",23.7161432101872,6.30123220583537,12,8
"6117",25.8016376192501,9.14183308673738,12,8
"6118",20.6434600631051,3.93574115234997,12,8
"6119",19.5113567677939,7.21500410916798,12,8
"6120",19.5196388154342,5.96573178741714,12,8
"6121",25.5193539318102,7.10778533358296,12,8
"6122",18.6740737795993,8.39543244986466,12,8
"6123",18.5768728414183,6.35903732923685,12,8
"6124",22.1471406844658,7.41368539860953,12,8
"6125",21.2755350635102,6.90884145654884,12,8
"6126",23.6486922944277,7.21373438930829,12,8
"6127",24.2094809812666,7.34406308884294,12,8
"6128",24.3997874280491,6.40183215600921,12,8
"6129",19.8482029923001,7.29650890115378,12,8
"6130",20.3950181782767,3.87483902754342,12,8
"6131",20.419802926718,6.46586054958312,12,8
"6132",22.6724128919829,5.97263319867573,12,8
"6133",25.506403652885,9.00573280706281,12,8
"6134",20.6562614800193,3.67098315950442,12,8
"6135",19.4416469047065,5.94943936512525,12,8
"6136",20.8127406802059,3.94946257298431,12,8
"6137",17.9097666141165,6.74904254341927,12,8
"6138",19.4365386281413,5.3933406340832,12,8
"6139",21.0537844207748,5.96115053435195,12,8
"6140",18.3577503529256,8.26960761311197,12,8
"6141",27.5385327519577,8.62245402194451,12,8
"6142",24.1213577377049,5.43995634555603,12,8
"6143",15.9037977741037,6.0757528546824,12,8
"6144",26.3395749262779,4.43780737493571,12,8
"6145",23.5576495351659,7.49816560859513,12,8
"6146",22.5305981632852,8.24725558315388,12,8
"6147",24.4708506569134,6.12323839953105,12,8
"6148",19.1959751067684,5.50567157976639,12,8
"6149",22.1966757329919,7.96909832382646,12,8
"6150",23.3770968727165,4.93089116411785,12,8
"6151",19.4459297525967,6.57948940753555,12,8
"6152",23.7639336124994,8.31354784345377,12,8
"6153",18.2524585304686,6.88279826323192,12,8
"6154",25.5043118752395,5.77051358191237,12,8
"6155",25.1019098079231,6.86531612813508,12,8
"6156",23.6481114872315,5.77793135112407,12,8
"6157",14.6619516420685,5.97296054052632,12,8
"6158",10.0932382988547,7.98453184966364,12,8
"6159",16.42201762036,6.68340345182787,12,8
"6160",23.634610089594,6.26217264183896,12,8
"6161",19.0587799931879,8.28517153665505,12,8
"6162",27.821963737113,7.26459756249286,12,8
"6163",19.1550023876103,7.97327865617987,12,8
"6164",23.8614889597026,10.3911312295189,12,8
"6165",23.1233680156229,3.68903721939243,12,8
"6166",22.7384533122965,5.69966638571207,12,8
"6167",27.1008533439947,2.90105436012383,12,8
"6168",29.2248744401103,3.45876290273576,12,8
"6169",25.8763024375526,6.49278822278415,12,8
"6170",19.4620537703345,3.92066141724887,12,8
"6171",22.598789629216,6.80976496948755,12,8
"6172",23.1367133486591,6.28756014119699,12,8
"6173",19.9568838209481,8.25416335159258,12,8
"6174",24.9973173653047,4.50916256388445,12,8
"6175",29.2184669182536,6.63942380333135,12,8
"6176",23.3885140621865,5.24143658249044,12,8
"6177",19.8295153549129,5.35647281220027,12,8
"6178",26.4380795969788,6.91092646424264,12,8
"6179",20.2427149092764,7.51129197425361,12,8
"6180",26.3862507447379,8.49134820429888,12,8
"6181",21.1978932607319,8.34415259995482,12,8
"6182",22.0317952416577,7.08251226062403,12,8
"6183",20.205729548215,6.4656703430046,12,8
"6184",25.7024441746864,7.3672582053868,12,8
"6185",23.5374501031702,3.3931066381993,12,8
"6186",24.6408406896751,7.41823440635828,12,8
"6187",20.9963559933405,4.65021096836373,12,8
"6188",17.0382721271441,5.7873668174764,12,8
"6189",18.6801500166372,5.37160218217402,12,8
"6190",32.1251957086465,4.07700619464549,12,8
"6191",21.5233544664789,9.61428042502335,12,8
"6192",16.3604841235937,8.78059292027884,12,8
"6193",18.5675579460481,4.95720829434586,12,8
"6194",22.994036047587,5.81978129048987,12,8
"6195",23.6730870543631,6.96778817110285,12,8
"6196",18.0314430913986,11.6257220766485,12,8
"6197",24.8733998227406,7.15641808793922,12,8
"6198",19.0916641362117,8.46895182363026,12,8
"6199",24.4678214451113,7.61045432613439,12,8
"6200",23.7634451055126,8.36073875896485,12,8
"6201",19.9395590552771,7.02102645555729,12,8
"6202",20.3816005462893,8.06270114764114,12,8
"6203",21.3435811049851,5.74673589813077,12,8
"6204",18.0926007146886,6.23722351413804,12,8
"6205",20.6999352179371,7.23654927313352,12,8
"6206",23.139970666436,8.46374537962167,12,8
"6207",16.6628349812871,9.63812646911911,12,8
"6208",15.0040432271298,5.94792807216063,12,8
"6209",20.0082005722601,5.42041405390658,12,8
"6210",19.8326372545912,4.36118421975305,12,8
"6211",19.7275337951482,5.6515449955221,12,8
"6212",25.428328645687,11.2294626050343,12,8
"6213",18.8698576031846,8.02842349502063,12,8
"6214",22.1818623787443,6.34045316603749,12,8
"6215",21.6196474259538,7.3945225626282,12,8
"6216",21.8311379513164,4.40966367108312,12,8
"6217",23.284271244398,3.41456439222303,12,8
"6218",23.1357705194162,6.84975711872158,12,8
"6219",18.5871456292068,5.48943120970652,12,8
"6220",25.2101803723965,9.10323054122052,12,8
"6221",25.6320056421202,9.57858761974558,12,8
"6222",20.0575235617025,4.26299758524856,12,8
"6223",23.9807463107658,9.07819413012252,12,8
"6224",22.1544001610363,6.918764783113,12,8
"6225",24.7533608448015,5.7947253763316,12,8
"6226",16.074760824266,6.81154206564793,12,8
"6227",19.6348851371037,4.2347815190673,12,8
"6228",25.5941062511042,6.19322746575683,12,8
"6229",24.4209908964939,9.04376107322711,12,8
"6230",17.5591023245487,8.22958662827029,12,8
"6231",21.9727639859917,8.25685224924511,12,8
"6232",24.5908654209735,2.32061193419347,12,8
"6233",18.560425094692,6.7481759593782,12,8
"6234",22.4781468479743,6.64957615485675,12,8
"6235",18.1752528296856,8.62947563000975,12,8
"6236",20.2029352387716,4.7552393610567,12,8
"6237",19.8603503998477,4.3329676504521,12,8
"6238",25.128403681216,2.56070816688728,12,8
"6239",24.520470118513,4.16351517781208,12,8
"6240",23.6359982145749,7.4005761104922,12,8
"6241",17.9640532314762,7.5680049106969,12,8
"6242",16.8379336223724,7.06157069449379,12,8
"6243",19.7597668221515,9.39990722711937,12,8
"6244",23.4276055156874,8.92577028737346,12,8
"6245",20.8989754200058,8.50388792182228,12,8
"6246",22.3863263908047,5.05796228712179,12,8
"6247",26.4763540845649,4.96205528244351,12,8
"6248",26.0931833780449,8.71936241492987,12,8
"6249",21.784018293596,7.30640065018953,12,8
"6250",19.1198155315466,10.0015717990853,12,8
"6251",22.3083473626386,7.74563965499442,12,8
"6252",22.3917585130911,5.32273737093564,12,8
"6253",19.7364086969936,6.84674976257664,12,8
"6254",23.5129300404256,5.56720318802373,12,8
"6255",18.6434777131446,5.71226496724345,12,8
"6256",22.8958029290501,6.11487535281312,12,8
"6257",18.9620014864568,8.24291246235891,12,8
"6258",17.9383535471647,5.98439178211548,12,8
"6259",18.9520383985698,6.80644612545922,12,8
"6260",14.6344830005879,3.67623401144797,12,8
"6261",26.1936249425579,5.75251344276582,12,8
"6262",21.0286113555534,5.67492089529228,12,8
"6263",12.121441879826,6.11977692986326,12,8
"6264",21.7100750175548,7.7957132648509,12,8
"6265",30.6379600351716,6.32510324895169,12,8
"6266",26.9380390581162,5.29994176344524,12,8
"6267",21.6181738387347,6.57146484205224,12,8
"6268",25.0287894921041,4.53372540812533,12,8
"6269",26.9617953832506,6.71985540501757,12,8
"6270",19.4416639232098,7.35841737713986,12,8
"6271",20.0786979363653,2.41066816450733,12,8
"6272",23.3112773252934,2.98012923443664,12,8
"6273",18.5811745201646,6.07793571782506,12,8
"6274",25.968975638624,7.03827255310104,12,8
"6275",24.6965697334343,7.20971797541383,12,8
"6276",23.7207701959096,6.84934128061359,12,8
"6277",25.4134888186037,5.05818764999225,12,8
"6278",24.1193271637649,6.48217479565133,12,8
"6279",16.5646321373818,7.35921103202078,12,8
"6280",21.9678134435254,8.3672486475132,12,8
"6281",21.8533092475113,6.82827587576033,12,8
"6282",20.3920972186401,6.4592182597897,12,8
"6283",23.8570109659823,10.2824990083909,12,8
"6284",17.6833002159259,6.71796744779795,12,8
"6285",17.7172288345738,5.51267231216316,12,8
"6286",21.9914042405323,8.29746574095648,12,8
"6287",17.4900407688682,3.90025342255446,12,8
"6288",23.7060565624607,7.61121016939693,12,8
"6289",22.7892759128861,6.93925551590299,12,8
"6290",21.4287817573442,8.01975504687955,12,8
"6291",21.9489773819129,4.14832464994396,12,8
"6292",22.7591720841841,6.32200168276347,12,8
"6293",19.4560157597229,6.30438253702949,12,8
"6294",19.7663464205325,5.64961345427554,12,8
"6295",23.6388298522064,7.17428038523572,12,8
"6296",24.6457636483327,6.21657369422475,12,8
"6297",25.9680358526954,10.0070723825003,12,8
"6298",29.311391979023,6.81675451374212,12,8
"6299",21.220927470135,5.67520605322867,12,8
"6300",23.7867797408679,8.97776681413869,12,8
"6301",25.675689225785,5.94991428748509,12,8
"6302",24.1646547373981,9.1176764738988,12,8
"6303",20.5016890745096,6.24266255652147,12,8
"6304",20.0364597440222,6.36454118322392,12,8
"6305",19.6357762818733,7.56713423440094,12,8
"6306",22.21740086212,9.83494499731836,12,8
"6307",22.3422452272009,5.75737220097468,12,8
"6308",23.8805422246926,7.23496836397005,12,8
"6309",19.1711850528256,6.0733691991286,12,8
"6310",18.9174457077369,6.87101052981673,12,8
"6311",21.253663657683,8.22051712545819,12,8
"6312",29.5533483579144,7.87680395278083,12,8
"6313",16.9342737203105,12.0450667303216,12,8
"6314",26.0084769709696,7.1701027766043,12,8
"6315",24.8994926647436,4.26920650776932,12,8
"6316",19.5907512149586,4.63513918740406,12,8
"6317",21.3776819333802,7.46878486174068,12,8
"6318",21.5839621897035,10.2847312583477,12,8
"6319",15.3186800863519,8.4097514268386,12,8
"6320",19.5275513912105,5.62791952281275,12,8
"6321",19.4770574846236,6.33247331174479,12,8
"6322",20.7563898289044,5.26541334955938,12,8
"6323",19.0313084311208,6.20328889754734,12,8
"6324",21.0403043290231,6.73520881872614,12,8
"6325",20.832888773498,6.65802700763183,12,8
"6326",22.7306871053264,6.36521866750559,12,8
"6327",23.1225348095176,7.7810754468041,12,8
"6328",18.7171179182392,10.4669209838059,12,8
"6329",21.4297053670107,4.54445572466876,12,8
"6330",20.1549761415248,6.69645334572491,12,8
"6331",18.6408712996787,8.62835528162507,12,8
"6332",26.1497466788883,5.03960686747598,12,8
"6333",22.8434597950446,6.25929253471262,12,8
"6334",24.4775265290762,5.96210493292001,12,8
"6335",20.2921937684485,8.4720825677736,12,8
"6336",15.7868629933575,7.92972334593811,12,8
"6337",20.1157392761335,7.57219447945294,12,8
"6338",20.5001110734245,5.15774059482157,12,8
"6339",19.3905754260314,7.21356447766446,12,8
"6340",23.2834088546354,4.63912786146802,12,8
"6341",21.6451453411925,5.23239893094018,12,8
"6342",23.3916534540578,6.06996097948244,12,8
"6343",22.6912838153576,6.46237497941023,12,8
"6344",24.335716495215,6.18800842909888,12,8
"6345",22.6866142763712,4.90859319005352,12,8
"6346",24.1584250909173,6.43124985878074,12,8
"6347",22.2973002524751,6.67132349812823,12,8
"6348",25.0318200834764,5.14088284906797,12,8
"6349",13.9460169353222,4.58609662892989,12,8
"6350",22.0304345918046,6.54693245017799,12,8
"6351",20.2582838483674,5.4621523933543,12,8
"6352",24.190209922326,6.31873321192505,12,8
"6353",21.9896033096299,2.31076337073475,12,8
"6354",21.2596907536528,5.36542425566185,12,8
"6355",26.5887907955879,6.70375708414639,12,8
"6356",15.5068403536532,6.62275508424693,12,8
"6357",19.6614776418991,7.39849693534875,12,8
"6358",21.8653975741563,8.50976768417484,12,8
"6359",25.4938524011862,7.32918660976379,12,8
"6360",22.9882076539322,7.64966832215855,12,8
"6361",15.9669155545932,6.33969030318286,12,8
"6362",23.2068650829519,5.01849983525909,12,8
"6363",17.1024688746746,4.48548701524778,12,8
"6364",27.5387655456722,6.97960999501689,12,8
"6365",29.0078535861467,5.26816594455379,12,8
"6366",26.0822494331512,7.85758000898593,12,8
"6367",23.8592449830581,7.29606438789724,12,8
"6368",21.5906462343856,4.99146554950212,12,8
"6369",19.9203612822598,7.09106037240155,12,8
"6370",24.0039702327152,9.45398617607093,12,8
"6371",22.3339790196557,7.95635284868116,12,8
"6372",25.2980704791686,3.24281686398618,12,8
"6373",19.5311248961012,6.95357750237914,12,8
"6374",24.878020447426,2.69769785812381,12,8
"6375",30.2567123161828,4.8847040649086,12,8
"6376",24.4239064776771,6.55997153147896,12,8
"6377",23.2113871421631,5.04617772553564,12,8
"6378",20.786238010592,4.12860782683003,12,8
"6379",21.003056458443,5.39116757271281,12,8
"6380",20.6989020572232,10.1654086533152,12,8
"6381",15.9125122737326,5.9894554583569,12,8
"6382",20.6763322536241,8.11304063738878,12,8
"6383",28.6255802705686,7.00977179418578,12,8
"6384",19.0734895787231,4.85160748688262,12,8
"6385",19.3132151343204,7.4799179104651,12,8
"6386",27.8409213168459,7.30820594779001,12,8
"6387",21.9673733302958,8.39310689375343,12,8
"6388",15.1400122120018,7.15321575971691,12,8
"6389",21.333211758418,6.21005421805603,12,8
"6390",22.1216843211807,7.06232886386566,12,8
"6391",23.5046792969153,6.69121268917813,12,8
"6392",23.5091445892249,6.10797114327407,12,8
"6393",23.7937015385139,7.8614876007195,12,8
"6394",24.5783100137627,7.07320022583241,12,8
"6395",19.6290195647564,9.11577491744678,12,8
"6396",18.3106144569956,7.83561093183206,12,8
"6397",21.6959885184911,8.63879282938757,12,8
"6398",24.7665273052073,5.39578901992827,12,8
"6399",25.5510911606689,4.08282759235397,12,8
"6400",27.1133304939243,6.86774017025601,12,8
"6401",21.7641428167163,7.33601213358888,12,8
"6402",24.1714966019346,4.16337096178597,12,8
"6403",21.896839553829,10.8509248350521,12,8
"6404",26.33453557123,7.21423623509212,12,8
"6405",26.8964984782762,7.90538122185595,12,8
"6406",23.5238953244235,7.3542685498262,12,8
"6407",17.4973189355034,8.59384054537265,12,8
"6408",17.9036965592145,6.28775728664038,12,8
"6409",22.6550468512861,7.03563879188025,12,8
"6410",21.2910040427547,6.97353795454981,12,8
"6411",23.8211005314338,6.72140841564083,12,8
"6412",21.7616581479027,7.15742241341547,12,8
"6413",22.5040726300804,6.29634368073392,12,8
"6414",23.7380416541639,8.67359671150781,12,8
"6415",21.373433374726,9.90926666841445,12,8
"6416",22.6320299117364,7.43328061277634,12,8
"6417",18.8299109382514,7.17495107337075,12,8
"6418",24.2849048759375,6.52576961571711,12,8
"6419",15.190343116972,4.39293827736141,12,8
"6420",24.9548444845023,7.92389479885008,12,8
"6421",22.672232482318,4.25251756363943,12,8
"6422",25.8551747579826,6.32977431205482,12,8
"6423",28.1307432847893,7.35077829638739,12,8
"6424",23.2996170234583,6.19564756413084,12,8
"6425",21.8109236619444,5.60926079795271,12,8
"6426",26.5589162265898,8.08054133224039,12,8
"6427",20.1520976406404,4.73954208710418,12,8
"6428",28.4033965076737,5.56302263222599,12,8
"6429",21.4367038997519,4.36924667576203,12,8
"6430",25.8927481010551,6.4837488261633,12,8
"6431",25.1063671498026,4.75180542790639,12,8
"6432",14.8149024707626,5.79515599031047,12,8
"6433",28.8925531450711,5.28168489236253,12,8
"6434",20.9281355519281,5.85631644153821,12,8
"6435",23.1789878563846,6.99970800950385,12,8
"6436",25.232945173902,4.60374843618898,12,8
"6437",24.827963048342,6.95741766961712,12,8
"6438",16.6963651911996,7.45152069451961,12,8
"6439",21.3593179635781,8.54492136323496,12,8
"6440",24.7952256181274,3.35561346187254,12,8
"6441",19.8783818386956,9.57947700947098,12,8
"6442",21.5078779423306,5.46082037087891,12,8
"6443",23.5174826470172,7.70661021490133,12,8
"6444",17.0330853773635,5.0561266521039,12,8
"6445",23.2588135393271,5.04988586146943,12,8
"6446",25.0089900106278,12.2646695381646,12,8
"6447",19.6502178429654,8.23035569397004,12,8
"6448",21.3311937741931,7.24875889673063,12,8
"6449",22.6879612499739,5.40889180625912,12,8
"6450",23.4051001466226,5.40227634198368,12,8
"6451",18.1251888900233,6.54092972051328,12,8
"6452",23.6202087805674,9.61804913641626,12,8
"6453",28.8673951056143,4.62234603102522,12,8
"6454",26.0755297122567,9.13649080183442,12,8
"6455",22.5398886520134,5.37670972554324,12,8
"6456",24.441102611081,7.4356068388182,12,8
"6457",25.2245599153643,9.25133572076202,12,8
"6458",18.3680978549439,4.6911721043095,12,8
"6459",21.7740000985428,4.3328406040993,12,8
"6460",23.196333484625,8.18073976152472,12,8
"6461",26.032687022699,5.3216576261395,12,8
"6462",26.7254192463585,7.22401314731125,12,8
"6463",16.1156196600029,9.56795779189438,12,8
"6464",21.0458236495888,6.25383246636722,12,8
"6465",22.9719877694181,6.49093148660427,12,8
"6466",13.1389161161421,6.98907913146968,12,8
"6467",16.6778747399697,4.61653758809524,12,8
"6468",26.2661597661908,6.02496585270647,12,8
"6469",20.2075700727982,7.3623074472446,12,8
"6470",25.9842998894603,6.62804398793932,12,8
"6471",24.1748106985724,5.02422695052061,12,8
"6472",25.9912020485147,6.16444369006951,12,8
"6473",18.732435649312,9.11974476555405,12,8
"6474",26.7607310439463,6.42032517087653,12,8
"6475",22.2036968098951,5.28170161843008,12,8
"6476",20.6892545610342,6.84358108538382,12,8
"6477",21.4412298527163,5.60284914056988,12,8
"6478",23.0486731439453,8.23954275097665,12,8
"6479",30.3532187671838,4.44212371959315,12,8
"6480",28.1724732640084,7.38628051507404,12,8
"6481",27.7103837145748,7.57930671666609,12,8
"6482",22.2245392022159,9.06429504773665,12,8
"6483",17.275318390463,8.25991731926084,12,8
"6484",20.2324082981739,7.2550334292588,12,8
"6485",21.08064778738,5.59300129753613,12,8
"6486",14.8650636017564,6.00749018117814,12,8
"6487",16.9194766031222,6.19837340168582,12,8
"6488",20.1439695271381,4.64106810968371,12,8
"6489",18.8799690240481,10.6174396039316,12,8
"6490",19.5062822134651,5.59333738010302,12,8
"6491",16.3807452620329,3.44607050452475,12,8
"6492",24.2621659114054,6.80834638355806,12,8
"6493",28.1633845524726,6.9351942141897,12,8
"6494",27.6447573868174,5.88066788483103,12,8
"6495",19.5325552193025,8.16916719872639,12,8
"6496",20.7764909729321,5.33664407372193,12,8
"6497",30.9879318762097,5.71371619528994,12,8
"6498",19.4113440581253,8.24987209974862,12,8
"6499",21.6761036739268,4.46861498830052,12,8
"6500",22.9272457404361,10.0371423894234,12,8
"6501",21.049911993997,3.72762441909423,12,8
"6502",15.6710214626047,6.13308887451075,12,8
"6503",17.4955578537753,8.99130187517723,12,8
"6504",19.2303933132479,4.68594343546899,12,8
"6505",21.0372461602503,6.78014137815613,12,8
"6506",20.5639419301882,4.07064126671076,12,8
"6507",20.4160320989012,6.10641493168547,12,8
"6508",16.5577747827543,5.42725101117929,12,8
"6509",16.5655294268653,5.39528749365059,12,8
"6510",25.9997629303854,5.08965817622157,12,8
"6511",22.3849812742419,7.1285728651017,12,8
"6512",21.4717878294395,8.15437579092435,12,8
"6513",21.0278528551247,7.17589274816969,12,8
"6514",20.1761044186319,5.29246416492681,12,8
"6515",20.1103451165016,8.74138772196814,12,8
"6516",23.9539356952534,6.23090184874504,12,8
"6517",22.1485288524399,7.99424834284719,12,8
"6518",17.5140119543411,8.73048625480636,12,8
"6519",18.2544255144182,7.93966271175268,12,8
"6520",21.7977522128415,6.8453433079466,12,8
"6521",24.1052869311009,6.70111072986885,12,8
"6522",24.5895197814784,8.58030560206304,12,8
"6523",27.1034669932483,4.45298861138992,12,8
"6524",18.5902708434626,8.64730366147445,12,8
"6525",28.0073443924216,4.10667580994762,12,8
"6526",17.6394301885989,7.79927451778251,12,8
"6527",25.6013362318224,6.757652334352,12,8
"6528",24.8116997813954,8.48577653590751,12,8
"6529",21.5252018377866,3.16182607779395,12,8
"6530",22.3576550247983,4.30825391134386,12,8
"6531",20.382457700006,6.5821328255631,12,8
"6532",20.7700842548278,11.7719720556425,12,8
"6533",23.2928275676159,3.82643061790509,12,8
"6534",22.2316004900611,7.62586618094345,12,8
"6535",24.4168419786571,8.1737047665009,12,8
"6536",20.1472788007357,4.69534635651357,12,8
"6537",23.0970409515841,6.45047276945795,12,8
"6538",19.6787534168849,7.44845260638427,12,8
"6539",19.4941061111863,7.12748593287682,12,8
"6540",23.0139625481764,5.38504940723138,12,8
"6541",20.0389247124877,6.4284022824793,12,8
"6542",20.5574220768027,6.02851853567684,12,8
"6543",27.4752493148367,5.40071925882053,12,8
"6544",21.5063445641228,6.47206115385863,12,8
"6545",28.0664113027932,3.5720091201782,12,8
"6546",27.6655072287566,7.90861039883145,12,8
"6547",20.2069522750236,8.67275577286638,12,8
"6548",24.9370762781778,8.61566484892585,12,8
"6549",24.2939520835997,4.27360272062629,12,8
"6550",16.463965695199,9.08890001470474,12,8
"6551",22.4706773440453,7.74481978055362,12,8
"6552",17.8232811454072,5.06499582348424,12,8
"6553",18.0084415397204,7.66808932975514,12,8
"6554",21.2443223643985,5.12522030909994,12,8
"6555",30.2198757059062,7.72249508546417,12,8
"6556",20.9936383933667,8.06116691033721,12,8
"6557",21.1178964743418,7.07318575765672,12,8
"6558",22.1891327573309,8.08440538461429,12,8
"6559",22.6640268190603,4.99186756833584,12,8
"6560",19.8386981697149,8.22392802869448,12,8
"6561",19.0416160440883,7.32041727662747,12,8
"6562",22.4061564406477,6.26142111673907,12,8
"6563",21.3493488903389,7.17950228440414,12,8
"6564",20.4533064108049,4.88152238626378,12,8
"6565",25.0461908824766,4.86632425111554,12,8
"6566",23.5581241232744,8.76018156783134,12,8
"6567",19.5218813384274,8.64945515090417,12,8
"6568",18.979110999075,4.22449350004219,12,8
"6569",27.6118669592178,6.42306438814658,12,8
"6570",14.5450718455131,7.97381318719073,12,8
"6571",15.1966248897597,6.16038480298292,12,8
"6572",22.0219477567926,5.8987384605467,12,8
"6573",24.6391911586531,7.17245745990108,12,8
"6574",16.5564873690378,8.4422523217554,12,8
"6575",21.5922038567744,5.15628626558967,12,8
"6576",24.0280368356331,8.0142051029543,12,8
"6577",22.9189578961058,5.13629583216628,12,8
"6578",24.3199687105442,6.20313380275647,12,8
"6579",19.2958374687051,4.21860243199563,12,8
"6580",20.2168364120459,4.41565451105442,12,8
"6581",24.3594849050497,5.31731993281173,12,8
"6582",22.3127139047442,6.59358483911175,12,8
"6583",21.8180206790346,5.1026307487726,12,8
"6584",23.5263349397622,7.40263709065945,12,8
"6585",14.6796613042983,7.18901711324333,12,8
"6586",29.3139283931843,7.21612550698843,12,8
"6587",19.8245248500239,7.90465438438337,12,8
"6588",26.5076433839789,8.69949514823677,12,8
"6589",20.0946201855147,6.91533550336068,12,8
"6590",17.8035807822892,7.84625495948309,12,8
"6591",24.0789136476387,7.4950005584946,12,8
"6592",21.6313776177884,5.18920090652876,12,8
"6593",22.5895110997642,5.39956213297867,12,8
"6594",23.6467496601158,5.88026992714939,12,8
"6595",23.0039039662948,6.3687569141772,12,8
"6596",22.7653833949222,8.03186220600604,12,8
"6597",30.0963363269589,9.9031130405444,12,8
"6598",17.6367718521046,5.63398071327631,12,8
"6599",15.2813744773512,9.75683351852466,12,8
"6600",19.5701490377896,6.79829428398306,12,8
"6601",24.6107964234113,8.80528325126825,12,8
"6602",22.2975801247102,8.55210831406576,12,8
"6603",22.874535718779,5.10342257914114,12,8
"6604",25.5378961361162,7.08643793683008,12,8
"6605",19.1540052356124,6.81282506611049,12,8
"6606",19.2118633048726,3.82385090040902,12,8
"6607",18.1717426369494,6.184395401476,12,8
"6608",23.197057007107,8.73344349799698,12,8
"6609",15.7363095148676,7.13503348598434,12,8
"6610",25.3196293283263,6.93172164412713,12,8
"6611",27.0877190303879,4.52174509274094,12,8
"6612",24.2253299299406,5.71252338577679,12,8
"6613",27.1752035097835,6.54247115405408,12,8
"6614",19.0599838829715,6.4817124542349,12,8
"6615",25.7908151567716,5.94242402125385,12,8
"6616",20.7988600849221,4.00729568426044,12,8
"6617",26.0930491531992,5.75356639993629,12,8
"6618",27.0554722373431,7.44113717575813,12,8
"6619",20.7568077390217,4.75932410239699,12,8
"6620",26.7059924802786,7.08993591967068,12,8
"6621",20.1726335845168,7.82169497749846,12,8
"6622",21.3905623449935,4.92389933945894,12,8
"6623",20.3043410853852,5.32381926581433,12,8
"6624",20.0425177665653,4.97817542268635,12,8
"6625",17.673541469805,8.55753267973141,12,8
"6626",20.1238870333214,7.58730228018424,12,8
"6627",19.2636379159178,2.91047807982581,12,8
"6628",29.1802788177905,6.34300234072691,12,8
"6629",17.9796548965287,9.06557322967459,12,8
"6630",19.7604324117293,3.09533352974602,12,8
"6631",18.8519904487733,7.59793014817837,12,8
"6632",23.1276642529984,9.3877213114414,12,8
"6633",25.2223490892071,5.694999247266,12,8
"6634",22.8046154157642,8.30559622196389,12,8
"6635",20.1768062006827,7.40067625314956,12,8
"6636",16.8962677041483,4.7086538116898,12,8
"6637",20.796752263596,5.45610826159297,12,8
"6638",18.0190809285874,4.76109489961987,12,8
"6639",21.6846879203984,8.25009989842997,12,8
"6640",29.6819685476633,7.33821671849125,12,8
"6641",18.67778822145,6.94495366794855,12,8
"6642",21.498492390684,4.58961582582502,12,8
"6643",24.3300573585633,6.12503828409931,12,8
"6644",15.3931116902022,8.25662508721955,12,8
"6645",21.3145098045544,6.68102318318049,12,8
"6646",18.0584785720122,8.85408078516113,12,8
"6647",22.2459592652881,9.90310643443376,12,8
"6648",23.5254403469221,5.90387840255508,12,8
"6649",22.0655216265302,6.83289848260976,12,8
"6650",20.8197114344918,3.72667613280967,12,8
"6651",21.032709972061,9.67424136519124,12,8
"6652",21.8721606741898,7.51861065626579,12,8
"6653",21.6665702221137,9.38567957270152,12,8
"6654",27.2440956286844,6.11422334920393,12,8
"6655",21.8316916829863,6.45851490892843,12,8
"6656",25.6830886086106,2.61546195179569,12,8
"6657",22.3021971037371,7.01882539613418,12,8
"6658",22.4643313554788,5.41738779767831,12,8
"6659",27.4210280894439,6.59480903561125,12,8
"6660",20.277380996272,5.98849966543891,12,8
"6661",16.087073556568,6.07248877453275,12,8
"6662",22.3958511499803,7.20289012924564,12,8
"6663",27.0318849352144,5.2219310525293,12,8
"6664",23.3047700522706,6.81404207665081,12,8
"6665",28.1451028189697,8.2082590355963,12,8
"6666",25.3156903199259,5.99204089506316,12,8
"6667",15.7074850739813,6.30257723533516,12,8
"6668",26.8078620671102,10.3230938982312,12,8
"6669",23.8856958715249,10.2234754545434,12,8
"6670",26.4605227860609,7.76378177683458,12,8
"6671",28.937121843152,6.61395036039549,12,8
"6672",25.9363812769017,6.18191371472966,12,8
"6673",25.9112002112406,4.73509258106108,12,8
"6674",25.8799083205643,10.4646469149138,12,8
"6675",15.7513718828884,5.97837819942043,12,8
"6676",23.9579191841545,6.33679768951984,12,8
"6677",24.7676370912719,7.46010133891423,12,8
"6678",23.6258787433879,5.76081126033863,12,8
"6679",21.6135560086559,5.83590328323452,12,8
"6680",22.9770716668285,7.75135919990084,12,8
"6681",29.059769665568,6.59868061611005,12,8
"6682",28.1605074212097,5.89790991907396,12,8
"6683",19.863280245589,7.76551993608452,12,8
"6684",19.367052513643,5.16282842192896,12,8
"6685",23.4155923586634,11.1762665085217,12,8
"6686",19.322155254999,4.58667713312201,12,8
"6687",22.1474357572769,6.47624958466684,12,8
"6688",21.6186996264462,6.32824275226082,12,8
"6689",16.0762010976839,4.86908107425226,12,8
"6690",24.4467752454194,4.86530045540283,12,8
"6691",22.1213480598548,6.81810024927352,12,8
"6692",19.1763295369211,4.29260938845104,12,8
"6693",22.5334269714804,6.55742862554703,12,8
"6694",21.789254659748,3.23366363640362,12,8
"6695",17.81559391064,3.83790970691862,12,8
"6696",17.8545499550274,5.38248346191549,12,8
"6697",22.2113995891877,5.16559121700854,12,8
"6698",24.3508140382481,4.13006318497557,12,8
"6699",23.1774366578469,8.91122677947315,12,8
"6700",21.1272489256363,6.7521531410853,12,8
"6701",18.6716337770288,6.00451938214749,12,8
"6702",20.0154237846432,5.35303346279906,12,8
"6703",25.3662848592846,5.95889261207491,12,8
"6704",23.5603492353302,8.24740247870862,12,8
"6705",25.0171534042467,7.3572011047503,12,8
"6706",24.0229733937274,6.17777639268246,12,8
"6707",22.1669683118713,5.75196289134484,12,8
"6708",23.3166159974157,7.77426492859754,12,8
"6709",24.3306825799163,0.405823604349333,12,8
"6710",26.9830915502793,6.69891377996287,12,8
"6711",21.9229378416887,9.12711084471131,12,8
"6712",24.142429200176,8.62277919197543,12,8
"6713",18.83802644159,4.99942588876853,12,8
"6714",14.4710185905018,7.0979761869978,12,8
"6715",21.0003184505975,6.29909513205874,12,8
"6716",21.1004121792879,3.42102848410104,12,8
"6717",28.0651591015149,7.3963733708728,12,8
"6718",24.147048875442,7.19602001064131,12,8
"6719",24.3137592332411,6.58240607838961,12,8
"6720",22.2921497834364,8.77008961774902,12,8
"6721",18.3959037315327,2.7156609549993,12,8
"6722",22.7064696694402,6.47021105830162,12,8
"6723",20.3750225913176,6.92991858267562,12,8
"6724",23.3003994154674,6.2327665280388,12,8
"6725",27.7443384763979,5.00600917454441,12,8
"6726",22.1100690180419,3.80530197182441,12,8
"6727",24.9309802837438,7.31841172320013,12,8
"6728",20.6895218894359,6.84755674496176,12,8
"6729",25.1499569849192,5.16225671269641,12,8
"6730",16.9185212054514,6.1458075697701,12,8
"6731",18.1908569416333,4.16727633714798,12,8
"6732",23.6279320058329,6.62803192720507,12,8
"6733",21.4184557448777,7.26488866641974,12,8
"6734",25.7138849153611,7.99259825384755,12,8
"6735",20.6402501899692,4.07085379873539,12,8
"6736",24.397546540611,4.8034285274696,12,8
"6737",23.1366350409487,2.75725129583837,12,8
"6738",17.7066640160384,6.51112666945101,12,8
"6739",23.3668343298781,5.40340317688,12,8
"6740",24.7073248788379,6.19697882183381,12,8
"6741",21.8296272024115,6.49160973200322,12,8
"6742",19.8113241164701,8.5500492835614,12,8
"6743",24.492675742791,6.18028226088558,12,8
"6744",28.2369122915062,8.12750248739707,12,8
"6745",24.1541350858251,6.43744496949225,12,8
"6746",21.4856325931561,5.47897694658949,12,8
"6747",20.7628147706501,6.31005884481399,12,8
"6748",23.2227631248072,4.75230731794349,12,8
"6749",24.037778919891,6.41333881240369,12,8
"6750",23.4863485824989,4.92199904623695,12,8
"6751",15.0948320489527,10.5893570137577,12,8
"6752",25.9675666634615,8.57141995002316,12,8
"6753",21.2973036175013,5.28800803933993,12,8
"6754",25.0606194412866,6.32216555645243,12,8
"6755",19.7740922269633,6.88046065967407,12,8
"6756",23.6519781538137,8.32618174096678,12,8
"6757",25.8144685967369,7.64403953671382,12,8
"6758",25.1069407851445,7.86245334664251,12,8
"6759",24.7054403146516,8.6389743746941,12,8
"6760",22.9058313212883,7.6241092762448,12,8
"6761",23.0781614309228,2.22517006135545,12,8
"6762",30.1697287807475,4.58136331458555,12,8
"6763",17.3368084584553,8.21696086754511,12,8
"6764",23.6464915364623,5.47459616222427,12,8
"6765",21.152285728918,5.27002103997999,12,8
"6766",18.4304571894205,6.45512165303759,12,8
"6767",24.198642216511,8.38343575569823,12,8
"6768",16.9513522621294,6.23303016787665,12,8
"6769",22.9672434302793,6.73422959135118,12,8
"6770",17.4598362816551,4.4234749639096,12,8
"6771",21.0871053170334,6.4115311456386,12,8
"6772",17.7654895969729,7.40498127364635,12,8
"6773",22.7021693809984,8.42290529919889,12,8
"6774",23.5676298403675,7.90779104945376,12,8
"6775",17.5931785448665,6.44590781727184,12,8
"6776",23.2984855328233,6.73196069321922,12,8
"6777",25.6878215101727,4.39038345008135,12,8
"6778",19.4370512379369,8.97119563197516,12,8
"6779",28.6743477686199,9.58227843715008,12,8
"6780",28.5213505603019,7.00285625073643,12,8
"6781",22.9252531472754,5.92242074546064,12,8
"6782",23.0936442600979,5.20745411535078,12,8
"6783",27.1665309745853,6.21581071928887,12,8
"6784",20.4422079928878,2.63809992704318,12,8
"6785",18.7577935772088,4.67692270141267,12,8
"6786",19.6402883240519,10.3960191408916,12,8
"6787",18.2883647701647,4.7400385423309,12,8
"6788",21.2928404070622,8.64472667406437,12,8
"6789",27.4791428617392,8.62052467442318,12,8
"6790",21.6236475758655,6.15459580867411,12,8
"6791",22.420348394681,4.26678793063225,12,8
"6792",21.6084102379339,7.94234507412653,12,8
"6793",27.1588985645197,8.24285539897361,12,8
"6794",22.6072676929704,8.00595713188383,12,8
"6795",21.4274615133075,7.9922168620027,12,8
"6796",23.4153016464327,9.35124872758589,12,8
"6797",20.7520510198053,5.5304109751879,12,8
"6798",23.9319311578605,6.08222329400087,12,8
"6799",19.7483794302122,8.7409189731463,12,8
"6800",21.7245045275841,9.46921932854897,12,8
"6801",26.8335116922365,3.89864932783933,12,8
"6802",24.3742409129834,7.5482760072495,12,8
"6803",21.9163839733262,4.30901373335897,12,8
"6804",22.6418275304685,4.1132532576975,12,8
"6805",26.215383193423,7.35153715504961,12,8
"6806",21.892693910712,3.70888623321352,12,8
"6807",22.5859130257238,4.55422767890836,12,8
"6808",22.2233743127861,7.57664607758907,12,8
"6809",17.6248229043289,8.50220614082251,12,8
"6810",26.3980535620938,5.35045869555391,12,8
"6811",18.9853875541552,6.11455617438959,12,8
"6812",24.5324279320155,6.67967979184064,12,8
"6813",16.7986803283483,5.86731259992374,12,8
"6814",34.8183830337119,5.73645106211285,12,8
"6815",19.7379723451081,5.81965881958762,12,8
"6816",23.8714615005579,6.27640384786381,12,8
"6817",20.9406675976919,5.33840120850287,12,8
"6818",25.2786935088211,8.77197359791877,12,8
"6819",20.2405068316148,4.1969534832387,12,8
"6820",17.5412126572187,7.74901395268169,12,8
"6821",18.7038636192616,5.64577091672118,12,8
"6822",23.0237290940106,11.2362492725897,12,8
"6823",24.814343615517,4.17951192664667,12,8
"6824",19.108397817719,5.21025865039138,12,8
"6825",17.5397486495242,7.59438917153366,12,8
"6826",18.5045612061511,8.57173557574106,12,8
"6827",23.9652183613261,7.59877721008109,12,8
"6828",26.3656660392619,5.3827606765481,12,8
"6829",27.8992609014852,6.33567755465627,12,8
"6830",22.9834295119961,5.98986006194056,12,8
"6831",22.4242370542109,4.41371432734092,12,8
"6832",22.1098259596572,5.6813633248383,12,8
"6833",21.8585646883859,7.7413434069,12,8
"6834",23.1378904940433,7.44574962491424,12,8
"6835",21.2639847734469,7.08062348357084,12,8
"6836",25.9686862541185,4.05190452169483,12,8
"6837",21.4480742263409,6.66184844940997,12,8
"6838",25.8439120154759,5.20625526981993,12,8
"6839",17.5638813867584,7.86940493206012,12,8
"6840",16.0281460748223,6.7282380605284,12,8
"6841",23.0980770592161,7.84940002566746,12,8
"6842",20.7482260598822,6.6223510208387,12,8
"6843",23.2348377758524,7.69654001553869,12,8
"6844",26.4933730183677,6.48465363520238,12,8
"6845",17.047555396,9.62786457584573,12,8
"6846",24.9859867937114,6.59357209930714,12,8
"6847",22.5220691825635,3.38993236876526,12,8
"6848",20.5524805211864,6.74552063181204,12,8
"6849",23.6326323793969,5.31290094220063,12,8
"6850",19.1053367566679,4.69645655659456,12,8
"6851",16.1930065698821,4.63827849426814,12,8
"6852",20.3974855979975,2.89557587263218,12,8
"6853",24.0717020088862,7.04117562753526,12,8
"6854",20.4132253046038,8.4006153117895,12,8
"6855",27.3341641336402,7.93657634370295,12,8
"6856",20.0794821622362,5.53444240937093,12,8
"6857",23.5814494965795,5.15699434548944,12,8
"6858",23.2681199622035,5.10302261447807,12,8
"6859",27.2677399318625,4.67755281591267,12,8
"6860",29.1999936473664,4.12596364183308,12,8
"6861",20.7779771573388,6.29283308881941,12,8
"6862",25.0361435369745,6.28724710112851,12,8
"6863",16.7444523496809,6.40128912686683,12,8
"6864",21.8855125036538,6.44649268994271,12,8
"6865",25.4082101869832,4.24266059074173,12,8
"6866",19.2848743687478,8.44572298323647,12,8
"6867",22.7008511676862,5.96054986234876,12,8
"6868",15.3412627686978,5.58836773140811,12,8
"6869",17.1135034750145,5.63863369600126,12,8
"6870",24.0098948775209,8.14145488982433,12,8
"6871",19.1383216913946,4.47891006381609,12,8
"6872",27.7987322802893,4.73322575268639,12,8
"6873",22.5780846272649,4.17710324323568,12,8
"6874",14.2748172129673,5.8453119784836,12,8
"6875",21.5934687171639,6.44612283733785,12,8
"6876",21.6038014490762,6.65065013110548,12,8
"6877",17.0988468816844,7.9000297949857,12,8
"6878",22.9715486801814,4.65521406685227,12,8
"6879",25.7760866931832,5.35406780207179,12,8
"6880",15.831156521892,7.92484419807571,12,8
"6881",19.4885875343938,10.3375429551933,12,8
"6882",27.1937972010371,9.3143195679675,12,8
"6883",19.2976805902716,2.30211515582919,12,8
"6884",24.6130019426597,8.43811050592403,12,8
"6885",21.2796897481597,4.42307115230341,12,8
"6886",22.9754557496974,6.75616338614921,12,8
"6887",23.1473083139363,4.63431191336976,12,8
"6888",23.1079839899148,5.85450219867271,12,8
"6889",17.6693325652657,2.41737584011935,12,8
"6890",23.7056546335723,9.00373908727936,12,8
"6891",19.6448753932751,7.78394090955804,12,8
"6892",21.9541527783455,5.52796380318962,12,8
"6893",19.5463386055974,6.5377845209064,12,8
"6894",25.1416070723723,6.10241905453986,12,8
"6895",24.3077373696783,6.57890981426358,12,8
"6896",20.0595814987564,8.23476757442715,12,8
"6897",25.1627965324219,6.10865256758032,12,8
"6898",22.4499629606904,2.41416443817413,12,8
"6899",30.2013801333289,6.90088035093153,12,8
"6900",19.9249227095422,6.89583577909304,12,8
"6901",22.4202059454654,6.17331165222448,12,8
"6902",25.3781511950027,7.58814982753344,12,8
"6903",18.7109266111064,8.15949992922828,12,8
"6904",17.1791078166663,7.33664789551653,12,8
"6905",28.7419666988959,5.65114768959461,12,8
"6906",19.6095554126407,3.71063727650523,12,8
"6907",26.6601012485349,6.1753489591431,12,8
"6908",20.4248304970778,4.87874751993372,12,8
"6909",24.6178677543325,5.20517375909271,12,8
"6910",22.747687234775,4.68306122216283,12,8
"6911",23.2610564055747,6.44838420469404,12,8
"6912",21.2713637880326,9.75781481093609,12,8
"6913",21.8051073378954,8.2147104799458,12,8
"6914",18.8019077003673,4.33525024403416,12,8
"6915",26.4435300303818,2.99987798901857,12,8
"6916",20.3380136677625,2.85808922618912,12,8
"6917",22.4077672524777,5.92289375744343,12,8
"6918",24.3849114373176,4.88826431121895,12,8
"6919",28.0291872764121,5.92442485861796,12,8
"6920",19.6780338464242,5.99208408416439,12,8
"6921",27.3846588751621,6.35731916219238,12,8
"6922",22.8291514784231,6.31366983433882,12,8
"6923",22.2547549544845,6.72981139024699,12,8
"6924",16.4426255317994,5.72921150557062,12,8
"6925",20.3220470641277,4.63626914891187,12,8
"6926",20.8473425826151,6.12350632072193,12,8
"6927",16.2266011010733,5.30221180598033,12,8
"6928",20.175242016937,8.25652335553699,12,8
"6929",24.1228447390975,6.42598022761133,12,8
"6930",21.8195384842423,5.09565262487083,12,8
"6931",20.9263372783506,9.45570285945838,12,8
"6932",18.7490904850514,8.16738338746545,12,8
"6933",21.8779477528822,5.16850460027452,12,8
"6934",22.3135735653177,5.36543895827688,12,8
"6935",34.8438145881791,7.43354717657978,12,8
"6936",19.6677866141268,6.51504583775714,12,8
"6937",20.8967830590196,8.51365236293499,12,8
"6938",21.6494923502238,6.75790978741848,12,8
"6939",16.6881137014501,7.69720129979296,12,8
"6940",29.7261966305601,6.13157347566622,12,8
"6941",20.8695036411491,8.94996414052072,12,8
"6942",24.50453561442,5.97505895596162,12,8
"6943",18.8356505511836,7.16797365650052,12,8
"6944",19.2647385633902,8.64942744971543,12,8
"6945",25.6793784087343,6.66266778719809,12,8
"6946",20.31251279074,6.59124831035257,12,8
"6947",21.8347645847972,9.77433244732864,12,8
"6948",15.6460608159364,4.62586066909306,12,8
"6949",28.6707906710843,5.53808879843794,12,8
"6950",21.5471295545949,6.27334175866608,12,8
"6951",18.1238769379146,8.00671467326802,12,8
"6952",19.2639001886244,3.35598629477013,12,8
"6953",20.6337713089195,5.51820417348681,12,8
"6954",30.8118890659627,3.53093893575871,12,8
"6955",25.5110587841228,5.04180290582191,12,8
"6956",24.2388605393151,7.79496238871595,12,8
"6957",23.1276381523212,5.24496007692783,12,8
"6958",22.5267444375483,6.35207647485257,12,8
"6959",28.1572764364948,10.6505415537103,12,8
"6960",26.8614867541897,9.56123145679584,12,8
"6961",14.7201817926939,4.55512371787828,12,8
"6962",25.4908038184436,7.19836253234903,12,8
"6963",17.9512548785204,8.77029475300142,12,8
"6964",21.3512808786992,6.14235136548547,12,8
"6965",17.46796621084,9.73818233919831,12,8
"6966",17.399522965315,8.65883470487524,12,8
"6967",25.0718385246615,5.79099138612182,12,8
"6968",24.7854482405078,10.5246021211403,12,8
"6969",19.8701745254664,4.36474160261451,12,8
"6970",28.9622179585831,5.5907896403178,12,8
"6971",25.7900107134796,5.74070111743055,12,8
"6972",20.5726980133685,8.63825665655912,12,8
"6973",24.6761182522729,4.94216783598007,12,8
"6974",23.1347555528357,9.66532678257833,12,8
"6975",31.3122861023216,5.14855727328442,12,8
"6976",24.5022282609366,8.14266694500568,12,8
"6977",24.5093728353601,5.76700635324049,12,8
"6978",24.40181097992,7.466199305611,12,8
"6979",19.0299213473059,2.59949477776874,12,8
"6980",19.9093054783272,7.58531308017939,12,8
"6981",19.6446894080946,4.24915487973882,12,8
"6982",17.1911844681914,6.07417353344667,12,8
"6983",19.7875710300728,6.1032969275078,12,8
"6984",20.0100306844465,8.84481406676229,12,8
"6985",25.7326402354661,9.2771581739041,12,8
"6986",25.8455485531772,7.63588720952187,12,8
"6987",17.116942145555,5.69123815055016,12,8
"6988",25.3614159633312,7.20183183149896,12,8
"6989",20.8296367842413,4.32936098266666,12,8
"6990",27.1140603063394,6.42813010094212,12,8
"6991",20.8599608529975,4.80486509353814,12,8
"6992",11.5644818232694,4.54003387930784,12,8
"6993",28.9468056375489,9.27688342460562,12,8
"6994",20.1219969798428,7.44625356753885,12,8
"6995",19.5341116846681,7.93719926693633,12,8
"6996",23.0014632840625,5.94335953247273,12,8
"6997",22.783653203524,7.63280830348758,12,8
"6998",21.8399550211262,4.31801466021012,12,8
"6999",24.7702695089583,4.99468596902069,12,8
"7000",21.2807188379433,8.73475105730112,12,8
