"X1","X2","component","subcomponent"
"10001",6.12353038647858,3.47828554288527,1,1
"10002",5.84967035633532,4.32951993174459,1,1
"10003",7.75878618950165,4.35243112347709,1,1
"10004",9.56503740251371,4.13428819955445,1,1
"10005",6.25426507485343,5.10398423118524,1,1
"10006",5.04658429748149,4.95022242791731,1,1
"10007",6.78878254058341,4.17441978628237,1,1
"10008",7.7136306266191,4.0910484409621,1,1
"10009",5.54474800152662,5.15081766000189,1,1
"10010",6.01470269132315,5.02089991367643,1,1
"10011",5.06581403177474,3.36564026273007,1,1
"10012",6.98358827834945,6.90282423974373,1,1
"10013",4.69991768739509,2.97690380510206,1,1
"10014",4.4582258253198,2.79004361553692,1,1
"10015",7.22245605034369,3.79273130183053,1,1
"10016",8.13385494946247,4.64688697121589,1,1
"10017",5.12792505775181,0.818315274753622,1,1
"10018",2.6978173917991,2.62535682578239,1,1
"10019",2.9411599482727,2.64937056470435,1,1
"10020",1.30266988131415,4.41445059904344,1,1
"10021",3.52326421564483,3.99619329343586,1,1
"10022",6.23316358109281,2.74231831347007,1,1
"10023",7.5374106398441,5.15599865745866,1,1
"10024",7.67111410954618,5.72778187922069,1,1
"10025",7.02649463782286,3.37806200426164,1,1
"10026",9.58340835821967,4.12904221321115,1,1
"10027",6.76245472386213,4.98208769713705,1,1
"10028",8.487331319877,4.15432144832794,1,1
"10029",3.98924919964401,4.9521531695876,1,1
"10030",5.64537401429463,5.31146339048873,1,1
"10031",3.52352076047275,-0.145157927606771,1,1
"10032",2.90714425261464,3.3066845071225,1,1
"10033",6.99973521069882,4.00116734857658,1,1
"10034",5.06637034850924,3.12983999253497,1,1
"10035",8.76983278805128,8.41241036483623,1,1
"10036",5.07459627884828,3.26699021859041,1,1
"10037",4.7834919029568,5.70020320080491,1,1
"10038",6.4705643787437,4.15333709637829,1,1
"10039",7.4143412267161,3.47184049757861,1,1
"10040",7.42427741916964,3.6334483262482,1,1
"10041",6.61761493944159,3.04965670873871,1,1
"10042",3.19931210961926,4.16125140539115,1,1
"10043",6.7857730706139,6.76278642384142,1,1
"10044",1.42614556583609,4.14699830122177,1,1
"10045",5.73021169867769,2.4612544075178,1,1
"10046",3.31283259575742,1.41780037837117,1,1
"10047",6.15604954861961,4.38179634826058,1,1
"10048",4.58620012754376,2.77123943326928,1,1
"10049",8.43798650795292,7.42767079621049,1,1
"10050",5.69698643744411,-0.0489701961456435,1,1
"10051",3.64961433109983,4.79528067482999,1,1
"10052",7.93279208139231,5.53373964756692,1,1
"10053",8.07271160512613,6.36857197313145,1,1
"10054",10.3042109904003,4.46901636925661,1,1
"10055",8.53508671450005,3.96368271871876,1,1
"10056",7.88074746430323,3.44055123824947,1,1
"10057",6.9982710954671,2.35561763764804,1,1
"10058",5.04058596407201,4.89093050496214,1,1
"10059",7.11175018307611,1.25786935061872,1,1
"10060",4.85478226031243,5.57723129693729,1,1
"10061",6.12053032678013,5.37436146348887,1,1
"10062",3.41799993699241,4.66798126778964,1,1
"10063",4.8274574712793,3.59961049617189,1,1
"10064",6.98773059272422,0.415191960394454,1,1
"10065",8.16518028792622,3.5003024798571,1,1
"10066",6.04827168853682,4.92730153715481,1,1
"10067",6.49486884815984,5.03239394202151,1,1
"10068",5.0703041363586,3.8750401514721,1,1
"10069",2.67521935385696,2.77298524557982,1,1
"10070",2.07907048357239,1.26683253182306,1,1
"10071",8.55833891582973,2.89335982440325,1,1
"10072",6.36911192906802,4.6351769491764,1,1
"10073",7.24107806837877,2.45229042035269,1,1
"10074",4.27269768745808,0.428585308090114,1,1
"10075",2.25954265892002,5.6652558241624,1,1
"10076",5.48924787241461,5.69768523486649,1,1
"10077",3.75302256568853,4.65675289087289,1,1
"10078",6.90122274018542,2.07676750741605,1,1
"10079",7.01579550701596,3.8823183035464,1,1
"10080",5.62565879388612,3.40391505384858,1,1
"10081",6.36157291631711,3.55806881751288,1,1
"10082",4.37114463417435,2.57050427769097,1,1
"10083",9.83638438801401,3.50915503722701,1,1
"10084",6.68339984484692,1.59028259818098,1,1
"10085",7.91388462633434,1.50170798679799,1,1
"10086",5.90512466069867,4.16795452055069,1,1
"10087",4.64460475272545,4.04322344988393,1,1
"10088",5.70248469237591,5.61372494383053,1,1
"10089",4.41414201978016,4.35552456607499,1,1
"10090",4.8370649836792,4.20821421682009,1,1
"10091",4.55683956856363,6.23035276950741,1,1
"10092",6.55913143423556,4.54544002443569,1,1
"10093",4.91013047519871,5.32185270303584,1,1
"10094",7.24268088915217,6.76377428087051,1,1
"10095",6.26664490905105,6.13138180300732,1,1
"10096",5.55576671226692,4.44070205683713,1,1
"10097",2.58544886838258,4.09773815708632,1,1
"10098",7.09784176217703,5.58241705502863,1,1
"10099",8.01316890207786,2.93179754451951,1,1
"10100",9.79615464060604,4.69928270506029,1,1
"10101",10.2610609401216,3.65205098360159,1,1
"10102",5.77559865707505,5.32749418649257,1,1
"10103",6.1666782640764,4.22870347332651,1,1
"10104",10.7767470554787,5.01978238072022,1,1
"10105",3.95439808666081,2.50446633865856,1,1
"10106",5.94182422368214,1.79096310756795,1,1
"10107",8.57580176080077,3.99468558357675,1,1
"10108",8.68388413692195,1.25164910353584,1,1
"10109",4.7505105991129,2.98803765939938,1,1
"10110",5.86646823447875,4.50018974104619,1,1
"10111",4.54295387929307,3.64776673768294,1,1
"10112",8.13302460883035,6.02482396801192,1,1
"10113",5.96632511343947,3.87372944841262,1,1
"10114",6.70856214567848,5.316764556844,1,1
"10115",6.24111708135647,3.51031081906608,1,1
"10116",7.73610755623761,1.0791734728634,1,1
"10117",5.5996395405748,4.98214251849794,1,1
"10118",6.56835212057764,3.6071558773091,1,1
"10119",7.08120559485276,8.36063059603388,1,1
"10120",2.52338880794029,3.4334896029901,1,1
"10121",6.80927515594623,4.13024527575616,1,1
"10122",5.94641612950074,2.22467585501976,1,1
"10123",9.33874872772224,8.58696976366168,1,1
"10124",5.07381349648105,5.28676338350175,1,1
"10125",6.42416738812445,4.1793766955665,1,1
"10126",6.89763737233013,4.94766530111751,1,1
"10127",5.47780554262266,1.77560691291458,1,1
"10128",6.97953660908524,5.09485182905986,1,1
"10129",6.1744489135677,1.27665969450489,1,1
"10130",6.79399472934444,3.75539915491991,1,1
"10131",6.2470739705618,-0.188457519805152,1,1
"10132",5.29109815488332,5.12105036608606,1,1
"10133",4.18644728294275,4.65509003586444,1,1
"10134",2.51080128016247,3.93821402862905,1,1
"10135",4.39417697406565,3.85639621621624,1,1
"10136",3.84425210229226,1.45229872476004,1,1
"10137",9.43621311104314,5.5201911560583,1,1
"10138",7.89792770749349,3.30864653615574,1,1
"10139",4.40860824412335,2.92152418116566,1,1
"10140",7.57103201441884,4.09432552261393,1,1
"10141",4.39619185258499,6.51911505372653,1,1
"10142",5.81571491392556,5.25894349738006,1,1
"10143",8.89141378784578,6.45314814118618,1,1
"10144",4.81130473770574,5.26501826122355,1,1
"10145",2.71038437161452,3.86281702456112,1,1
"10146",8.30058758974796,1.34657690846381,1,1
"10147",3.15128305782204,3.79586342535018,1,1
"10148",5.5612749157673,6.3690335464003,1,1
"10149",5.1245525032199,6.61013304403134,1,1
"10150",7.87374883832585,4.19452774445106,1,1
"10151",3.85759427649186,4.62721028932213,1,1
"10152",8.28392945512424,5.05673315431371,1,1
"10153",3.26403662041971,4.67762980855993,1,1
"10154",6.30425363838584,2.40874941033696,1,1
"10155",3.77682761913501,5.81917477979979,1,1
"10156",5.11135789848049,5.2261466492456,1,1
"10157",5.52466358368965,5.04308948984398,1,1
"10158",2.97127281582153,5.01280873424204,1,1
"10159",4.00381577588902,4.84591553439608,1,1
"10160",9.14264088485673,1.19578761992662,1,1
"10161",4.63201469366225,6.23548493704469,1,1
"10162",8.80141249195126,0.0650165000833698,1,1
"10163",5.14625496053274,4.86425443964557,1,1
"10164",3.84424600397213,5.38550962428252,1,1
"10165",6.72022981361575,0.985734557730624,1,1
"10166",7.94491608581782,3.60416666417707,1,1
"10167",2.14663839561602,3.52880959849637,1,1
"10168",3.2434398915059,5.1928311831874,1,1
"10169",8.74836650184708,3.49613231106579,1,1
"10170",6.7751371195963,5.10451617282136,1,1
"10171",6.02995759311726,2.0029152237372,1,1
"10172",7.16883154709614,7.59465867860791,1,1
"10173",6.67982031307618,1.59255120425146,1,1
"10174",5.72056771154763,4.38685140551108,1,1
"10175",5.40015543514348,4.60773002124754,1,1
"10176",4.05681691429266,4.39437897793097,1,1
"10177",4.73688309710781,5.90061873833581,1,1
"10178",5.465170222024,0.769439992196155,1,1
"10179",7.53484610749486,2.89535661565754,1,1
"10180",8.32284393619977,6.9057163864829,1,1
"10181",5.62137548313154,5.34709059838633,1,1
"10182",5.35319294892492,2.42807096946832,1,1
"10183",7.17054217700835,4.40356777625111,1,1
"10184",3.91546598609529,2.4000762434617,1,1
"10185",10.1200732568586,3.57364365174156,1,1
"10186",5.91898940316041,1.02161779071559,1,1
"10187",3.757869812079,4.30634397939335,1,1
"10188",6.7273870795275,3.96872053456673,1,1
"10189",7.05468366462073,5.46461846104316,1,1
"10190",6.63795357356282,5.48049621645128,1,1
"10191",4.67797045096841,1.73776793421241,1,1
"10192",5.18192448207241,6.24468221456753,1,1
"10193",2.5322882175541,0.288236860172447,1,1
"10194",7.21777120201201,4.27684804762324,1,1
"10195",7.60278638501983,5.27833731852669,1,1
"10196",3.76804040055106,3.19416052977493,1,1
"10197",5.2740411963045,6.68450759894374,1,1
"10198",3.6345646219269,3.77591372489964,1,1
"10199",5.90156965527462,4.28115058341589,1,1
"10200",5.9588105370098,4.95970608168918,1,1
"10201",7.62526057499138,5.47618331031922,1,1
"10202",5.1166060699538,3.08477196570241,1,1
"10203",4.67704838730431,1.54658721768641,1,1
"10204",11.0438657835876,1.56438632350644,1,1
"10205",6.0689066180987,4.82253320293622,1,1
"10206",9.09287831980787,3.51500787728043,1,1
"10207",8.73763515346317,4.729418111426,1,1
"10208",5.90247366666936,5.54374833245943,1,1
"10209",4.3887007679605,2.17857682098045,1,1
"10210",7.68669013322328,4.08038877230581,1,1
"10211",2.15646215658482,2.64835886172875,1,1
"10212",7.26998277554052,4.3705248684054,1,1
"10213",6.91454812858968,1.46798769052431,1,1
"10214",7.03786253479143,4.4634062229642,1,1
"10215",2.53662650175091,5.7784916792602,1,1
"10216",4.52081353440808,4.15677360501945,1,1
"10217",1.53640702924228,4.9779177321714,1,1
"10218",7.55840269564243,5.49067382838293,1,1
"10219",8.307714183138,3.20978614888678,1,1
"10220",5.45272514160192,5.56849264776342,1,1
"10221",4.29834720751905,3.88828753438538,1,1
"10222",7.68565950950377,6.9356694653447,1,1
"10223",7.17308824353333,4.05168641034302,1,1
"10224",7.74744139701282,3.44017876969796,1,1
"10225",4.68127760141093,5.17684590510456,1,1
"10226",4.86497737726904,1.41438931102985,1,1
"10227",6.18848553225381,3.47235451276589,1,1
"10228",8.27386455575201,5.50960283926051,1,1
"10229",5.64506672162327,4.88532717670145,1,1
"10230",7.2836978186951,6.10366518196752,1,1
"10231",5.72383995596049,3.74365890180814,1,1
"10232",5.66594823167175,5.55998407451898,1,1
"10233",4.08305430957026,2.69559948623195,1,1
"10234",3.47198450720055,3.98278117657373,1,1
"10235",7.02899527355206,5.52471509921808,1,1
"10236",7.54929962497584,1.34640323982616,1,1
"10237",4.73187189831263,4.90206120514085,1,1
"10238",4.94221774360381,7.09554115294684,1,1
"10239",8.17167056421688,3.65551672038835,1,1
"10240",6.63167088507787,3.70259235541701,1,1
"10241",4.7542818159707,4.52000260602479,1,1
"10242",7.4365417951314,6.47014525487928,1,1
"10243",5.20279035155369,4.47576011763644,1,1
"10244",5.56543739855534,4.96067418905014,1,1
"10245",7.1301475483868,3.60348979054291,1,1
"10246",3.92445317830931,3.15965405695296,1,1
"10247",10.8316784082381,2.16168737567946,1,1
"10248",4.76999480492043,3.66782714776558,1,1
"10249",7.3319388755612,5.42869777258628,1,1
"10250",4.77779500489082,6.43346001225321,1,1
"10251",6.54350057252399,4.94467601856011,1,1
"10252",5.5935562566841,2.89145909701806,1,1
"10253",1.96712609264639,5.10441217152058,1,1
"10254",10.3767679962642,5.18730763592279,1,1
"10255",7.66788607853519,3.29351637315864,1,1
"10256",3.27072387025367,1.30200892417008,1,1
"10257",10.5334608719342,3.37774399295861,1,1
"10258",7.38933976510353,2.4762092053491,1,1
"10259",3.51162368213126,6.57280068274973,1,1
"10260",7.84233972242833,2.09099133819382,1,1
"10261",5.37747451422302,1.25043608185096,1,1
"10262",5.53223050021824,4.75671415878136,1,1
"10263",6.53748741784558,3.43456512072789,1,1
"10264",5.86412686235174,0.796443579961641,1,1
"10265",5.18639050127238,1.72261610078247,1,1
"10266",8.00056710319344,2.9686599809715,1,1
"10267",9.01860048018999,1.81670952840175,1,1
"10268",8.77068623100968,2.25562908177614,1,1
"10269",6.73142103666841,5.51440640196679,1,1
"10270",4.92599457217048,3.97400999878167,1,1
"10271",6.26773339215665,3.41931353120879,1,1
"10272",8.42492904348565,4.72503026893492,1,1
"10273",7.83247678451367,2.40790781807721,1,1
"10274",6.71860222102855,2.46250535604897,1,1
"10275",6.060874004578,2.55560592377874,1,1
"10276",6.82732074829185,2.17762839579223,1,1
"10277",3.27190379311442,3.76283693777318,1,1
"10278",3.06293142350225,4.0193625121488,1,1
"10279",5.49948334228929,5.64272280674867,1,1
"10280",4.04053444408161,2.70259757248887,1,1
"10281",6.09161329756514,1.5667953399649,1,1
"10282",5.89157402139312,6.17454014498346,1,1
"10283",5.38133634103681,6.48834845005965,1,1
"10284",6.49782332716439,4.07484721969008,1,1
"10285",8.73667305721047,3.6119983676827,1,1
"10286",8.13357309091389,2.29415629922795,1,1
"10287",11.391521248162,5.34864642936075,1,1
"10288",-1.3835216975522,3.10435164719749,1,1
"10289",3.1793130001179,2.96120748783409,1,1
"10290",4.43658195690941,3.09322195245413,1,1
"10291",11.7046689955135,4.95223888448739,1,1
"10292",6.68552043360845,7.00087057208835,1,1
"10293",8.05563439587487,5.09400615623377,1,1
"10294",5.13894315324445,3.0561664856104,1,1
"10295",6.44135921143318,3.52100574688981,1,1
"10296",6.85571144609397,5.01383596820671,1,1
"10297",6.6686721211791,2.2869920217412,1,1
"10298",4.12065983095709,2.82758043172121,1,1
"10299",4.29479767218909,5.56572064756217,1,1
"10300",4.10328702038069,3.07319782185245,1,1
"10301",4.46540325625798,3.16585347906061,1,1
"10302",6.75313565561722,4.82474428196467,1,1
"10303",4.64267094563823,4.16930066489126,1,1
"10304",9.5277153796007,0.499397575524434,1,1
"10305",10.212494179767,3.12657152786648,1,1
"10306",9.23372473632626,3.74630882173962,1,1
"10307",6.860098821152,4.90473687836791,1,1
"10308",0.613966150567411,1.86629394700728,1,1
"10309",5.96349579957358,1.80821798770921,1,1
"10310",3.3930928349265,1.61082258922148,1,1
"10311",5.60980541996747,6.31823048374965,1,1
"10312",8.30945318512696,0.39588135982221,1,1
"10313",5.65228309372931,5.75381137102544,1,1
"10314",7.03133989731881,2.75297603929452,1,1
"10315",7.84984069484641,5.47754757387928,1,1
"10316",9.70415745632783,3.23311838713195,1,1
"10317",3.88780578337726,0.541523672834581,1,1
"10318",5.62458026555192,5.2460392411794,1,1
"10319",3.84756372314144,2.89464531198699,1,1
"10320",7.66978230225208,3.96181536390653,1,1
"10321",6.42785369069409,4.47081043441095,1,1
"10322",9.46953120653631,3.4357347360914,1,1
"10323",5.4234352695735,5.55175236288835,1,1
"10324",8.37081074309354,5.30479171258019,1,1
"10325",5.86315613824351,2.96742715803112,1,1
"10326",9.76791489259143,5.05834838608702,1,1
"10327",6.14542241574457,2.88142216013862,1,1
"10328",7.75246135593124,4.38509621513276,1,1
"10329",7.5852481415109,4.99505798581422,1,1
"10330",1.8031168319369,4.60745873803461,1,1
"10331",5.01485088826921,3.9475788577389,1,1
"10332",4.12002415778746,3.71243038048893,1,1
"10333",8.89712838214238,4.21338495765185,1,1
"10334",5.13540783533577,4.58328009262235,1,1
"10335",6.16028573533862,3.01232503815811,1,1
"10336",6.26076148405202,4.07126788675765,1,1
"10337",4.52045226402866,3.07483536657289,1,1
"10338",3.71928107339729,6.88608162122674,1,1
"10339",6.10779835369681,7.28773421403743,1,1
"10340",7.33278224029697,2.59050555755355,1,1
"10341",4.21830959887116,-1.02525800626609,1,1
"10342",3.63348377933527,2.32692407428576,1,1
"10343",7.36813822543566,2.41320991631692,1,1
"10344",4.63721055724708,2.86974323378298,1,1
"10345",3.7086020370992,3.00020927473608,1,1
"10346",7.94915832337547,4.84232053601186,1,1
"10347",6.07152736929421,2.88713605230323,1,1
"10348",9.79920613147463,2.16116323145834,1,1
"10349",7.32159715496891,0.894625750377422,1,1
"10350",3.83440465247668,7.18753826036581,1,1
"10351",7.9576861861263,4.69603789564714,1,1
"10352",6.53772382532736,2.6253970084427,1,1
"10353",5.76306237512284,4.93373506413604,1,1
"10354",3.86565584030048,2.70446416513881,1,1
"10355",7.24212413764782,5.46920941839457,1,1
"10356",5.46370864638303,2.15819451821067,1,1
"10357",6.70112424524568,4.19816315140982,1,1
"10358",5.86301997706163,3.80266149285064,1,1
"10359",6.61700394354398,2.26471500696086,1,1
"10360",10.7945649442642,3.42436270024581,1,1
"10361",8.07502209999324,3.83028768237316,1,1
"10362",7.58715358721208,5.81811858543346,1,1
"10363",6.52958943814558,3.03488103757574,1,1
"10364",6.37786514673815,4.42646226922717,1,1
"10365",5.70601709644846,5.19626797647708,1,1
"10366",8.38714611744305,6.88227263389703,1,1
"10367",7.33214846070368,4.3914084600272,1,1
"10368",8.38340710646238,4.85445899613592,1,1
"10369",5.00904978468493,3.40940325551479,1,1
"10370",8.4542016638341,2.19141527599748,1,1
"10371",6.82213434562756,2.9727674960231,1,1
"10372",6.46933988631303,5.89919853044653,1,1
"10373",2.81178005735316,0.7100822294898,1,1
"10374",3.97433650447402,3.26133077815589,1,1
"10375",3.28949202567006,3.13467539902534,1,1
"10376",1.7073483317499,2.16937557188801,1,1
"10377",5.40697992701671,1.97657408665522,1,1
"10378",6.61024400457596,3.37593248899768,1,1
"10379",9.48771435809576,3.3884211723551,1,1
"10380",5.6856329846825,2.20816270950784,1,1
"10381",3.91489156156849,2.27273410106164,1,1
"10382",2.65150172622945,3.70299909794705,1,1
"10383",3.64800456850667,4.3108770067385,1,1
"10384",9.07496166588974,3.8434955837393,1,1
"10385",9.04049376405754,4.8807033762249,1,1
"10386",6.56933218481562,4.76247341601031,1,1
"10387",4.95235373920242,2.11689821077133,1,1
"10388",9.96600555860577,3.40747922695406,1,1
"10389",6.32486327625837,3.73840275571502,1,1
"10390",5.51833965261739,3.99050375878009,1,1
"10391",4.8915114735397,3.17800071869266,1,1
"10392",5.56268138992029,3.73288516992558,1,1
"10393",7.06095844737747,3.94046374311606,1,1
"10394",6.28847327472396,3.55639390459581,1,1
"10395",6.35783566235564,2.7765741188753,1,1
"10396",6.2732992752952,0.49057072829214,1,1
"10397",4.89038646865434,3.57561687722273,1,1
"10398",6.44361742770886,3.27051753769682,1,1
"10399",5.28509072707346,4.02681006905635,1,1
"10400",5.36192657781016,3.29266175876169,1,1
"10401",7.88976631309621,6.5972889302817,1,1
"10402",5.35285870672756,3.67811602792326,1,1
"10403",10.5922496372845,5.76230314478721,1,1
"10404",3.88528057890024,4.32139233421381,1,1
"10405",5.71927836506584,1.31952658447345,1,1
"10406",4.36013401302384,3.42548536021969,1,1
"10407",4.20910567992995,2.0720866308581,1,1
"10408",6.59854860983957,5.04989200446202,1,1
"10409",6.56618754764567,-0.474080483990825,1,1
"10410",4.96286105669207,2.62265009177013,1,1
"10411",4.00654689446355,2.91105064624722,1,1
"10412",3.87358273096593,2.26333293037589,1,1
"10413",5.25906258348073,3.74307364215487,1,1
"10414",5.16267384854176,4.0666426953721,1,1
"10415",5.8537071742493,4.55268604366176,1,1
"10416",4.07632078498897,6.14818905906042,1,1
"10417",6.40034732872075,2.68892035038626,1,1
"10418",6.52631428740191,3.80013479214465,1,1
"10419",3.48735570046377,1.68128097440634,1,1
"10420",9.58405839429066,4.93358766272497,1,1
"10421",9.35864656367177,3.5116696392765,1,1
"10422",5.7626201601838,5.36284852466333,1,1
"10423",5.52437745200389,4.30545379743512,1,1
"10424",9.00656384641014,3.49513190035003,1,1
"10425",6.43711711834002,2.95969909459068,1,1
"10426",3.25991512502584,3.13697187762618,1,1
"10427",5.79161997623217,5.26777864784576,1,1
"10428",4.60476233126473,4.26171706036247,1,1
"10429",5.03617124924022,3.14791884071112,1,1
"10430",7.152522225086,1.66320408362495,1,1
"10431",6.10821783670184,4.2969427241464,1,1
"10432",2.0446559774674,3.37305303169494,1,1
"10433",5.28882901290064,3.13957352913716,1,1
"10434",6.77219886136547,4.31216682168552,1,1
"10435",4.61199736801288,5.02355325577606,1,1
"10436",7.45440714234357,2.06081227770474,1,1
"10437",4.01956536717132,0.926382661783375,1,1
"10438",6.25197836962901,4.55687196802488,1,1
"10439",2.54008518611377,6.70166516243738,1,1
"10440",1.64002820977268,6.41991809182002,1,1
"10441",8.37417193193439,3.04705462542731,1,1
"10442",4.18458934294173,6.29185454826297,1,1
"10443",6.89612359042988,4.79756670213601,1,1
"10444",8.26814768853773,2.29235162456945,1,1
"10445",8.38391798572427,4.0217118330971,1,1
"10446",5.6150950144524,2.76695757120092,1,1
"10447",4.16538172981292,2.82240694875129,1,1
"10448",2.47217547921553,5.17556058683219,1,1
"10449",3.7441877280538,3.69143459375276,1,1
"10450",3.7175872395763,2.86012317244215,1,1
"10451",6.02808917943127,2.98028680734159,1,1
"10452",6.96057750136858,6.24593533025232,1,1
"10453",4.53764985663454,2.87755778952216,1,1
"10454",3.31624630459514,4.87416069304208,1,1
"10455",7.07911557157808,0.975975938408697,1,1
"10456",8.66994746542423,5.91484358260177,1,1
"10457",7.04088865942038,6.58640795380303,1,1
"10458",4.30610991029772,5.70785080863372,1,1
"10459",6.38323011153307,2.05844025103132,1,1
"10460",7.05608028410177,4.62555291849572,1,1
"10461",5.93741262548691,2.5513987561931,1,1
"10462",7.62900763331999,3.94660997293754,1,1
"10463",4.57755128524663,6.28598589646562,1,1
"10464",8.74749580014333,5.91604140401816,1,1
"10465",7.01449163910489,4.46349736795369,1,1
"10466",2.41264712969609,3.00890593193896,1,1
"10467",8.06399154444465,8.42973127615512,1,1
"10468",6.55354820672785,2.88751057059667,1,1
"10469",3.45314288770179,5.0741101120582,1,1
"10470",4.61612591743377,1.8505194310708,1,1
"10471",6.25352096510706,4.30939169549354,1,1
"10472",6.55949193932845,1.4405818424331,1,1
"10473",5.54419546074899,4.60537701644099,1,1
"10474",7.6369986607915,3.48477901880858,1,1
"10475",7.23914877349176,-0.054779400374394,1,1
"10476",4.54680088439714,-0.0160693259141818,1,1
"10477",7.94221924032008,3.62331109554103,1,1
"10478",6.81841030627977,3.42271037217965,1,1
"10479",6.59623315677284,4.16983013257788,1,1
"10480",3.77654317276031,7.04303769769876,1,1
"10481",6.93243907832118,3.74537379651274,1,1
"10482",6.29835437501314,2.23393438538273,1,1
"10483",4.87912303533173,5.42959471620512,1,1
"10484",6.40626746030978,2.3189546650711,1,1
"10485",-0.918883893998616,4.85265547004946,1,1
"10486",2.75718047943707,5.10106189751403,1,1
"10487",6.54016446753228,4.43113751055203,1,1
"10488",9.85667964324108,4.19454143660405,1,1
"10489",6.95331925662671,3.74192188370301,1,1
"10490",5.0368344341553,4.50183169742367,1,1
"10491",5.13208019645858,4.51056693405448,1,1
"10492",7.52449572682354,2.32651965302533,1,1
"10493",6.49211158639385,6.17210319545495,1,1
"10494",5.86415866865756,7.9634416200333,1,1
"10495",6.52298551094509,4.62997852857109,1,1
"10496",4.57138737476863,3.54569136615345,1,1
"10497",7.44863005942335,4.17166293851625,1,1
"10498",4.1022451341371,2.91167216037216,1,1
"10499",2.8810046333518,3.45708736642036,1,1
"10500",9.25234208169013,0.820919342008243,1,1
"10501",6.46274887286097,4.14893360871593,1,1
"10502",6.02455981017575,1.40946188175456,1,1
"10503",5.63047517432598,3.71978908244668,1,1
"10504",2.77980074582974,5.6270964257152,1,1
"10505",6.2576217407724,1.5585952052786,1,1
"10506",4.16355397719681,4.80899855794283,1,1
"10507",4.60530968613897,1.65467014107427,1,1
"10508",4.37520067306885,3.12132313934035,1,1
"10509",4.20542358272639,5.7188958122548,1,1
"10510",9.80406235396087,4.61186294120062,1,1
"10511",5.04877155414712,0.46108702557081,1,1
"10512",6.10066885436727,2.65854322183494,1,1
"10513",4.70480078469124,2.46496088919801,1,1
"10514",3.50544188544994,4.84346507805831,1,1
"10515",3.36623506852707,5.04916779278921,1,1
"10516",9.49571182673266,3.14164925134645,1,1
"10517",3.31855439242103,6.18184615188364,1,1
"10518",8.91245460411379,5.45044055846868,1,1
"10519",2.47220567182393,5.83563169533222,1,1
"10520",2.53351850765149,5.31556844397007,1,1
"10521",7.24722341715581,3.77411975204533,1,1
"10522",6.89343559515681,3.14272610712333,1,1
"10523",3.30543087050839,5.605664316006,1,1
"10524",6.40153295152525,3.71735087662607,1,1
"10525",2.96868723807379,3.06265263337462,1,1
"10526",8.57344317708896,5.97039314683094,1,1
"10527",6.3803913857115,5.88886221683792,1,1
"10528",6.22920029538846,3.80240787608494,1,1
"10529",4.2628769709507,4.60598446883548,1,1
"10530",10.7317062188339,3.02678642123728,1,1
"10531",7.11674001202881,6.36307373986245,1,1
"10532",4.49717116293622,5.84784364115344,1,1
"10533",5.6334742445212,3.17549182557987,1,1
"10534",7.80463185914283,3.16930389037828,1,1
"10535",7.00745299467451,6.31407879360133,1,1
"10536",6.75907281583225,2.14513724480125,1,1
"10537",2.92900806587012,3.64990778319322,1,1
"10538",7.62027810595149,4.66023177019815,1,1
"10539",1.68793790760483,3.13040372387393,1,1
"10540",1.65945508078795,4.98193966124343,1,1
"10541",5.113554737992,4.94275437645368,1,1
"10542",4.35624865192163,4.13359640215922,1,1
"10543",4.12177697192513,3.26084486102528,1,1
"10544",7.29450595823202,4.68320298518889,1,1
"10545",1.82982923507787,3.20407992778297,1,1
"10546",2.51326444823137,4.70010581555667,1,1
"10547",7.83159950328531,3.06562002407947,1,1
"10548",7.25873822883174,4.39833009539448,1,1
"10549",3.4554192580983,5.20500717455477,1,1
"10550",6.71173813471487,6.35381625732612,1,1
"10551",6.95522996362638,4.82122036580577,1,1
"10552",5.43214971806923,5.41184623488374,1,1
"10553",4.99935149331767,5.24490528574345,1,1
"10554",5.12206497202618,2.69640506495013,1,1
"10555",7.28201969872884,7.82872222225055,1,1
"10556",4.99240026934683,1.65471078933425,1,1
"10557",7.35852761268748,5.57302550709316,1,1
"10558",5.04719844522107,6.06645918209801,1,1
"10559",5.69231602564039,4.974712918332,1,1
"10560",5.10056008554433,3.5969955138608,1,1
"10561",5.43549808407081,4.88003796353851,1,1
"10562",3.49569235405123,6.21095841473319,1,1
"10563",6.94625283373702,2.17905772769101,1,1
"10564",4.7544570867515,4.15612210306002,1,1
"10565",6.00667417739364,1.98151532951909,1,1
"10566",7.90838191169658,5.61585298375821,1,1
"10567",6.96403883050069,4.40834708735088,1,1
"10568",5.44706777205953,3.67078707935935,1,1
"10569",6.09763802684934,5.37188530514635,1,1
"10570",6.46797205364034,4.06719410627769,1,1
"10571",3.97494937876979,3.75425800514594,1,1
"10572",4.24860252093813,5.75711647434977,1,1
"10573",7.10068665231417,3.16080949148149,1,1
"10574",6.11161146151663,4.29921068022804,1,1
"10575",1.34156110803177,4.40240808825175,1,1
"10576",9.25325353884455,5.91851169445069,1,1
"10577",7.91986923124166,1.74719650712804,1,1
"10578",4.42898256104632,2.30550012049845,1,1
"10579",8.85838233715258,6.90454707264927,1,1
"10580",4.73105660682429,4.43237869211553,1,1
"10581",8.55043350979201,1.6091892849551,1,1
"10582",6.52386884562716,3.81118287800043,1,1
"10583",7.77342253719499,3.67002515897498,1,1
"10584",4.24786774647261,5.80547614378849,1,1
"10585",4.53616389766468,4.56109077542094,1,1
"10586",8.2430435431874,2.96589428953945,1,1
"10587",6.79632154412068,2.72364624984863,1,1
"10588",5.11164179047812,2.00697073367386,1,1
"10589",6.78685924136693,6.31557301720724,1,1
"10590",7.70614488520224,2.80498187294436,1,1
"10591",3.24139114161725,0.252661653627676,1,1
"10592",8.40511889231817,4.08111358690612,1,1
"10593",7.15509834714705,5.96923474396366,1,1
"10594",8.01744088501632,3.96500351361053,1,1
"10595",13.5570300148467,7.10681915067291,1,1
"10596",9.75352177950731,3.36327317272865,1,1
"10597",9.5271943102738,5.94271625436353,1,1
"10598",7.26935409002626,5.28121058859476,1,1
"10599",8.75483725325257,1.4177148722082,1,1
"10600",5.98877584815616,3.74013565479577,1,1
"10601",0.401904879314848,3.3118149252324,1,1
"10602",4.89412959900977,4.72525214825911,1,1
"10603",7.20181435815588,3.83743109010742,1,1
"10604",6.1486191763238,2.68966561450358,1,1
"10605",4.76684881143898,5.70079707882273,1,1
"10606",9.2783888748042,6.34993924552055,1,1
"10607",5.99993417248016,2.94669992782044,1,1
"10608",5.50433195512263,4.41984332754098,1,1
"10609",1.96208330471309,4.39604735208861,1,1
"10610",5.56010204558022,0.643738555415156,1,1
"10611",5.40388357735773,5.87611061985808,1,1
"10612",2.28150133084227,8.11091954885497,1,1
"10613",7.89349493316025,3.16453019457602,1,1
"10614",6.83459207546531,2.42873075495076,1,1
"10615",6.76903606298126,3.15788801396765,1,1
"10616",3.75255516217584,3.40455385808399,1,1
"10617",7.98975325028722,2.1195641273029,1,1
"10618",3.13040502439436,3.30496456018263,1,1
"10619",4.79182746877246,7.6127880726444,1,1
"10620",7.41590668574799,3.46301904822138,1,1
"10621",7.52863857598982,3.55201816405985,1,1
"10622",5.89904880001054,4.08016857360292,1,1
"10623",5.69719233702941,4.20942104688159,1,1
"10624",4.39635728701655,5.80048427998163,1,1
"10625",7.8202953119626,5.31234498449128,1,1
"10626",6.44589696657665,1.51484095330433,1,1
"10627",4.44727326613603,2.06200845605007,1,1
"10628",5.21268038410425,5.02034683329655,1,1
"10629",7.40468933224437,6.30314873772841,1,1
"10630",4.4026236290097,1.94072217112493,1,1
"10631",4.72264306418272,1.80175735133905,1,1
"10632",2.38636461020136,1.19607972115892,1,1
"10633",9.72793081380473,3.7220457085009,1,1
"10634",7.60452888511913,3.94751283926494,1,1
"10635",5.76649601309584,6.06435412004303,1,1
"10636",3.43865044011175,5.07878137129082,1,1
"10637",5.97710607805313,3.52556334617855,1,1
"10638",7.87645440303372,2.01905356814762,1,1
"10639",6.31975956293672,2.75969079211549,1,1
"10640",7.44849981918411,5.94653419756851,1,1
"10641",3.89553292550394,4.01673373898779,1,1
"10642",3.46507613684478,5.00340056483179,1,1
"10643",9.57959012204681,3.45551389271073,1,1
"10644",8.41436518182727,4.22348578881001,1,1
"10645",9.77731066475699,1.50817927375168,1,1
"10646",6.09931178698386,5.92727193696446,1,1
"10647",7.8312072985316,3.33470717432746,1,1
"10648",8.43422810121647,5.59925399669524,1,1
"10649",8.38399643338571,3.45732398956754,1,1
"10650",6.50346401260809,4.45678606172359,1,1
"10651",8.21401519906863,2.20263507891815,1,1
"10652",5.41824084483558,1.88742641473954,1,1
"10653",4.93373152939283,6.20722631834657,1,1
"10654",5.52583295022203,2.33478964256166,1,1
"10655",5.97445182112391,6.571975615627,1,1
"10656",7.89568475462578,4.39755601847775,1,1
"10657",10.7139791928335,4.76438143626674,1,1
"10658",7.0265386902036,2.11123340790789,1,1
"10659",9.29134330563398,2.12393104687862,1,1
"10660",6.84429456292459,2.93423973793552,1,1
"10661",6.83388601547159,4.43191968719922,1,1
"10662",8.9923071601431,2.45310850793446,1,1
"10663",10.7226450419182,3.60466664440376,1,1
"10664",11.1114399618614,4.87679173015729,1,1
"10665",3.53205457675239,4.26814320207206,1,1
"10666",7.00881661155101,6.58640052637355,1,1
"10667",10.0891685611524,5.31370409372179,1,1
"10668",4.52422855728093,3.64975944954283,1,1
"10669",7.02766347057733,4.24594066137338,1,1
"10670",1.90078699883808,6.28608678934473,1,1
"10671",5.20139796725793,3.43107487680755,1,1
"10672",3.91410457201138,1.89500696590625,1,1
"10673",6.2066278002249,4.16385920765615,1,1
"10674",8.20416747450768,3.75264705135489,1,1
"10675",8.48272217965724,3.18199975721614,1,1
"10676",8.45681505042804,4.8204614057884,1,1
"10677",3.51855173665402,3.43401326412636,1,1
"10678",7.37732830692547,3.5557006803615,1,1
"10679",9.02022376414953,4.98604097546702,1,1
"10680",5.48803797713022,3.61080891473762,1,1
"10681",6.89080779305545,2.82132852123137,1,1
"10682",4.87156854629383,2.81030954762689,1,1
"10683",5.33100680780082,2.70617214426437,1,1
"10684",9.21098165062528,1.78142179349471,1,1
"10685",6.29730286202632,3.16437395631399,1,1
"10686",7.33773468315023,3.70836171848034,1,1
"10687",9.28957643926404,4.08125562703654,1,1
"10688",5.57310942645673,1.11670427034111,1,1
"10689",7.39553791152209,4.38758934195617,1,1
"10690",7.2318446126284,4.05282119040302,1,1
"10691",6.75967782306351,1.36779963113519,1,1
"10692",4.49594407116062,1.83839893458322,1,1
"10693",6.71555455516161,6.90809749048248,1,1
"10694",4.92365385164028,6.93496987611998,1,1
"10695",8.05780353435129,4.63036838883582,1,1
"10696",7.3338159178815,5.83147825994373,1,1
"10697",5.16446016021551,1.04319387658403,1,1
"10698",8.24466827551221,3.48285784355793,1,1
"10699",8.40919846682222,3.96738369744489,1,1
"10700",10.6007938577653,3.20756957484517,1,1
"10701",6.79247731872436,2.69934398177402,1,1
"10702",8.86713882124908,2.74529680390817,1,1
"10703",6.19582642654236,4.70864494090323,1,1
"10704",8.38106932773315,6.86384630609025,1,1
"10705",8.19216528622943,2.25980383908376,1,1
"10706",4.97617079443463,6.69667838059787,1,1
"10707",5.69043819133695,0.681089664882896,1,1
"10708",9.64403125402828,4.62913259996956,1,1
"10709",7.33838474711215,8.03887975809192,1,1
"10710",5.87058904139937,3.55869740972657,1,1
"10711",6.48614102835758,4.47795305529549,1,1
"10712",5.75330914762208,1.32552540593902,1,1
"10713",5.30278666428373,1.6946386705855,1,1
"10714",3.09826973673482,5.40126430734708,1,1
"10715",10.0238515428772,2.10276740306186,1,1
"10716",8.68959431960747,2.94058211633078,1,1
"10717",3.99813774008879,5.39358492478791,1,1
"10718",5.07314799104962,1.01157558774806,1,1
"10719",6.85174713045197,2.37856568865395,1,1
"10720",6.29986326935895,4.21638884323776,1,1
"10721",5.50290379510003,5.82871807291513,1,1
"10722",7.00841612653205,2.94179781775081,1,1
"10723",4.2887898381665,4.31458360398959,1,1
"10724",7.07155581639211,6.12950475076905,1,1
"10725",7.01297237304398,4.59301916998506,1,1
"10726",8.06430199463977,4.91914519225979,1,1
"10727",6.17344515182013,3.34322423513802,1,1
"10728",7.37419708740548,4.97147783226593,1,1
"10729",6.64598643513833,4.01690494817103,1,1
"10730",5.69401387940664,6.46230471153643,1,1
"10731",4.80239707576426,3.09674683609924,1,1
"10732",5.07780946036203,1.41313143792081,1,1
"10733",4.1291896943183,4.68841530931462,1,1
"10734",9.24847149933304,8.53940086174046,1,1
"10735",6.87133461920887,2.68447622652355,1,1
"10736",10.1447162631425,1.18042266905014,1,1
"10737",4.89369260131145,5.29260971359877,1,1
"10738",9.09938626171964,3.28517484856219,1,1
"10739",4.74521956134013,4.43359333963852,1,1
"10740",1.9152782182465,3.25896205097172,1,1
"10741",8.01563869528381,4.93357509687603,1,1
"10742",4.66545906820706,6.23302208156414,1,1
"10743",5.3742284701882,6.22318417224442,1,1
"10744",2.41232085617837,2.90346392832437,1,1
"10745",3.29168982802811,2.68854885522077,1,1
"10746",5.62421739672455,3.29752727760151,1,1
"10747",8.04520437528082,4.69161941019391,1,1
"10748",8.83925257771654,3.70409605909215,1,1
"10749",9.45635643630013,5.39002974638377,1,1
"10750",5.50554886556688,4.30803487651937,1,1
"10751",9.12338573866968,5.78263343310024,1,1
"10752",8.06060376350315,3.46105551705834,1,1
"10753",6.94617065403333,4.50345277543717,1,1
"10754",4.81089466674866,3.55048705297028,1,1
"10755",8.13645656976865,1.68906327610409,1,1
"10756",8.28948888764156,4.13941045230381,1,1
"10757",4.77657493594027,2.8162541037216,1,1
"10758",8.36197087464607,4.40500081052718,1,1
"10759",6.17864830383275,6.16407353624354,1,1
"10760",5.56275658897717,2.91357892905558,1,1
"10761",2.32988879785897,0.338178557636291,1,1
"10762",8.6210207273858,1.41512566958696,1,1
"10763",8.1811395099257,4.590080799364,1,1
"10764",3.73968219499807,4.09200658524793,1,1
"10765",4.70078268695173,4.98588274125804,1,1
"10766",2.59748878710959,1.81180442899235,1,1
"10767",8.2799382709004,7.5069377562705,1,1
"10768",4.76188454884968,1.60095649878926,1,1
"10769",4.3789367360624,4.53434938554695,1,1
"10770",5.28111441295315,5.7924330406663,1,1
"10771",7.17834514361441,2.39129524613359,1,1
"10772",5.42741628127749,3.50715868584358,1,1
"10773",9.21253338380259,3.05365532852103,1,1
"10774",4.3008939033878,1.34830551085733,1,1
"10775",5.64957723529113,5.09065465021343,1,1
"10776",8.55228925970716,2.91081941926185,1,1
"10777",3.99841652188751,5.22727458926847,1,1
"10778",5.88291173713716,5.42123265505301,1,1
"10779",3.97260067474912,1.75417836145979,1,1
"10780",6.00511014250402,1.60101183009002,1,1
"10781",6.26439103911375,1.98188984984222,1,1
"10782",9.74079418155638,7.13825903770023,1,1
"10783",9.63600509345143,2.46324279257326,1,1
"10784",6.98477672855854,2.22954257022751,1,1
"10785",6.31409991924662,4.9184050285574,1,1
"10786",7.17650605200762,7.18930865690876,1,1
"10787",10.7922101613425,2.25313047918199,1,1
"10788",8.62664219088592,5.44296631229294,1,1
"10789",5.86536988945277,6.36129757022251,1,1
"10790",8.87217687532115,3.76558211447318,1,1
"10791",4.44831559089089,4.06376711229264,1,1
"10792",4.15155619754293,3.6342292781268,1,1
"10793",6.11295113282097,2.29453002073264,1,1
"10794",3.91828323685386,4.83403435299685,1,1
"10795",4.43481334181058,6.86679968481128,1,1
"10796",1.81984884573716,3.11146966866781,1,1
"10797",6.85063066388024,4.7897405426076,1,1
"10798",2.8964623056432,5.31543892091621,1,1
"10799",4.99401210623682,4.44308695346327,1,1
"10800",6.73395240634277,4.98880642764912,1,1
"10801",8.47360891373874,5.3638557691651,1,1
"10802",4.58941597663171,5.09883929661469,1,1
"10803",6.0837713686028,3.33363775235861,1,1
"10804",6.3242488604229,6.14503285244862,1,1
"10805",7.5323654213701,4.86674293476513,1,1
"10806",4.06980305091791,5.96323096459308,1,1
"10807",3.86809931026871,3.40716619009447,1,1
"10808",5.46904565473206,4.86425312018182,1,1
"10809",3.53838354040385,3.62129217224475,1,1
"10810",3.90729050397721,7.54037408140608,1,1
"10811",7.21743172495768,2.5346840942937,1,1
"10812",5.44992761749024,0.709884255124674,1,1
"10813",0.298273613118551,2.64306285922384,1,1
"10814",12.9611648335643,4.99490249225945,1,1
"10815",6.70135743971279,6.71720631830761,1,1
"10816",7.12640106085003,5.76350116762714,1,1
"10817",5.60387680978309,3.60805215651161,1,1
"10818",5.77844450541784,6.46426733421289,1,1
"10819",7.37888097888984,2.41239484754022,1,1
"10820",3.53058169633186,6.37083875840164,1,1
"10821",5.09295845910086,4.1648922940308,1,1
"10822",8.65223783001519,2.24463040233235,1,1
"10823",6.7233771655916,2.68556168610475,1,1
"10824",4.65349626420733,3.31373355558976,1,1
"10825",5.46229238259558,3.21063958810039,1,1
"10826",5.40844880346489,4.76304689614061,1,1
"10827",6.56281259297266,3.16381707862334,1,1
"10828",5.15364840769287,2.57979471082104,1,1
"10829",5.42076768157802,4.1219412442353,1,1
"10830",5.10404201276589,4.36899016655069,1,1
"10831",8.35062062126562,5.70113579168255,1,1
"10832",4.50217727278127,5.44005902579748,1,1
"10833",3.51997558779044,0.498614917094359,1,1
"10834",5.44959236062263,7.99009125226449,1,1
"10835",4.65697915194875,3.80380508548181,1,1
"10836",6.44418338746504,3.99753767129448,1,1
"10837",5.19838933286921,4.40862853732091,1,1
"10838",1.19407427353024,4.18374893027654,1,1
"10839",7.91583054003367,5.63014556928907,1,1
"10840",3.81302856915788,2.70022816603609,1,1
"10841",3.21738245732299,6.20507496255091,1,1
"10842",9.23213512838684,2.04940141476696,1,1
"10843",5.95875549637639,3.61412983265256,1,1
"10844",4.63348262030662,6.77860422942877,1,1
"10845",2.30597883037298,1.00365329403097,1,1
"10846",4.76642511014619,2.17457262758937,1,1
"10847",5.46425383420786,3.27936263236074,1,1
"10848",5.3740292237332,3.57433221710625,1,1
"10849",5.19084334852004,7.18875084578903,1,1
"10850",5.80919201163575,3.33652012022865,1,1
"10851",7.01717805882691,1.94038184934201,1,1
"10852",8.9654543657515,0.686021758510762,1,1
"10853",5.45706428644413,3.29393856155126,1,1
"10854",4.49492231651942,5.32488123011106,1,1
"10855",5.11659590803431,2.56244889323304,1,1
"10856",5.4083183234685,4.78733194466872,1,1
"10857",6.0025777581191,4.84434267680851,1,1
"10858",7.92026595545722,4.69101811978116,1,1
"10859",8.22646908336544,4.21477792965823,1,1
"10860",6.52681820594507,5.89673423881574,1,1
"10861",6.93825282426915,1.96844072862917,1,1
"10862",7.10531162121984,3.21257949832166,1,1
"10863",6.37723750404392,3.13995504637502,1,1
"10864",8.0046659845977,1.94819575721769,1,1
"10865",7.20239744814987,5.22114408147329,1,1
"10866",3.72424519683819,7.66253311509723,1,1
"10867",6.94115045833512,4.70339426878837,1,1
"10868",9.80719750578561,4.00694486752342,1,1
"10869",3.73673438413992,6.09345679205634,1,1
"10870",7.06144737880041,1.75488053358589,1,1
"10871",4.78258385488344,2.60521021935244,1,1
"10872",4.22412819016265,4.82920939043337,1,1
"10873",1.51145376515736,8.51044234371377,1,1
"10874",3.48696215096085,5.46284794153626,1,1
"10875",4.45274568873331,4.58197689568949,1,1
"10876",7.08970622069705,5.61761524865386,1,1
"10877",1.39674791747279,7.80026924184024,1,1
"10878",4.72194569564794,0.914303413126329,1,1
"10879",7.4703883363736,4.29323573851914,1,1
"10880",6.16908354802986,2.63353121499967,1,1
"10881",7.10812185963645,6.48271307022451,1,1
"10882",9.9820975423853,2.73002873358973,1,1
"10883",6.06937882111857,3.18407177839784,1,1
"10884",3.07190115700836,1.05182644090849,1,1
"10885",5.05989019513627,1.00670690370062,1,1
"10886",6.35515623133731,7.1384323032167,1,1
"10887",8.19170678662332,5.1268146444836,1,1
"10888",6.5386490798666,6.76225936413325,1,1
"10889",4.19294828534825,4.74528409479569,1,1
"10890",7.4340190228822,5.1805367819574,1,1
"10891",6.54125849644625,0.91217148800173,1,1
"10892",7.04960349406617,0.894365755147638,1,1
"10893",4.12266561006153,2.37602090009119,1,1
"10894",7.57211636286973,1.52698462597119,1,1
"10895",8.08208701373437,4.3125187624641,1,1
"10896",4.13152599741271,6.80174450177503,1,1
"10897",6.58400882065282,1.22664801351372,1,1
"10898",7.63936294653522,5.41410871198846,1,1
"10899",8.13258290191418,2.29215920247738,1,1
"10900",3.23187635644648,4.69945355094957,1,1
"10901",4.19119661680161,5.96027436600344,1,1
"10902",4.85418565202149,5.84985929878878,1,1
"10903",7.77271450704455,4.76715904178529,1,1
"10904",4.02647544625021,6.51157811732971,1,1
"10905",7.42212106881949,5.25583276410618,1,1
"10906",6.01337557740816,4.66811738535751,1,1
"10907",6.10378804920993,-1.35221480559671,1,1
"10908",5.86595344452759,4.87637965746498,1,1
"10909",5.42696266158543,6.07881035506329,1,1
"10910",4.82831534777947,4.11919609193582,1,1
"10911",5.63171222049737,5.37920608544969,1,1
"10912",-0.458791555465295,2.52779937227348,1,1
"10913",5.98882091874098,4.90435678504369,1,1
"10914",4.57730377911398,3.7898688159083,1,1
"10915",5.21822198577545,1.80395441590682,1,1
"10916",4.72689356970992,5.64842522462801,1,1
"10917",4.66825600796286,4.97136147683286,1,1
"10918",5.11006289490514,4.90596959860756,1,1
"10919",8.78730365074,3.92543892417047,1,1
"10920",8.60469975510887,6.3241175828621,1,1
"10921",5.66297335002932,2.8484583936066,1,1
"10922",5.12657876468547,3.66138651592307,1,1
"10923",2.09817029599039,5.66236504462363,1,1
"10924",5.501940897292,3.49653621967173,1,1
"10925",9.79670368067272,5.84287895530444,1,1
"10926",6.84001512279147,6.41897762410012,1,1
"10927",8.37454621823498,3.2460415532595,1,1
"10928",6.92471345477434,1.63761444166786,1,1
"10929",6.76273032993637,3.20278430426476,1,1
"10930",6.16474464987183,3.26229606782484,1,1
"10931",5.62090473588731,2.7102812323298,1,1
"10932",10.793447766044,5.22539407329895,1,1
"10933",7.58908745054342,6.61643038592004,1,1
"10934",8.49842176517449,5.89098426285908,1,1
"10935",4.78385326456726,3.6624506450235,1,1
"10936",5.2718482426447,2.61258103055169,1,1
"10937",7.18685637779489,5.85719451296203,1,1
"10938",5.19344255915816,1.89745225920651,1,1
"10939",5.79765502241887,4.2477371464424,1,1
"10940",3.74237060546315,2.6703550453034,1,1
"10941",6.42495720740644,1.99845359187994,1,1
"10942",4.13708396473748,3.4275616077532,1,1
"10943",3.49947833024367,7.35191158733828,1,1
"10944",7.97410328987532,4.91280084657697,1,1
"10945",7.6632322320267,7.63020917546755,1,1
"10946",6.58319512438486,2.20304525323642,1,1
"10947",4.70092426152096,2.09929329284767,1,1
"10948",9.23346533067586,3.83788216703089,1,1
"10949",6.83636816834307,4.70630298679945,1,1
"10950",6.69859740406091,3.5379242541253,1,1
"10951",6.07521926180386,2.02405397283853,1,1
"10952",8.20561307106219,0.972239719527553,1,1
"10953",9.94347300107805,7.18586402667931,1,1
"10954",0.344328045701736,7.81015678197556,1,1
"10955",3.94427318086759,2.15555138351664,1,1
"10956",6.13252962538234,4.47688146769477,1,1
"10957",6.86551805497258,3.45548165748414,1,1
"10958",5.61528217554851,3.37110809259853,1,1
"10959",2.20121471937905,3.76113901072129,1,1
"10960",3.7195232766924,4.28024522794325,1,1
"10961",5.4830353580631,5.47209108964057,1,1
"10962",6.94470643983372,5.10498271133697,1,1
"10963",7.26370479649155,4.87179126052891,1,1
"10964",3.85958531758629,3.22622438609766,1,1
"10965",8.73965133911083,2.82941225044583,1,1
"10966",5.2196362353283,1.11022149125797,1,1
"10967",6.05112684440995,4.02092338746921,1,1
"10968",3.53393380755197,4.60545950137337,1,1
"10969",3.36770231196764,3.36532324811056,1,1
"10970",0.586346180315545,3.12471457501695,1,1
"10971",7.76761428844896,4.62218991306341,1,1
"10972",5.83216015565134,2.84284160877221,1,1
"10973",5.05299741116368,5.88593335804416,1,1
"10974",9.32282731433436,3.30698848432432,1,1
"10975",4.25349149076741,2.02740343418206,1,1
"10976",7.16525974037181,5.56532227151169,1,1
"10977",1.67128882189824,8.18646377848818,1,1
"10978",6.77579436379225,4.94012425092794,1,1
"10979",6.759773962725,6.47200170696452,1,1
"10980",2.77502313518716,1.89850809755912,1,1
"10981",2.37505697779143,4.28438197002978,1,1
"10982",6.00308283147925,6.1879128784868,1,1
"10983",5.23798672187501,3.58284847098211,1,1
"10984",1.94040389028259,3.75375132056992,1,1
"10985",9.37832113236582,4.1688959076239,1,1
"10986",10.4313892713787,2.98470993915682,1,1
"10987",7.42038499575231,6.02933278783774,1,1
"10988",5.0975349252915,8.97734232449998,1,1
"10989",2.48364658712737,3.46521390973725,1,1
"10990",4.5781686630503,7.38411471146436,1,1
"10991",4.2116381551097,4.70800280420116,1,1
"10992",5.01686526701695,4.94990010305852,1,1
"10993",5.94353813328871,4.59236703937151,1,1
"10994",8.63366140907051,4.68322824515953,1,1
"10995",5.54340606460296,3.66232843924315,1,1
"10996",3.59553479483779,1.71341109127196,1,1
"10997",7.29905682845837,5.12770626853564,1,1
"10998",4.79732906729142,5.94982472835016,1,1
"10999",3.91230135808242,6.39702633303121,1,1
"11000",4.53602204560666,2.43705468561768,1,1
