"X1","X2","component","subcomponent"
"10001",-0.52972285249394,2.25342064187973,1,2
"10002",2.55914111941359,1.06739671567141,1,2
"10003",3.77093392300633,13.8229172914305,1,2
"10004",-0.419491685240113,8.55997158329424,1,2
"10005",1.00609529588164,4.2167879650876,1,2
"10006",1.73348498088649,7.24722877846867,1,2
"10007",2.85614243318342,3.66535044296012,1,2
"10008",-0.0895327180786047,6.8253926597176,1,2
"10009",3.55248861225423,10.1032703897709,1,2
"10010",-1.39678528899407,1.23926271371687,1,2
"10011",2.97847379754831,5.05641243532446,1,2
"10012",3.12218169023177,4.97520778715246,1,2
"10013",2.47972629958885,2.46070609271311,1,2
"10014",1.36543887765914,10.583554297564,1,2
"10015",2.16238701054997,10.9344107134169,1,2
"10016",1.02092755270835,-0.196132627406272,1,2
"10017",5.68950491992419,7.26818827395667,1,2
"10018",-0.236345322607107,8.48135829759986,1,2
"10019",4.37263569572585,3.46898352702018,1,2
"10020",-0.464572174038039,1.06519268486793,1,2
"10021",0.690700405574491,9.22803016301082,1,2
"10022",-0.242242456193763,11.9547483020458,1,2
"10023",-0.345752130582434,5.28511023068324,1,2
"10024",0.146022289718196,2.79136217742932,1,2
"10025",4.02338363119843,6.77211819555873,1,2
"10026",2.79442044272915,1.75404517237883,1,2
"10027",-0.860476936110277,2.60494023239935,1,2
"10028",-1.86535376986069,4.88458656338484,1,2
"10029",2.24564983378461,4.55982084067454,1,2
"10030",1.35006447784635,6.16786806601217,1,2
"10031",0.743591122532644,7.48017888581649,1,2
"10032",2.33693847092362,6.28421880826375,1,2
"10033",0.0135105641181428,5.15937997461224,1,2
"10034",-0.86287018516735,3.77387286314085,1,2
"10035",4.57761956239659,0.247842102861088,1,2
"10036",0.515481540967088,9.08656496316241,1,2
"10037",1.1733031716221,8.65400432719803,1,2
"10038",-0.718579332223846,3.40347203621997,1,2
"10039",3.36360838771342,2.34607070996247,1,2
"10040",-1.21681397477837,5.24600248082179,1,2
"10041",2.43913024875069,-2.14673118755326,1,2
"10042",-1.92579903573509,0.383945075120018,1,2
"10043",1.2652880121102,3.64902734244308,1,2
"10044",1.66162849752188,11.1727291407312,1,2
"10045",0.257353920189314,16.1198384243734,1,2
"10046",0.172908042137185,1.96733497231699,1,2
"10047",-1.03574545751709,14.2509210973234,1,2
"10048",0.358538912699894,0.922963544834848,1,2
"10049",0.626922998154988,9.8884937757529,1,2
"10050",2.22292799237763,3.82431238529617,1,2
"10051",0.69124180465943,3.21993070416513,1,2
"10052",2.34747413588253,4.9522615716303,1,2
"10053",2.18175399481217,6.05270328401306,1,2
"10054",1.38877101943591,1.04487595515486,1,2
"10055",-1.26451090507668,8.54002725101042,1,2
"10056",0.350707589096551,7.49656336140478,1,2
"10057",0.721708620963242,6.05770513556431,1,2
"10058",1.01290433816087,3.34803084602244,1,2
"10059",2.63126104807146,9.8482678188532,1,2
"10060",1.19084400071908,8.94513014830341,1,2
"10061",0.800870116802161,-1.92019608743754,1,2
"10062",1.53923512463893,4.16122205757692,1,2
"10063",5.44424415715583,3.32934342315942,1,2
"10064",1.41285483220518,5.72338005147254,1,2
"10065",0.246942211425764,6.52275367789823,1,2
"10066",1.32926641138957,6.19276774967837,1,2
"10067",0.541735633452794,7.59529068540705,1,2
"10068",-2.042006649529,5.66386640773748,1,2
"10069",1.8791796014475,8.02000092625346,1,2
"10070",0.423687534968172,3.13970627809895,1,2
"10071",3.57571984329013,13.4290761906143,1,2
"10072",2.82000479472744,2.70582702021894,1,2
"10073",-2.6327536878412,2.49791392525431,1,2
"10074",0.42936451646625,2.17248309849941,1,2
"10075",2.781162418205,7.49768571219892,1,2
"10076",3.11967959607937,5.65726511923534,1,2
"10077",0.806718156712832,6.3217406987555,1,2
"10078",-0.79220000643956,8.62284727689652,1,2
"10079",-0.161571724281677,8.52942438529572,1,2
"10080",0.688721721991777,4.5747971108513,1,2
"10081",2.93929183836506,2.89482662644189,1,2
"10082",0.680558766607478,4.86602360297872,1,2
"10083",1.64206768986531,4.85895508111671,1,2
"10084",2.77677462569154,6.10791275069549,1,2
"10085",2.4828860004932,5.13850788865534,1,2
"10086",1.43700558032499,4.35672075191423,1,2
"10087",0.0635918428144555,3.94423495674102,1,2
"10088",0.637668106204717,4.77993836377103,1,2
"10089",-1.56442138048684,10.5144876136847,1,2
"10090",1.51481816242996,4.35745693024838,1,2
"10091",0.472403360505574,12.6456101691396,1,2
"10092",1.20481396443457,2.88203514289301,1,2
"10093",2.55530979856534,1.02327503503103,1,2
"10094",1.17365505747858,3.05377020487711,1,2
"10095",3.62466147090968,9.69112546581963,1,2
"10096",2.87507601950451,9.46219618552427,1,2
"10097",4.47798110052517,4.4014583639913,1,2
"10098",3.27841289861623,4.04421351708894,1,2
"10099",0.930757764217466,14.8777770883657,1,2
"10100",0.75544091416286,4.31317784568298,1,2
"10101",-0.593135238212802,0.95722430394782,1,2
"10102",1.89406750108906,4.06146850913084,1,2
"10103",3.04097042404409,0.350915008539478,1,2
"10104",-2.22568447451366,3.64269136776878,1,2
"10105",-0.612962800603575,2.94565295972883,1,2
"10106",1.32791284481144,7.40152062135584,1,2
"10107",-1.94962551879552,2.84703132658284,1,2
"10108",2.53375373208311,7.56405544103283,1,2
"10109",1.60505759631944,3.17377010977073,1,2
"10110",3.75636288931916,4.27693354508912,1,2
"10111",3.70506819755832,4.9249340931777,1,2
"10112",1.50262031253602,4.63405557407185,1,2
"10113",-1.32422376886208,-0.942329197651424,1,2
"10114",3.44256140998622,10.7346140640306,1,2
"10115",-1.24840841749104,2.98058471247611,1,2
"10116",1.74576873583135,2.46789872310921,1,2
"10117",0.777416069031862,6.95243648771832,1,2
"10118",-0.0557823232138448,2.28016777468547,1,2
"10119",3.4573627539284,6.42699511851847,1,2
"10120",2.97422909257709,9.24684105824379,1,2
"10121",0.5890954262976,1.24083264189293,1,2
"10122",-1.4649243398026,4.65244108708435,1,2
"10123",1.89963074535676,0.0255711266263177,1,2
"10124",-1.09866816827311,8.03423348023211,1,2
"10125",2.8347983985539,6.82821282969735,1,2
"10126",0.418969799868086,3.56895660001132,1,2
"10127",-0.498569921725675,3.1868065658442,1,2
"10128",2.78591090870174,5.79739695131427,1,2
"10129",1.17222941532377,4.9565315525069,1,2
"10130",3.30986331298175,0.667025684199372,1,2
"10131",3.17392388300254,3.73384798551654,1,2
"10132",4.6034748900158,6.66342557369961,1,2
"10133",4.80900147088132,4.8470526524454,1,2
"10134",3.08398678971578,2.98769517003683,1,2
"10135",-1.03843748185957,6.44384874062142,1,2
"10136",1.50639109992554,6.74917227144773,1,2
"10137",1.65181063965739,8.05012850262277,1,2
"10138",2.30867961095585,7.92612093189086,1,2
"10139",0.457624947618928,6.69503710483264,1,2
"10140",1.83985419489097,4.80624470466928,1,2
"10141",2.91049609285372,6.45728469086965,1,2
"10142",2.38449726875035,8.46765373143626,1,2
"10143",-2.86452051852024,1.99090469108631,1,2
"10144",1.33366700961219,5.55152658943072,1,2
"10145",-1.39136383632693,1.87166176659937,1,2
"10146",1.53764339211979,6.8800341156825,1,2
"10147",-0.320813510641051,4.29350221509981,1,2
"10148",1.07198572714525,11.6773398423671,1,2
"10149",-0.342297959358697,7.78745357970741,1,2
"10150",2.99894363738043,9.90753537972285,1,2
"10151",2.90682478688912,5.37464795184565,1,2
"10152",0.385236344607359,1.37282460344072,1,2
"10153",0.909217029368374,-3.07471292217415,1,2
"10154",2.27815013790308,6.02430165544304,1,2
"10155",2.68894568942743,10.2770050037165,1,2
"10156",1.47266113404577,5.92332172965219,1,2
"10157",4.52370734608969,4.26706686963258,1,2
"10158",-1.54655402444039,4.30093318253968,1,2
"10159",3.35602145833738,8.3703999886985,1,2
"10160",1.11823042597013,11.0295545011132,1,2
"10161",1.68149232225121,8.32694980029777,1,2
"10162",2.02106609612199,10.4356331218687,1,2
"10163",3.48219967333947,4.61451200025999,1,2
"10164",4.16045840290777,9.26307651630926,1,2
"10165",4.06184524773819,5.00922588674008,1,2
"10166",1.73269291732039,-0.0615726243696226,1,2
"10167",5.65929147498116,9.9776857189023,1,2
"10168",3.75148742909016,0.522167678895032,1,2
"10169",0.652926261836339,9.71612686967069,1,2
"10170",3.40124445899756,7.16778594246987,1,2
"10171",0.282335315893306,10.242208950576,1,2
"10172",2.959298616278,0.452416487459422,1,2
"10173",0.905986149327176,6.26154114150869,1,2
"10174",0.0909160519041394,4.31837726064863,1,2
"10175",-2.05276389376156,5.88297303213038,1,2
"10176",0.52329588030092,7.69697031049353,1,2
"10177",0.33839107516006,10.2066097436289,1,2
"10178",0.206812737543403,9.74802357645241,1,2
"10179",-0.401726853953351,3.46990813724896,1,2
"10180",0.77585208792241,5.41205207950597,1,2
"10181",-0.217099136231431,6.76062653639266,1,2
"10182",-2.46879747688956,0.548388777402907,1,2
"10183",1.18635019741708,2.32284931234395,1,2
"10184",1.13620305600986,8.44938674092366,1,2
"10185",3.44859732887886,4.02677986768234,1,2
"10186",-1.89571165295592,3.44689788920102,1,2
"10187",-2.27769534537482,4.83109281346076,1,2
"10188",-0.530576102567694,0.938792382625533,1,2
"10189",-0.224752911143676,7.32552641644028,1,2
"10190",1.24189889431014,10.4372965398754,1,2
"10191",0.0303507589741039,8.36263608127076,1,2
"10192",3.04557333754434,10.7921853751176,1,2
"10193",-0.286256778018712,8.03304099680429,1,2
"10194",0.390329188110501,2.15262252497953,1,2
"10195",3.02657781562737,4.24207574112351,1,2
"10196",0.651959846737842,9.7225274591432,1,2
"10197",5.55029653834113,11.1180572393219,1,2
"10198",3.16668996434479,6.42068999385929,1,2
"10199",1.25683928523312,9.22740908491411,1,2
"10200",1.36245178290995,4.41310446870286,1,2
"10201",1.89656782541979,3.68007256507514,1,2
"10202",3.22973461795173,-1.26341593830354,1,2
"10203",1.65823038899854,2.90470228161028,1,2
"10204",1.2213163290208,3.01208294216046,1,2
"10205",0.409898496512045,-0.128346528327382,1,2
"10206",2.6439016777687,11.6248138862611,1,2
"10207",2.71539282986431,4.17520936312045,1,2
"10208",2.01849384950916,8.63516109154856,1,2
"10209",3.27730587746583,0.316961978070578,1,2
"10210",-0.805467421356984,7.20647350200693,1,2
"10211",0.179142686400069,13.8262328506535,1,2
"10212",3.60994103610556,4.82957277144748,1,2
"10213",2.58326713721528,9.33856336203191,1,2
"10214",3.23852756751491,7.81656642800248,1,2
"10215",-0.439834702185065,8.85763011989107,1,2
"10216",1.26467793183059,8.07103878297412,1,2
"10217",-1.25716839684611,3.27439520381026,1,2
"10218",-0.954729528238986,3.47227790256337,1,2
"10219",3.77619820651096,6.45164362455843,1,2
"10220",-0.466574612080061,5.03072492860317,1,2
"10221",2.72923985361584,2.55795378017405,1,2
"10222",4.06552844357586,3.78577957134775,1,2
"10223",0.421686261767683,8.53016265677949,1,2
"10224",-3.10094306157292,3.88654581619092,1,2
"10225",-0.855108852374865,10.3542689051672,1,2
"10226",3.9596717332786,11.1510681672452,1,2
"10227",-1.28139700350188,10.3759309039969,1,2
"10228",1.45315520431891,4.27804466443095,1,2
"10229",1.57876141718598,9.76553411102114,1,2
"10230",4.77258098988982,5.62899235655958,1,2
"10231",1.301379780255,7.88997983252264,1,2
"10232",-0.249977222921814,2.06094613808519,1,2
"10233",0.650756967123755,4.25741249619269,1,2
"10234",3.27185462609618,-3.50924220620064,1,2
"10235",4.5650159585988,7.17687709916056,1,2
"10236",-1.19697190116555,11.1621786424821,1,2
"10237",1.57636730210789,2.22123257634973,1,2
"10238",1.89583340217095,7.12264509180475,1,2
"10239",0.452735279296488,8.626179507075,1,2
"10240",-0.818747395069526,7.88712352369269,1,2
"10241",0.978725424729472,10.4618394661211,1,2
"10242",1.47221156641815,3.92001355264839,1,2
"10243",0.208840721970901,1.03627643188118,1,2
"10244",3.65121456057969,0.358978655676485,1,2
"10245",0.714491356020966,6.1720839090661,1,2
"10246",1.94290881318841,9.64658457640171,1,2
"10247",0.591150424254325,9.380972638404,1,2
"10248",2.29137341929488,0.827771416047672,1,2
"10249",0.197962129835689,4.57628613226077,1,2
"10250",1.08928094994235,6.29386448723636,1,2
"10251",4.54600035385203,6.4705041623319,1,2
"10252",3.03114011994319,6.02699027386033,1,2
"10253",-2.951762247365,9.20364463060731,1,2
"10254",-1.33763177274892,4.75703877824935,1,2
"10255",3.40302874386641,6.7975516330459,1,2
"10256",1.53135152040522,8.41058457319559,1,2
"10257",0.747690849393816,6.13905826700308,1,2
"10258",3.53659405515765,5.68349476898406,1,2
"10259",1.40106430269948,-2.79168781343697,1,2
"10260",-0.217144059745089,4.81601498191595,1,2
"10261",4.45914113332199,8.04306390758462,1,2
"10262",-1.39719014998479,13.3581576111068,1,2
"10263",-0.19876354964662,6.22917166759604,1,2
"10264",-1.71075793757456,10.6388107423979,1,2
"10265",1.56010220841724,3.68154550713832,1,2
"10266",-1.85626126800153,5.39734869236419,1,2
"10267",3.78700459941958,9.49307587974771,1,2
"10268",-0.282971256423506,6.53717792535167,1,2
"10269",3.61520405737049,8.07872068869517,1,2
"10270",1.84432647285412,7.41581366694575,1,2
"10271",-1.44567499468231,8.30213451942895,1,2
"10272",0.598488102263442,5.24963226385259,1,2
"10273",3.80224328680126,3.44898817354099,1,2
"10274",3.08722889512479,6.03825996245004,1,2
"10275",4.10064737047235,10.3299779477648,1,2
"10276",2.06778291774571,13.588069562601,1,2
"10277",-1.7779116333348,12.0640911060301,1,2
"10278",1.93375909693007,-0.683854804221451,1,2
"10279",3.03461592761998,6.65582772739882,1,2
"10280",1.96703782291948,5.09634379825632,1,2
"10281",1.31334890449414,11.1963464467294,1,2
"10282",1.13648431019032,-0.951198464795876,1,2
"10283",-0.0885889583776542,3.94823464889494,1,2
"10284",-1.44318326721011,3.55850149502612,1,2
"10285",0.889345490793313,8.66333742898422,1,2
"10286",3.06168175008941,2.65390888427028,1,2
"10287",2.358403612103,8.14815698859642,1,2
"10288",2.59929356689099,12.0153432268393,1,2
"10289",3.06020108475021,9.04209004974069,1,2
"10290",2.01973826742324,0.792746537482843,1,2
"10291",4.47366529696728,6.8691629251455,1,2
"10292",-1.97327976589277,10.830905864937,1,2
"10293",0.669969679637801,6.16997820735644,1,2
"10294",2.6575829658773,0.795969527941769,1,2
"10295",3.08184773687894,7.95244469593086,1,2
"10296",1.23482878597008,12.5364862628184,1,2
"10297",3.83591449638013,2.4185729540124,1,2
"10298",1.5231798318363,2.46809495969775,1,2
"10299",2.89484649798569,5.1279062618349,1,2
"10300",3.02504393858237,4.25101781269055,1,2
"10301",3.28134733814229,6.89221714769547,1,2
"10302",1.69318664979517,8.54019313523994,1,2
"10303",4.17077377651719,2.78804973375483,1,2
"10304",-4.14347514362862,5.79314326667536,1,2
"10305",-1.38440926320291,3.74026372543756,1,2
"10306",-1.15166756553972,6.62428337123665,1,2
"10307",2.3972932454644,6.30108582832067,1,2
"10308",3.98767748511295,0.384583431362907,1,2
"10309",1.99743426287573,0.466171095750015,1,2
"10310",0.540731621981767,13.1294384837228,1,2
"10311",1.05082874334113,2.02814177627879,1,2
"10312",1.69950829732734,5.60338514145713,1,2
"10313",0.150119329868897,7.50213279640864,1,2
"10314",0.160941030668587,1.3280029595188,1,2
"10315",-1.07242414118022,7.50624456827846,1,2
"10316",1.48163164291563,4.50881629199379,1,2
"10317",1.54022790379435,3.64137965796,1,2
"10318",2.18852899403559,2.74684386076253,1,2
"10319",4.42605638010774,3.91317599268766,1,2
"10320",-0.221490177612815,5.65736907030396,1,2
"10321",2.90493322734942,2.89617877991565,1,2
"10322",-1.07665466919292,3.21320329691228,1,2
"10323",3.52369036633214,9.89610364774948,1,2
"10324",-0.551686911340607,5.31273826459005,1,2
"10325",1.85326240066206,7.77389317397773,1,2
"10326",2.73614381102127,14.6099998105914,1,2
"10327",-0.749378861652638,5.99664727322861,1,2
"10328",2.39070601321948,10.4022299081983,1,2
"10329",0.507574828261091,12.224311573981,1,2
"10330",2.14527795551179,4.93258298589535,1,2
"10331",-2.63658431133952,3.57270057099933,1,2
"10332",3.70890862175058,4.33296041217329,1,2
"10333",1.97526870072716,11.7514594458981,1,2
"10334",1.30337980645747,8.50584145478554,1,2
"10335",2.55613939431831,5.1164628600758,1,2
"10336",-1.49805036751167,6.97256221165889,1,2
"10337",0.45749503766631,9.92805711655402,1,2
"10338",0.792987986309461,9.92810538122433,1,2
"10339",3.28005380193865,9.57766139428157,1,2
"10340",1.55128854311014,9.13373641666951,1,2
"10341",2.24273774311549,8.04739777046138,1,2
"10342",1.12417564330719,7.22532531643068,1,2
"10343",5.44315813353546,5.11415905242938,1,2
"10344",0.881419831219544,10.2048421059897,1,2
"10345",3.5352980950829,6.31273503251885,1,2
"10346",0.192968442511516,8.67749343447204,1,2
"10347",0.285764804649689,6.41388965792572,1,2
"10348",3.11533289766622,7.60266142506397,1,2
"10349",1.59374137022838,1.93908197937981,1,2
"10350",3.63409707439428,7.83355399447146,1,2
"10351",1.58510879157406,6.73720903612437,1,2
"10352",-1.10243952040977,5.52552124325193,1,2
"10353",0.987090832935272,9.42602409435448,1,2
"10354",5.2318211112195,4.26453706221774,1,2
"10355",1.95570294820835,7.17469379067397,1,2
"10356",-0.0942255573579203,10.9115386625608,1,2
"10357",0.53015460636512,4.76154199498492,1,2
"10358",1.07020381294036,7.22174268841211,1,2
"10359",0.156015129162309,7.36599768625739,1,2
"10360",1.69507698796682,7.61842788061628,1,2
"10361",-0.338745960360756,7.94888804640545,1,2
"10362",3.30214864767475,13.375175983955,1,2
"10363",2.34218634687775,2.64664045986188,1,2
"10364",6.38468327417045,6.16296120056916,1,2
"10365",-0.763200647107809,6.64357260279883,1,2
"10366",0.128296127303632,-5.07733895299752,1,2
"10367",3.55660799676005,7.37840972048981,1,2
"10368",3.14489166815006,7.80762521910927,1,2
"10369",0.970400406112283,4.51979294478218,1,2
"10370",-1.33630025976806,4.90546817678144,1,2
"10371",-1.22222193705371,3.97858618693245,1,2
"10372",3.65697876774713,10.9151357753925,1,2
"10373",0.947483411374714,5.78053775923899,1,2
"10374",-0.51585510630916,8.88146121266544,1,2
"10375",2.50049221465744,12.3600129426729,1,2
"10376",-0.0146132454823285,1.41752977217894,1,2
"10377",-1.44817196457629,6.23861235153529,1,2
"10378",3.37615507324217,8.13827560170867,1,2
"10379",2.04991345393599,8.09814683523152,1,2
"10380",2.8435340643437,4.64334737253078,1,2
"10381",-0.205219465971684,6.93256035155967,1,2
"10382",1.84478536029201,4.12606090027269,1,2
"10383",0.99687072601009,9.44220232703218,1,2
"10384",-1.34433823008084,12.134378715165,1,2
"10385",2.9779373744192,1.71284397078071,1,2
"10386",-0.883049212672641,4.26816062815516,1,2
"10387",1.60152509921942,6.85003153634965,1,2
"10388",1.87546170957601,0.638482666399258,1,2
"10389",2.0938575629797,7.59749079302329,1,2
"10390",1.58823428475706,0.648610986831355,1,2
"10391",1.51236711938868,5.66804136511651,1,2
"10392",2.3767798012829,7.83176389897455,1,2
"10393",3.6762095474313,8.14309209088373,1,2
"10394",3.45934011231618,6.08381814820994,1,2
"10395",-0.468011400770107,9.61631744602946,1,2
"10396",3.0169093137868,1.56294321727669,1,2
"10397",-0.340170900650977,11.0407259198402,1,2
"10398",1.57426083052997,7.26858078042592,1,2
"10399",2.67230320038732,4.62644914951607,1,2
"10400",2.87534745411468,6.28037035713837,1,2
"10401",-0.618284319880721,1.75181792128912,1,2
"10402",-0.960872686001534,3.11866096697942,1,2
"10403",1.11523953579373,7.29948856966302,1,2
"10404",3.6491059761649,6.01949814411991,1,2
"10405",-1.10995055319725,15.5568676977412,1,2
"10406",2.37265199105288,7.75719438257395,1,2
"10407",1.33779560087387,3.42599228921162,1,2
"10408",5.01345163428905,1.21341551750351,1,2
"10409",0.0764514917124999,4.17986182962887,1,2
"10410",1.32371558105892,10.0927463853614,1,2
"10411",-1.27576573722685,8.43668818336051,1,2
"10412",2.26118288308014,6.06837426113689,1,2
"10413",-0.412459858145071,11.2702924922705,1,2
"10414",2.49700101526486,7.08205210644294,1,2
"10415",2.07232190805533,6.5738424809287,1,2
"10416",-0.93140699546597,4.64861846387576,1,2
"10417",-0.195104503886097,6.46994093806012,1,2
"10418",1.61581545059235,3.09464614646832,1,2
"10419",-0.258443071461459,1.60996853132969,1,2
"10420",1.8618196804395,-0.737312369103559,1,2
"10421",0.95584701279292,7.29219557040166,1,2
"10422",-0.261580162351345,7.08576153332158,1,2
"10423",2.71913414075046,2.41407916168937,1,2
"10424",2.94632781189272,3.46462160697772,1,2
"10425",1.47900659789692,5.17591644544532,1,2
"10426",-0.433081744438232,3.68395013157951,1,2
"10427",2.92718528424644,7.74057768307826,1,2
"10428",0.231170356037774,10.9761850836632,1,2
"10429",-1.80841695231869,-3.97254902026314,1,2
"10430",0.91002644379944,11.1288260552014,1,2
"10431",-0.351897115563121,12.5448372017314,1,2
"10432",3.14286951721638,1.55836501462101,1,2
"10433",1.61026652209742,8.03798615457275,1,2
"10434",-0.1756259934036,5.73752561502621,1,2
"10435",0.142684722658519,-0.824977417977452,1,2
"10436",5.81238703230283,7.7308922800023,1,2
"10437",4.40151997968416,4.10779995849587,1,2
"10438",3.98630007479346,8.4711865786446,1,2
"10439",1.17582858249014,5.8772259862446,1,2
"10440",2.1714033895081,4.46568971122832,1,2
"10441",3.0962379913946,10.0092520127205,1,2
"10442",-2.65532006557036,2.63979156403559,1,2
"10443",5.25237102403293,5.27289979688013,1,2
"10444",0.975550264363562,1.07218956702279,1,2
"10445",4.02714077516639,11.3188917071975,1,2
"10446",3.17663658352184,11.301996392026,1,2
"10447",-3.74678204423338,4.59935021142583,1,2
"10448",1.0721954260583,8.61025521335718,1,2
"10449",0.968482750934323,12.0693935287628,1,2
"10450",2.71398585613508,-4.11301019611943,1,2
"10451",3.02957676604644,0.476916597771639,1,2
"10452",-1.51813984921354,7.72210493392971,1,2
"10453",-1.73105154543651,12.1611001876739,1,2
"10454",1.47374928932131,8.18393489632983,1,2
"10455",3.4886464419985,2.66781908981448,1,2
"10456",2.94755576910215,2.75983113390204,1,2
"10457",2.35514894800471,7.25947225733661,1,2
"10458",2.34817964003485,8.43947489553872,1,2
"10459",1.90522566636553,7.03318373940903,1,2
"10460",0.288869299724344,5.36342783968179,1,2
"10461",2.90927521720039,8.33357248880317,1,2
"10462",1.98138640987567,7.90709503478366,1,2
"10463",0.0750017293053133,3.75404537897959,1,2
"10464",3.13019723924551,8.82175964682745,1,2
"10465",0.660287681917888,5.57764287262601,1,2
"10466",2.5641345347323,2.34510284522426,1,2
"10467",-1.60858886033103,3.95389836857143,1,2
"10468",-2.52859331182277,6.38179400711403,1,2
"10469",-1.08134168185466,9.64436201733683,1,2
"10470",3.17755651535121,7.64744488146735,1,2
"10471",-0.446203529710226,3.86250218155136,1,2
"10472",0.390189233612059,6.41290977462179,1,2
"10473",1.1522251660757,5.69470469578679,1,2
"10474",4.47782154010017,1.38865032474566,1,2
"10475",2.0769529377107,5.15072942122159,1,2
"10476",4.61925197953726,3.33732001043241,1,2
"10477",3.91623562827152,5.98077735439757,1,2
"10478",0.2823592817898,2.42229330472248,1,2
"10479",1.21315876248418,-0.912516443423069,1,2
"10480",-0.711931249768416,8.3062312161278,1,2
"10481",-1.10888333657735,-3.87203366680628,1,2
"10482",3.57997877961126,4.56418451881761,1,2
"10483",1.32948226460255,3.30404191903317,1,2
"10484",2.93784853237268,6.99595333819063,1,2
"10485",1.51184311205124,7.46349707335376,1,2
"10486",2.0797569024172,4.75058231748024,1,2
"10487",2.21261404441354,4.02568975877233,1,2
"10488",1.68168454875963,0.169424501342288,1,2
"10489",2.98870799841543,7.02508073969514,1,2
"10490",3.5365098606238,6.34834992188536,1,2
"10491",3.36199550636992,2.98923865577574,1,2
"10492",2.75019271874626,1.17535318939657,1,2
"10493",-0.189232941850442,-2.52957289241538,1,2
"10494",1.16424976269845,1.81516206874116,1,2
"10495",1.95051188636365,3.01744190129539,1,2
"10496",1.42360419199167,4.68001779335803,1,2
"10497",2.00921310866919,0.936407939465166,1,2
"10498",1.56253713092746,7.96774118476892,1,2
"10499",3.95169300063897,4.72245213080742,1,2
"10500",2.53223500567963,11.860207375503,1,2
"10501",3.23454760353431,13.6938825074846,1,2
"10502",4.83034258350453,5.08805603924955,1,2
"10503",2.21551078136377,6.7797069656145,1,2
"10504",2.56088270559661,2.61835046965776,1,2
"10505",2.03325497281218,2.112208424651,1,2
"10506",2.56591635284554,9.24738791406073,1,2
"10507",0.555030329189238,4.15678340038975,1,2
"10508",3.97286355078131,5.23036357524944,1,2
"10509",3.63097367770195,4.9538013584397,1,2
"10510",-0.095467097155129,3.92266437346643,1,2
"10511",-0.0755818690093721,6.04535178613603,1,2
"10512",3.05208185476411,7.432918269215,1,2
"10513",4.57367946282066,14.5909148608703,1,2
"10514",0.511568417878065,14.246000033907,1,2
"10515",0.580397855152071,2.54454510560547,1,2
"10516",1.85383178622376,9.47915501376355,1,2
"10517",0.638404962006629,7.86949427279141,1,2
"10518",1.4588034419612,1.84508862130502,1,2
"10519",-1.85136025687669,2.90499577230513,1,2
"10520",-0.411098915160053,10.4543791663935,1,2
"10521",0.333729920651739,3.14048082590636,1,2
"10522",-1.18525704357519,11.7827073002493,1,2
"10523",1.16248580261338,9.48218878531756,1,2
"10524",2.85583646864643,3.81008323421062,1,2
"10525",2.38380015824554,14.1087231677492,1,2
"10526",5.18790505910005,10.2861205053995,1,2
"10527",2.90808184437983,4.9278195019766,1,2
"10528",0.086643738972678,10.3523883510652,1,2
"10529",2.23726848882978,17.4457257567623,1,2
"10530",1.2123624632142,3.71078451872797,1,2
"10531",0.314684368277893,8.20660766837872,1,2
"10532",0.69376846173666,4.24492379354262,1,2
"10533",1.54470312126327,7.67731171672691,1,2
"10534",0.383672883114826,9.7270656384159,1,2
"10535",1.86212637035591,5.99589946228604,1,2
"10536",-1.14466138534406,3.47070667356924,1,2
"10537",1.67447552554612,3.54796379868253,1,2
"10538",-0.360180548476553,10.7176650974412,1,2
"10539",1.26598849492667,8.61174777302665,1,2
"10540",2.60270012057859,9.10790653183066,1,2
"10541",1.25890654692355,4.86533558853318,1,2
"10542",-0.0312583732128326,5.98680365379713,1,2
"10543",2.29241100296835,4.1755868248217,1,2
"10544",-0.32984129345092,3.6429786723053,1,2
"10545",0.740119305445777,11.3111288537262,1,2
"10546",-0.673970178557222,10.4449478648035,1,2
"10547",3.01779054593538,1.36592108971862,1,2
"10548",2.34861327816354,1.09047141476682,1,2
"10549",-0.819557036310545,0.52272923243006,1,2
"10550",0.845130873521658,5.17339639942765,1,2
"10551",1.3020246322519,1.70413767964437,1,2
"10552",3.80991038884898,3.61389981734296,1,2
"10553",2.03973466389621,6.17549840262031,1,2
"10554",0.862518933393928,2.27467480044916,1,2
"10555",3.05608910422282,7.13236949413521,1,2
"10556",2.42348676592462,-0.448413743388139,1,2
"10557",0.995762429313252,6.42313040457668,1,2
"10558",1.87014898142152,9.2809296958467,1,2
"10559",3.77984290625174,14.0647901532103,1,2
"10560",1.34237245946092,8.25391315317339,1,2
"10561",2.67392144687947,7.42467373759588,1,2
"10562",-1.44075889880608,5.93530362888845,1,2
"10563",3.35057295501742,1.67481203941857,1,2
"10564",0.10468701836467,7.17209762402602,1,2
"10565",1.70943095881635,7.74685924114094,1,2
"10566",0.650207848895975,3.80216729999994,1,2
"10567",1.36107748151939,13.1335481631624,1,2
"10568",4.61517331486156,9.98591780173895,1,2
"10569",0.519018322833805,-2.07955596981575,1,2
"10570",2.41400630119434,2.13317810041106,1,2
"10571",2.94973337593364,6.00781266651176,1,2
"10572",0.980874680251482,7.10565284793684,1,2
"10573",0.58871035351376,4.46784793674331,1,2
"10574",2.82131482717488,6.42137828241906,1,2
"10575",0.251689132485301,6.18030523482734,1,2
"10576",1.37442368058661,10.0329339968298,1,2
"10577",1.43333665957498,5.45486311257947,1,2
"10578",3.05796342560638,10.1233136825411,1,2
"10579",2.2384961936144,5.48795520290836,1,2
"10580",1.63811500222796,2.22058058754934,1,2
"10581",3.85056261445492,4.90077682859975,1,2
"10582",1.61379128616908,3.31070236862577,1,2
"10583",1.22388171495535,1.26085164282189,1,2
"10584",2.01822269172662,12.1003679374295,1,2
"10585",0.584322688226303,2.06618021581292,1,2
"10586",4.01737297252156,7.18821834006093,1,2
"10587",2.9363020083014,8.39174670033194,1,2
"10588",1.85596160616819,6.42433290716746,1,2
"10589",3.42652253725733,2.35859269996673,1,2
"10590",1.95290408348834,5.23084043219296,1,2
"10591",0.295469315938609,7.07981940883344,1,2
"10592",-1.2774557927376,8.55226752085859,1,2
"10593",0.929338569004392,3.35594669459844,1,2
"10594",1.79693362886537,5.34970568001432,1,2
"10595",4.81199089303893,8.90616688976176,1,2
"10596",2.00385465273423,2.77715877171039,1,2
"10597",0.978688195528535,7.68127535981511,1,2
"10598",-2.39962804814481,3.75107085533969,1,2
"10599",2.15269674300634,7.67133772631074,1,2
"10600",-1.15621913238396,2.64735731978877,1,2
"10601",-0.198101490598094,5.78723242467313,1,2
"10602",4.56832794656757,0.733939733431448,1,2
"10603",1.13956309646696,2.88534154352005,1,2
"10604",0.618241982088535,7.03780276599172,1,2
"10605",0.19186974371702,8.88081045661354,1,2
"10606",2.2281726976282,5.00199504324023,1,2
"10607",3.58651698912981,4.05216830267542,1,2
"10608",0.918084794460125,4.38996804623456,1,2
"10609",0.676892030300531,-1.48936504793392,1,2
"10610",4.88989856004482,8.58343599188628,1,2
"10611",1.91802352130173,7.8012673055325,1,2
"10612",-0.934642089735092,4.32473405822659,1,2
"10613",-2.80323254848518,5.7944148435953,1,2
"10614",3.58812664696586,9.79424430689396,1,2
"10615",0.536039078483288,1.193587992516,1,2
"10616",5.22687662446304,3.94470357297335,1,2
"10617",0.837654070290143,7.91606882262992,1,2
"10618",-2.28889125198024,9.39265553743304,1,2
"10619",-1.23332377737539,6.54562699524413,1,2
"10620",3.04525356531641,0.738763005686967,1,2
"10621",3.51085945645442,9.57575502042162,1,2
"10622",0.142693595444659,12.4205467769429,1,2
"10623",2.71436394081966,8.5198272347761,1,2
"10624",1.08755285191838,9.00072041254683,1,2
"10625",3.41361861480268,11.3971479145807,1,2
"10626",2.62410965349753,-0.0384256137238559,1,2
"10627",1.3643703885968,0.396938485754901,1,2
"10628",-0.50792761748848,6.76288224286483,1,2
"10629",2.53212741188031,14.3130934372368,1,2
"10630",1.2964332972522,6.52636120742657,1,2
"10631",-0.262928907620643,2.59900082064161,1,2
"10632",2.12109499729847,0.82700939325912,1,2
"10633",3.5076195346705,3.92692941026278,1,2
"10634",3.84030410570437,6.38017746797486,1,2
"10635",0.781541346907854,3.63295669116902,1,2
"10636",2.0431621377315,8.45816309522121,1,2
"10637",0.0582057336206068,16.4027480878594,1,2
"10638",1.27875691144424,5.02733272277586,1,2
"10639",3.05290833978871,2.09218835332093,1,2
"10640",0.21412179369026,3.71350588201114,1,2
"10641",-0.761889215648468,4.54608348436452,1,2
"10642",2.17850742324248,9.15531879181139,1,2
"10643",2.83606480245775,6.46007318700732,1,2
"10644",-1.52292208749275,8.72488440080132,1,2
"10645",0.892479616680176,6.99901136440127,1,2
"10646",0.739949008920324,10.7954657593818,1,2
"10647",4.09313752355281,6.71265380320975,1,2
"10648",3.81896241636335,7.59176689907461,1,2
"10649",2.9713459354686,6.91529416280426,1,2
"10650",1.81915241312215,9.03575772776158,1,2
"10651",2.60786374861554,2.94487285253546,1,2
"10652",3.22378259549588,4.5357395980749,1,2
"10653",2.4017690594061,-1.96055307134882,1,2
"10654",2.60883788108307,4.51238711838393,1,2
"10655",5.75234580317476,5.22387121466491,1,2
"10656",8.54334539350012,7.07540842618921,1,2
"10657",0.696005994536723,8.18888771061419,1,2
"10658",3.93941910388787,3.85381744741417,1,2
"10659",3.83335122255787,9.86634294258654,1,2
"10660",3.13114915431132,6.8705990347596,1,2
"10661",1.60670522556529,2.38357161754708,1,2
"10662",0.913612435414749,4.46402210219403,1,2
"10663",3.88632059636834,13.2665100866975,1,2
"10664",3.85158143189631,3.05244717232769,1,2
"10665",3.2129706948986,10.7349490835867,1,2
"10666",1.11530593701456,5.89483068664955,1,2
"10667",2.4159731379472,6.23643954933442,1,2
"10668",2.851199080403,10.2846798854446,1,2
"10669",1.15843722799112,7.72941875053169,1,2
"10670",2.4789188541169,9.87760411430343,1,2
"10671",-1.07270025381758,8.24559799923789,1,2
"10672",1.88758745151742,3.17494659478685,1,2
"10673",3.1664307612709,8.11904983318657,1,2
"10674",3.66032751094889,3.96038229291422,1,2
"10675",0.0283210010559718,2.55736381070686,1,2
"10676",0.207215871475771,10.9005039219274,1,2
"10677",-0.387811675913938,2.5240687009054,1,2
"10678",2.00335660731782,8.39837357317093,1,2
"10679",5.10059093671373,1.67206338062314,1,2
"10680",1.67429571865114,4.90591123260677,1,2
"10681",0.880577020352931,5.94433262820795,1,2
"10682",0.374582490167422,5.9159560748572,1,2
"10683",1.7648813216114,9.58600969714405,1,2
"10684",3.18853162039685,7.64007452471749,1,2
"10685",1.171044285401,9.1749304817489,1,2
"10686",0.602302801885257,8.99918666538796,1,2
"10687",2.10249207414667,1.25390731134674,1,2
"10688",0.888335883450025,2.20564942719474,1,2
"10689",0.436899839258805,11.1405139583251,1,2
"10690",3.83288565485521,7.83338805240024,1,2
"10691",0.444309756237044,7.16824565772333,1,2
"10692",2.2702355415701,6.7468679980676,1,2
"10693",3.12464957911408,8.49519478286783,1,2
"10694",0.990199567147243,7.7669515744635,1,2
"10695",2.85737647074107,4.63922346898601,1,2
"10696",2.60315882563595,11.0530671503621,1,2
"10697",2.70931278370964,12.3954017208274,1,2
"10698",-0.336771924883887,3.68517198901441,1,2
"10699",3.94454564033706,5.5673538687294,1,2
"10700",-1.77365173896176,5.98327712115429,1,2
"10701",-0.411665270092109,6.32614228570348,1,2
"10702",-2.87703959125363,5.74381470326121,1,2
"10703",1.03686811923818,4.18633837161885,1,2
"10704",-3.13887522746945,6.22962802289467,1,2
"10705",1.28292867247604,0.496396492566234,1,2
"10706",-0.704779337420649,5.90109496402802,1,2
"10707",0.571599671973933,-3.29977320552259,1,2
"10708",1.5254097902644,-0.343750670933563,1,2
"10709",1.96755388756911,5.18862535460078,1,2
"10710",0.780912102628736,8.92336797046974,1,2
"10711",-2.93540374524903,4.42672676640169,1,2
"10712",4.39567113709353,3.94643038056201,1,2
"10713",0.905436328450629,5.34131653123785,1,2
"10714",-0.135640608032198,11.3098701397141,1,2
"10715",1.79575635518711,11.9812182132945,1,2
"10716",0.420635308278826,-1.76556738964948,1,2
"10717",1.8850488920486,0.632346103550299,1,2
"10718",2.84520762583128,5.25622292434939,1,2
"10719",-1.2911087495793,4.01211810818913,1,2
"10720",0.776886207008879,5.88429014320491,1,2
"10721",-1.82988069554258,9.42239020986801,1,2
"10722",-0.775825772422358,6.13790261629398,1,2
"10723",2.39818182112168,5.2144295317591,1,2
"10724",2.19570463228884,11.7429013336097,1,2
"10725",2.52326390132397,4.82067839303598,1,2
"10726",-1.41156964536347,8.30831374282566,1,2
"10727",-0.144799698701019,0.603607098678336,1,2
"10728",1.84008495223588,10.7339038137888,1,2
"10729",1.56710815061846,7.53838353680284,1,2
"10730",1.50119161213966,3.63849809001708,1,2
"10731",-0.970631106724305,1.13663403569776,1,2
"10732",-0.377756010959891,1.90177849262865,1,2
"10733",-0.901859572478183,6.75744605984357,1,2
"10734",1.91828996006491,11.1243599678171,1,2
"10735",2.46120655964191,3.16790137206416,1,2
"10736",1.09714668712046,6.46783432010445,1,2
"10737",3.96159691562064,5.27701036673217,1,2
"10738",3.17374148693036,11.6067960267584,1,2
"10739",-1.91721289859753,6.79166309343636,1,2
"10740",0.715161153298016,8.33205408169685,1,2
"10741",2.46837341467975,6.44652655614614,1,2
"10742",0.936619900541011,9.1737101492713,1,2
"10743",1.01448947759145,6.25931110398951,1,2
"10744",2.35752260480175,4.6441229491486,1,2
"10745",1.99466867440973,7.15757059604295,1,2
"10746",1.17610071854606,4.52522965482616,1,2
"10747",1.15676509083708,6.29994807251884,1,2
"10748",1.55254950929805,6.4697216339291,1,2
"10749",1.29003640113491,6.79409013169603,1,2
"10750",0.0466201189328255,4.16635619101757,1,2
"10751",0.18953867519385,6.1661140703763,1,2
"10752",0.906283489485241,6.7813981278975,1,2
"10753",1.0524757421155,10.8623326051027,1,2
"10754",2.20474252656486,5.85129314796392,1,2
"10755",4.37893025373907,4.42437299291039,1,2
"10756",1.34201591696071,9.4119455070106,1,2
"10757",0.287381273576809,5.56547259654627,1,2
"10758",0.466106775390049,-1.13988763544723,1,2
"10759",0.63544142577084,-0.591953406428104,1,2
"10760",-0.393804637407746,-0.613356198777191,1,2
"10761",2.24800899212019,4.89090186391189,1,2
"10762",2.10370948976944,3.60315624217756,1,2
"10763",3.55949926201475,7.99497047856165,1,2
"10764",2.18458640475225,8.41286812250404,1,2
"10765",4.39589901260076,5.01015424914754,1,2
"10766",0.561168279217005,1.94487424669576,1,2
"10767",0.732920615927146,3.91528020114834,1,2
"10768",2.18363682469531,1.08563619491054,1,2
"10769",1.77975513226004,7.55574349715918,1,2
"10770",0.652113379587355,6.09186804070871,1,2
"10771",3.77029374817895,8.26955622319268,1,2
"10772",1.16210902394831,9.71414994366349,1,2
"10773",2.54517961051322,7.49966798830655,1,2
"10774",1.81105167867508,5.0645274207766,1,2
"10775",-0.0731624839486629,3.89000497077717,1,2
"10776",1.79268673535046,9.91236920017592,1,2
"10777",3.10898192093107,4.068007025882,1,2
"10778",4.42551477560495,8.60181054139531,1,2
"10779",2.55843810431427,10.8651522534354,1,2
"10780",-1.55205595067994,5.31955295152576,1,2
"10781",6.88587823187182,4.19187954834899,1,2
"10782",-0.851702818231965,12.9315481620759,1,2
"10783",0.528660460817635,4.65302914143508,1,2
"10784",-0.213138958357473,9.28374563513702,1,2
"10785",2.53247371575996,10.3494517078481,1,2
"10786",0.0118109451841837,7.44058425704761,1,2
"10787",5.38450548128739,5.76650909108702,1,2
"10788",4.39640470054897,7.00432692912814,1,2
"10789",4.60838880597584,3.34300021488435,1,2
"10790",2.79902015421488,12.171238196649,1,2
"10791",2.76228573798122,7.07053272380258,1,2
"10792",2.05143976939733,5.45423868800503,1,2
"10793",-2.07941743731724,2.65239540472558,1,2
"10794",-0.049159145781311,-1.72153387595633,1,2
"10795",3.26256592491267,11.1454331191356,1,2
"10796",-0.61656142353893,9.41645782270737,1,2
"10797",-1.05225865518816,10.6459382339616,1,2
"10798",0.462102902796852,5.27395092264367,1,2
"10799",-1.56718140025772,-1.1577923238429,1,2
"10800",-0.95223378916253,6.78039052604018,1,2
"10801",3.48820881756753,2.71329720793855,1,2
"10802",3.22198044974801,8.18750755306753,1,2
"10803",-2.72666275288907,2.76937728101825,1,2
"10804",1.21385487508736,7.09599518698769,1,2
"10805",0.51725445286807,2.51647207645327,1,2
"10806",4.08419660704557,4.27880288714079,1,2
"10807",0.680890617628255,7.19477863892402,1,2
"10808",0.254277588792886,7.79193327185397,1,2
"10809",-0.127986286160502,5.48209836503432,1,2
"10810",1.34702095090382,7.70661259880536,1,2
"10811",-1.17300338419155,6.91938065425976,1,2
"10812",2.12113174594799,8.92108078794553,1,2
"10813",3.79068885582631,7.03633502888056,1,2
"10814",5.76464379141624,7.06739173646593,1,2
"10815",1.44192242637998,0.762021345709134,1,2
"10816",1.1807258796065,6.81118876507131,1,2
"10817",-1.15649256750563,3.07501987099232,1,2
"10818",4.68952233402186,1.73215944733042,1,2
"10819",-0.252724051032836,4.60313436948512,1,2
"10820",2.3795018577778,6.65834658060653,1,2
"10821",1.3832231291488,5.20680010408884,1,2
"10822",0.0035592225654606,2.97941493186844,1,2
"10823",0.0404951252811239,4.65034600518218,1,2
"10824",0.309167195806701,-0.0709064081190585,1,2
"10825",5.45706985180579,4.48068745009856,1,2
"10826",1.51136824068663,4.686705760025,1,2
"10827",0.8695435006948,9.50008649731316,1,2
"10828",-0.363821917230812,15.7311739630362,1,2
"10829",1.82686308261523,8.18064807016869,1,2
"10830",3.48729801902337,3.61246608749792,1,2
"10831",1.65416273237965,6.03861401811536,1,2
"10832",1.40751463955032,7.70038922663878,1,2
"10833",2.55670240088054,10.039427655944,1,2
"10834",3.64777155011245,-1.02574179525134,1,2
"10835",1.43684517412615,12.07576028133,1,2
"10836",1.83058484439733,6.29107328029796,1,2
"10837",-0.0210527571158008,4.67507053841669,1,2
"10838",1.7555829889195,15.0458542810657,1,2
"10839",4.53816195135656,5.98353595596096,1,2
"10840",0.974306661249251,1.80843640567175,1,2
"10841",4.39441602064122,7.01394657272963,1,2
"10842",1.34455852378714,7.90446543215744,1,2
"10843",4.2327190595135,6.55406331720331,1,2
"10844",2.28397875278887,9.28798437455015,1,2
"10845",1.3826113482907,-2.64135115417076,1,2
"10846",1.56231291302447,4.11087223249626,1,2
"10847",1.11233965460004,6.2560992358876,1,2
"10848",-0.102621525973222,6.02972267639513,1,2
"10849",1.70454884338211,11.5147811980103,1,2
"10850",-1.6580749206505,6.66308607343176,1,2
"10851",2.0003106931241,2.08715961976355,1,2
"10852",0.110331654046311,7.62457100684523,1,2
"10853",3.35035941151483,1.44012730731202,1,2
"10854",0.697732233507646,3.29900623738138,1,2
"10855",1.67956807855486,13.6097010953869,1,2
"10856",2.28282291097062,9.56490254418997,1,2
"10857",0.604614801740825,8.69398207404582,1,2
"10858",0.307025851828309,9.14538165633002,1,2
"10859",2.38135618046262,5.61500024841536,1,2
"10860",2.03487409788589,10.2536548709656,1,2
"10861",1.47277891248887,6.28826821486609,1,2
"10862",0.18029295152678,5.31261863950512,1,2
"10863",4.40272704152455,7.25302021143778,1,2
"10864",-0.801902277997879,3.71310859104548,1,2
"10865",0.138355868105908,6.46096946609253,1,2
"10866",2.26968520963493,9.7415848651129,1,2
"10867",3.2803227715849,5.47100871295743,1,2
"10868",-0.213080194900579,0.701684576363081,1,2
"10869",1.4953468751601,7.63607073224476,1,2
"10870",2.18746434386216,0.427336493373375,1,2
"10871",3.26359822760448,6.64931189994899,1,2
"10872",4.12177598884081,8.36432004234591,1,2
"10873",1.9688135841603,-2.73301866070235,1,2
"10874",2.78234874675081,3.51135849433882,1,2
"10875",0.0370142026203082,3.34136396624729,1,2
"10876",1.14473740985642,5.08374222624812,1,2
"10877",3.12965697414773,1.88797996901454,1,2
"10878",0.493894451441592,3.28322575766413,1,2
"10879",2.18184676417702,10.7106771564215,1,2
"10880",-3.01111095499039,3.62635903228314,1,2
"10881",-0.435473562014323,0.523903106466819,1,2
"10882",-0.567540917242128,5.05843939687887,1,2
"10883",1.05330770615832,5.93615263551467,1,2
"10884",4.41215719480653,7.99154304011286,1,2
"10885",3.3950009783341,5.69736263341299,1,2
"10886",-0.785944781753964,9.84390857274505,1,2
"10887",2.48270378805094,8.20691031574616,1,2
"10888",0.000411669095076839,4.34660495090898,1,2
"10889",-1.43092986371993,8.35377140865333,1,2
"10890",2.21263865200336,10.443638097208,1,2
"10891",-0.304041401573599,6.01893021119138,1,2
"10892",1.45428941293057,11.0961735487129,1,2
"10893",2.86133823983968,5.37443131570605,1,2
"10894",1.64849794959746,2.56689914090532,1,2
"10895",-2.73863193992313,4.18196831691879,1,2
"10896",-1.31339699290257,5.79392769569756,1,2
"10897",0.0284196214876511,6.60451628720071,1,2
"10898",4.85261322681653,6.90771377737292,1,2
"10899",-0.107730372791723,3.84057459213798,1,2
"10900",3.572702672883,7.13879088503035,1,2
"10901",2.99511605870397,8.19341451059705,1,2
"10902",1.45526198936968,11.6164129205962,1,2
"10903",0.28754786691425,1.3023954850742,1,2
"10904",2.67809228920531,9.79392195654542,1,2
"10905",-0.21543260526898,1.77912620064957,1,2
"10906",-1.16769478204998,6.59270570033505,1,2
"10907",3.12611208534624,4.39956860986853,1,2
"10908",4.13084018368882,1.38367930457456,1,2
"10909",2.83898877612416,11.9978496480969,1,2
"10910",-0.897130263854947,1.48649162067949,1,2
"10911",-0.821816483803861,-0.0762944028230166,1,2
"10912",1.22126444512958,2.10196856099327,1,2
"10913",1.34747916679675,-0.0857982756805011,1,2
"10914",-0.00426206722728328,4.63280446423217,1,2
"10915",1.39293129047881,3.54872012785192,1,2
"10916",0.436162833355706,8.25715762147832,1,2
"10917",-0.962136304909468,6.96259102508122,1,2
"10918",2.82565927508596,0.995008236575742,1,2
"10919",-0.0204204664214536,5.55236315612498,1,2
"10920",2.91489976560541,8.14421092599619,1,2
"10921",-0.117814499301794,5.712907585811,1,2
"10922",2.2867214399741,5.83643311699745,1,2
"10923",1.74212012015401,6.71757694340662,1,2
"10924",1.61492881797293,3.53325620879261,1,2
"10925",-4.34477774590696,4.75374086729574,1,2
"10926",0.763528155646634,4.055398250621,1,2
"10927",1.80903587812617,8.44878737185776,1,2
"10928",4.22101157371066,2.8506594918883,1,2
"10929",1.06776956658289,1.02157194903691,1,2
"10930",-1.64078146885854,5.0695563791067,1,2
"10931",2.07671622571773,7.21748571473997,1,2
"10932",2.65811027900448,4.1071653863575,1,2
"10933",0.517728833173046,2.96288207974922,1,2
"10934",2.44039510998506,3.58097851890893,1,2
"10935",1.5119280305859,9.18177799339782,1,2
"10936",1.31099862612051,7.84790642736416,1,2
"10937",-0.259744842663251,3.84196371024972,1,2
"10938",2.40192627961561,2.1065858336753,1,2
"10939",0.957931055595429,6.06268864717003,1,2
"10940",1.53001731142729,8.07275824836169,1,2
"10941",-1.49638780508596,7.47473832504609,1,2
"10942",2.42948147704018,15.2531259673073,1,2
"10943",3.01404808804355,8.68108054380784,1,2
"10944",2.84110308439997,5.85077333128378,1,2
"10945",0.562655922447175,3.90096049946252,1,2
"10946",0.135430475128707,11.9611233451865,1,2
"10947",5.31486121740948,9.50561328140217,1,2
"10948",2.54624248790054,7.65574191263721,1,2
"10949",4.17174691269211,-3.88076578549508,1,2
"10950",4.1039354941946,4.61391141539036,1,2
"10951",0.0645593587329458,2.12789996199551,1,2
"10952",3.17068354354902,6.97680502432033,1,2
"10953",4.83682456636257,8.6675794667891,1,2
"10954",3.48180002589482,7.37652766139171,1,2
"10955",1.88209317475249,5.78487269747963,1,2
"10956",2.42384939192082,-0.647621587136456,1,2
"10957",1.58334194268637,6.49389054634882,1,2
"10958",3.80051470844125,-2.43024627716193,1,2
"10959",1.78620433720114,9.59462893075538,1,2
"10960",-0.563550116606065,8.76780365658544,1,2
"10961",4.74370140530935,6.48603597393831,1,2
"10962",0.591424955581012,8.40536597364915,1,2
"10963",1.57026934267916,1.12234975297926,1,2
"10964",4.24128296542057,7.49529380691702,1,2
"10965",0.229165898073364,11.2356092084739,1,2
"10966",0.508773950332399,1.81556638170854,1,2
"10967",2.77080213435951,8.82914115481321,1,2
"10968",-0.105644800301629,6.77437993172643,1,2
"10969",1.12035913686026,11.2753613200574,1,2
"10970",-1.29783187831982,7.50373579101179,1,2
"10971",-0.0133592658010697,10.8813993171384,1,2
"10972",0.598164843456166,16.8028910581317,1,2
"10973",0.572366476149573,3.93272349099827,1,2
"10974",-0.571728177712843,6.59916546621772,1,2
"10975",0.98641421041577,8.68427584560877,1,2
"10976",1.57444638163645,0.473522279220056,1,2
"10977",0.93630215756887,3.9493205544614,1,2
"10978",1.84578726041356,10.7590151456034,1,2
"10979",2.78011702295743,4.72913266482809,1,2
"10980",4.59363290587391,3.54957344984242,1,2
"10981",4.69838458552237,6.3901093582249,1,2
"10982",3.12829735145416,5.18059713726999,1,2
"10983",0.578743323282265,5.12911968921672,1,2
"10984",1.23005692002744,-3.41779436249799,1,2
"10985",3.66382044704954,7.18734990258927,1,2
"10986",-2.05626896886575,11.137582586787,1,2
"10987",2.52162398092444,8.16452724740082,1,2
"10988",3.08011801353569,8.00788872188333,1,2
"10989",2.73268740444327,9.54514123150613,1,2
"10990",2.37644002482901,6.57293759339284,1,2
"10991",-0.20376359043341,6.73887849642778,1,2
"10992",4.9651367737116,13.8881760048108,1,2
"10993",6.44189417624523,11.6489192864877,1,2
"10994",2.31342268070385,8.22434928976202,1,2
"10995",1.3328922802934,14.0596611338972,1,2
"10996",2.20446994412768,4.32292959660865,1,2
"10997",0.167518742696047,9.45164922191828,1,2
"10998",0.855011305972786,8.59162328281231,1,2
"10999",4.53910759565044,7.64582433338079,1,2
"11000",3.16031120266734,-1.70867315389877,1,2
