"X1","X2","component","subcomponent"
"10001",8.71806151572787,-0.5384973695089,1,3
"10002",6.79633081924915,0.531197549930423,1,3
"10003",0.621756024396001,1.23290662857789,1,3
"10004",-1.21108557524013,5.3938940851218,1,3
"10005",-5.85358619954253,1.94998947885442,1,3
"10006",4.3675657306728,0.706298614092375,1,3
"10007",-2.91267030907597,1.01162732657883,1,3
"10008",5.95584988221787,0.459645407812413,1,3
"10009",0.734608790954631,-0.409085030367633,1,3
"10010",5.62359747745683,-0.417372186823795,1,3
"10011",6.64269576484007,0.844935562391817,1,3
"10012",1.98088114758783,2.38450095995345,1,3
"10013",2.45797275896793,4.51684614473673,1,3
"10014",8.4296018582505,2.19142598753175,1,3
"10015",9.9166328056052,0.209343829501052,1,3
"10016",5.59893623827665,3.5789683772394,1,3
"10017",6.17984228681969,2.0591607275574,1,3
"10018",0.599429621555579,1.81954380885052,1,3
"10019",11.2305006771933,1.17452051676422,1,3
"10020",13.9359838856667,1.54563793472148,1,3
"10021",13.9452281212714,3.27189115537297,1,3
"10022",5.92337674611463,-1.23352478407894,1,3
"10023",7.77382718957243,-0.784393683868928,1,3
"10024",0.862136224495828,0.411663889833164,1,3
"10025",1.6735633509123,2.81218458504353,1,3
"10026",5.63644439460495,1.49159641937327,1,3
"10027",8.85123042583322,1.86065320189236,1,3
"10028",10.137438090411,1.05786344440555,1,3
"10029",0.983277907215465,2.29390431610552,1,3
"10030",2.27884965450235,-0.459750659151011,1,3
"10031",-0.349403088668006,3.23990875335383,1,3
"10032",3.64673512851077,0.841212311696564,1,3
"10033",5.30276643760563,3.62608259620415,1,3
"10034",10.2995781061766,1.37048441281176,1,3
"10035",6.29631865999035,1.52862022373413,1,3
"10036",3.79877056744051,1.65937541874352,1,3
"10037",6.8589765821614,-0.232220043815528,1,3
"10038",7.97137380598104,2.94668588859698,1,3
"10039",9.54541291126136,2.24503239940249,1,3
"10040",6.83152940951022,3.71622106697405,1,3
"10041",10.2302258174729,-0.397618051285972,1,3
"10042",2.92802006220568,3.09148127560465,1,3
"10043",3.09431028961,5.85270227320045,1,3
"10044",7.73152289768232,0.746838512400813,1,3
"10045",5.91891323610318,1.15725917596437,1,3
"10046",3.95417396147785,-0.879545524499342,1,3
"10047",4.85742790709985,0.899554759937812,1,3
"10048",8.54065261502897,1.38733651442664,1,3
"10049",4.80368533055549,0.362003897246387,1,3
"10050",14.1342444229273,2.07917853503663,1,3
"10051",7.30593302134856,2.78420079334964,1,3
"10052",5.67335327789018,3.28576576378889,1,3
"10053",3.96938159034142,1.65455576740608,1,3
"10054",7.5941427394684,-1.69709846492893,1,3
"10055",0.685642476449119,2.73198666347083,1,3
"10056",5.24309940009315,1.50186555906493,1,3
"10057",6.59056889109771,3.11214265578497,1,3
"10058",11.1278315508572,2.76158799479999,1,3
"10059",5.68382113982702,1.44704158251,1,3
"10060",6.97852272219481,1.82907516102545,1,3
"10061",8.72875262316312,0.683565221578532,1,3
"10062",2.55387361626407,2.64184693005808,1,3
"10063",5.46607855809771,-0.102472837119066,1,3
"10064",4.12002280574655,1.93274747882237,1,3
"10065",4.48824555219575,1.35565646872039,1,3
"10066",9.69271401525104,0.354997969313248,1,3
"10067",0.613665167996505,-0.796787367204431,1,3
"10068",6.26963671815732,-0.0192078557411643,1,3
"10069",10.497702002098,6.96253691116175,1,3
"10070",7.13011305068605,0.409215973163684,1,3
"10071",3.55305695201257,0.387013960204565,1,3
"10072",5.71583572953197,0.572590643538762,1,3
"10073",5.404719109708,0.847587941087604,1,3
"10074",9.52712468046041,1.57166058869622,1,3
"10075",1.761075403214,0.000535995935692313,1,3
"10076",8.3448103930648,0.894045318434624,1,3
"10077",8.25345791306833,1.14902043541753,1,3
"10078",8.48547825202327,0.596291924730329,1,3
"10079",5.22889947495415,-1.14260370931869,1,3
"10080",6.64385095097434,3.37930889766831,1,3
"10081",7.11046200994629,1.39212168521609,1,3
"10082",8.73601679821043,1.71901003704683,1,3
"10083",14.6529042747814,-0.656312747264727,1,3
"10084",5.3599965568748,2.10558888006941,1,3
"10085",6.30367424172325,1.69803710192584,1,3
"10086",8.26643640629462,0.803503181510206,1,3
"10087",8.84711203725491,2.54436502775475,1,3
"10088",13.0696464870275,1.15463061706401,1,3
"10089",3.35267141259018,2.37346771201265,1,3
"10090",5.86639812222471,2.56964307836463,1,3
"10091",6.05869592453992,2.62835000971539,1,3
"10092",7.50728677199079,2.41541636465985,1,3
"10093",6.45827198277838,2.08066503899007,1,3
"10094",6.66075838966847,1.11983071097882,1,3
"10095",1.19349743307639,0.82985332935944,1,3
"10096",5.9623531318899,2.64645927926883,1,3
"10097",9.1947195952454,2.77850947827506,1,3
"10098",12.0796246943454,1.00006742328236,1,3
"10099",1.52969656919138,3.20431046351098,1,3
"10100",5.57026371798666,2.28099310661309,1,3
"10101",11.1622644166791,2.27514638176196,1,3
"10102",9.81555726695817,1.79209335975818,1,3
"10103",8.53355140134268,-0.493838034368148,1,3
"10104",4.25696424768618,4.45294467829662,1,3
"10105",9.22969451584105,-1.5947992175395,1,3
"10106",-6.31352620420441,-0.195835068212139,1,3
"10107",9.58533509743022,0.914442458251684,1,3
"10108",-2.47955241802302,1.45569303241639,1,3
"10109",1.25388406947999,2.82750599712532,1,3
"10110",6.75898503556338,2.93697482042891,1,3
"10111",5.83123256278839,2.89980734678885,1,3
"10112",3.54300508954074,1.94540319152742,1,3
"10113",6.59667616485767,2.18993082751329,1,3
"10114",6.29674543235882,1.77371902084136,1,3
"10115",5.30989211104244,0.713199368101773,1,3
"10116",7.00955092366346,0.363260782252756,1,3
"10117",3.24058638067378,2.62297448401985,1,3
"10118",3.60876721372495,0.834855950931003,1,3
"10119",11.4371593058618,2.71440421123798,1,3
"10120",7.05847610898782,1.00652705743847,1,3
"10121",7.66948836779915,1.50326413198493,1,3
"10122",7.6861973763874,3.33807545643736,1,3
"10123",2.15161534649534,-1.24264741146545,1,3
"10124",11.7631067944012,2.60915844134342,1,3
"10125",1.22343422153452,0.82625963800321,1,3
"10126",2.00508033063916,0.816171689012186,1,3
"10127",8.83607229216353,0.0179996874791331,1,3
"10128",-2.16541929555564,-0.256266043901438,1,3
"10129",9.94365395905153,3.47628956460455,1,3
"10130",7.7120624667209,2.95960671219076,1,3
"10131",2.30586742338941,0.589672596279418,1,3
"10132",6.91577420802608,2.68847400016386,1,3
"10133",12.8045993886008,1.17520972401129,1,3
"10134",7.64037082516757,-0.673481151397274,1,3
"10135",4.19534898871978,0.326728028991459,1,3
"10136",-6.87833067818243,4.18539273144103,1,3
"10137",5.57748969824083,2.1276640342738,1,3
"10138",2.18551216299912,2.39938852155382,1,3
"10139",0.427471093465568,1.62023028510508,1,3
"10140",3.87037573486359,0.925291109410917,1,3
"10141",6.66457975608268,-0.829753428106588,1,3
"10142",11.0853226600012,-0.11807347470587,1,3
"10143",7.51040114462517,3.45916503588957,1,3
"10144",0.395818952276977,-0.105773704455349,1,3
"10145",6.90684342274511,0.314519849262436,1,3
"10146",7.40561046392508,1.59205325138818,1,3
"10147",10.4161238773244,2.11257957304893,1,3
"10148",10.236233424621,1.48667297936735,1,3
"10149",4.19665053308038,2.08565078228033,1,3
"10150",0.361950619936446,1.55591527056501,1,3
"10151",4.86607415835505,-2.52109162281781,1,3
"10152",-4.85873332420862,2.49255594354688,1,3
"10153",2.75792071449725,3.1160423397171,1,3
"10154",10.1641421772606,1.45292570822597,1,3
"10155",5.21686507037379,1.91662199555011,1,3
"10156",1.53259030137038,2.76754950050428,1,3
"10157",3.75434922752271,-3.806525764907,1,3
"10158",14.3222658952816,1.14677843421634,1,3
"10159",-0.301925859929654,1.32810788716481,1,3
"10160",5.45880162369293,0.783627298751209,1,3
"10161",5.82206497039563,0.789227763402165,1,3
"10162",4.68236529458188,1.82643658035609,1,3
"10163",7.57972150998053,2.71340060702103,1,3
"10164",4.40554243325929,2.39267080454954,1,3
"10165",8.09139443767298,0.809685461395771,1,3
"10166",4.77247148514569,-0.0385233296221859,1,3
"10167",3.85582801532286,-0.589316950085618,1,3
"10168",6.68699913799126,1.83644338218057,1,3
"10169",1.52620018433905,3.72375287844196,1,3
"10170",6.59029797496557,2.33153716289821,1,3
"10171",4.10408585206901,-0.216036558606504,1,3
"10172",6.3122457322759,1.77425611495652,1,3
"10173",3.50957486404291,1.62354459524327,1,3
"10174",3.29371623971917,0.923004062326477,1,3
"10175",6.99745081999738,2.18541305198227,1,3
"10176",8.42119486758493,2.1324458337387,1,3
"10177",-1.56369083042298,-0.802127131998381,1,3
"10178",6.10005181847959,1.67352649818577,1,3
"10179",11.9442307662797,2.59415397367549,1,3
"10180",8.27852591967851,1.45945535329546,1,3
"10181",8.2419694727369,2.94145049093962,1,3
"10182",7.09443093962231,0.831647181145605,1,3
"10183",2.37444964526511,0.184922610128024,1,3
"10184",11.6113470976699,2.45330682278764,1,3
"10185",4.89318824569759,3.35986612012121,1,3
"10186",-0.811438461356278,0.0121905228735162,1,3
"10187",1.88674950546693,0.0468604182142747,1,3
"10188",4.07350287003695,3.90187010643477,1,3
"10189",10.801680811824,-0.409350957667544,1,3
"10190",7.00896825646198,2.72837767347522,1,3
"10191",9.87651111236307,0.311533533457657,1,3
"10192",-2.26102749630808,0.749188388459081,1,3
"10193",5.1749473204232,3.29440774211147,1,3
"10194",1.56543898602169,-0.211172946579611,1,3
"10195",3.71922648995579,2.17423274652505,1,3
"10196",8.99979114433311,0.988211904997322,1,3
"10197",5.68219784134132,1.20461796776126,1,3
"10198",-5.1060523124679,0.590848097504517,1,3
"10199",2.23731678805337,3.01391881347717,1,3
"10200",12.7067864512781,0.675751153701691,1,3
"10201",5.19952179518054,4.42016289238983,1,3
"10202",-3.19592478751793,3.77545570610444,1,3
"10203",3.00737461106317,-0.0907070268116075,1,3
"10204",4.74951332438197,0.937065369266447,1,3
"10205",3.55903243727184,1.88940267315437,1,3
"10206",8.28272584735663,2.29552418537926,1,3
"10207",13.3701111187303,-1.30821806073951,1,3
"10208",7.60064325099753,0.568587063693184,1,3
"10209",9.65191532195455,2.28532530749501,1,3
"10210",0.406103745875926,2.03412645994479,1,3
"10211",6.76409504635535,0.372047121681972,1,3
"10212",11.9425173509208,3.09795520701093,1,3
"10213",10.468756952679,2.55922551820278,1,3
"10214",-1.01570392992775,3.72076645795609,1,3
"10215",12.1567642250284,1.17822445545997,1,3
"10216",9.97066765175289,0.853320756986416,1,3
"10217",3.78122468249808,2.8318923423812,1,3
"10218",-5.81264514647982,2.14776516879339,1,3
"10219",6.26487500306262,2.68189969648462,1,3
"10220",8.08638779635933,0.123727812591895,1,3
"10221",4.43288363789646,2.52748013524794,1,3
"10222",11.9308735389497,1.98962466185956,1,3
"10223",-0.520459859882218,3.68906207545625,1,3
"10224",3.77488223094296,-0.401162369383183,1,3
"10225",6.11327740374936,1.81901409488559,1,3
"10226",1.70788816964345,-1.19845054193767,1,3
"10227",9.07752028575178,-2.06117880176449,1,3
"10228",5.25335230096346,-0.584375561054252,1,3
"10229",6.51963022944936,2.16134414116885,1,3
"10230",3.49692348472977,-0.419897533450165,1,3
"10231",6.25902657629757,3.26749661401316,1,3
"10232",15.3689593749323,4.6048806309589,1,3
"10233",7.03111298820433,-0.0390682231625563,1,3
"10234",3.71710423250074,-0.610609746645522,1,3
"10235",4.23604187159205,2.38218365723781,1,3
"10236",8.23041817176327,4.9622695928012,1,3
"10237",6.4258715905764,2.0018064703526,1,3
"10238",11.1074725651783,2.63072745683972,1,3
"10239",10.6086788784083,1.33601060781441,1,3
"10240",-0.968736751091719,0.282026712550516,1,3
"10241",6.82363574225025,0.715794657718178,1,3
"10242",4.15805703527154,3.18386277677253,1,3
"10243",5.15089841438129,1.74265109079342,1,3
"10244",7.14533852617696,2.67095434084474,1,3
"10245",-1.81087173157819,-0.387958363875454,1,3
"10246",0.846494734108219,0.213823622174566,1,3
"10247",2.92289773839608,2.87451207906529,1,3
"10248",2.4345895979052,2.32267992394098,1,3
"10249",-7.00091652159698,2.28479220191111,1,3
"10250",2.02453702381735,3.8495500753815,1,3
"10251",6.41024915614797,0.0519190805237002,1,3
"10252",6.40863179413571,2.00606546027068,1,3
"10253",6.75576929488441,0.134145279967019,1,3
"10254",5.7618792812596,1.09774824294492,1,3
"10255",5.45564260178693,0.373787532424392,1,3
"10256",1.87867045967943,1.51417265977146,1,3
"10257",-0.7339028339535,2.56497670517982,1,3
"10258",10.288523040809,3.67056993902882,1,3
"10259",-5.71696213738431,1.31476267354785,1,3
"10260",8.32955954096486,4.39758259632671,1,3
"10261",5.30788082337243,0.697357357277925,1,3
"10262",11.3085197157059,3.68613246541646,1,3
"10263",7.53945516330602,2.40241019843451,1,3
"10264",8.63375672128012,1.12036413082769,1,3
"10265",0.572891596615892,1.91902283043997,1,3
"10266",9.30445968156058,0.280033976651232,1,3
"10267",6.57847624082164,4.06780537935387,1,3
"10268",6.7068421915775,2.15600475658096,1,3
"10269",4.89731544423485,1.3942951848887,1,3
"10270",1.02626874224238,1.56059697219926,1,3
"10271",6.57909797136764,2.03087369671749,1,3
"10272",4.08552343456284,3.96822559290335,1,3
"10273",4.00572585605005,2.18568388890104,1,3
"10274",12.4757642613969,1.85971058259747,1,3
"10275",-0.426415328801786,0.277451071999496,1,3
"10276",12.4374156805366,0.287738758809494,1,3
"10277",5.54833194656273,2.33462906039998,1,3
"10278",14.0851843185253,3.0887709956502,1,3
"10279",10.9727473492077,1.13126225111109,1,3
"10280",2.50851395275453,4.06158689682948,1,3
"10281",15.4979084396573,4.22823937258385,1,3
"10282",12.3048009062929,-1.47365065414918,1,3
"10283",5.98243294520315,-0.000944859511682106,1,3
"10284",9.41864810175097,-0.808611451461628,1,3
"10285",5.03386318880172,1.51351946936443,1,3
"10286",8.71840152372847,2.63064345407959,1,3
"10287",6.30800200738169,2.02522190358756,1,3
"10288",4.50014795407105,4.55223305215388,1,3
"10289",7.36789222243555,0.643246280749453,1,3
"10290",9.90116180245408,3.79738966999288,1,3
"10291",7.29185867115946,-0.835499904143088,1,3
"10292",7.71840454591311,5.01937712227904,1,3
"10293",5.21220929105038,4.66519835096732,1,3
"10294",0.555609358888871,3.58848024198738,1,3
"10295",5.54666976056045,0.0472125804716503,1,3
"10296",2.98913436737238,2.99213598249065,1,3
"10297",9.56573521445549,2.68598201955721,1,3
"10298",3.93503035235049,1.04360353719398,1,3
"10299",-0.986080751423865,0.161224841499541,1,3
"10300",11.7257008239441,1.80094230103659,1,3
"10301",4.28594944681042,0.691509669840746,1,3
"10302",6.04368505807315,2.06248307328989,1,3
"10303",5.39816097744865,3.8039936907859,1,3
"10304",10.8047120472165,2.00128252854874,1,3
"10305",16.4943688561375,3.88532660531941,1,3
"10306",3.36957100625984,2.87618914446968,1,3
"10307",6.90870932753327,0.202876431493,1,3
"10308",5.33763896176078,1.27030502792256,1,3
"10309",2.06049856155528,2.38495254248408,1,3
"10310",4.86789736105922,-0.675433952394576,1,3
"10311",3.55800854078571,-1.15340447427898,1,3
"10312",8.80030753482855,3.07120813884599,1,3
"10313",7.09968305572793,3.7642942701237,1,3
"10314",3.99223514633405,3.146889568456,1,3
"10315",5.37712120544501,0.580239871834212,1,3
"10316",2.86817031845138,1.70589784965271,1,3
"10317",10.6512461985085,0.101137469833525,1,3
"10318",4.95489858383927,4.69657542557565,1,3
"10319",6.06982841231914,1.94386440308901,1,3
"10320",5.29271560725401,-0.675053703026996,1,3
"10321",10.6312051364934,0.348217338861034,1,3
"10322",4.73945089626199,-1.00887029798052,1,3
"10323",2.61710485346883,3.12301026602458,1,3
"10324",5.48569287370743,0.551074787961293,1,3
"10325",7.51594363638933,-3.31077960070059,1,3
"10326",11.9911059139351,0.769442981884568,1,3
"10327",5.09124922515123,1.83866998717451,1,3
"10328",5.38091696510178,-0.805768598874805,1,3
"10329",8.91402885147173,0.537444024584795,1,3
"10330",4.29948820871491,0.180341919115919,1,3
"10331",1.46774113199007,-0.719006112132553,1,3
"10332",-1.5085986655161,2.20161580040356,1,3
"10333",0.395993454925708,1.92637366408584,1,3
"10334",5.76799611764936,3.10311436167388,1,3
"10335",6.49638749302023,3.27599533356811,1,3
"10336",10.5396803422567,1.1146515222839,1,3
"10337",7.39548051940681,0.932071127061947,1,3
"10338",9.13550959414785,2.14247638290045,1,3
"10339",3.9985670523038,2.62493437181915,1,3
"10340",17.7093015507071,1.41232032487768,1,3
"10341",6.3880390950519,0.151936350303499,1,3
"10342",12.2283897957582,0.105441583423221,1,3
"10343",8.08439545232161,0.371285625128619,1,3
"10344",2.41207852263724,-0.0400852755696712,1,3
"10345",10.4211018498731,1.46860424809112,1,3
"10346",5.40832697181691,1.09718090672617,1,3
"10347",5.53541158380451,1.41058684118406,1,3
"10348",4.72052582161535,-1.02092073118532,1,3
"10349",2.10559647575274,1.85945710523491,1,3
"10350",3.7448260379857,5.4340717518739,1,3
"10351",4.18721046521458,0.405449380267022,1,3
"10352",-0.400614904090481,0.65013102429855,1,3
"10353",7.79627448075578,1.29627987141257,1,3
"10354",2.38414566770883,1.44913713012281,1,3
"10355",2.98607669975801,0.0895335656099912,1,3
"10356",4.95354137776024,2.19162994522427,1,3
"10357",-1.11372340131355,-0.121083824615484,1,3
"10358",2.29796627939065,0.25973859770974,1,3
"10359",3.4505258978646,3.50245357692478,1,3
"10360",4.81629459464017,3.00228179133474,1,3
"10361",2.82352112562553,0.612807303018142,1,3
"10362",5.20327655736217,5.56755184164305,1,3
"10363",7.92367621240694,2.70234970183457,1,3
"10364",-0.921992031381559,3.24821816858177,1,3
"10365",5.18094745373031,4.44841915204677,1,3
"10366",3.40516007830611,2.92381542903646,1,3
"10367",-0.821656701255403,-0.0854654836476598,1,3
"10368",6.73620619899843,-1.07718600444772,1,3
"10369",15.4664343761114,0.580118631084467,1,3
"10370",5.04367395834869,1.08397080707473,1,3
"10371",-0.0688471706473663,0.287483277672025,1,3
"10372",6.76345967951035,1.94881913585712,1,3
"10373",4.72590903648529,3.79564763825743,1,3
"10374",12.5604450211049,4.75604316444105,1,3
"10375",8.70104245663117,1.39573641754747,1,3
"10376",6.4227734728454,2.21244637807825,1,3
"10377",4.14071401667969,3.63625764008619,1,3
"10378",1.36481772923958,1.60789608061129,1,3
"10379",6.13743414956205,3.66398165621945,1,3
"10380",-2.80855497325645,2.27639925605963,1,3
"10381",4.89892122626197,0.897517970853883,1,3
"10382",7.77127553435171,1.02491029038101,1,3
"10383",2.46627831941267,-1.68227944644189,1,3
"10384",13.2728713844189,0.155348089589811,1,3
"10385",5.50266468811931,-1.07355878395826,1,3
"10386",4.602412913183,-0.540287765637697,1,3
"10387",5.1091802955455,3.11936952276543,1,3
"10388",5.16149518048287,-0.728424873978998,1,3
"10389",4.99391211949921,1.72483677248461,1,3
"10390",7.03849262933333,1.38920420596683,1,3
"10391",4.74434757041147,2.20773024788455,1,3
"10392",2.19126164056714,2.60010495259002,1,3
"10393",6.88159727692682,0.423814322273821,1,3
"10394",4.97480473179999,1.07019685019556,1,3
"10395",-3.67509693909639,0.585619434250413,1,3
"10396",2.488181190551,2.5795652492561,1,3
"10397",1.38460784146016,-0.200052600974139,1,3
"10398",6.57297902833226,-0.366923484729863,1,3
"10399",4.64771527208982,2.18871644259662,1,3
"10400",8.48680239128286,1.29252661621314,1,3
"10401",7.45915282794358,2.51717039905044,1,3
"10402",-3.35548619110819,0.592038280309404,1,3
"10403",2.46844190598654,1.71509774082173,1,3
"10404",13.963430299771,2.68138566017729,1,3
"10405",2.56324130087966,2.03426278415303,1,3
"10406",3.05451108747283,0.552029896212707,1,3
"10407",9.61156419104358,1.49499851149778,1,3
"10408",9.21682272753904,1.44631708620933,1,3
"10409",8.33951158070248,3.04727098294904,1,3
"10410",7.91553529786512,0.731830201024261,1,3
"10411",0.445873833983248,1.54681816669187,1,3
"10412",12.300655451855,1.53332497672431,1,3
"10413",-1.9664659997956,-0.597185721075497,1,3
"10414",6.03306004015985,2.42399000659138,1,3
"10415",7.72944874424591,0.453847454825781,1,3
"10416",0.786354779108972,4.02009036021438,1,3
"10417",7.30095054497291,2.20259495137664,1,3
"10418",3.08393540550686,1.99458621843206,1,3
"10419",13.4435645830036,-3.18106022053898,1,3
"10420",8.40007452195864,1.64742042177492,1,3
"10421",4.45498438331752,-0.646559021090171,1,3
"10422",6.51979479030714,1.69101081596276,1,3
"10423",7.97042706718033,-0.0963163157319697,1,3
"10424",3.91531063227009,0.0394272728087088,1,3
"10425",7.03717734902364,4.54145620276545,1,3
"10426",-6.23027686160625,1.10930083460518,1,3
"10427",0.259426498459749,-0.28793923849406,1,3
"10428",2.17462688012276,2.31642185770608,1,3
"10429",8.48494168311968,1.63667233295025,1,3
"10430",10.2852549197704,2.35612234305372,1,3
"10431",7.94054703877972,2.43376049015724,1,3
"10432",6.10912105847781,0.671333183864851,1,3
"10433",9.157167918573,-1.01158433280036,1,3
"10434",0.828426017309337,0.385033385069446,1,3
"10435",6.29086527595585,1.82561335290978,1,3
"10436",10.1305074363404,2.51412095770091,1,3
"10437",3.10448657851073,1.00156199853196,1,3
"10438",6.22405451799711,-0.126836317168501,1,3
"10439",3.59511617378656,1.65913183020296,1,3
"10440",3.55478531016749,4.51272069294778,1,3
"10441",7.15588755405577,0.619196382861714,1,3
"10442",8.85566763299899,2.41429747489577,1,3
"10443",3.88781582786945,-0.740107780240493,1,3
"10444",-1.56955622735322,2.53910065102807,1,3
"10445",2.84539746082834,-4.08331255725181,1,3
"10446",6.05152794899387,3.34873110904409,1,3
"10447",9.537664462284,-0.114711471663268,1,3
"10448",-4.2283825364175,4.0355227812758,1,3
"10449",3.0181571135637,1.0423931316631,1,3
"10450",8.26842495202132,3.20625312983487,1,3
"10451",3.85078353876011,0.754266755665096,1,3
"10452",3.9238766163767,3.97373291217358,1,3
"10453",3.67811364369727,-0.143982305409545,1,3
"10454",-0.0224161716726279,1.63524615180535,1,3
"10455",2.54704603350648,2.80944830635057,1,3
"10456",1.58288059164672,2.56823955749408,1,3
"10457",9.58940417695,0.255290499758072,1,3
"10458",7.42129068109038,1.51750629759297,1,3
"10459",3.58712203603558,2.35469065903355,1,3
"10460",9.75226241868692,0.981739189516826,1,3
"10461",6.86323939423948,-1.63091950625311,1,3
"10462",10.9015463091808,0.400111632464199,1,3
"10463",3.36000055349414,1.33095496426287,1,3
"10464",-0.985214147050121,-2.0567394456818,1,3
"10465",8.38487305239353,1.56030729419216,1,3
"10466",6.0113789230016,5.27131362428204,1,3
"10467",14.0434037894381,1.93728857001233,1,3
"10468",-0.949109648143056,-1.02800359600949,1,3
"10469",3.01603958822496,1.53141147601732,1,3
"10470",6.57444965884043,2.89313898215707,1,3
"10471",3.46084475075461,0.826292940205853,1,3
"10472",1.38632551167278,1.99103800301002,1,3
"10473",3.82196309227988,0.233395304530248,1,3
"10474",2.86843596562354,2.89363796984915,1,3
"10475",5.32856626140103,3.84442536164652,1,3
"10476",4.33189930586078,-1.30210529067225,1,3
"10477",7.23100408358669,0.525214883514498,1,3
"10478",-1.47872555925442,0.762454561719956,1,3
"10479",7.27816244919927,1.52773675561067,1,3
"10480",12.133357613551,0.78095401009542,1,3
"10481",3.03190903337323,3.10369206554991,1,3
"10482",4.06478455714054,0.0311818043236298,1,3
"10483",3.28672377098687,0.711007611542123,1,3
"10484",8.99060360640457,2.31381029862618,1,3
"10485",7.77856563251637,2.13583635874679,1,3
"10486",9.70017640698657,1.31619207263409,1,3
"10487",8.5747008837523,0.641044569096503,1,3
"10488",7.40611821707063,0.723922747832025,1,3
"10489",7.04402499168408,1.22057965291897,1,3
"10490",4.54270470062687,-0.617525137777278,1,3
"10491",0.366217450707794,1.80949659758499,1,3
"10492",-2.65843434794246,0.918116604982763,1,3
"10493",5.40746241519081,1.80594032272002,1,3
"10494",-1.37491066313519,3.01408858944679,1,3
"10495",0.525246248713662,3.80902026441056,1,3
"10496",7.61662239317362,-0.0976337305839015,1,3
"10497",5.31355093156962,0.96733362769414,1,3
"10498",5.71632821993174,0.316006770273955,1,3
"10499",9.30157252055572,0.565628255755921,1,3
"10500",7.8934639284892,0.860658495204152,1,3
"10501",5.82997670973161,1.40059072354881,1,3
"10502",8.38185435079608,-0.782227490157389,1,3
"10503",9.13195023301554,3.19125529019346,1,3
"10504",0.836849040882695,2.49034102076378,1,3
"10505",5.15948988069681,2.50476482740649,1,3
"10506",3.30465844521905,1.50022957287224,1,3
"10507",3.73562015675098,0.0669397186564666,1,3
"10508",11.1540554947671,1.33603729456335,1,3
"10509",5.42755067316758,1.71889259817061,1,3
"10510",8.63527195896735,1.00996287068344,1,3
"10511",1.66115665118361,-0.545175409018882,1,3
"10512",6.84499259745421,2.6697303962823,1,3
"10513",8.25664554329904,2.09745708014737,1,3
"10514",16.6569037841938,1.07615741970621,1,3
"10515",4.70464046744117,0.133452856204982,1,3
"10516",2.83646783111036,2.38212418184852,1,3
"10517",7.86447491571287,1.52051651528248,1,3
"10518",0.438916414010778,-0.535273094660627,1,3
"10519",10.1854246273426,0.52420458765965,1,3
"10520",3.00262404754963,2.87483249211793,1,3
"10521",8.29005567402194,3.78195928645407,1,3
"10522",5.28540065739138,3.37078779506522,1,3
"10523",2.02671354470567,-0.179100507046054,1,3
"10524",11.6545259481515,-0.2953002495327,1,3
"10525",5.45791249895035,6.69999396945855,1,3
"10526",-1.57101520078885,-0.137725949001676,1,3
"10527",9.54132958617639,2.5492814458508,1,3
"10528",6.68661557742042,4.84829782576655,1,3
"10529",8.0045694418777,2.04275862167503,1,3
"10530",-0.79248490693297,0.524719790948293,1,3
"10531",8.03408351219479,1.707992512917,1,3
"10532",2.92851839524639,0.59492788067949,1,3
"10533",6.32867366060865,0.328472005477812,1,3
"10534",6.12963251294404,-1.88299925831247,1,3
"10535",11.3054107844244,2.02944521014252,1,3
"10536",7.34807168442729,2.4536382997019,1,3
"10537",7.5872938053953,-0.0457265895549503,1,3
"10538",11.9711576446514,3.47150969966624,1,3
"10539",9.08882675083282,2.20624567090199,1,3
"10540",8.62683570789058,1.14196076298969,1,3
"10541",12.7646876773881,0.970695428381201,1,3
"10542",5.2941019959171,3.85528060154024,1,3
"10543",1.7895445243065,3.54896924936854,1,3
"10544",5.6966815268168,0.660698606695032,1,3
"10545",-0.36841126868174,2.67860608174643,1,3
"10546",5.83709590502507,1.89538538880419,1,3
"10547",3.42987728882536,3.0230311435196,1,3
"10548",9.29939503820751,0.237423463859142,1,3
"10549",4.41714831092613,1.93758752006849,1,3
"10550",8.48539221405185,1.20911729984236,1,3
"10551",12.7505449777702,3.29623317179537,1,3
"10552",9.67362929280186,3.18770148922643,1,3
"10553",13.5444884721255,1.04177269881156,1,3
"10554",3.24590476478078,2.46784989309793,1,3
"10555",8.63543343006891,2.49254049783154,1,3
"10556",0.788891877268004,-0.952873773610542,1,3
"10557",17.5821888044765,-0.757804784056055,1,3
"10558",5.85523569823163,4.20014340812287,1,3
"10559",2.78697804756297,1.91693084783232,1,3
"10560",4.34429084604867,0.526086255234703,1,3
"10561",4.38248357670056,-1.22170507434337,1,3
"10562",5.07169684494286,0.719554558888297,1,3
"10563",3.81115265694403,-0.330085007260113,1,3
"10564",1.82547408903405,0.160650120186567,1,3
"10565",7.79628483570546,0.961292151109684,1,3
"10566",-0.382566783307285,-0.0809660508479038,1,3
"10567",5.76333796830754,0.31870791289211,1,3
"10568",1.76217652520468,1.58151199651816,1,3
"10569",8.65813748960816,0.10290751768399,1,3
"10570",9.61824937717192,0.334351602804169,1,3
"10571",-0.718743031765084,2.59067188866713,1,3
"10572",12.6176788436859,1.54344655498562,1,3
"10573",6.43245060610364,2.93702030357108,1,3
"10574",3.7894892031939,2.92219032995801,1,3
"10575",12.0041785415358,2.42415774957813,1,3
"10576",1.92270844092973,0.276741067217086,1,3
"10577",6.05766386520393,3.43082792799451,1,3
"10578",7.27974273899115,-0.521272681697808,1,3
"10579",7.36629166099809,3.91432579248976,1,3
"10580",6.52512625801738,3.39518380528063,1,3
"10581",3.09565506491125,2.06209296421044,1,3
"10582",2.80917911397272,-0.782047315381268,1,3
"10583",13.0916661614575,1.32837299139777,1,3
"10584",-2.797100563006,0.696601203128907,1,3
"10585",4.57114337675256,-0.0100930381296442,1,3
"10586",9.47919621720907,1.98452445276585,1,3
"10587",-5.33110063940854,0.852830996820849,1,3
"10588",1.98070342085145,3.17745351075396,1,3
"10589",5.4986998594544,-0.988862098887121,1,3
"10590",12.5534961893277,0.11206012474791,1,3
"10591",5.03169693200938,2.42258402159249,1,3
"10592",7.30521098670449,2.27345902829839,1,3
"10593",3.42874811449733,-0.199887059455801,1,3
"10594",6.70346990010758,1.10390988154613,1,3
"10595",14.8439199630761,1.57118970530241,1,3
"10596",3.38309582217149,2.67504808804816,1,3
"10597",11.343651193127,0.689542295085559,1,3
"10598",5.9380869320071,3.49857818078262,1,3
"10599",4.94006081536706,2.12185725996236,1,3
"10600",14.2798529545198,3.23004506044369,1,3
"10601",5.93545863486722,1.36027619879362,1,3
"10602",3.11972815064096,2.48399166282494,1,3
"10603",4.00220889077443,-0.169647385967253,1,3
"10604",-0.48829818443749,-0.129249961599728,1,3
"10605",6.04352607898387,-0.740257934192937,1,3
"10606",4.54782024460506,0.689051115127093,1,3
"10607",5.82719990682838,0.666487226871,1,3
"10608",3.84470220755438,0.168301624599765,1,3
"10609",7.94591541433181,-0.606830563455521,1,3
"10610",9.91481498587353,4.36799026638652,1,3
"10611",8.2311170796866,0.115739905136156,1,3
"10612",12.7982508614425,0.340712073629056,1,3
"10613",3.09982816315488,1.98662838128813,1,3
"10614",5.84513465342086,3.4907873307541,1,3
"10615",13.2997272602454,1.5076404177436,1,3
"10616",7.89939466069926,1.22794909124411,1,3
"10617",4.11823839309724,-0.152503595002292,1,3
"10618",7.45739425167147,0.0623229997910717,1,3
"10619",5.72134124778296,5.27968016179636,1,3
"10620",3.36617803677204,3.1934008109807,1,3
"10621",9.15423268950778,0.476488423012412,1,3
"10622",7.79422286881912,2.18766503823635,1,3
"10623",11.5004616043324,2.95859019071584,1,3
"10624",5.82484264789977,3.08189650588197,1,3
"10625",7.38684751012167,0.186710024439045,1,3
"10626",8.59474677035587,2.15625904173947,1,3
"10627",4.72124598908015,1.67969176500971,1,3
"10628",0.864625884471666,4.32909304432699,1,3
"10629",2.61544411593521,0.44426982209346,1,3
"10630",13.9844438437113,2.36975765040494,1,3
"10631",5.22329156843475,1.64319621250159,1,3
"10632",7.28780522437119,1.0952723058858,1,3
"10633",5.17926044118173,-0.0811909739918717,1,3
"10634",5.1314683576436,-1.2437243488046,1,3
"10635",10.4229939143845,-2.78460250136268,1,3
"10636",9.57947936367441,4.22361335748061,1,3
"10637",5.71893786991457,0.870170216452587,1,3
"10638",14.6817517169297,2.0559967841058,1,3
"10639",2.54309239568531,2.75026988797709,1,3
"10640",-0.811454888561189,1.7578735954291,1,3
"10641",7.9499226312335,1.16989448815817,1,3
"10642",1.45408943920772,2.20303936413566,1,3
"10643",5.29660424529743,1.57215342016297,1,3
"10644",6.76065824715337,0.0105895110802352,1,3
"10645",7.14922842830095,-1.761852483437,1,3
"10646",8.64080900899357,0.781529638450621,1,3
"10647",4.65754237166198,0.589517524064672,1,3
"10648",11.1471509105791,-0.123194956432006,1,3
"10649",13.5255280663778,1.25281473252668,1,3
"10650",9.58963843208849,3.83591129318082,1,3
"10651",2.36385857103085,0.843670099935709,1,3
"10652",2.75139265879058,2.8127039580368,1,3
"10653",1.52685034404163,3.11953281024572,1,3
"10654",10.2157062862245,4.71024856000506,1,3
"10655",5.06448062813294,0.543713308264439,1,3
"10656",1.90046828219363,0.693857564708624,1,3
"10657",3.55969883804363,1.37774442480081,1,3
"10658",10.167032881501,-0.208884448366053,1,3
"10659",3.24728734185696,2.61979394712266,1,3
"10660",4.64115404331333,4.32578789757788,1,3
"10661",3.10889175935305,2.39846344285407,1,3
"10662",8.04129353813934,3.14989647675632,1,3
"10663",6.92507107190554,0.0905331014529989,1,3
"10664",5.10866086482415,-1.63685350948911,1,3
"10665",3.10577787957687,0.836700973502727,1,3
"10666",4.15044734311958,1.16850100443465,1,3
"10667",2.21469332076302,2.11648310469919,1,3
"10668",1.58939829050755,0.342771285012881,1,3
"10669",9.79954164884766,2.99556036772632,1,3
"10670",7.28316296475085,3.99933022073356,1,3
"10671",0.102232915951809,1.74271478975394,1,3
"10672",-0.248610336561808,0.168958978260218,1,3
"10673",0.641915355220791,3.22043722830955,1,3
"10674",-1.559726625332,3.30951716912318,1,3
"10675",7.84461111618699,2.07669621949014,1,3
"10676",7.90429050344926,3.61954218522951,1,3
"10677",13.7670184657753,1.45077546270525,1,3
"10678",5.91115432170153,0.361140071437307,1,3
"10679",1.90733722045835,2.18712805117986,1,3
"10680",6.16663941427437,2.44329150285375,1,3
"10681",1.25140641322368,1.48030213303839,1,3
"10682",1.95241697707899,0.566659165575931,1,3
"10683",9.2635819198104,2.75145264286916,1,3
"10684",6.21917502985812,2.56024670711161,1,3
"10685",8.31287456785376,2.52864406900938,1,3
"10686",3.76119430917094,0.929220453961728,1,3
"10687",9.76225317413585,3.64497818697667,1,3
"10688",0.546969031636769,-0.239054967443015,1,3
"10689",1.42583841290431,2.09591633272214,1,3
"10690",11.1113928763167,0.549155253851692,1,3
"10691",4.68200978974585,2.26948613240028,1,3
"10692",1.11305998794522,1.82514805390932,1,3
"10693",6.72993662927481,3.55184589630271,1,3
"10694",5.49451002677962,3.60980131100025,1,3
"10695",5.47064893403926,2.14106634567166,1,3
"10696",6.16595514238371,1.83612692354852,1,3
"10697",2.86585025604817,1.22615821963129,1,3
"10698",-0.226687735338338,3.29948102186427,1,3
"10699",15.4847558191602,2.73959509135012,1,3
"10700",3.60905548658053,1.11649735190935,1,3
"10701",7.77485593756594,-0.763357153756529,1,3
"10702",6.72782072238368,0.985738279184445,1,3
"10703",4.38614715821847,2.51279461694437,1,3
"10704",3.64718173844093,0.82104903908584,1,3
"10705",3.18639638315729,2.80400823937535,1,3
"10706",2.1958500806674,2.30829374419472,1,3
"10707",3.90565658289089,4.29540390607126,1,3
"10708",8.00470496915982,1.47785959252425,1,3
"10709",9.46108379191054,2.8505278643629,1,3
"10710",9.65638932658054,0.361402932352843,1,3
"10711",7.50209257815638,0.923881782083135,1,3
"10712",3.1399765243145,0.936446421155056,1,3
"10713",5.54694206045245,2.5986085373781,1,3
"10714",3.03238282724486,0.337330837475941,1,3
"10715",11.2400039835031,1.72145123111481,1,3
"10716",2.28723083458889,0.507317159860583,1,3
"10717",-1.35577310363123,1.44171287982917,1,3
"10718",7.69466156449388,2.40425006671069,1,3
"10719",8.70735512770436,2.25173142522745,1,3
"10720",7.95579169050808,1.86030692967189,1,3
"10721",0.910351201212365,-0.709193803032278,1,3
"10722",16.5345384624682,2.76189081214814,1,3
"10723",1.90148533700679,3.23903444716942,1,3
"10724",2.56894946257258,2.70695345911522,1,3
"10725",1.35496868228485,2.3037128487731,1,3
"10726",7.64827880193104,1.09224360727627,1,3
"10727",9.85798845354692,0.201746602048663,1,3
"10728",2.16960081308529,-0.387654852772,1,3
"10729",1.32310714461025,2.51913579360976,1,3
"10730",9.16215243317027,2.88897965861821,1,3
"10731",8.59694746232959,1.61223905181306,1,3
"10732",7.22463884589277,0.430116364389195,1,3
"10733",5.48503880316636,1.16345214852771,1,3
"10734",7.50935306431577,1.26874127409465,1,3
"10735",6.37393199330736,1.13878057359146,1,3
"10736",7.54944663021467,2.07241975454808,1,3
"10737",7.64190996841332,0.874345546976189,1,3
"10738",9.66842798483128,3.6113195577043,1,3
"10739",13.5332240432419,-1.23880078820826,1,3
"10740",-3.11505355396338,1.26066456632571,1,3
"10741",6.04907226155396,0.0429956453707763,1,3
"10742",6.67938057165778,0.681827245812456,1,3
"10743",4.46148692857408,1.58283872929431,1,3
"10744",0.903485864625539,2.24682628975988,1,3
"10745",8.64411501556518,0.793666642119153,1,3
"10746",11.6107146650617,2.42548878614675,1,3
"10747",4.52915241659084,0.270009805833499,1,3
"10748",8.3719921419662,-0.38707343265973,1,3
"10749",11.8693367766205,1.82419546056005,1,3
"10750",8.12583641509606,3.87723003794073,1,3
"10751",10.4686215020123,-0.805398430150258,1,3
"10752",2.19220628257772,-0.998438057281152,1,3
"10753",4.92760992894839,2.4013113939061,1,3
"10754",1.49993868251517,-1.14766262954131,1,3
"10755",3.11635510655849,2.74131971581109,1,3
"10756",14.6387167535357,0.716188649652043,1,3
"10757",2.02279520064874,1.28890941336235,1,3
"10758",9.82843354065574,0.810062893616185,1,3
"10759",9.09581347403248,3.62098981190595,1,3
"10760",13.0997875943425,2.34805145843287,1,3
"10761",8.59065093234467,0.437239674430194,1,3
"10762",3.48961921798468,-0.31133477904212,1,3
"10763",4.95098143184035,0.193975377265007,1,3
"10764",-2.2837772190947,3.64766924565525,1,3
"10765",3.09045803881279,1.68676068505638,1,3
"10766",13.6744579233865,0.967116756767548,1,3
"10767",7.68943527474549,1.5287706422837,1,3
"10768",3.53505283156913,1.22791790516115,1,3
"10769",2.77687791885474,0.619086615070703,1,3
"10770",9.06244604149552,3.55782596381364,1,3
"10771",10.8174436768382,4.25536639333717,1,3
"10772",7.68498745430256,-0.132330369175044,1,3
"10773",7.68800582180658,0.848062285068276,1,3
"10774",6.32952834934616,3.55441147968206,1,3
"10775",3.06445376406589,0.0243492996192904,1,3
"10776",4.10962974915523,0.663148332995789,1,3
"10777",2.54710152108186,1.22656147234161,1,3
"10778",5.64495488471161,2.34623112202156,1,3
"10779",1.63557579234452,1.99359048098974,1,3
"10780",4.3637535881927,0.139979902578603,1,3
"10781",-1.05809725759372,4.35549826994273,1,3
"10782",5.2711476931375,2.43396988904165,1,3
"10783",0.486663905275981,4.02434967299121,1,3
"10784",1.28413583084714,0.310059650745733,1,3
"10785",0.670869018608134,0.375647490249174,1,3
"10786",8.6838281714703,3.06041207660264,1,3
"10787",4.59084382602696,0.519528418047661,1,3
"10788",10.8476476143432,3.72093385217378,1,3
"10789",9.79741753092144,-1.08025004528639,1,3
"10790",1.53610824358383,1.71204337483394,1,3
"10791",2.32346681503737,1.06599358546094,1,3
"10792",1.39454494306259,0.726708005591282,1,3
"10793",11.9259946556066,-0.612196295974282,1,3
"10794",8.45728918306673,1.22980475630753,1,3
"10795",7.36727879793793,3.07790301848585,1,3
"10796",10.9510354308653,0.267678087650948,1,3
"10797",1.02953335373743,2.68455770860778,1,3
"10798",8.67238231249481,-1.6503473450643,1,3
"10799",8.42402219316372,1.75236238675329,1,3
"10800",2.52464384796718,4.42578018315226,1,3
"10801",6.51348942773662,1.50969517433747,1,3
"10802",2.24381137599599,2.23763111354494,1,3
"10803",7.56715438055833,3.94738443311462,1,3
"10804",6.96801185281675,0.430444833060295,1,3
"10805",-3.7258255818257,1.46534512927679,1,3
"10806",6.33634574717324,4.9294248909695,1,3
"10807",8.35075972245867,-0.0195209792545814,1,3
"10808",8.70304130667861,0.196353695076264,1,3
"10809",1.03083256968562,0.699761526638738,1,3
"10810",2.70683276058479,0.26629115801939,1,3
"10811",1.83737536668876,-0.379546916389263,1,3
"10812",5.35355799604062,-0.144337279050787,1,3
"10813",1.67834620353161,2.86558834903854,1,3
"10814",-1.03711349646379,2.85845769802938,1,3
"10815",2.72814400377913,1.40566140631823,1,3
"10816",6.3516188304002,0.959866759311002,1,3
"10817",8.63678166345769,3.73830143095002,1,3
"10818",1.76758809913294,0.79012777954646,1,3
"10819",-1.33226307844263,1.64605991921653,1,3
"10820",5.56800576713524,1.87771492500629,1,3
"10821",4.48281308104706,2.2177750302295,1,3
"10822",9.3197735392123,1.72985775764721,1,3
"10823",7.44016662528731,0.711705744614383,1,3
"10824",4.17488100730826,3.12042531060332,1,3
"10825",8.99569264491637,3.02626670799212,1,3
"10826",4.86423749366284,0.666681730669749,1,3
"10827",-0.0822714439595806,-1.7953685998621,1,3
"10828",8.1595631682854,3.647029133265,1,3
"10829",13.5866545984647,1.99981021061918,1,3
"10830",10.3011926459251,1.44870545541041,1,3
"10831",16.0709162242415,-0.728856824313084,1,3
"10832",8.08501514500221,1.34676117769547,1,3
"10833",1.56445210416617,-0.165053687234864,1,3
"10834",5.46643693993687,2.35933566982841,1,3
"10835",2.03250940004293,0.000842850970772302,1,3
"10836",9.16552534245689,0.298488029326828,1,3
"10837",1.60168796698862,3.31804275726884,1,3
"10838",6.37233809994782,3.08927832295726,1,3
"10839",2.65758663727974,5.89724940214024,1,3
"10840",12.5312412899313,2.57627996335099,1,3
"10841",8.00829140580946,4.60266644429563,1,3
"10842",9.4382974242421,2.6822554697205,1,3
"10843",4.37705965111178,1.74765634121075,1,3
"10844",5.54016185391361,1.44516350990137,1,3
"10845",4.3693641443831,1.54805119842489,1,3
"10846",7.44836339058336,1.9328150663281,1,3
"10847",3.1521718984715,0.81510286878318,1,3
"10848",5.43842536658452,0.520016479780346,1,3
"10849",12.1773205367781,2.01996456200369,1,3
"10850",11.4152507561847,1.35757562683193,1,3
"10851",8.59572371695733,3.73760142921514,1,3
"10852",13.2906643245006,1.29969338142572,1,3
"10853",2.75687787605043,2.1350872498661,1,3
"10854",7.10621532609217,1.68900361969322,1,3
"10855",6.71850261318406,1.73258557553849,1,3
"10856",2.76532342537899,-1.26260371616547,1,3
"10857",1.50126807276969,-0.498268791606815,1,3
"10858",7.17490640811934,1.65941141602465,1,3
"10859",-2.7562504334099,1.28096790987388,1,3
"10860",1.9696513918439,0.119995690873391,1,3
"10861",5.88194857959505,1.6028047026817,1,3
"10862",4.95882092029352,2.3002728557465,1,3
"10863",5.98187531095661,0.759274832391709,1,3
"10864",2.85055951861333,3.17256709409806,1,3
"10865",4.41611817000185,3.27156616752652,1,3
"10866",4.96452315607806,3.94676014814339,1,3
"10867",11.2417108062649,2.7840081180886,1,3
"10868",5.5712899985805,0.332591939634125,1,3
"10869",4.60062369257543,0.052116932395387,1,3
"10870",5.3481811643233,0.269654521784222,1,3
"10871",7.1307532719162,0.499060957841619,1,3
"10872",2.24499329028648,1.87801939501441,1,3
"10873",9.60523656813279,1.77594480979552,1,3
"10874",9.94614870442072,0.0362746354137058,1,3
"10875",5.6694896161675,4.3098270103731,1,3
"10876",5.68478532829122,0.986249614985873,1,3
"10877",2.08000233647033,2.03160696770542,1,3
"10878",4.43746940019346,2.54844407719033,1,3
"10879",-3.44675649273332,2.11049777801576,1,3
"10880",0.647809681491443,1.33027966556416,1,3
"10881",3.39917147666584,0.609874371649586,1,3
"10882",12.1360369669917,3.97159011068388,1,3
"10883",11.9279042127686,2.09083933502194,1,3
"10884",10.2956586074398,0.837558539586091,1,3
"10885",8.65331348870002,1.46702944496769,1,3
"10886",4.18791843708789,3.10363521918932,1,3
"10887",5.7906549085444,0.498302875533488,1,3
"10888",10.8922564727015,0.811313132242958,1,3
"10889",2.14736921212864,2.17867694117467,1,3
"10890",1.85201389163397,3.60072128090302,1,3
"10891",0.809515813178024,1.32529882998022,1,3
"10892",-2.8723822331952,1.63582511579969,1,3
"10893",7.99370575562806,-0.130084044564568,1,3
"10894",3.23162473675781,0.410387155638973,1,3
"10895",7.20201997162926,0.252574802072789,1,3
"10896",10.1067951024408,1.84811801220222,1,3
"10897",8.34692148967072,0.658251004958116,1,3
"10898",10.4493992401169,-0.0155663904093732,1,3
"10899",0.108187681625221,3.59184606500337,1,3
"10900",7.2993092872036,3.59156506637853,1,3
"10901",6.9400534024661,1.05869846752829,1,3
"10902",3.56093620975384,-0.823182057671985,1,3
"10903",7.32679158550102,3.19255029411086,1,3
"10904",9.27731258355273,-1.56550199209343,1,3
"10905",9.73415734816838,2.74450079509557,1,3
"10906",10.109811011856,0.379052275693402,1,3
"10907",4.09313802812588,2.96286376398101,1,3
"10908",-1.54408607940348,2.02547227799482,1,3
"10909",1.5549517312631,0.846566428295204,1,3
"10910",3.82478200232841,5.17405052609605,1,3
"10911",-1.04637371547785,0.578126694303553,1,3
"10912",4.58907485122004,-1.90702829095469,1,3
"10913",6.94052660963765,2.87945437117087,1,3
"10914",4.75296653777914,4.08330999562269,1,3
"10915",3.7912380660293,0.533578942403855,1,3
"10916",3.63152587728854,2.15706681025086,1,3
"10917",6.26196277183353,1.29134362860967,1,3
"10918",3.80690201276598,0.495568215507936,1,3
"10919",9.19840907436512,0.675778313966524,1,3
"10920",5.2635088449729,5.65339552376044,1,3
"10921",9.7089702119196,1.18917580190425,1,3
"10922",9.59151979623505,3.95722598493028,1,3
"10923",9.42473886042445,3.06002476089351,1,3
"10924",-2.30597604732089,2.24264291867498,1,3
"10925",3.56751892698161,3.96459878849432,1,3
"10926",6.38710667988706,-0.175199089964247,1,3
"10927",11.8875770135226,0.231085078215844,1,3
"10928",5.11437585975923,1.03629615054552,1,3
"10929",7.4609600737076,3.07396303454454,1,3
"10930",9.70727727741192,-0.544611802719285,1,3
"10931",14.057207733385,2.8506231475307,1,3
"10932",10.434731339787,0.64876693663779,1,3
"10933",11.3126892809836,1.34019766332088,1,3
"10934",2.15637311888129,0.720448977548536,1,3
"10935",6.58223926435408,3.99126296558709,1,3
"10936",2.29549351380366,2.67120974498061,1,3
"10937",2.53486545179244,4.19167899611192,1,3
"10938",3.86527103973546,-0.757151174974523,1,3
"10939",4.33537868122991,5.27284620550564,1,3
"10940",-1.25439488861684,-0.438261096590414,1,3
"10941",6.38955515705758,2.51221770273666,1,3
"10942",10.6775114576844,-0.566266770849602,1,3
"10943",8.41459518930265,-1.08935497481698,1,3
"10944",-2.08211368417199,1.34154436974528,1,3
"10945",5.89332671835938,1.17561410320807,1,3
"10946",11.6122694397465,3.14878033620382,1,3
"10947",4.45080632496798,2.24573034591912,1,3
"10948",8.27368574047138,2.10985748063469,1,3
"10949",-1.8056775937596,1.28520597869651,1,3
"10950",5.99557500805134,0.291252805565666,1,3
"10951",-2.40446165535665,1.45268502454606,1,3
"10952",10.1152607217078,5.72034865087475,1,3
"10953",11.2570878362627,2.6315609458533,1,3
"10954",10.2061958687865,1.64345921621127,1,3
"10955",1.79218125609694,2.50538809370831,1,3
"10956",8.91620559666239,3.63410734068995,1,3
"10957",8.81425206562263,1.29891869479868,1,3
"10958",11.8955348903844,0.121941421237659,1,3
"10959",5.77210248583977,1.54521487740778,1,3
"10960",9.91971038386797,3.11509713246995,1,3
"10961",9.81922091546419,1.60083995625404,1,3
"10962",9.017872796023,0.856312930845725,1,3
"10963",8.83818688927897,3.69713364408409,1,3
"10964",6.03256610593249,1.03295949699181,1,3
"10965",12.7561857871255,1.0322102559528,1,3
"10966",3.33810177967226,2.56209266548634,1,3
"10967",-1.11365860855099,-1.71618660179852,1,3
"10968",4.03199862119531,2.73849849609497,1,3
"10969",10.9116426288174,0.645100161314586,1,3
"10970",5.81285928851133,3.97767980402221,1,3
"10971",9.94387153255974,3.34218506137589,1,3
"10972",3.78095513857675,3.07208402983913,1,3
"10973",1.95443713300226,1.32709410797835,1,3
"10974",8.46782571523573,1.02005470244975,1,3
"10975",-2.56108404319025,0.471082517307785,1,3
"10976",9.50902446379058,0.677695271826796,1,3
"10977",5.94856137416167,1.9259465713094,1,3
"10978",11.4148100843375,1.62319891335161,1,3
"10979",4.64996377395585,-0.0950429594746984,1,3
"10980",8.89130586746024,1.50441804605634,1,3
"10981",7.8803027036706,-1.44699988230112,1,3
"10982",0.125898995000445,5.5063455232875,1,3
"10983",6.37471872583339,0.200507039812633,1,3
"10984",6.72158576701094,-0.437904790980194,1,3
"10985",5.32891001733281,-0.490140610926622,1,3
"10986",8.27584309102932,3.5228411249203,1,3
"10987",8.55339241319131,2.00550502375656,1,3
"10988",4.89063235484919,2.04913074239925,1,3
"10989",2.40727581162252,3.00182048139459,1,3
"10990",0.669184623601887,1.33461005026551,1,3
"10991",7.028841897926,3.05507852850365,1,3
"10992",7.34586352033194,-0.671157796953869,1,3
"10993",5.50678777586485,4.00983571384498,1,3
"10994",2.96478232189262,2.96664222129583,1,3
"10995",2.05355771529691,2.18188132311211,1,3
"10996",8.10379193222595,2.6386041411939,1,3
"10997",8.38376078073535,-0.00907382021941117,1,3
"10998",3.81295151449744,1.98580943993278,1,3
"10999",5.53664437321254,2.5498836427944,1,3
"11000",5.90196166904874,1.38495767771269,1,3
