"X1","X2","component","subcomponent"
"10001",6.99513489066946,33.5849393801124,8,7
"10002",8.82483795223001,29.5745695324036,8,7
"10003",9.45501823763014,30.9600294287333,8,7
"10004",9.16760008130185,29.3604455942391,8,7
"10005",8.91111774783099,30.7642757818546,8,7
"10006",9.34761822653808,35.2901775432086,8,7
"10007",10.0061413386953,35.9838102070191,8,7
"10008",5.81682389458413,30.5799977614701,8,7
"10009",7.14595934128661,29.7885803705732,8,7
"10010",6.94590090790476,29.3419231827911,8,7
"10011",6.97456547855619,31.200921336337,8,7
"10012",5.76026915122328,30.7331022641865,8,7
"10013",8.20245753867584,28.3751368739464,8,7
"10014",3.46325988674831,31.3801997277693,8,7
"10015",7.43793260627784,39.0885006971187,8,7
"10016",7.63740072600102,31.4140996149671,8,7
"10017",7.56494172759291,30.2486842076874,8,7
"10018",5.48369302011527,30.2193876891071,8,7
"10019",11.0838840879424,35.9284013685771,8,7
"10020",10.1800020825898,18.0355405697529,8,7
"10021",6.30748101956671,38.2238704114947,8,7
"10022",8.64664405071056,24.9843285268417,8,7
"10023",6.38868400960092,31.0752250939864,8,7
"10024",7.92032061397416,30.2507828794901,8,7
"10025",11.0381260100554,31.7575480189752,8,7
"10026",9.62510020967559,31.4036540930012,8,7
"10027",6.19317545386833,33.5935493679255,8,7
"10028",7.25661056051161,28.3591863920765,8,7
"10029",8.58421224916309,28.9446424652983,8,7
"10030",7.37905668502986,32.048455113152,8,7
"10031",7.66560481788679,30.4334550130383,8,7
"10032",8.33081411034724,37.8678586153778,8,7
"10033",6.39402272961282,37.2358671976725,8,7
"10034",7.98170716834713,27.2853027856969,8,7
"10035",10.4740532446044,27.1456821758186,8,7
"10036",9.08610625952528,29.0748089801417,8,7
"10037",10.4883893602281,26.5459830431416,8,7
"10038",9.85236675535274,30.2273769642099,8,7
"10039",10.445123392014,34.1223035025313,8,7
"10040",7.47775590349675,33.0202845653964,8,7
"10041",8.34224194028589,37.8862083861084,8,7
"10042",7.78553589810977,29.497126173939,8,7
"10043",7.81442856768311,38.0069603494193,8,7
"10044",10.1169210273585,30.6564523518688,8,7
"10045",6.77698326517811,31.9646465572924,8,7
"10046",7.55904093464147,26.3498149313148,8,7
"10047",11.8548539717796,26.8102594241087,8,7
"10048",7.8223048117628,35.5184535878441,8,7
"10049",9.06846320371955,40.7854863462936,8,7
"10050",8.91088366032512,28.5058090511249,8,7
"10051",7.81833649150863,29.6190919289042,8,7
"10052",8.55059926467886,30.0290398781885,8,7
"10053",6.65129552650194,29.2092407114277,8,7
"10054",7.84257933557675,24.8201458786763,8,7
"10055",9.08234935945777,26.8655224203061,8,7
"10056",7.53696039662507,24.1014303243697,8,7
"10057",6.45304015413584,34.9457725686363,8,7
"10058",8.79952135700629,32.2686340504969,8,7
"10059",5.47606541966183,29.4561258125619,8,7
"10060",8.54110757648105,31.2666135446761,8,7
"10061",6.66138343892444,29.7372778135955,8,7
"10062",6.35598130309838,31.1502727906739,8,7
"10063",8.65487827783484,23.3718589944358,8,7
"10064",9.12429609071772,27.8857953570195,8,7
"10065",6.68289396420373,28.8736212490934,8,7
"10066",6.91004068827978,25.5268664385937,8,7
"10067",7.79649366985247,30.1922877131401,8,7
"10068",6.87392423280401,31.9752593853655,8,7
"10069",8.50503037440636,32.0019749672824,8,7
"10070",8.3693267706368,32.6222047154086,8,7
"10071",6.16915815293287,25.8414271195728,8,7
"10072",8.73898184089675,37.678694881057,8,7
"10073",7.84827176977477,36.4506576271323,8,7
"10074",11.2318456807398,24.4852661454774,8,7
"10075",7.79514075659545,34.7011136232077,8,7
"10076",8.65425818915843,37.0429877116925,8,7
"10077",11.5453375162026,26.7584964848969,8,7
"10078",10.3471317026742,33.4791693610106,8,7
"10079",6.16197105800798,25.8224023164362,8,7
"10080",6.45518873037129,32.3660387825552,8,7
"10081",5.35769455572059,36.9477333076557,8,7
"10082",9.13569627277286,32.8598801464327,8,7
"10083",7.31746155635469,27.6435185494251,8,7
"10084",8.16722811400289,30.9778880079491,8,7
"10085",8.99667150787762,28.4128923716734,8,7
"10086",9.46595507141568,24.8873010126192,8,7
"10087",6.67714204994285,32.5168734244757,8,7
"10088",7.80829469855251,27.238648709241,8,7
"10089",4.76706103795648,36.3359565779546,8,7
"10090",6.79581204824067,24.3698969045228,8,7
"10091",7.04397182674082,23.9488408911208,8,7
"10092",7.06282654475888,32.3905421552044,8,7
"10093",5.96574064066542,25.5815692283735,8,7
"10094",8.30569830268464,37.8784976957208,8,7
"10095",7.40375323031703,27.9767802785755,8,7
"10096",5.58808761286843,40.9081532775225,8,7
"10097",10.1563323495881,29.4455346892622,8,7
"10098",10.1092367034521,34.8360025568943,8,7
"10099",7.49490654258585,37.1574876985644,8,7
"10100",9.9179677106337,35.7537048897369,8,7
"10101",7.5824833358073,38.5829253849353,8,7
"10102",7.4898542327322,30.732564870616,8,7
"10103",8.26300786474502,20.0280997636919,8,7
"10104",7.5800128687784,34.0709314999594,8,7
"10105",10.535061813322,31.5867305907638,8,7
"10106",5.89603585455048,35.4128491715704,8,7
"10107",10.586862154497,23.8432498027289,8,7
"10108",7.58580773417469,32.6210065348833,8,7
"10109",8.2048016201519,32.6069340332772,8,7
"10110",10.6283341080351,21.4057891558901,8,7
"10111",6.60173569572085,39.3187939649611,8,7
"10112",7.78664749848615,30.5004170057556,8,7
"10113",8.87071681135791,31.0557857344782,8,7
"10114",7.94879766963184,29.3394027418071,8,7
"10115",10.0020406098556,25.1099775431375,8,7
"10116",9.47133254589123,34.5286231465421,8,7
"10117",8.14245227978628,22.8803544158434,8,7
"10118",8.81317659673415,28.4836971472243,8,7
"10119",9.59494999521383,27.1240493963872,8,7
"10120",7.62480694237443,31.5614114878496,8,7
"10121",8.5398407993051,24.8461067506817,8,7
"10122",7.03030252288898,28.7198269735204,8,7
"10123",7.7685441802831,32.2422644927551,8,7
"10124",4.66955507909143,24.8005109625658,8,7
"10125",9.4974308272448,29.969357425605,8,7
"10126",9.22512183707951,32.8108972389192,8,7
"10127",8.98910369093104,33.0648548011971,8,7
"10128",5.0769373659583,29.4253584101778,8,7
"10129",11.4920693974919,28.397219205301,8,7
"10130",9.29066744099991,34.7329713532144,8,7
"10131",10.9346489980701,28.5169480751894,8,7
"10132",6.22751392079752,32.8205886051037,8,7
"10133",11.2187652922364,30.8413175976209,8,7
"10134",7.43753042247088,27.5719340557683,8,7
"10135",7.8967121511015,30.6283032781569,8,7
"10136",10.9533995467049,28.0897137984248,8,7
"10137",9.88859084196863,37.929979634489,8,7
"10138",7.21030825451132,32.2367070472963,8,7
"10139",7.71007148332627,25.3754809871551,8,7
"10140",7.89243943559277,38.4939796126079,8,7
"10141",5.7567139580684,27.103031055651,8,7
"10142",6.9657072028841,35.4268243864109,8,7
"10143",7.68314991742896,37.9953385645121,8,7
"10144",8.55791747047197,27.3476969971457,8,7
"10145",8.89483490291084,30.7924497172819,8,7
"10146",7.77955843774557,27.9359169900499,8,7
"10147",5.59733096960696,27.5174002006157,8,7
"10148",9.00235503815899,24.1742337884795,8,7
"10149",6.15200420541621,28.6982436919477,8,7
"10150",8.24362240605599,35.404782586654,8,7
"10151",6.996676494509,29.7905204416952,8,7
"10152",8.14454259681557,34.8190269742776,8,7
"10153",9.03870076603337,30.2929427556295,8,7
"10154",10.2290962118468,30.6918812105107,8,7
"10155",9.36780241703097,27.0318276301828,8,7
"10156",8.17838005328582,29.1065230509189,8,7
"10157",5.4538761236331,36.8773003281425,8,7
"10158",8.12780576848766,25.0712150941521,8,7
"10159",7.26998341562389,34.6205225141732,8,7
"10160",7.29902697621219,27.9925853357235,8,7
"10161",10.6734813090256,27.8869898689277,8,7
"10162",7.29318208504577,26.7139374619812,8,7
"10163",8.57284837799361,26.3258114295616,8,7
"10164",8.16258080303076,33.574335413534,8,7
"10165",9.86752849711457,32.4713180981126,8,7
"10166",7.52075112630978,33.4976688063405,8,7
"10167",8.76283258560365,33.8354531263328,8,7
"10168",9.55084012110214,31.2887245246803,8,7
"10169",10.7669868338933,31.5452151869966,8,7
"10170",10.0956805686338,31.897596074022,8,7
"10171",9.14232839727951,38.1725712908096,8,7
"10172",9.07326529489407,29.204306272008,8,7
"10173",8.55518331236918,30.9796864427133,8,7
"10174",7.7741983447301,37.4059562570549,8,7
"10175",7.40097726128947,32.550512344541,8,7
"10176",7.45570221226995,30.046351553075,8,7
"10177",9.42597911479272,26.0318659561898,8,7
"10178",6.30899677191765,25.942113093583,8,7
"10179",10.6427973053903,29.9543609426564,8,7
"10180",7.37122312998792,30.568898917946,8,7
"10181",9.96372950949022,33.3748735758899,8,7
"10182",8.2744593905249,26.6540792169418,8,7
"10183",5.1845214507982,32.3403095692394,8,7
"10184",7.56501991054032,24.1840604599627,8,7
"10185",9.48047670152967,27.7728377818574,8,7
"10186",6.60111737263007,26.3429888783157,8,7
"10187",6.66827808495197,29.7822498150388,8,7
"10188",7.94218308645806,22.7983546409829,8,7
"10189",6.64850342113802,34.3892470197473,8,7
"10190",6.0722223514454,26.726258999372,8,7
"10191",6.56841641930384,33.1598406494582,8,7
"10192",7.50172951531937,31.4535345926759,8,7
"10193",5.23253363579796,27.1687310877617,8,7
"10194",8.54225407317883,27.4274825956996,8,7
"10195",7.51782534949462,35.8408049633436,8,7
"10196",10.3669810848547,31.6572519321262,8,7
"10197",9.3508752854448,28.5019814717676,8,7
"10198",5.30244631895937,33.2991155648889,8,7
"10199",8.90972844585453,33.7234585241857,8,7
"10200",9.08202310964519,30.7899025469937,8,7
"10201",6.64110037256562,28.5260803131285,8,7
"10202",6.5665163576657,36.6702966591899,8,7
"10203",10.39562112565,31.5845660640664,8,7
"10204",10.4187246319249,29.3271090901596,8,7
"10205",9.00555902704467,28.8809413893264,8,7
"10206",6.20182958766816,39.094742482758,8,7
"10207",8.08472768774462,33.8647359197468,8,7
"10208",10.2163837971962,34.0259327802411,8,7
"10209",7.22088526425556,30.2928866279759,8,7
"10210",5.30856391622457,31.0272417045066,8,7
"10211",10.2607852554111,31.3030985360026,8,7
"10212",9.40152938121844,31.401828726924,8,7
"10213",6.3590792029172,34.2770962879245,8,7
"10214",9.00428705659692,34.384162972301,8,7
"10215",7.96779097323433,37.8248183745182,8,7
"10216",7.73796247631539,28.4427218542956,8,7
"10217",7.19770557650815,29.0025968623112,8,7
"10218",10.5915448947807,28.7408318777316,8,7
"10219",8.04772951520061,32.0890817544726,8,7
"10220",7.2877718282935,35.1200532743988,8,7
"10221",7.02985384996746,30.7884963597923,8,7
"10222",9.3778617346519,32.6266318920533,8,7
"10223",8.9187172734614,32.5894140916223,8,7
"10224",8.58085984493716,26.8013917950148,8,7
"10225",8.04514439075966,28.7077378712351,8,7
"10226",5.31403285966698,29.6636303807878,8,7
"10227",9.27682958422524,28.478640046454,8,7
"10228",9.11285705494181,26.4530725849462,8,7
"10229",8.42927243485133,31.7434039071416,8,7
"10230",7.86849701185902,31.6820454989811,8,7
"10231",5.92370958536832,25.1255035773972,8,7
"10232",6.55440126363179,35.0928966943226,8,7
"10233",7.85616577501437,27.0912476641407,8,7
"10234",6.64748264166606,26.065154764199,8,7
"10235",9.50560739836398,35.1538187683696,8,7
"10236",7.09578739769171,26.3766654956129,8,7
"10237",8.00123882851778,26.6565877904367,8,7
"10238",8.51044443523641,30.0309313261026,8,7
"10239",9.00095438430812,31.0636927319699,8,7
"10240",3.30151233664369,35.5511350669588,8,7
"10241",8.84100892149233,31.3476797214122,8,7
"10242",5.43846959904679,25.9694522287338,8,7
"10243",8.02270640381297,38.2544190341343,8,7
"10244",11.8730778929366,23.9638494149099,8,7
"10245",6.64563946137907,25.0173355924905,8,7
"10246",4.84284262418114,27.6583420057136,8,7
"10247",11.1627929830182,25.7221105072655,8,7
"10248",9.16368683570507,28.0660642529504,8,7
"10249",7.77837985316889,32.6731728389635,8,7
"10250",9.99398430251415,34.60863478044,8,7
"10251",7.38892288843126,31.7519058759431,8,7
"10252",7.83698108484056,26.6022444320897,8,7
"10253",7.61399545449582,31.9552943118029,8,7
"10254",9.06544970309189,33.3643112495509,8,7
"10255",7.39949644303558,40.3651102006426,8,7
"10256",7.82826233029324,35.2316967982468,8,7
"10257",7.80970290946093,35.5114451799577,8,7
"10258",8.96172191684838,29.7461347906365,8,7
"10259",7.65912935233121,25.6514136241224,8,7
"10260",6.1382499870358,31.5933024463264,8,7
"10261",7.20564596315196,34.1015228904835,8,7
"10262",10.1835474911188,26.9536728326218,8,7
"10263",6.67927388198731,36.0027180614731,8,7
"10264",8.77089904651212,26.5364846002226,8,7
"10265",8.94685309925603,27.6258314427089,8,7
"10266",7.79900156358972,29.8612814873435,8,7
"10267",8.62035518705285,32.2200324151953,8,7
"10268",11.0606298662153,32.2162482407001,8,7
"10269",9.0910721672916,22.8128372783942,8,7
"10270",5.90197694019447,32.4699312734878,8,7
"10271",9.16086557574483,37.7799853832361,8,7
"10272",10.3783802501148,32.7900651282308,8,7
"10273",9.70070624395448,31.3782430137525,8,7
"10274",9.15380117318016,24.7584971194146,8,7
"10275",9.27790613984873,37.4864847120161,8,7
"10276",7.04725393911672,33.7862965808205,8,7
"10277",6.73648166402956,33.0230129038455,8,7
"10278",8.57161373336357,26.340458227459,8,7
"10279",10.8819099386556,26.1817275652156,8,7
"10280",8.20525506584314,35.7773672347553,8,7
"10281",8.76060581843111,36.4601403710622,8,7
"10282",9.40712080713205,36.894165283997,8,7
"10283",11.126481189306,31.7080149080811,8,7
"10284",7.8719784020991,37.7374666087673,8,7
"10285",8.28239463449019,28.9581093689392,8,7
"10286",9.47374711615706,36.2865490063795,8,7
"10287",10.181245818809,28.668177538934,8,7
"10288",6.28228361212135,28.8761458102605,8,7
"10289",5.61064998795431,25.9469818729136,8,7
"10290",7.77554038340927,30.1391164835954,8,7
"10291",9.59179789463544,31.0606548429873,8,7
"10292",8.44317675905655,35.7600287293827,8,7
"10293",7.03461505781508,28.6961947884256,8,7
"10294",8.638038854463,26.6206460415578,8,7
"10295",6.24513097736047,33.832173465893,8,7
"10296",7.55539170454203,38.5164138351901,8,7
"10297",3.39194380104918,33.9384241889936,8,7
"10298",7.86781321598206,38.1660067226187,8,7
"10299",9.6322753789436,23.9282678568234,8,7
"10300",8.00677571861398,30.4319244322831,8,7
"10301",9.30109961778818,25.2499132480044,8,7
"10302",6.68605549569909,36.3319542324619,8,7
"10303",5.84972713846502,27.2324292837301,8,7
"10304",7.89505227113647,31.3539738698234,8,7
"10305",7.61771595682018,34.6462226185416,8,7
"10306",7.28239392605108,28.7395025307538,8,7
"10307",8.15473003454195,25.6160588880401,8,7
"10308",9.6534593711047,32.6199396772604,8,7
"10309",5.75306128685393,32.7329158260809,8,7
"10310",6.62513406019108,36.151807643712,8,7
"10311",8.38364678448686,26.2777250319849,8,7
"10312",8.88959589526533,41.181874194514,8,7
"10313",6.82665823997123,31.529414714003,8,7
"10314",9.83577832433561,22.2615575695209,8,7
"10315",7.82697368033117,24.6416597875679,8,7
"10316",9.54530319934752,34.1421840846847,8,7
"10317",7.71556896250604,33.9567293078462,8,7
"10318",8.22176785980243,22.5047010748376,8,7
"10319",6.42216889803497,31.3977711444869,8,7
"10320",8.68828912170117,33.3660431149025,8,7
"10321",8.30664298064437,33.8929791974163,8,7
"10322",5.20945813482891,30.0777466507703,8,7
"10323",9.57955462402582,32.0722199754275,8,7
"10324",6.49785250081278,33.0756942205472,8,7
"10325",7.33324994373888,33.0805448329812,8,7
"10326",6.83368317071994,26.4780075491621,8,7
"10327",9.57453038806426,35.0863666960469,8,7
"10328",7.83282932181301,37.2083055260007,8,7
"10329",7.96169914332763,33.4537602809554,8,7
"10330",5.44431294691028,28.9938257353592,8,7
"10331",6.52553431851748,31.5962365994156,8,7
"10332",6.97092356713571,30.9588573502613,8,7
"10333",8.29288501373364,32.1763726581046,8,7
"10334",7.95683530510498,33.2678694892014,8,7
"10335",6.0748176001231,29.6925625584232,8,7
"10336",9.09280033650535,33.4341238792045,8,7
"10337",8.54989651797985,36.1736204443749,8,7
"10338",6.95656686124695,27.8389332099072,8,7
"10339",4.24689871853594,34.4600692912114,8,7
"10340",8.37233075587694,29.9901302041195,8,7
"10341",9.05688776717236,31.220570916187,8,7
"10342",7.71484309112796,27.6763315049802,8,7
"10343",6.73402677811728,44.283612329667,8,7
"10344",8.43029342602923,30.8595826670691,8,7
"10345",7.20197941822651,35.3129544744327,8,7
"10346",8.59502002214408,31.0868612410678,8,7
"10347",9.23418747663475,30.1082052319411,8,7
"10348",9.833554161274,34.719458458234,8,7
"10349",8.95518585022018,35.2762933691985,8,7
"10350",7.6755031950705,36.001804719128,8,7
"10351",4.11107942096273,28.6985677868821,8,7
"10352",10.3475439888996,36.4351292821111,8,7
"10353",11.7691771895851,24.0823163451468,8,7
"10354",7.60466820847372,29.8714812440691,8,7
"10355",9.19146767456378,37.4254763231126,8,7
"10356",9.54412297692264,32.7425639233832,8,7
"10357",9.26395602728333,32.6549547469412,8,7
"10358",6.11301518850971,30.3648001781503,8,7
"10359",8.16303193532456,38.3963536454763,8,7
"10360",6.47145573761555,29.3635226214709,8,7
"10361",7.12796934251466,30.9567448547625,8,7
"10362",8.20728774429794,28.3679122051855,8,7
"10363",5.8853815489913,32.0263005607902,8,7
"10364",8.41177601517124,30.7460910362956,8,7
"10365",8.52733399550373,20.6019257979563,8,7
"10366",9.32845523409674,31.7616706962056,8,7
"10367",8.28190836213762,29.3047481275709,8,7
"10368",5.81318533705557,31.00788518895,8,7
"10369",7.48288778143373,29.842607750762,8,7
"10370",8.3494534750349,37.5788231190797,8,7
"10371",9.62440905025598,31.5611025841797,8,7
"10372",7.54759686048124,40.9108137982198,8,7
"10373",10.9911041163751,34.927362810989,8,7
"10374",10.0033771220538,20.453804006189,8,7
"10375",6.03654998086343,25.1323734524639,8,7
"10376",8.43978971815334,30.7710443463985,8,7
"10377",7.49353261619672,31.6315039268075,8,7
"10378",7.27901456073551,41.7889218297683,8,7
"10379",6.57107358948421,29.6460764837023,8,7
"10380",7.65491458713193,29.3947894202571,8,7
"10381",6.68031247165171,31.2368169881933,8,7
"10382",7.72077762527289,37.3086853321987,8,7
"10383",8.80217033309056,36.2319341852634,8,7
"10384",11.2425292698857,28.1151590473471,8,7
"10385",5.33311948387659,27.4248910599238,8,7
"10386",7.32432899187356,28.7977560285168,8,7
"10387",8.50073454091569,34.1936836426145,8,7
"10388",5.47314283523762,34.7037047025625,8,7
"10389",10.0917035776219,32.7546404835484,8,7
"10390",7.6385526575071,33.0195104267802,8,7
"10391",6.16599265144686,31.5516550325504,8,7
"10392",7.97682804910682,30.1856781521492,8,7
"10393",6.15591227728999,27.6477072814844,8,7
"10394",7.36431653869764,29.1402303515576,8,7
"10395",5.11125969986823,31.4941518798781,8,7
"10396",8.47476216719232,28.717491812302,8,7
"10397",7.8250632993122,15.4959577560315,8,7
"10398",7.29666042211144,27.937053958671,8,7
"10399",5.76485855082576,33.3959094160759,8,7
"10400",6.55499876619816,34.040854970199,8,7
"10401",6.18173518010353,36.0858470879587,8,7
"10402",6.88645717182426,36.1456990653201,8,7
"10403",7.67639191185361,35.3581855057016,8,7
"10404",8.59566440519733,29.0755890829868,8,7
"10405",6.93216962501264,21.7182285696811,8,7
"10406",6.08761571520469,30.397790484371,8,7
"10407",7.58401802005506,29.7992879594572,8,7
"10408",5.26008150226798,28.8449058122637,8,7
"10409",8.46304258706005,31.2967067702237,8,7
"10410",8.93766323362318,31.2305730328323,8,7
"10411",7.14420862547794,34.9305198041918,8,7
"10412",10.1550092063666,28.0265272157539,8,7
"10413",5.97069921604153,34.681690708485,8,7
"10414",9.43039823939745,27.0138497681442,8,7
"10415",8.10637983736034,21.7629589816885,8,7
"10416",3.94544697772809,33.7894109928608,8,7
"10417",9.35894666982374,30.3419370714565,8,7
"10418",7.6646745861157,39.5259763270675,8,7
"10419",7.76541229850551,24.7163377892299,8,7
"10420",6.43354724973294,27.6077672218338,8,7
"10421",8.24790973600363,28.3107497561796,8,7
"10422",9.4541014256908,30.5646432452533,8,7
"10423",10.7264858089223,30.9053476973564,8,7
"10424",8.73122438177747,44.5559438909489,8,7
"10425",7.82407383907943,31.6629431975994,8,7
"10426",5.57831041486122,27.9147695745868,8,7
"10427",9.68351201934746,34.9348364608693,8,7
"10428",5.92584157727238,28.2251585815676,8,7
"10429",9.7034482567423,25.5205781887518,8,7
"10430",4.53157443241207,39.5806660272514,8,7
"10431",7.62731606962049,38.1358566508864,8,7
"10432",8.89045805504793,35.3695787391206,8,7
"10433",7.32157804342026,31.8278714569365,8,7
"10434",6.7512147493169,33.3197832621485,8,7
"10435",6.56294316552746,31.2832361511892,8,7
"10436",6.24132179005077,28.1233243658665,8,7
"10437",8.12504306687474,33.4707045134896,8,7
"10438",8.92332764463686,28.4719160148888,8,7
"10439",6.37485997767536,35.2713847364076,8,7
"10440",8.56783828572292,28.5291039257422,8,7
"10441",7.56893098325294,23.0017854443411,8,7
"10442",7.26092204149834,28.6262397751515,8,7
"10443",8.67760551048657,32.3173276206658,8,7
"10444",6.54934252798477,35.498109844838,8,7
"10445",7.28156698115842,36.2267919500893,8,7
"10446",9.09028881814652,30.8305628991545,8,7
"10447",9.26702261221841,36.2968382033104,8,7
"10448",8.47988003776007,29.8620166008373,8,7
"10449",7.24007472178934,32.8298218511569,8,7
"10450",6.699113623181,26.1904563293776,8,7
"10451",5.83142764951094,31.5838954224329,8,7
"10452",10.6676011391644,35.6445221387536,8,7
"10453",8.94035782087349,30.0550520027858,8,7
"10454",7.42719469383845,32.6094921732636,8,7
"10455",9.42979430440222,20.9500516663457,8,7
"10456",7.26483472959405,28.7445145399763,8,7
"10457",5.25578942583233,43.0161391822629,8,7
"10458",9.57557009168754,31.6469165056323,8,7
"10459",6.34085584468482,22.8867643501545,8,7
"10460",7.42912291465904,37.8043424144086,8,7
"10461",9.60885580485196,22.5667220346529,8,7
"10462",8.81068307468974,29.8622932446467,8,7
"10463",7.55844466930034,26.964691113548,8,7
"10464",7.45184727123188,32.1225903413269,8,7
"10465",6.15886871825779,26.3511918406416,8,7
"10466",6.92811393673445,20.3473176375355,8,7
"10467",7.87532654704377,32.5506273937472,8,7
"10468",5.01505669325993,34.57376457751,8,7
"10469",8.00278535171074,34.5368131904651,8,7
"10470",6.70820988677684,36.8995224108026,8,7
"10471",5.57245145749584,32.6900742384009,8,7
"10472",7.68911327574211,27.3074203913177,8,7
"10473",6.75059098780093,28.5328754119243,8,7
"10474",7.19133181872313,30.7146826684821,8,7
"10475",8.58911233239678,37.2661992345547,8,7
"10476",7.20607401924095,23.7966901767329,8,7
"10477",8.60949730524183,33.8344461787233,8,7
"10478",7.58489973242373,23.6137254466827,8,7
"10479",8.25730028913321,27.3490021447939,8,7
"10480",8.75686722064535,30.0984256498841,8,7
"10481",7.50374450340925,30.6717055954579,8,7
"10482",7.24407954404478,33.347046679877,8,7
"10483",7.48480721489468,33.928210735459,8,7
"10484",6.85754321350365,33.6749961448603,8,7
"10485",10.58255106206,26.4755304842618,8,7
"10486",6.44064679009257,26.2180255149917,8,7
"10487",7.52897618253815,36.055121834727,8,7
"10488",7.92974794025436,26.4848711792694,8,7
"10489",6.98400798862968,32.2750294437331,8,7
"10490",7.50500236941944,35.5067736985887,8,7
"10491",8.64554075265574,27.6533870535493,8,7
"10492",6.34557358798904,24.2907756529001,8,7
"10493",9.3272641200051,34.2871593094985,8,7
"10494",3.18715858751702,36.196475306304,8,7
"10495",5.92017042264476,31.416999318182,8,7
"10496",9.39756699368253,28.3882526654834,8,7
"10497",9.17498351528748,20.9654339740638,8,7
"10498",6.62328944084333,24.3443343828009,8,7
"10499",5.49346359875452,29.1058816057326,8,7
"10500",7.7553974760111,29.4452660946463,8,7
"10501",8.15108345212287,38.8878475753824,8,7
"10502",10.5214462495209,29.8348044040532,8,7
"10503",6.78335274411704,32.8554050264149,8,7
"10504",8.10794589413994,31.6678129093653,8,7
"10505",6.19201179691319,35.4662942519306,8,7
"10506",7.00837267077214,33.4816856707807,8,7
"10507",7.84777171117296,32.181744104811,8,7
"10508",6.95640176600391,31.5939674671775,8,7
"10509",7.79641233618696,31.5863287238593,8,7
"10510",6.677453437452,34.4007756562454,8,7
"10511",8.10070908025964,31.667350457968,8,7
"10512",7.86390209386222,26.3487487553584,8,7
"10513",8.88235100606079,29.4515457167843,8,7
"10514",8.26864302256601,29.7443209944503,8,7
"10515",8.27135032069218,27.2745327630477,8,7
"10516",8.65057670831592,31.9101944431717,8,7
"10517",7.5462159235393,30.2804959351203,8,7
"10518",5.941530373808,29.8361972476544,8,7
"10519",10.364127131105,33.2160983898545,8,7
"10520",5.76598094389008,27.6814572933416,8,7
"10521",9.21926221955,30.3428703307397,8,7
"10522",10.1622699025159,28.2967449277603,8,7
"10523",8.81850589645231,28.9837464212485,8,7
"10524",7.5087715489893,27.2193633942252,8,7
"10525",8.80203453175866,32.2451458069736,8,7
"10526",9.03789408941105,43.0489946970226,8,7
"10527",9.58245439031764,32.2115291754477,8,7
"10528",8.52886443705895,33.8202664222151,8,7
"10529",11.6596557524121,26.6430851183066,8,7
"10530",12.4850097023006,29.8414389359123,8,7
"10531",6.94155624190726,29.6758406850478,8,7
"10532",5.88405339981665,39.1112393492204,8,7
"10533",8.39266685629476,31.9731545992002,8,7
"10534",6.82431451016139,28.6540280388386,8,7
"10535",5.03349547743068,24.6011555136624,8,7
"10536",8.61657553046613,32.0481142437117,8,7
"10537",6.14617154557658,36.9602406955901,8,7
"10538",5.54049921408231,34.5853928818637,8,7
"10539",9.03973918927721,26.8352843154956,8,7
"10540",6.76600086452585,46.2658318215723,8,7
"10541",7.79577353589839,31.1500177137398,8,7
"10542",9.38810601033413,31.0987753253142,8,7
"10543",6.77350144499086,26.2740654703296,8,7
"10544",9.45850199866117,28.9206063132213,8,7
"10545",8.58100997197458,27.335504861127,8,7
"10546",7.1594062831697,31.6736509821576,8,7
"10547",7.36355054940474,32.3754415567544,8,7
"10548",9.48538743765204,26.8507078246671,8,7
"10549",7.95624332526682,32.4770986861823,8,7
"10550",8.51247673578821,30.529432261483,8,7
"10551",7.87079900698681,25.0028529376419,8,7
"10552",6.72283226928007,31.717585489861,8,7
"10553",8.54998758586379,21.7651913573085,8,7
"10554",7.86373960388698,27.9291057291152,8,7
"10555",8.61121018640219,32.1729240797788,8,7
"10556",6.46885792143759,32.0899714775706,8,7
"10557",4.91214254772678,23.2851156135675,8,7
"10558",7.373971499842,26.3886247660932,8,7
"10559",7.47194947639867,25.4079794807685,8,7
"10560",7.51871846954748,27.4028568906023,8,7
"10561",8.84368159346258,30.8562009544753,8,7
"10562",7.21248656279741,32.999432171828,8,7
"10563",9.33607378886414,24.5745507321328,8,7
"10564",11.6911645774253,32.9327282772637,8,7
"10565",7.11525421682978,29.1254370603778,8,7
"10566",7.53502321358918,27.9784846754608,8,7
"10567",7.16509349886984,34.5103262189495,8,7
"10568",9.32196531244634,30.4586693453525,8,7
"10569",7.52044101517897,28.6003080255439,8,7
"10570",6.72879312834466,37.8336416118818,8,7
"10571",8.75014718830528,44.1940846244618,8,7
"10572",8.14382042542561,22.1558109604685,8,7
"10573",8.74827701594054,33.5943921896976,8,7
"10574",5.31371237010655,25.2700658054797,8,7
"10575",6.82011225810065,29.608898035688,8,7
"10576",5.53727904572094,28.3555941254264,8,7
"10577",7.29984847921309,37.879617920985,8,7
"10578",9.18902827159459,26.4333190053741,8,7
"10579",7.23777586312311,34.3240029544909,8,7
"10580",8.03470523007945,29.903405683879,8,7
"10581",7.10983344949827,33.93298849169,8,7
"10582",7.23192869001362,30.8646519463492,8,7
"10583",8.95555673358732,30.4568389246607,8,7
"10584",7.92478254664512,25.1109669517649,8,7
"10585",7.60538204839593,33.0485083411683,8,7
"10586",8.72308452612727,29.8067868345531,8,7
"10587",7.43077586823367,34.4292653658751,8,7
"10588",5.62650230421647,30.4590181135379,8,7
"10589",8.17588348397042,29.398290322918,8,7
"10590",8.72558245608781,27.4684664755107,8,7
"10591",6.26638079528214,27.767754745507,8,7
"10592",6.94081788475133,34.8897620856688,8,7
"10593",6.22997381009974,30.2054015937293,8,7
"10594",7.45952496483482,35.848024483043,8,7
"10595",8.32190133279957,26.6437006461581,8,7
"10596",9.7892852094051,36.0096736982281,8,7
"10597",5.89500947149847,35.9594096355846,8,7
"10598",8.77437428154776,29.1543068326051,8,7
"10599",5.6588793170435,25.9328581730469,8,7
"10600",9.06605721357141,26.7570961290725,8,7
"10601",10.1331753152975,35.9815743437193,8,7
"10602",6.63243861735316,24.8969189270209,8,7
"10603",7.63866091907702,24.3721572058691,8,7
"10604",4.3961809558024,35.2550662794888,8,7
"10605",9.48105389176625,26.4923243574206,8,7
"10606",6.32778836875824,24.3390446354231,8,7
"10607",9.66009515174097,34.8281652380809,8,7
"10608",8.64819238250806,21.9953050398554,8,7
"10609",6.0928460332531,27.0926403333798,8,7
"10610",6.96485279145967,33.7555849588518,8,7
"10611",8.27441398284005,36.4490290378438,8,7
"10612",10.7635682506226,25.16234874626,8,7
"10613",4.72897619151598,34.4015913804317,8,7
"10614",8.75161205310074,27.9293221335811,8,7
"10615",6.78751195839124,39.0111089227221,8,7
"10616",9.68148709067656,29.4675514956615,8,7
"10617",8.17749362940998,31.396519649229,8,7
"10618",8.51447741766711,26.8357360225391,8,7
"10619",6.55723079041414,33.4788604434454,8,7
"10620",7.96277778776752,33.8228527250508,8,7
"10621",9.07945838102926,32.6278416990482,8,7
"10622",9.27879412132019,25.4360151628827,8,7
"10623",9.31590424519209,25.4783502269752,8,7
"10624",8.78573239189024,31.2038220336436,8,7
"10625",5.14324473859226,41.6440556815161,8,7
"10626",10.2017586928017,27.055553442465,8,7
"10627",7.84448852469198,32.5155300741723,8,7
"10628",7.11401473205016,32.4145650592264,8,7
"10629",6.00973941774528,22.199650209577,8,7
"10630",9.98623807722478,24.2569550461458,8,7
"10631",6.58034120668623,24.8228043753854,8,7
"10632",9.19839025607285,26.6021061329005,8,7
"10633",9.67132479948161,23.8300959939275,8,7
"10634",6.90984752532813,34.1073610398503,8,7
"10635",6.88419648659615,35.4865665554438,8,7
"10636",6.30684093105691,29.6884449660438,8,7
"10637",7.3933783032672,27.4747581771139,8,7
"10638",7.62689517849804,26.534027602597,8,7
"10639",7.57475216493896,33.8148134834031,8,7
"10640",8.2832478872779,32.8523120110012,8,7
"10641",7.28779882083279,22.4984318483417,8,7
"10642",9.5980707525742,37.4513788743935,8,7
"10643",6.88161600772418,24.806628904562,8,7
"10644",6.2620764297822,25.4866561955518,8,7
"10645",6.5473566203229,34.5751304803226,8,7
"10646",10.6579330516892,33.6997224445605,8,7
"10647",6.9718644759086,38.3885721356713,8,7
"10648",8.80436399279306,29.4616552561749,8,7
"10649",7.78126133792923,31.1812201778242,8,7
"10650",9.85501657864251,35.4448253119393,8,7
"10651",5.71155836904083,31.4975409058622,8,7
"10652",10.1511674035523,28.3390755467233,8,7
"10653",7.51437114308735,28.7275811475494,8,7
"10654",8.71533567304197,36.0614789871218,8,7
"10655",9.04948927294154,23.2976098995256,8,7
"10656",7.61654464673533,25.4370781270092,8,7
"10657",6.67273273075464,28.136270837127,8,7
"10658",5.96641205839498,26.8997475606472,8,7
"10659",7.17948854252511,43.3758541002232,8,7
"10660",9.49311205344317,29.7729823839869,8,7
"10661",7.23428711993355,33.5926201554928,8,7
"10662",6.70311792075158,28.3140474485944,8,7
"10663",5.72658989823915,37.6922820069012,8,7
"10664",8.07057552078158,22.1059761868773,8,7
"10665",8.53261330778392,27.7054676896867,8,7
"10666",7.60285889051028,38.6905359391212,8,7
"10667",9.78141940732126,27.5284024489177,8,7
"10668",9.36223770631632,35.6656353894181,8,7
"10669",7.98773372933305,34.0680581395567,8,7
"10670",9.98819802547949,34.3138165391153,8,7
"10671",8.89343734762357,32.1150901107395,8,7
"10672",6.24935662073803,30.423876925609,8,7
"10673",8.84350053779022,33.788960680351,8,7
"10674",6.30534082385885,27.1444973960279,8,7
"10675",7.74198656955378,26.7874622684276,8,7
"10676",4.79803535358537,37.2242611369886,8,7
"10677",7.68918725154547,30.8457382174494,8,7
"10678",9.76202137334919,30.4851092286585,8,7
"10679",7.26529226754452,29.4688500163374,8,7
"10680",9.39266050520085,28.9486689594457,8,7
"10681",7.23858644371012,27.2135692248466,8,7
"10682",7.46855391811033,29.3639341339001,8,7
"10683",6.97244115409333,28.3170266905413,8,7
"10684",9.25504229116957,27.9803671703215,8,7
"10685",6.29402350688847,30.6081225459011,8,7
"10686",10.1152866060118,33.2878701335637,8,7
"10687",8.10702774561001,37.5217886019346,8,7
"10688",9.50956747295007,32.8313913205639,8,7
"10689",6.38602051187894,30.8745339533111,8,7
"10690",7.68008710895527,29.7410477569606,8,7
"10691",10.977397245788,41.5598599717895,8,7
"10692",7.23711617645378,26.6528086821588,8,7
"10693",9.66813011864684,25.8906517664577,8,7
"10694",11.3640228567493,30.2616919221612,8,7
"10695",7.18320264345948,24.1080603063776,8,7
"10696",7.21965842795225,33.9667118398221,8,7
"10697",7.19314910143706,31.0760468831029,8,7
"10698",8.52559292840192,28.6410631006942,8,7
"10699",7.11673773029335,27.8377364950072,8,7
"10700",9.55603296810097,29.6422798810456,8,7
"10701",10.8471607416766,25.1414344310616,8,7
"10702",8.72843247168655,38.4886274164297,8,7
"10703",7.02979388716048,34.5380296944778,8,7
"10704",7.14777022330508,30.7067772185021,8,7
"10705",5.31989000365891,28.4494739245126,8,7
"10706",6.22781089734967,34.112396183352,8,7
"10707",7.47240329787125,32.0710544633465,8,7
"10708",7.19494409061846,40.5451581934547,8,7
"10709",6.37830191218166,27.5599901624504,8,7
"10710",10.3453506801166,34.3653444135432,8,7
"10711",8.23875141361564,32.1288581326614,8,7
"10712",9.38979374738639,26.6502176654577,8,7
"10713",6.79960824460289,29.9404187350473,8,7
"10714",10.2091749425258,27.889914365175,8,7
"10715",7.56984411576657,33.6814529567469,8,7
"10716",8.89396618550557,36.7386192025777,8,7
"10717",8.62251311867912,26.3793332701409,8,7
"10718",4.38251716527262,37.7117942008663,8,7
"10719",10.0445154379804,21.181358295108,8,7
"10720",8.00415427195932,25.5550631141127,8,7
"10721",8.39346957949216,28.5869040923581,8,7
"10722",8.02959330532137,30.282830766914,8,7
"10723",8.2848228758868,29.8048629732671,8,7
"10724",5.81429378496505,36.0747955419179,8,7
"10725",12.1161736571215,36.0223522831849,8,7
"10726",7.65622114683878,31.7068233446641,8,7
"10727",9.16466212765022,33.9360249311849,8,7
"10728",7.58064531436337,30.5620446924792,8,7
"10729",6.67714284752874,27.2996809248365,8,7
"10730",9.18334234250145,35.6552503029644,8,7
"10731",8.73471858530779,22.2356303404632,8,7
"10732",9.11720919689934,27.9941627015991,8,7
"10733",8.9960139831716,37.6615076396253,8,7
"10734",8.51172507734033,33.8372786992294,8,7
"10735",6.48382401244845,30.0767187877704,8,7
"10736",8.75862960067197,29.9306871810432,8,7
"10737",10.8587538125035,31.3742466853656,8,7
"10738",7.36790703116526,34.3848244194772,8,7
"10739",7.17638234455176,39.3249293899345,8,7
"10740",9.45564984088678,22.6057530727038,8,7
"10741",9.28019310243588,24.7809311578566,8,7
"10742",5.2838993505579,29.2139527856821,8,7
"10743",9.61238251854378,25.6801421007947,8,7
"10744",8.9890376705602,33.5042544641708,8,7
"10745",6.48445180032811,32.8744784525866,8,7
"10746",6.9876353638741,32.4130975734032,8,7
"10747",9.82619475868461,29.7473116417873,8,7
"10748",10.3533267805069,42.2988961625268,8,7
"10749",6.67977442669823,31.0240833236541,8,7
"10750",8.33307268625885,23.4529114356701,8,7
"10751",6.91292829865369,27.8740007361365,8,7
"10752",5.5100006599787,33.194479026463,8,7
"10753",6.37243642045192,32.6359639323855,8,7
"10754",7.87700143159959,35.0987502264749,8,7
"10755",9.04413761987496,31.3652127162175,8,7
"10756",8.16334710963302,28.3580464221925,8,7
"10757",7.84949229536687,36.013496544961,8,7
"10758",7.69105686775808,30.182623062348,8,7
"10759",7.70537461638344,24.1419367415515,8,7
"10760",5.61431702168664,32.608352110845,8,7
"10761",7.74489955058058,30.7285023010814,8,7
"10762",7.9374436566684,29.608799435689,8,7
"10763",6.09720950296776,29.9011687574909,8,7
"10764",8.07470590385711,30.7823430900348,8,7
"10765",9.48211041917657,41.9085678065087,8,7
"10766",6.1066839263502,34.5391421865003,8,7
"10767",8.17193928230586,29.4618821038816,8,7
"10768",6.88638128276154,30.3364022738352,8,7
"10769",8.49713210271395,30.7958981654202,8,7
"10770",9.67332786209166,32.9938684242408,8,7
"10771",8.19305883624385,30.2925920104731,8,7
"10772",8.21720073512207,28.5916689581966,8,7
"10773",8.97863588084489,34.3065447357398,8,7
"10774",8.33859907629051,31.534959969977,8,7
"10775",6.37332058775347,35.4127897176704,8,7
"10776",6.84687259913778,32.3451675123868,8,7
"10777",11.1309165062064,31.4420737319136,8,7
"10778",6.46121710793792,37.0263494646015,8,7
"10779",7.56471985454234,35.3992367933796,8,7
"10780",7.81230566562889,28.8989934173963,8,7
"10781",7.10550663532598,25.3156214211737,8,7
"10782",7.95981523166062,36.7793728446764,8,7
"10783",6.69463153365261,26.7608919258847,8,7
"10784",5.95124773858219,30.0726432727916,8,7
"10785",9.18102426702059,36.3969635537662,8,7
"10786",7.51526209646588,30.9453486734663,8,7
"10787",8.78793672792882,29.735179596161,8,7
"10788",9.11670846842939,30.4393872896488,8,7
"10789",8.9176801466611,34.3766416121002,8,7
"10790",7.52505631314945,22.6650065865263,8,7
"10791",6.79158238449454,37.1597959592772,8,7
"10792",7.94019171286606,26.550455038496,8,7
"10793",8.51417898510708,30.6688571777221,8,7
"10794",9.36052493444837,35.091303456309,8,7
"10795",8.51060753711822,40.6633091858727,8,7
"10796",9.09611436146592,30.1541177254097,8,7
"10797",7.35727777964429,34.4082168297283,8,7
"10798",7.6415798518412,21.6290024025156,8,7
"10799",8.23159905697828,31.6057754141575,8,7
"10800",7.0667647614686,32.8715880589485,8,7
"10801",8.52826489985537,31.5320718119025,8,7
"10802",7.45232686283365,27.3064619007427,8,7
"10803",6.90246403462792,30.8551920483977,8,7
"10804",4.55515032618532,28.2920481633349,8,7
"10805",8.04181257925233,39.2311136689314,8,7
"10806",7.93373469992933,31.4053149095178,8,7
"10807",8.25977933461638,23.06511720106,8,7
"10808",8.32537404877847,32.1827080178234,8,7
"10809",5.66376284667654,25.9851396901345,8,7
"10810",6.89519993718573,29.9469410087325,8,7
"10811",10.7715018523287,33.5386832261163,8,7
"10812",6.45079630658505,25.449842024283,8,7
"10813",9.89034914820709,26.4097586044093,8,7
"10814",6.57725108980856,30.7132935154766,8,7
"10815",6.56490639105159,35.9890149122898,8,7
"10816",6.5660421346747,29.0557361553974,8,7
"10817",8.09858087426385,32.6819004117153,8,7
"10818",9.0486643715191,29.2233656420832,8,7
"10819",6.74205265178156,31.7612872622856,8,7
"10820",8.323251814002,33.1979657064517,8,7
"10821",7.27210047182825,27.7703009412641,8,7
"10822",7.53715310769546,34.946214295983,8,7
"10823",6.58314101719859,23.4815164609581,8,7
"10824",7.79807873911419,17.9166327300599,8,7
"10825",8.41665199330658,32.3119856730154,8,7
"10826",10.050019034869,30.9126044732864,8,7
"10827",7.50062560832576,30.4168707632963,8,7
"10828",7.89573823552921,27.4517949180779,8,7
"10829",6.06743559559923,29.6128323224766,8,7
"10830",10.9109682404238,29.170076548021,8,7
"10831",10.3604765546766,37.3536780295392,8,7
"10832",8.89913944861659,24.8139410940139,8,7
"10833",7.00831609076723,31.6008322047131,8,7
"10834",8.11206842772877,32.2293598381607,8,7
"10835",6.68557742149866,40.6834660399099,8,7
"10836",8.67235236501713,31.2729906340501,8,7
"10837",7.0748924739096,31.1140782692549,8,7
"10838",9.29636207009388,26.0967265136578,8,7
"10839",9.29018348112923,35.2855690049284,8,7
"10840",5.24375946164321,33.5168273590531,8,7
"10841",7.08682840982233,43.3542830572674,8,7
"10842",4.7328623824614,36.2158001237645,8,7
"10843",8.26065364192432,37.7910371275698,8,7
"10844",7.10309147258886,35.7980236069947,8,7
"10845",10.5473180377362,35.4601679384763,8,7
"10846",9.06683654332677,27.5329811815408,8,7
"10847",7.57821906651628,28.016591840633,8,7
"10848",10.02019721236,27.4895109496827,8,7
"10849",9.17814388690795,37.0089692522718,8,7
"10850",8.13467319454337,31.5639139375754,8,7
"10851",9.43669720796014,39.9235245948494,8,7
"10852",12.4721749853162,32.5785097934659,8,7
"10853",8.19908240126013,27.2495352725193,8,7
"10854",8.2431351528851,31.8903793717615,8,7
"10855",7.31610838493271,26.9403898310301,8,7
"10856",9.36243898639469,21.7164162292424,8,7
"10857",8.818250762594,32.0893194390875,8,7
"10858",7.30462919348152,25.2441174643579,8,7
"10859",6.4516231841936,35.7083426745111,8,7
"10860",8.92729138890462,34.510301666856,8,7
"10861",7.01221242764273,30.4502787801145,8,7
"10862",9.42647076844352,31.0382941250078,8,7
"10863",8.43818199434529,28.0107556640785,8,7
"10864",5.66710563989685,27.0429992738669,8,7
"10865",9.45930813834042,32.4391080235013,8,7
"10866",8.67201597840114,24.8602870208671,8,7
"10867",11.3935445183537,27.2646794484803,8,7
"10868",9.59523207319844,34.799554696997,8,7
"10869",6.49942754242138,36.7515282406582,8,7
"10870",8.44427578278556,32.7309275006131,8,7
"10871",8.95058698191046,29.6186053499238,8,7
"10872",9.53568837427186,24.3925230224471,8,7
"10873",9.70113326582069,29.5549254012275,8,7
"10874",6.23152313729877,30.9404618199649,8,7
"10875",10.4732644818588,20.1686010113484,8,7
"10876",9.10688142552477,30.7618664283141,8,7
"10877",5.52814127742171,24.4529699067219,8,7
"10878",6.63923654454947,34.3255408622675,8,7
"10879",6.769766664076,28.385318577877,8,7
"10880",6.97088164516198,23.9134469183492,8,7
"10881",5.89121931629901,27.4446292027137,8,7
"10882",7.62563330294072,34.4620877730684,8,7
"10883",7.48186403435015,30.2214715218971,8,7
"10884",7.14004673891813,30.6233481890817,8,7
"10885",5.79161414459523,28.7959310414503,8,7
"10886",8.02933143548941,31.437965232993,8,7
"10887",7.18099748927111,28.8822550143168,8,7
"10888",6.51597870600876,28.3078106703482,8,7
"10889",5.58023295877769,25.4670214793524,8,7
"10890",9.20340069106602,29.8458846857723,8,7
"10891",4.9123425267656,25.3030370544835,8,7
"10892",8.35150116237132,33.1297177797288,8,7
"10893",8.21622840565967,30.8618874816848,8,7
"10894",9.34687461611502,22.9293176899328,8,7
"10895",6.27498958763992,35.9392948578002,8,7
"10896",7.65648627306665,27.740835693484,8,7
"10897",5.63253408846962,21.4259563202226,8,7
"10898",10.6272952793177,28.5508367989899,8,7
"10899",7.42428549803657,27.2596197499862,8,7
"10900",6.80308451608183,30.8178350234449,8,7
"10901",8.83377876096552,25.5369645709963,8,7
"10902",6.76698342479238,29.808237728334,8,7
"10903",10.5452345643716,28.0132145929272,8,7
"10904",6.71800842720328,37.2995714186863,8,7
"10905",10.112183050806,30.7536572552267,8,7
"10906",8.87097188522297,32.0628813009715,8,7
"10907",7.78524286005651,34.6211460690693,8,7
"10908",7.92769571402088,32.8426116217175,8,7
"10909",7.32452091245981,26.991434502791,8,7
"10910",7.1048370106227,32.4335395699206,8,7
"10911",8.74186166728641,37.9154461714502,8,7
"10912",9.83035607475257,32.7536697832773,8,7
"10913",7.27579519535249,31.2688127416708,8,7
"10914",7.4990261630806,33.1160038375673,8,7
"10915",8.0344525987784,35.0735994669107,8,7
"10916",8.28127966964434,28.7455705474509,8,7
"10917",7.92897163468517,25.8852703311814,8,7
"10918",10.4903979209489,39.1752992361174,8,7
"10919",9.6426966627573,31.8827546436087,8,7
"10920",7.67899574623481,33.190878690524,8,7
"10921",7.74202968138097,22.8984111051088,8,7
"10922",7.30691506423296,27.8843197902054,8,7
"10923",9.23674774040941,27.7868362046135,8,7
"10924",10.8954595126341,23.7693895648941,8,7
"10925",7.1284538984739,33.0713243665454,8,7
"10926",8.86926682764122,26.9245745205307,8,7
"10927",9.97514545143524,29.1402862715956,8,7
"10928",8.36473515696505,27.9651168315528,8,7
"10929",8.63547953764823,35.5921423919025,8,7
"10930",7.40062645027406,35.6468491693275,8,7
"10931",4.80136122688629,23.6679548355676,8,7
"10932",7.14464197786674,30.2115914921701,8,7
"10933",5.75480388785177,29.3453897814755,8,7
"10934",9.96483537258817,27.0307556870199,8,7
"10935",10.172826958197,30.9474160798994,8,7
"10936",7.75041481761882,36.0760837712788,8,7
"10937",6.64383765261201,24.9221228635784,8,7
"10938",7.67782239820231,38.4757293772568,8,7
"10939",6.65676347365406,25.1229191594799,8,7
"10940",7.10858950674107,33.9657993565275,8,7
"10941",8.06526723791868,29.9967556765168,8,7
"10942",7.53341443608527,31.5744211400658,8,7
"10943",5.96586279058814,27.1872566182702,8,7
"10944",8.1079301776529,36.377604812969,8,7
"10945",7.34848790861479,38.8572172745678,8,7
"10946",8.73520054517849,32.1236395095014,8,7
"10947",9.82211321245848,40.0046839227865,8,7
"10948",10.0887020852245,28.971170833914,8,7
"10949",9.2114584969128,29.019233302335,8,7
"10950",7.925495757512,28.56533475644,8,7
"10951",8.39607253590729,30.8505402501234,8,7
"10952",6.26711149150037,32.8855177779778,8,7
"10953",8.17968530333263,33.4059850363413,8,7
"10954",5.91148763942005,33.1739744479867,8,7
"10955",6.15175554224876,35.8449233696252,8,7
"10956",7.01646195010815,30.6941321500816,8,7
"10957",7.60291082129676,25.5017218447385,8,7
"10958",8.05743193890008,29.7449924872242,8,7
"10959",8.0300989388777,30.8475702783173,8,7
"10960",9.77873189729299,32.4856576884448,8,7
"10961",8.67942759035432,33.7154521315024,8,7
"10962",5.78648593590823,27.0998126093693,8,7
"10963",7.46055810765337,28.3745399879865,8,7
"10964",7.56217733967801,28.5096103105921,8,7
"10965",6.34297493824097,24.7459036791725,8,7
"10966",8.92336499315902,34.916475610748,8,7
"10967",9.82147105513422,33.8168842998794,8,7
"10968",7.67620957960251,34.5803014299159,8,7
"10969",8.81154846913271,30.6927756883467,8,7
"10970",8.00864821571897,27.1481293634929,8,7
"10971",10.0923831629986,26.2907637197321,8,7
"10972",10.0276128730054,40.694839205251,8,7
"10973",6.48690543543619,30.5119268839081,8,7
"10974",9.02316510912612,29.9024775627867,8,7
"10975",7.26837838070121,33.2318541021872,8,7
"10976",9.05741165169393,28.529974075002,8,7
"10977",9.1745952175285,26.4759464446682,8,7
"10978",9.18573234820061,30.042080209354,8,7
"10979",5.79208225580433,28.3070083599956,8,7
"10980",6.88853377445288,30.4677621791975,8,7
"10981",9.05561948125306,30.3412694963409,8,7
"10982",5.07159122669329,34.3173566794766,8,7
"10983",6.78286151467271,28.9703262701323,8,7
"10984",4.35665248069219,38.5839271446196,8,7
"10985",8.22747710542565,28.7471033650812,8,7
"10986",8.25456779458253,27.0461482639892,8,7
"10987",5.14514326471429,27.9521627368003,8,7
"10988",5.70519833294448,36.1608048480624,8,7
"10989",8.99674793570797,24.9690930298641,8,7
"10990",9.18312373858497,34.2613387751466,8,7
"10991",8.14279595519113,32.4090877481028,8,7
"10992",8.34569974878918,34.4644152521627,8,7
"10993",7.74425926145519,28.9927159779934,8,7
"10994",9.18444661435609,33.8031200139639,8,7
"10995",9.32795907592113,33.6920978862256,8,7
"10996",7.75318639103718,28.2939288368783,8,7
"10997",7.04703435948237,33.5728119425472,8,7
"10998",5.35809667327449,32.2577406988405,8,7
"10999",5.92062275439038,28.7491011314845,8,7
"11000",7.5464767755622,32.9602457030101,8,7
