"X1","X2","component","subcomponent"
"15001",5.79196089320953,4.5129434686589,1,2
"15002",6.06132779758763,4.27332056653174,1,2
"15003",3.13664848104332,4.8128482068071,1,2
"15004",6.54577616374918,3.16106314531399,1,2
"15005",5.78112131449926,5.50693479623439,1,2
"15006",4.54262242240059,2.72501581631016,1,2
"15007",7.42667798099691,2.83597392363183,1,2
"15008",3.23230785387422,4.66461247244086,1,2
"15009",3.28110572206682,3.36992361877043,1,2
"15010",2.29644172118328,0.0642310467453676,1,2
"15011",7.67018023757206,5.9129373667944,1,2
"15012",3.90801947633307,2.6158911636955,1,2
"15013",4.54219708424417,3.75973573458785,1,2
"15014",6.41452564741864,3.55199620088703,1,2
"15015",5.12699193793119,3.35775127406105,1,2
"15016",3.31156720617494,5.8098438628681,1,2
"15017",5.42040503931115,2.75952138290989,1,2
"15018",2.75966172240553,2.0608331759423,1,2
"15019",5.10841253881873,1.50979066220426,1,2
"15020",6.06005707156021,5.17753784537526,1,2
"15021",3.93364678151888,4.17434324745112,1,2
"15022",4.3996005641203,3.34817407547173,1,2
"15023",3.17484303610404,4.67170723408095,1,2
"15024",2.07810755327619,3.00710417308212,1,2
"15025",2.41573029693896,0.745026879711007,1,2
"15026",6.61713904737373,4.11243613251546,1,2
"15027",4.73690978621438,1.94547348696096,1,2
"15028",6.18719718117907,2.96342954495765,1,2
"15029",4.36996629374338,1.97930549103388,1,2
"15030",5.49873682730718,5.3315848682794,1,2
"15031",7.84667915244126,3.06932931443246,1,2
"15032",3.95592721399397,4.8124424895687,1,2
"15033",4.45834344623808,2.22297748859647,1,2
"15034",1.83680981493761,6.58048954065125,1,2
"15035",6.30655048631345,3.27979101009847,1,2
"15036",5.73907946426566,5.05127763017902,1,2
"15037",3.35569811070991,4.05640526050973,1,2
"15038",4.68265951131152,4.6255581239831,1,2
"15039",5.15528648012686,4.25569540485725,1,2
"15040",4.09407017611133,3.85397084902848,1,2
"15041",7.23409764542618,3.09361249928297,1,2
"15042",3.01175410958542,3.44283521067352,1,2
"15043",1.23346992694079,1.47892807522959,1,2
"15044",5.60050972955304,4.81608390320032,1,2
"15045",6.38741639546594,4.30831073637792,1,2
"15046",4.12687095891084,3.79284344483711,1,2
"15047",5.43473312455621,1.2563899559386,1,2
"15048",3.36004751546784,5.85656772769646,1,2
"15049",4.11496020861488,5.43187813243089,1,2
"15050",5.98861695890768,4.99181374780617,1,2
"15051",3.25011580612989,5.06082715920578,1,2
"15052",5.08199460317503,3.84385230919494,1,2
"15053",6.17991003045718,3.75579054755874,1,2
"15054",5.87201772808369,3.89137686354206,1,2
"15055",4.7989836440526,3.58661266133246,1,2
"15056",4.58997312172066,3.71611267901975,1,2
"15057",5.22313442355299,4.68921088626348,1,2
"15058",4.58250476904385,4.53780843598697,1,2
"15059",7.13258014712138,4.5720439394436,1,2
"15060",3.59501195998672,4.19842523053921,1,2
"15061",0.891144980525527,3.83381272912055,1,2
"15062",8.01772552460294,2.49405145367603,1,2
"15063",3.84623231390253,4.31678517864195,1,2
"15064",5.11275797619359,2.36278786261616,1,2
"15065",3.93074043475674,3.74783996260003,1,2
"15066",3.44299500520699,3.63809480538247,1,2
"15067",6.69330894135027,3.98116169777733,1,2
"15068",1.95541057049978,1.83756114687304,1,2
"15069",3.7221457626061,2.76424498393964,1,2
"15070",3.87149055434722,1.79064524692018,1,2
"15071",5.7974068007238,4.13547398388655,1,2
"15072",1.7618755658822,2.0173741802954,1,2
"15073",5.51831809598352,3.7469745069424,1,2
"15074",2.84381219617869,3.72249550116919,1,2
"15075",5.54458782301627,3.65387409560891,1,2
"15076",3.26841285502014,4.18719364361452,1,2
"15077",5.72414279893536,3.7984915044691,1,2
"15078",3.47934027313207,5.70536362547872,1,2
"15079",3.83016864275028,1.75978179725999,1,2
"15080",5.2539416321652,2.03443370783868,1,2
"15081",3.97773648983616,5.3986613076765,1,2
"15082",4.66519785877111,4.66374180521102,1,2
"15083",3.87989721119526,2.77677444423093,1,2
"15084",4.73866281954747,3.07608503272369,1,2
"15085",3.66149376195142,5.51440773280394,1,2
"15086",5.15224928841507,4.98476497221014,1,2
"15087",6.29947729646425,2.26162070441644,1,2
"15088",6.63612374726334,4.72053233781748,1,2
"15089",6.07892277241864,2.59089627250819,1,2
"15090",7.19280691034232,5.20657190695772,1,2
"15091",6.41231928119312,2.3504603569384,1,2
"15092",4.97436904957787,3.50863457596941,1,2
"15093",6.3842497266848,4.40986231777317,1,2
"15094",4.55029750311252,3.00009692379345,1,2
"15095",5.23110033245995,2.80729279228624,1,2
"15096",5.57408660199377,5.75733617244253,1,2
"15097",4.1496355205626,6.19753681513303,1,2
"15098",2.24112283183281,3.16688677304858,1,2
"15099",4.36746351542058,1.07196822782466,1,2
"15100",1.91837877258815,2.75347862411609,1,2
"15101",1.45628004710708,2.4721851670596,1,2
"15102",3.88872430561614,5.03696535962776,1,2
"15103",4.31778156801108,1.96257450347232,1,2
"15104",4.58813473619051,3.20960171542352,1,2
"15105",6.67126651586807,3.29840832504354,1,2
"15106",5.21449324601959,2.43480586952713,1,2
"15107",4.69909499122158,0.574674629094838,1,2
"15108",4.68517911225353,2.49028181964306,1,2
"15109",5.78205627827595,5.38855220188625,1,2
"15110",1.39104180046574,0.473312208379414,1,2
"15111",4.82971154446835,3.7535000212741,1,2
"15112",2.65952221237333,5.75923295567017,1,2
"15113",1.83122622845461,2.98968294712217,1,2
"15114",3.53851569202831,4.2328043092465,1,2
"15115",5.00527663901552,5.3408129035147,1,2
"15116",4.39734689144766,6.43886051572218,1,2
"15117",6.07925764654466,3.68518488904721,1,2
"15118",2.93439685756139,4.79608700322049,1,2
"15119",2.59318961645154,4.22042883945613,1,2
"15120",7.94842381524077,4.89233713824453,1,2
"15121",3.23592528305448,5.50479454155967,1,2
"15122",2.93536532888956,6.08168438479702,1,2
"15123",3.71673505512965,1.19354060397698,1,2
"15124",6.43181293831034,3.85527388157911,1,2
"15125",5.64548475698907,3.62806433773087,1,2
"15126",5.47258163790864,4.13075710976871,1,2
"15127",4.87458458566287,2.85118975984488,1,2
"15128",4.74756913989765,1.21042678274659,1,2
"15129",2.9044730420488,4.59106051936058,1,2
"15130",3.44020027938583,5.02706189989608,1,2
"15131",6.126477627403,4.53546006644518,1,2
"15132",3.62664070828408,3.85998379939158,1,2
"15133",4.51717420800434,3.73151019911988,1,2
"15134",5.76835576228236,1.71585848482669,1,2
"15135",6.04442009156106,4.80712476678244,1,2
"15136",5.85728491619464,4.02015709691557,1,2
"15137",3.83733445784012,5.20567826711156,1,2
"15138",2.09962339962018,3.39332623022019,1,2
"15139",3.66665075910106,5.2179665664301,1,2
"15140",4.7094600555017,5.12044872733866,1,2
"15141",6.62028216478266,4.0831210411376,1,2
"15142",3.02639508523504,2.07516655093503,1,2
"15143",3.52885447920405,4.47181766337139,1,2
"15144",4.30441279597173,-0.508185661228193,1,2
"15145",7.00717528362746,4.76827161940331,1,2
"15146",5.43572155898774,4.41193125510271,1,2
"15147",2.75879261592484,4.5088303756596,1,2
"15148",4.92002796315059,3.95410393788042,1,2
"15149",3.4939528950725,4.2782789810898,1,2
"15150",2.60256062653173,1.82399344632216,1,2
"15151",5.74161277916171,2.84495921918028,1,2
"15152",6.37570465031021,4.11927140043872,1,2
"15153",5.63860450193538,0.666696402139735,1,2
"15154",4.15440548892834,5.8069989216044,1,2
"15155",2.21340109344359,2.00112396651462,1,2
"15156",4.15584664932179,3.12796634419334,1,2
"15157",4.67444680423196,6.40161432087033,1,2
"15158",4.47380498236939,3.46929707397721,1,2
"15159",6.54020003857099,3.56189706122779,1,2
"15160",3.11221090908516,4.84974193098775,1,2
"15161",3.35681707885178,5.8289415122368,1,2
"15162",4.50500146869345,4.20595962559047,1,2
"15163",4.00514604604623,4.53421488026423,1,2
"15164",5.80280700229104,4.13266376316985,1,2
"15165",4.75871810016533,4.84141677516992,1,2
"15166",6.68565235745974,4.96859736578046,1,2
"15167",1.70704344304096,2.7262716312614,1,2
"15168",5.16756281809696,2.30975166836872,1,2
"15169",3.67543925523667,6.52251375100982,1,2
"15170",7.39212244661812,3.75001240660839,1,2
"15171",4.73087993315457,5.04297092782301,1,2
"15172",6.30165730882822,4.84606008651297,1,2
"15173",4.62161981363314,3.68906349413356,1,2
"15174",2.93857583167554,1.65421625029472,1,2
"15175",3.02719900333057,2.55498774362747,1,2
"15176",3.73660524962657,5.34591137926667,1,2
"15177",3.21494359393331,5.41892566295128,1,2
"15178",7.75486554164322,4.68148421148172,1,2
"15179",4.65110333072502,3.64482887970466,1,2
"15180",4.63855402607285,6.00418856327243,1,2
"15181",8.16350521577752,4.03132426311235,1,2
"15182",3.24158520614413,1.04736581805965,1,2
"15183",7.0678026005432,4.78673751304143,1,2
"15184",2.90679567716366,4.38777045709887,1,2
"15185",4.89351882001559,3.86149962820733,1,2
"15186",3.50429174124518,5.91701060662532,1,2
"15187",3.20471707184909,3.83464729613993,1,2
"15188",4.42116461060625,2.67842690779835,1,2
"15189",2.71932790914996,3.78913707098603,1,2
"15190",4.10838662978043,3.72617693002815,1,2
"15191",5.26981344689062,3.14830354611986,1,2
"15192",4.59435741044576,3.64080163055188,1,2
"15193",1.83814478375466,5.27296933421885,1,2
"15194",4.1040360088892,2.54866609868999,1,2
"15195",4.96304393350246,2.84638767693762,1,2
"15196",6.02311607679179,7.14211894485156,1,2
"15197",5.61760228635166,2.8501584394795,1,2
"15198",2.33092460093383,4.0742511854652,1,2
"15199",5.26113220319728,1.81950273942817,1,2
"15200",3.87401408271515,2.77474928462593,1,2
"15201",3.43569362792524,3.68002746725354,1,2
"15202",9.64484111906626,0.858663205322802,1,2
"15203",3.66148423741587,4.89570319943484,1,2
"15204",3.72939876188584,2.91787594921033,1,2
"15205",1.43618508209454,1.70229056645036,1,2
"15206",1.67377524141257,1.83183374388191,1,2
"15207",5.98483878424019,3.33933060209792,1,2
"15208",4.54881984507988,4.42816153102393,1,2
"15209",4.92649337970995,2.86622572673253,1,2
"15210",4.11003068304236,5.51233013468849,1,2
"15211",7.06444470923243,4.98870294601334,1,2
"15212",6.3426766519603,0.108370591844157,1,2
"15213",4.6118519065184,3.968822675372,1,2
"15214",6.70845177051976,6.4377771744159,1,2
"15215",3.56028043369114,4.26955760406889,1,2
"15216",2.181722945292,5.7580134198682,1,2
"15217",4.14860095337495,1.72865615613861,1,2
"15218",2.83310760240192,6.87346133172,1,2
"15219",3.34798124696555,2.78027465776648,1,2
"15220",5.74588232124734,5.81696813148496,1,2
"15221",2.29693609501617,4.95017476793985,1,2
"15222",7.61025304502001,3.44002252643201,1,2
"15223",4.35779998041636,3.94631960694002,1,2
"15224",4.16103400170898,4.94184693208458,1,2
"15225",2.26234518314134,3.9690637480492,1,2
"15226",2.19972556761594,-0.391559961140123,1,2
"15227",3.81282657646507,2.88347136428963,1,2
"15228",5.00435757723761,4.36408875409083,1,2
"15229",2.71988073476985,0.561488366158739,1,2
"15230",3.00114151328675,4.97943711500284,1,2
"15231",3.56901236629129,1.97173727929301,1,2
"15232",2.51869539746134,5.5120347972303,1,2
"15233",3.38246163955418,4.54206969681857,1,2
"15234",4.81745986103415,3.49468648347207,1,2
"15235",3.06563441527838,4.33024235373155,1,2
"15236",5.47371405688391,3.31438159238504,1,2
"15237",5.9473977755673,6.17485070957167,1,2
"15238",8.18747489775823,2.92764235370488,1,2
"15239",5.52997460745843,0.89481406455291,1,2
"15240",4.64467191335707,2.9684552509512,1,2
"15241",4.67345667688037,3.43613815712806,1,2
"15242",4.28235649259847,3.79814208615902,1,2
"15243",4.29166874011354,3.8298664302966,1,2
"15244",4.80293985728178,3.81943496985531,1,2
"15245",5.02085964499789,4.85235301718914,1,2
"15246",2.53526262086157,2.47489749949543,1,2
"15247",6.08732768773874,4.73884991846606,1,2
"15248",2.47786820325042,0.857077468492491,1,2
"15249",3.28015081502572,5.53342467650916,1,2
"15250",5.25136735493213,4.43931590863773,1,2
"15251",5.23514917018152,3.98025717927072,1,2
"15252",8.26033497303921,3.21725957116884,1,2
"15253",4.71156141876912,3.0316837339485,1,2
"15254",7.71189360890031,2.98910832584963,1,2
"15255",7.53721562603793,3.36804888603035,1,2
"15256",5.23239632362273,3.9688547248046,1,2
"15257",1.66865198102074,3.39887121632666,1,2
"15258",5.22592285673229,3.19357455180801,1,2
"15259",6.14189427409373,2.11197768094242,1,2
"15260",3.59115654977407,2.58670309460817,1,2
"15261",4.05925298904798,2.63156330825881,1,2
"15262",5.93924949396227,5.11065747385328,1,2
"15263",2.69634117574286,3.71594705519067,1,2
"15264",6.16059956566028,3.071275137292,1,2
"15265",0.971816131036743,3.47525668415052,1,2
"15266",3.40631804157732,3.0309163939033,1,2
"15267",4.50567025459941,3.01278596830375,1,2
"15268",1.90629279273604,6.32232475118838,1,2
"15269",3.34165828144386,2.54001565249619,1,2
"15270",5.96293380411392,7.73321642027128,1,2
"15271",3.10330015604934,4.3829136544515,1,2
"15272",5.52818631500824,2.23625892812326,1,2
"15273",5.07971784264005,6.71753507405286,1,2
"15274",3.31607429200671,3.68755886998823,1,2
"15275",1.01918694507847,2.56331003874133,1,2
"15276",5.93245742097536,4.73207324175111,1,2
"15277",3.96811469824349,1.87668598099671,1,2
"15278",4.62381280009232,3.00770011879916,1,2
"15279",5.0093543481034,6.16245128570776,1,2
"15280",4.09234282969505,2.47636159373616,1,2
"15281",6.00229828442421,5.04827764217087,1,2
"15282",2.92260195742408,3.88244568695825,1,2
"15283",5.09244671397919,3.00843671173177,1,2
"15284",6.2928836173001,5.2079354820679,1,2
"15285",3.51053322330344,3.56467141153332,1,2
"15286",6.59340288870549,4.47807445048314,1,2
"15287",5.32032924674473,4.94101340065252,1,2
"15288",6.14815244065109,4.74963547590843,1,2
"15289",1.79664553573783,4.39140867931761,1,2
"15290",5.52983747673668,3.3179783860116,1,2
"15291",4.36279467007942,3.75614803014707,1,2
"15292",2.04166472193686,5.63681772318774,1,2
"15293",5.40463718328478,3.49551236120332,1,2
"15294",3.66130254005925,3.23624670860387,1,2
"15295",5.45365137573545,3.20181052272305,1,2
"15296",5.67968322356288,4.28912467770451,1,2
"15297",4.85194534494913,3.04276556811367,1,2
"15298",4.9985846099554,4.51619274017476,1,2
"15299",3.98940627514805,0.722037156383565,1,2
"15300",3.89986777682437,1.33481185925543,1,2
"15301",5.31959086231608,3.15725461735334,1,2
"15302",3.28207338095398,3.40861513178946,1,2
"15303",2.0881435293471,2.33515570176718,1,2
"15304",5.66675713799127,4.03503872935628,1,2
"15305",2.78771811137653,1.52371682221488,1,2
"15306",3.85996456839666,3.31435513377372,1,2
"15307",2.33498284337927,3.52024903671583,1,2
"15308",4.05375716226829,5.34705734572507,1,2
"15309",3.19185209217922,5.5916528776041,1,2
"15310",3.48203673815584,4.74854532958623,1,2
"15311",4.60282095566732,3.5898662877632,1,2
"15312",3.24913227298876,1.66486844103194,1,2
"15313",4.64120155951326,5.91640783618614,1,2
"15314",3.87052603797354,4.31751080924328,1,2
"15315",5.47882921783709,1.3972551273487,1,2
"15316",8.25751371335751,2.42449598176914,1,2
"15317",4.88240301860709,5.22475135795458,1,2
"15318",4.09801386747478,4.24129239213583,1,2
"15319",5.41125593106143,4.31588641307287,1,2
"15320",5.29986802452621,4.17415970346917,1,2
"15321",3.44043917452864,5.49905725769529,1,2
"15322",2.88800429610631,5.41027185272665,1,2
"15323",1.40038744692437,4.21867432512003,1,2
"15324",3.22160722084368,4.08725011489725,1,2
"15325",4.07183179657355,4.6372664775705,1,2
"15326",3.33712679441715,4.27493304715418,1,2
"15327",6.51948072709235,4.13916190081414,1,2
"15328",3.16846133670406,3.95904129705553,1,2
"15329",4.24601725182649,0.812524123965984,1,2
"15330",5.93564579363578,5.99388179520489,1,2
"15331",4.22625929558565,6.1269233769731,1,2
"15332",4.68443644485332,-0.323231396448246,1,2
"15333",5.2990469763902,6.83418019184556,1,2
"15334",3.50295403461026,5.41170639073717,1,2
"15335",0.599947867163404,4.42270664258524,1,2
"15336",3.22055602492299,1.26414541164011,1,2
"15337",6.41328198383475,4.68405611130569,1,2
"15338",4.03813480407648,5.84935396316188,1,2
"15339",5.69333774426244,4.97419661775817,1,2
"15340",4.39307985687752,3.36512702056237,1,2
"15341",5.17624542701458,2.84980989701346,1,2
"15342",0.795113445430929,3.51835710518796,1,2
"15343",4.94042000033213,5.13948530563386,1,2
"15344",5.79505350438338,2.3015777743332,1,2
"15345",1.09926376087583,2.35983371386386,1,2
"15346",3.36478366374861,4.54186263874121,1,2
"15347",3.61339746940482,4.86191922906849,1,2
"15348",4.17601678570815,4.62425023716511,1,2
"15349",4.46738247617697,2.85972801999012,1,2
"15350",3.3892496016642,3.28730838883952,1,2
"15351",4.08744344605183,2.95846025283349,1,2
"15352",4.5986367748745,4.63019979762742,1,2
"15353",7.37175616997613,3.0292119277927,1,2
"15354",3.75696017274334,3.9028123219476,1,2
"15355",4.79802735906077,2.87738930321638,1,2
"15356",5.3403873224335,3.12070392837692,1,2
"15357",5.79320452608507,5.10844508346751,1,2
"15358",5.16603320382835,6.39556648002563,1,2
"15359",4.9554250067475,1.18255926225536,1,2
"15360",5.46993845390467,3.93560037266149,1,2
"15361",6.61385990562477,2.69534973365147,1,2
"15362",1.9865123333916,4.14498384005672,1,2
"15363",7.78902261178893,5.44985253227719,1,2
"15364",9.10369342737954,2.03361380870733,1,2
"15365",3.05061895228571,2.47506384092568,1,2
"15366",3.74496466420962,5.09936263743262,1,2
"15367",4.29083321408011,5.48364149832137,1,2
"15368",7.34368741293191,2.73975663683542,1,2
"15369",5.29324109356612,5.60425331196796,1,2
"15370",3.77902271727997,5.1248226441576,1,2
"15371",3.87081607837412,6.9088506733766,1,2
"15372",4.55905714122316,3.69495849685156,1,2
"15373",7.07084413515717,4.15021642293064,1,2
"15374",2.67998837693705,4.83241477798183,1,2
"15375",3.65814539348014,3.2918275236316,1,2
"15376",3.07160517888808,5.1679466749326,1,2
"15377",7.24332260030549,2.85194302218077,1,2
"15378",5.90597582300387,4.32952627632995,1,2
"15379",4.99033118110954,4.75681729528876,1,2
"15380",3.35571342609484,2.92610859196222,1,2
"15381",3.2525077917349,3.71776460982549,1,2
"15382",3.01249549868562,1.7135474964866,1,2
"15383",2.46341303950971,4.46869134776638,1,2
"15384",2.89182294786233,3.37665766646154,1,2
"15385",0.0117798429412925,3.52146914998289,1,2
"15386",5.39674311786931,1.98392494554319,1,2
"15387",3.91263213907174,4.20270621538191,1,2
"15388",5.97568830312861,4.37950775781312,1,2
"15389",4.21376671531651,4.18661412346261,1,2
"15390",4.65332919217298,4.58650690644031,1,2
"15391",2.99894248547465,3.26515064932127,1,2
"15392",4.88670448144867,2.0077604563873,1,2
"15393",6.02861325685074,4.28808580450605,1,2
"15394",3.63663965778685,1.44676053924543,1,2
"15395",5.61873966512988,2.33620631683711,1,2
"15396",5.2122093115331,3.21558699541201,1,2
"15397",3.7140677309201,6.08985676035462,1,2
"15398",3.1491333894921,3.56098429129224,1,2
"15399",4.46866770337497,2.99067766217953,1,2
"15400",6.33527429598073,4.56105167665807,1,2
"15401",5.16915905092936,5.98085798741656,1,2
"15402",7.18478491601177,5.58362380621452,1,2
"15403",4.48925025733836,2.87182754246225,1,2
"15404",4.44784386527754,6.64940153369371,1,2
"15405",4.02089644800109,5.43573389570233,1,2
"15406",4.6616981964331,3.26055368175094,1,2
"15407",5.84357725081739,5.33850161189685,1,2
"15408",5.25961609721469,7.08138551139475,1,2
"15409",6.38705194580687,3.93373698451445,1,2
"15410",1.95927770434994,2.53171115336339,1,2
"15411",4.77476401785491,2.9254370159681,1,2
"15412",4.13388358375384,2.68860317631993,1,2
"15413",4.91237236175938,3.18206374981642,1,2
"15414",0.604621684816844,4.61962375272214,1,2
"15415",2.56515027201994,4.37239474942386,1,2
"15416",5.21039403975914,3.18324585814057,1,2
"15417",7.12024499021923,2.47387283326843,1,2
"15418",4.04486209904096,0.310065927559749,1,2
"15419",4.28011045407972,2.87093692536722,1,2
"15420",3.95519576586589,5.91019825985323,1,2
"15421",6.93475574539937,5.44154931626535,1,2
"15422",6.4584606496535,4.10256485736103,1,2
"15423",2.16323973716004,2.72563662803943,1,2
"15424",5.54404323121883,2.0142960736036,1,2
"15425",3.26123153650015,4.32678783130059,1,2
"15426",4.87429571790074,5.92107414890491,1,2
"15427",4.79860155475958,3.80726855074596,1,2
"15428",4.60495175877407,4.38704201600118,1,2
"15429",1.77712379079007,5.78620493969647,1,2
"15430",6.14332098794852,1.49990017128776,1,2
"15431",3.67632158276575,2.55823481940374,1,2
"15432",7.57858409547692,3.71200454688467,1,2
"15433",1.76316000844527,6.64542994924009,1,2
"15434",7.19256946809167,2.61889511305271,1,2
"15435",6.01972576777688,5.30024800769686,1,2
"15436",3.6915618329821,5.71821117127379,1,2
"15437",5.56439679572634,0.651000352004242,1,2
"15438",2.55128589291369,3.7006789874204,1,2
"15439",3.42886737212708,1.35028032047601,1,2
"15440",7.62550136269154,6.77304455912771,1,2
"15441",4.39777066387236,3.51563525132278,1,2
"15442",4.92175979337211,4.60408957971003,1,2
"15443",4.02812834745336,3.92785256986277,1,2
"15444",6.3943580697341,3.56298304273635,1,2
"15445",3.42251061333004,4.14783011959684,1,2
"15446",8.93987660721528,4.87689129597714,1,2
"15447",5.81179854364479,3.67430927356349,1,2
"15448",4.3160912310635,2.52053449693302,1,2
"15449",3.98722687473902,5.21695310140141,1,2
"15450",6.64261448656893,1.01999192756058,1,2
"15451",4.56763460228719,5.88049896615263,1,2
"15452",1.94153399684937,4.53268547381922,1,2
"15453",3.76461923045457,4.78621788351469,1,2
"15454",4.02475213762996,3.12086716972649,1,2
"15455",5.38509638015352,4.40570223352093,1,2
"15456",1.85949137752201,5.70456754773736,1,2
"15457",4.18406208470916,5.39853791399366,1,2
"15458",6.7980964859884,2.45078150567301,1,2
"15459",3.90102636080052,4.17464664392447,1,2
"15460",3.9099837403937,5.8164275341545,1,2
"15461",2.27114258323478,3.24388051765564,1,2
"15462",2.51340725329039,3.16287296378576,1,2
"15463",5.74638116694853,3.02461910152302,1,2
"15464",6.44822827412756,5.08655161727935,1,2
"15465",1.9251089042394,1.99816312234306,1,2
"15466",5.11196598911171,6.18684992439088,1,2
"15467",5.90297758600232,5.86075536723221,1,2
"15468",3.60338955085847,4.86309243882967,1,2
"15469",1.93843391637314,5.17235418530099,1,2
"15470",3.83643051810299,5.0339462553099,1,2
"15471",4.37429798900809,2.32260214720959,1,2
"15472",3.58178712563168,5.29787695343333,1,2
"15473",3.44395971248414,4.44259116033867,1,2
"15474",4.23322360428063,5.41703447625366,1,2
"15475",2.06717954395271,3.95464882628127,1,2
"15476",4.32532317359291,4.03063628626123,1,2
"15477",2.29879274742714,5.49039597814146,1,2
"15478",3.5747568608138,2.63475586770703,1,2
"15479",2.16913445458943,2.35480797241767,1,2
"15480",5.33570677016228,2.80580617140275,1,2
"15481",3.4471151823854,4.35001216941695,1,2
"15482",6.27548301822446,5.00024214757795,1,2
"15483",5.88784868305745,3.94458336673068,1,2
"15484",4.16355199339013,3.62509931970776,1,2
"15485",6.23716885761093,4.26325157825043,1,2
"15486",7.12125741358707,5.9332899566588,1,2
"15487",3.59605566818077,3.02006452952694,1,2
"15488",1.40178737930575,7.94709493033589,1,2
"15489",5.59480185082608,4.23453650100476,1,2
"15490",3.9751566380297,5.06307343361322,1,2
"15491",6.06483946503762,6.58962051514532,1,2
"15492",4.18787229215691,2.21088148985581,1,2
"15493",5.75670479275681,2.99091171037766,1,2
"15494",8.10638675288345,7.02705963622392,1,2
"15495",4.1078187486698,2.70887135988232,1,2
"15496",4.42887762371527,3.12825488859006,1,2
"15497",4.56741704444286,1.09430060211008,1,2
"15498",3.38612738900304,4.22067027363771,1,2
"15499",7.0024417140074,3.80510192812202,1,2
"15500",6.3862759775503,6.72056360298694,1,2
"15501",5.09801941635798,0.990221345258083,1,2
"15502",1.37323982934708,2.76410007561115,1,2
"15503",6.02274121970345,4.18203854802798,1,2
"15504",5.38026048390567,2.71051101346544,1,2
"15505",2.42412237467586,5.34836140560618,1,2
"15506",1.18883352694692,3.65109176640712,1,2
"15507",4.89826812831053,5.12056169951898,1,2
"15508",3.13062840081206,4.09121740318074,1,2
"15509",5.85461161152952,2.69149551350072,1,2
"15510",2.27964411315663,3.35349088382511,1,2
"15511",3.1955822182585,2.18304364073922,1,2
"15512",4.21864521105623,4.68695906805267,1,2
"15513",5.26018467534864,5.55668181323212,1,2
"15514",4.54504932875468,1.97989101147746,1,2
"15515",4.79289618532886,4.03673075466641,1,2
"15516",5.52789374971177,3.88313778231637,1,2
"15517",3.03086675787058,2.85441800609548,1,2
"15518",5.34259065620051,3.78451547957031,1,2
"15519",4.92542831132828,4.18244404822702,1,2
"15520",5.07539652776093,4.90497623515096,1,2
"15521",4.22826146511543,2.88923795810453,1,2
"15522",5.33364338479049,4.87045598050114,1,2
"15523",4.90863953524171,2.68623092447831,1,2
"15524",5.95222011457959,5.62678437393775,1,2
"15525",6.31367559141536,2.02805126356646,1,2
"15526",5.56105250449989,1.1555429336333,1,2
"15527",6.34448093947321,6.80390497634113,1,2
"15528",2.66355289958141,5.24023189253353,1,2
"15529",5.95539946502083,4.65427883809035,1,2
"15530",3.07110753750973,4.79423440281907,1,2
"15531",4.82016101168307,4.03314566749109,1,2
"15532",3.595018319978,5.86205075807392,1,2
"15533",3.68178768330605,3.01140774003231,1,2
"15534",2.88472006535047,6.98522048177887,1,2
"15535",3.22992085506795,4.17172366880908,1,2
"15536",5.07015304371309,5.04524648695162,1,2
"15537",4.66679556168399,3.84266103022801,1,2
"15538",4.48530297079407,1.59623434416398,1,2
"15539",2.6688485400365,5.92410365522651,1,2
"15540",4.89787268932709,4.01818195089476,1,2
"15541",4.31216618203218,5.08549131180925,1,2
"15542",4.61981633206863,6.54614573428376,1,2
"15543",4.08631752055583,3.50955562351686,1,2
"15544",4.55541195738731,1.4127490705348,1,2
"15545",1.91793856895162,4.85655165359453,1,2
"15546",6.81926337843585,3.72894001687771,1,2
"15547",4.29331749063967,6.29807164841789,1,2
"15548",3.48498911549818,4.4258795584848,1,2
"15549",5.33731875578085,1.80222507057715,1,2
"15550",4.33004815621213,4.36185482985072,1,2
"15551",4.40493241641617,2.79957764065199,1,2
"15552",7.35041675720552,6.160465902309,1,2
"15553",3.88696845228186,4.52455633217911,1,2
"15554",5.08494702834152,2.63153234111987,1,2
"15555",2.95399256810309,2.3608561169435,1,2
"15556",3.93318265673659,2.67791487132548,1,2
"15557",2.36221921889896,3.40226353836227,1,2
"15558",5.75073138450732,3.15880967609402,1,2
"15559",6.3493045831776,4.51856997388401,1,2
"15560",4.42109708766095,3.28212412294912,1,2
"15561",7.9176045972628,1.54660169334339,1,2
"15562",6.68193750987284,4.06994658470652,1,2
"15563",4.95706485513136,2.41504995699404,1,2
"15564",1.90885018766953,5.59926440243072,1,2
"15565",5.48834238110163,3.80574918178047,1,2
"15566",3.72747687957617,2.61830458267598,1,2
"15567",3.36808903391804,1.7595154377505,1,2
"15568",4.26176655888132,3.25021697419579,1,2
"15569",4.84844046390565,4.83346501981101,1,2
"15570",3.27667359639073,2.05885864419662,1,2
"15571",3.22811210846747,3.26503329822082,1,2
"15572",3.56983329997522,3.45925843504293,1,2
"15573",5.37344575589424,5.90945164987652,1,2
"15574",4.16267905421999,3.49806914820631,1,2
"15575",3.59154755012542,5.81947135211027,1,2
"15576",2.68853873379127,4.79419297897691,1,2
"15577",3.68744865708524,4.3296573916442,1,2
"15578",2.45435485558858,3.80426337604358,1,2
"15579",4.52606555028151,5.3544159158934,1,2
"15580",7.55942199215025,2.23892881740543,1,2
"15581",3.44163650331863,2.37343835052402,1,2
"15582",4.0868081337593,2.85064485960818,1,2
"15583",6.25883979094132,2.8701930668146,1,2
"15584",3.95608594559875,1.44500707174464,1,2
"15585",6.02263314135391,3.34510242712799,1,2
"15586",4.80671567232999,4.78095887645168,1,2
"15587",6.70770192527453,1.90166083770938,1,2
"15588",3.03756272659807,3.10689551678521,1,2
"15589",6.57329565892383,4.41069021342733,1,2
"15590",2.59294729816425,4.62434078559105,1,2
"15591",3.84964099678806,3.21370884653164,1,2
"15592",4.1124178881641,3.03590755789587,1,2
"15593",4.29972344401049,4.3484761383425,1,2
"15594",4.41836529880693,4.2438938508154,1,2
"15595",2.57992559951565,2.27161264891564,1,2
"15596",3.50512489982383,1.68629545448012,1,2
"15597",3.74195722919434,2.07258714935108,1,2
"15598",3.82867582798777,4.73061269351261,1,2
"15599",3.43587516567853,3.49441076453446,1,2
"15600",1.73121756335782,1.49517580152866,1,2
"15601",4.38614063210588,2.60417618571172,1,2
"15602",5.71627043791207,3.38537233449154,1,2
"15603",3.80784971413254,2.15140700521525,1,2
"15604",5.14686744338157,2.74556805878982,1,2
"15605",3.23801794836888,3.60539396185079,1,2
"15606",4.40648675812168,3.3069158696665,1,2
"15607",4.6524990311251,3.49949413554815,1,2
"15608",5.95022152729056,2.90081330500306,1,2
"15609",4.81622848084639,5.5466153475246,1,2
"15610",4.13017497217598,2.56925366031489,1,2
"15611",4.72984485239971,3.5214231202586,1,2
"15612",5.97645417508341,2.28218177560014,1,2
"15613",6.01118867932053,5.45708840421941,1,2
"15614",6.90207682562054,2.70421685757836,1,2
"15615",3.33468830172176,3.56091119214704,1,2
"15616",5.73744995739156,3.76201051097432,1,2
"15617",4.71272363167194,2.83338093877248,1,2
"15618",5.29730491726635,2.67945004536086,1,2
"15619",0.846368411104767,3.19519294391376,1,2
"15620",3.83134291759763,1.85042717860028,1,2
"15621",5.27137118918549,3.21064023856588,1,2
"15622",3.52534205561833,3.7293753284402,1,2
"15623",4.97693929984016,2.51173586368491,1,2
"15624",5.45784543846773,5.99627946984195,1,2
"15625",3.64975310283871,2.65457550823354,1,2
"15626",5.32903196302635,5.5675969753832,1,2
"15627",4.62951448162415,2.28326610757478,1,2
"15628",4.800010454284,5.04740831727763,1,2
"15629",3.55970841260439,0.0135044661986511,1,2
"15630",5.64233093204594,2.89887258432223,1,2
"15631",6.65465896918501,1.41599644898158,1,2
"15632",6.93818255294241,3.83804777845598,1,2
"15633",3.87720721847166,1.46984494851823,1,2
"15634",4.34974199081995,2.77640361351623,1,2
"15635",5.94391641485816,4.13299513182528,1,2
"15636",4.14698388454025,5.5568767623689,1,2
"15637",4.23828892578972,2.41576838194038,1,2
"15638",2.63412189537527,4.61669737391923,1,2
"15639",3.40511496059403,3.7109412890882,1,2
"15640",4.63012928771684,1.91356198486979,1,2
"15641",3.30754481519037,4.21620753928884,1,2
"15642",2.67253161053164,6.54393628735882,1,2
"15643",5.29390763923743,2.03159264445562,1,2
"15644",3.25025119712533,3.74605094856444,1,2
"15645",6.52892528565762,5.20323469149578,1,2
"15646",1.21808624420288,0.262131217388678,1,2
"15647",5.61666933360951,4.49081108797305,1,2
"15648",2.5110057234651,3.86175197332916,1,2
"15649",4.27696610193197,3.68984044657763,1,2
"15650",3.02088413728429,1.89499814536514,1,2
"15651",8.14230825544166,4.45285649987915,1,2
"15652",3.44918442444336,3.61588015368417,1,2
"15653",8.75241552810667,6.24815708325527,1,2
"15654",2.94966945810186,3.7693776867293,1,2
"15655",2.08404902154322,2.5051246424979,1,2
"15656",4.24051298692137,4.30055851711964,1,2
"15657",4.05615170227877,2.3514662400955,1,2
"15658",2.72798327344351,4.44741752481729,1,2
"15659",6.63168709667982,5.65760157634134,1,2
"15660",4.26617450308047,5.69339810215312,1,2
"15661",5.4843983531153,4.52908868208838,1,2
"15662",3.59313583429413,4.31180123500826,1,2
"15663",4.71768842433656,6.55562020084428,1,2
"15664",7.12380957057168,4.64028991262595,1,2
"15665",5.46814241207976,5.36669127375346,1,2
"15666",3.89013541398007,4.43207996888302,1,2
"15667",3.53034406512511,2.09899350180867,1,2
"15668",6.49529698335322,5.34041332300447,1,2
"15669",4.28612151358341,6.52801890788547,1,2
"15670",6.09421467304156,7.45128070552539,1,2
"15671",6.61328827614279,4.23799951617371,1,2
"15672",6.98439045603048,3.11922402686978,1,2
"15673",3.17260634950256,4.08599733461722,1,2
"15674",3.71700831850411,2.38900048802954,1,2
"15675",3.27515778193746,4.33193001757224,1,2
"15676",0.494554054178904,2.87114927358645,1,2
"15677",4.35125345062596,1.85718129977803,1,2
"15678",2.16992496805283,3.25649636524578,1,2
"15679",3.18985909945505,4.65359817506926,1,2
"15680",7.64250149074199,6.70382919056597,1,2
"15681",3.53528069206995,5.52838948246574,1,2
"15682",7.14877922592805,3.9381519129293,1,2
"15683",3.69364501467581,7.12119671725623,1,2
"15684",5.10722322341855,3.27960381641638,1,2
"15685",5.84954475044043,3.89563722189137,1,2
"15686",4.78451080967195,5.03093196333974,1,2
"15687",4.81393264559254,6.20798714679757,1,2
"15688",3.65076911963533,3.54312715508071,1,2
"15689",6.07360798356703,3.89890211881504,1,2
"15690",3.92948996889287,5.35246350806151,1,2
"15691",3.32883541237027,3.7026112272892,1,2
"15692",2.71846630549915,3.44523405223737,1,2
"15693",3.75962311068492,4.69081591329559,1,2
"15694",4.74282603504477,1.9032907352628,1,2
"15695",5.60378557387047,1.00814488388211,1,2
"15696",4.38009947732536,5.01958949115383,1,2
"15697",4.75067701967162,4.36996709694372,1,2
"15698",2.12228057615959,4.02357870996313,1,2
"15699",1.44538804354616,3.73209040227359,1,2
"15700",4.46783710438797,5.69690656553343,1,2
"15701",3.81946894358444,3.22711554002599,1,2
"15702",1.64261915205767,4.71497713595935,1,2
"15703",2.12242023813186,3.74293828531024,1,2
"15704",4.26675516795893,4.76577973167493,1,2
"15705",5.40853528352822,5.90752591587962,1,2
"15706",3.73781082528264,4.79208536780523,1,2
"15707",4.8121751193766,4.19472034356564,1,2
"15708",3.01846374558031,3.53355491150527,1,2
"15709",2.51549503588349,5.88520239709554,1,2
"15710",6.66069474441793,3.50126730278666,1,2
"15711",2.71927218595272,4.34894056035668,1,2
"15712",3.16380309565563,0.673428854205516,1,2
"15713",4.12312922622267,3.98136134014275,1,2
"15714",4.65251998250538,5.90359218803566,1,2
"15715",5.34670805656148,1.44929429406361,1,2
"15716",4.48599462944798,2.19049544985819,1,2
"15717",4.25370780873279,4.90117135407888,1,2
"15718",3.49034918321474,6.37761699020593,1,2
"15719",3.97833610615601,3.34830792167042,1,2
"15720",3.82301072182103,5.72082881309986,1,2
"15721",4.79869028521854,0.585952402361799,1,2
"15722",3.54427396734974,2.78269404569016,1,2
"15723",5.23661804371341,4.16490760938746,1,2
"15724",6.57262289292182,4.78306359737408,1,2
"15725",2.2493656859494,1.3095990374028,1,2
"15726",5.87104863997628,5.06254226475995,1,2
"15727",3.17864200106876,4.67271932534469,1,2
"15728",2.91071279363683,3.50976070947476,1,2
"15729",3.00247032528798,1.14463063301332,1,2
"15730",3.77992886236565,4.61099405270808,1,2
"15731",3.58065827422036,5.75534529127813,1,2
"15732",3.82130473191112,3.44180842234617,1,2
"15733",4.99037423790958,6.60651950786145,1,2
"15734",4.90713399366357,1.78809907868075,1,2
"15735",4.72604839485334,4.93505444606264,1,2
"15736",4.78318826971247,4.28638862786986,1,2
"15737",4.45041585113576,3.2222301804936,1,2
"15738",3.98671553449683,3.39929585561248,1,2
"15739",6.2027142603865,5.36526091585099,1,2
"15740",4.42945355212816,5.07958749253535,1,2
"15741",4.9102700919503,3.18834348172843,1,2
"15742",2.48178421876971,2.07104193412441,1,2
"15743",5.76294984293758,3.09955411851354,1,2
"15744",0.436732201543288,5.06964339657583,1,2
"15745",4.5240208657619,3.94825256319289,1,2
"15746",4.61649413486674,2.79521552948034,1,2
"15747",4.86094892150819,3.90082117691005,1,2
"15748",4.48509566315567,4.37808821154307,1,2
"15749",1.22661735948058,3.34215347414516,1,2
"15750",6.12649212036274,4.12529759495947,1,2
"15751",4.70923766121134,4.8605700212383,1,2
"15752",2.67954906561002,3.24942144187554,1,2
"15753",5.07935466094242,3.55788850308807,1,2
"15754",6.78439966028964,2.99397768528998,1,2
"15755",4.31189491506821,3.32880035121837,1,2
"15756",3.25437831820847,3.59190478758301,1,2
"15757",5.68910652518594,3.86850017978561,1,2
"15758",3.3490915238693,3.54806647474426,1,2
"15759",4.79715231361454,4.78621044940337,1,2
"15760",3.65232131894811,4.18384324012991,1,2
"15761",4.8275026959514,4.48740861796992,1,2
"15762",3.11980702684903,3.31522506933477,1,2
"15763",3.87677173206023,3.39843871602635,1,2
"15764",5.25502444251092,5.5051479231559,1,2
"15765",8.85533317841259,3.70598462519055,1,2
"15766",5.99573687268014,3.18580415039791,1,2
"15767",7.3797172346588,5.09179894722279,1,2
"15768",3.49938463035672,3.66351008411825,1,2
"15769",3.26963539337525,2.97614097882066,1,2
"15770",3.82892559700965,2.67733031131588,1,2
"15771",0.726383777891674,4.92141531432382,1,2
"15772",4.86339522299957,5.00545584617631,1,2
"15773",4.62270041299382,4.65501019367808,1,2
"15774",5.80365512124748,3.84540187693521,1,2
"15775",4.54773202947906,3.54762260345157,1,2
"15776",5.26674648559009,5.6791795806557,1,2
"15777",2.26586153779587,4.65643548557852,1,2
"15778",0.57100063101216,4.81987791543529,1,2
"15779",2.65603880188739,2.22665259343336,1,2
"15780",4.00653795381695,4.38225612720953,1,2
"15781",5.86428982555439,4.72786357403805,1,2
"15782",5.31682385472768,6.14569760961252,1,2
"15783",2.64651230262097,3.51563591908027,1,2
"15784",2.69727393742847,3.76828900803654,1,2
"15785",6.486062018989,3.05914829002649,1,2
"15786",2.88859829358198,3.60795279970923,1,2
"15787",5.4753680117374,3.29791154092273,1,2
"15788",5.82479748432151,4.17981767375709,1,2
"15789",4.35969939868145,4.08459971542827,1,2
"15790",1.43299571652302,5.68620987913178,1,2
"15791",4.83404456700045,5.49401364889195,1,2
"15792",5.29713279934262,4.32714544917409,1,2
"15793",4.65145617265786,4.3920524311324,1,2
"15794",3.80067566987234,4.50098879230598,1,2
"15795",6.58900955141664,3.66357817064165,1,2
"15796",5.38128505202129,5.8154327504201,1,2
"15797",3.37722265389055,5.68251460574124,1,2
"15798",4.15978776249141,3.17643777713313,1,2
"15799",4.57281491123807,3.12620822931408,1,2
"15800",6.0561888654791,3.9786686308858,1,2
"15801",3.2542507136204,2.13365003765681,1,2
"15802",2.42871097006111,4.45784694422678,1,2
"15803",4.72816920093031,7.33552739243881,1,2
"15804",3.33440242882411,3.46223959795678,1,2
"15805",4.03291782740317,4.7252532922503,1,2
"15806",5.53883620741062,5.01506941720029,1,2
"15807",4.99641249322029,2.34840595967658,1,2
"15808",4.71813955756417,5.33474340860562,1,2
"15809",4.83844729448793,2.2177933787275,1,2
"15810",4.07617095662892,5.87563539607096,1,2
"15811",3.39838106056338,5.15015328789976,1,2
"15812",4.86669034509442,3.70317294836995,1,2
"15813",1.14468831759494,1.7465877510666,1,2
"15814",2.55066829495209,2.92143278989679,1,2
"15815",3.8520493812474,4.58457111313301,1,2
"15816",2.64180356060924,6.11336247244117,1,2
"15817",5.77162260574465,4.67991798973472,1,2
"15818",3.99196014150764,4.27720476830347,1,2
"15819",6.14736690363454,4.95093990434903,1,2
"15820",3.75795659706782,3.88336415920864,1,2
"15821",4.57762777048682,3.45143076190189,1,2
"15822",4.17282366673167,5.98025329775,1,2
"15823",4.8116289767859,3.51601910811286,1,2
"15824",7.15405318640707,4.84711871407299,1,2
"15825",6.2200663867522,4.20693625591635,1,2
"15826",2.10528262463506,5.58705259377543,1,2
"15827",2.29121057794086,5.173450265332,1,2
"15828",6.64554094716893,3.67133173949758,1,2
"15829",3.08474050412481,7.27020499843687,1,2
"15830",4.18076877661622,4.47774061169782,1,2
"15831",3.24753999403789,3.05202369909089,1,2
"15832",4.15466672832934,5.96564874870003,1,2
"15833",5.67782221409369,3.29374945636942,1,2
"15834",4.2255257833148,6.27651092175373,1,2
"15835",-0.256008680571045,4.17976788515654,1,2
"15836",4.61495625481622,1.41459436037135,1,2
"15837",5.05618779657708,3.46300354749222,1,2
"15838",6.94712081699401,5.06631345077917,1,2
"15839",4.13902363675462,4.57179481953987,1,2
"15840",2.90351260961971,0.167144954372827,1,2
"15841",3.79122457568626,4.83885155425505,1,2
"15842",2.93844529233874,2.515065723264,1,2
"15843",5.96030069971109,3.87841239992842,1,2
"15844",3.59119719232061,3.81917297812102,1,2
"15845",3.39589807822204,5.15215915318827,1,2
"15846",5.93554399602561,3.67323702488323,1,2
"15847",5.86460683012812,4.89994391574226,1,2
"15848",2.19061523472742,2.29202235289856,1,2
"15849",5.19674997856914,2.45213985400355,1,2
"15850",4.84345912821898,5.62001975291371,1,2
"15851",5.6729055043365,4.66252040896068,1,2
"15852",2.65518634650104,3.0602982054611,1,2
"15853",3.56260142058276,2.58523101476982,1,2
"15854",5.38427975424464,3.73001569073969,1,2
"15855",3.98004014573969,1.72515861443706,1,2
"15856",3.3810300725011,3.34547088475645,1,2
"15857",3.97359080457693,3.20889185331004,1,2
"15858",4.31809165075373,3.03021967205405,1,2
"15859",2.73879460025795,2.62143260109564,1,2
"15860",3.66563064353114,4.36212801149505,1,2
"15861",3.82274999487265,3.01662477052909,1,2
"15862",3.92745464782522,5.58779940325191,1,2
"15863",4.34343495906793,3.38585850517517,1,2
"15864",7.62859062137707,2.33328065252029,1,2
"15865",3.30771310310563,4.07283709696306,1,2
"15866",3.1210756444472,2.12822964223003,1,2
"15867",2.83999100598013,4.56269512903653,1,2
"15868",6.32884809972802,1.60234288667507,1,2
"15869",5.78849537067496,3.07130729527577,1,2
"15870",6.35502535318288,2.35356148709793,1,2
"15871",3.96345772021594,3.39507163325333,1,2
"15872",8.67796100887673,5.76570481194751,1,2
"15873",6.57815809105907,3.32419599569547,1,2
"15874",5.75662953126409,3.00215252835056,1,2
"15875",5.49145334040214,3.88477406892955,1,2
"15876",6.34739014076201,1.48507378228411,1,2
"15877",6.18298597239475,2.86427445416756,1,2
"15878",5.25075369208167,3.20208660702823,1,2
"15879",2.70063422227856,5.12168437882042,1,2
"15880",7.37246520678333,4.32799847677894,1,2
"15881",4.17395921604956,3.00648817060771,1,2
"15882",1.41329872662078,7.99164966179488,1,2
"15883",4.47933503494255,2.4417813607657,1,2
"15884",5.23212912125862,5.54395742987844,1,2
"15885",6.49162736090391,3.34783302882469,1,2
"15886",2.92016554049311,5.26776483945494,1,2
"15887",4.15777180652031,3.54586791965366,1,2
"15888",6.97975621172773,5.08774013571917,1,2
"15889",2.82993136289808,5.14852609365745,1,2
"15890",4.68349098335368,3.03747368230013,1,2
"15891",3.45892783762797,4.89446593855691,1,2
"15892",5.84919357954534,5.56302639248108,1,2
"15893",4.75830881848108,4.69998152843721,1,2
"15894",5.08526313009469,0.594032277288769,1,2
"15895",6.24479082242427,4.79722072879795,1,2
"15896",7.59769621220126,2.99663782281665,1,2
"15897",3.68357502417259,2.86209321068261,1,2
"15898",2.73390909040775,2.12364807964577,1,2
"15899",2.32902868854424,3.38786744646634,1,2
"15900",2.09284131289827,4.761545913273,1,2
"15901",4.79272721633365,2.68388095294503,1,2
"15902",6.43170178321051,3.27268119139623,1,2
"15903",6.50717118828111,2.64186348126938,1,2
"15904",3.94370630553997,2.81361751036268,1,2
"15905",5.20440876117469,3.81684085831262,1,2
"15906",4.28804491403938,3.32445700423597,1,2
"15907",5.37729427297604,3.29910594152825,1,2
"15908",5.03466245179043,4.95593726708154,1,2
"15909",0.972506057900853,2.35694736938138,1,2
"15910",4.98366907870599,3.85322203605817,1,2
"15911",2.9147280480646,3.36108253401524,1,2
"15912",3.89792214462639,2.95362615887855,1,2
"15913",5.97410780261608,4.6661130359273,1,2
"15914",2.3612405642605,4.76894671054636,1,2
"15915",8.44992510700992,3.45990839859901,1,2
"15916",6.03252156985954,4.48571449217837,1,2
"15917",6.29915769313277,4.87157287183797,1,2
"15918",3.66078817382401,2.42737795435417,1,2
"15919",5.32783465261191,2.69355302967451,1,2
"15920",4.97859499041302,2.59788639557516,1,2
"15921",2.39182128210891,5.2457400833269,1,2
"15922",2.44018926009525,3.82051898546909,1,2
"15923",1.85127904918295,1.43618434109504,1,2
"15924",1.95943329385185,4.06926413456853,1,2
"15925",2.17137206646693,4.11992068221257,1,2
"15926",0.55666468299005,3.9654907187421,1,2
"15927",5.22332405790082,4.62414409831545,1,2
"15928",5.36514922194233,2.39005394133655,1,2
"15929",4.44784728871043,4.08141259325783,1,2
"15930",3.84424774218327,3.76562539859024,1,2
"15931",4.76927918399185,4.61408417743582,1,2
"15932",2.44807884175451,2.57695015722971,1,2
"15933",5.28572216685776,5.35652701868744,1,2
"15934",1.95835433443144,4.86109755776307,1,2
"15935",5.93367824952593,0.35156460063048,1,2
"15936",4.87343515444732,3.55121749984241,1,2
"15937",4.02813040675339,2.63138567992681,1,2
"15938",4.48240421549613,5.85010629137404,1,2
"15939",5.14035658526566,2.94343961742945,1,2
"15940",5.15938133486504,1.60763904939232,1,2
"15941",4.06275056945081,4.38530536965587,1,2
"15942",4.1297565756756,4.24708708788776,1,2
"15943",4.11697465358494,1.00918281486231,1,2
"15944",5.9683031081894,2.8411181378582,1,2
"15945",3.93321753903713,2.15398801973944,1,2
"15946",2.31353019314943,4.16520024975804,1,2
"15947",3.44138230425171,4.72171573368578,1,2
"15948",4.19042263643985,2.27856984801785,1,2
"15949",2.54633662262531,6.07459362740175,1,2
"15950",2.93731064064239,4.94294222838569,1,2
"15951",2.74951662613478,6.87326458323796,1,2
"15952",1.64816010081589,2.99838975617543,1,2
"15953",6.66744705278896,3.71354153532113,1,2
"15954",6.47413688457452,3.13528448556153,1,2
"15955",1.61487563733629,5.65784931362127,1,2
"15956",4.20309159469459,3.57082530492783,1,2
"15957",2.27555881331234,3.22929976382042,1,2
"15958",6.4210515041872,2.21173153870445,1,2
"15959",2.55299254155217,3.05568411078547,1,2
"15960",5.66614296776559,4.44053935152069,1,2
"15961",6.17730340256079,4.2018573923457,1,2
"15962",5.48492240674289,3.68902181471504,1,2
"15963",7.01797524042715,4.04927515219715,1,2
"15964",3.5226090193668,3.08781282764376,1,2
"15965",4.6233237450211,3.66219671031038,1,2
"15966",3.74555119751562,5.10747159022946,1,2
"15967",4.18124227047592,3.77644785227429,1,2
"15968",4.61392641033417,5.20698388195524,1,2
"15969",6.48254933394235,3.87133605370679,1,2
"15970",5.29839618283113,4.92742418694295,1,2
"15971",3.50993462363358,4.38568767913869,1,2
"15972",5.7462822698,5.19810917574321,1,2
"15973",4.21171514018597,2.2145424792464,1,2
"15974",0.176060753429807,5.88054342317111,1,2
"15975",6.62873410613996,4.59191063281845,1,2
"15976",6.19981712908611,2.96001033227133,1,2
"15977",1.30219713873989,4.23436476394835,1,2
"15978",3.02539136583319,3.27980772701394,1,2
"15979",4.87530113888512,3.38455243269075,1,2
"15980",5.84704787091753,5.05291305562303,1,2
"15981",1.90106193887274,1.87098460264694,1,2
"15982",7.34816071206711,1.95103672247963,1,2
"15983",6.63900553926025,6.00265633227639,1,2
"15984",5.15580901353207,3.06676121089707,1,2
"15985",6.39917969621569,7.07419317409236,1,2
"15986",3.75300837371594,6.13913219403693,1,2
"15987",4.66635063157881,5.49658991510137,1,2
"15988",4.59017769929731,3.36777586151595,1,2
"15989",4.40706790769524,5.01571595337974,1,2
"15990",4.72902687627444,3.68479878802024,1,2
"15991",4.1522329179037,2.66114472823656,1,2
"15992",4.02956763052343,4.03693253518536,1,2
"15993",4.42178109889486,2.25482409765803,1,2
"15994",3.47039586055957,4.15638206981027,1,2
"15995",4.5676877340918,3.66485957379087,1,2
"15996",6.9645820361167,4.41519436026976,1,2
"15997",5.61594450243132,1.89757087320015,1,2
"15998",2.78792267533724,0.568647335340404,1,2
"15999",5.52501827153922,2.84513565134367,1,2
"16000",5.07523485081587,2.73046532480452,1,2
