"X1","X2","component","subcomponent"
"15001",19.7384520382795,23.6240809899366,4,4.5
"15002",20.6465824206142,29.2210239282659,4,4.5
"15003",18.508348170234,22.9247108766937,4,4.5
"15004",21.2724745868721,26.7053336855331,4,4.5
"15005",20.1049809014878,23.5071874260586,4,4.5
"15006",19.468769095049,27.7955556121565,4,4.5
"15007",20.6351658062254,23.8105682082524,4,4.5
"15008",20.3279068234845,22.7809226988272,4,4.5
"15009",20.1811284032892,25.666782089814,4,4.5
"15010",19.4116696992184,29.0832808152715,4,4.5
"15011",21.2441331790015,23.1873238650105,4,4.5
"15012",22.2420151190464,24.4555098267949,4,4.5
"15013",21.2016944853733,28.6891446819499,4,4.5
"15014",20.177898097348,29.8071930038378,4,4.5
"15015",22.0112304723302,23.5144355821816,4,4.5
"15016",20.4390253077469,22.1970115978186,4,4.5
"15017",20.975427978819,28.2253974670369,4,4.5
"15018",20.0364708068494,27.1691420515982,4,4.5
"15019",20.0936092655127,25.8364510054326,4,4.5
"15020",19.6824772266604,23.4316235468937,4,4.5
"15021",21.3513296834104,24.0890696059894,4,4.5
"15022",18.555034949486,24.3279273142494,4,4.5
"15023",19.9741040739853,22.7052315949307,4,4.5
"15024",18.9402937812642,23.8964234669858,4,4.5
"15025",20.661402509461,28.2150231888136,4,4.5
"15026",21.1529438752452,28.609968047608,4,4.5
"15027",19.9734612428355,22.3873911803687,4,4.5
"15028",21.2411899656754,23.0883088892526,4,4.5
"15029",18.1856497157868,28.2939698675095,4,4.5
"15030",20.2373141871975,27.3783297086681,4,4.5
"15031",20.3542129899638,19.0883372733684,4,4.5
"15032",21.5177966173804,29.266170052401,4,4.5
"15033",18.4362005916581,26.2522467326904,4,4.5
"15034",20.6044008216993,24.2912606622943,4,4.5
"15035",21.3939070183474,19.3182913738336,4,4.5
"15036",20.8127382624474,23.4555817119182,4,4.5
"15037",20.202686861002,23.0255521873509,4,4.5
"15038",21.4234287155482,21.5432336323731,4,4.5
"15039",20.5721092475326,25.3375770580737,4,4.5
"15040",21.7388502886488,25.1915837598524,4,4.5
"15041",20.1651172307273,24.7172580614317,4,4.5
"15042",18.2791770357557,26.6673557492894,4,4.5
"15043",18.7651443471614,21.9532652789966,4,4.5
"15044",20.4400609604923,26.9883197319592,4,4.5
"15045",21.3262858108058,25.3805411236512,4,4.5
"15046",20.5238894354453,26.7631190603739,4,4.5
"15047",19.5417315365666,27.9391073430613,4,4.5
"15048",18.5486727528713,24.5894340272273,4,4.5
"15049",20.3119653339739,25.8151535324395,4,4.5
"15050",21.6478806248798,25.2151230610624,4,4.5
"15051",21.180452746876,27.5044137960483,4,4.5
"15052",19.7997962165576,24.6926920583511,4,4.5
"15053",20.8320935542644,28.764054680703,4,4.5
"15054",21.5887281603605,25.5859406810811,4,4.5
"15055",21.3053571115373,28.3785959608875,4,4.5
"15056",19.6203742957492,25.607734457666,4,4.5
"15057",23.4113736099195,29.075874974259,4,4.5
"15058",17.4909791764612,24.6089553187668,4,4.5
"15059",18.9755451714299,21.1246749731108,4,4.5
"15060",19.6046899076409,31.9705488147627,4,4.5
"15061",20.0317181495045,25.1750309085569,4,4.5
"15062",19.8315107221897,26.6044763763611,4,4.5
"15063",19.3396943879207,22.3817458795709,4,4.5
"15064",19.2508900070462,25.8830949319969,4,4.5
"15065",19.2752788094211,27.7983145129089,4,4.5
"15066",21.643076356073,22.6737601381454,4,4.5
"15067",21.47398644966,30.9296542132792,4,4.5
"15068",19.5604868270069,24.664686828922,4,4.5
"15069",20.7746312387225,26.5213599717778,4,4.5
"15070",19.3600775668676,24.77746659263,4,4.5
"15071",20.5394859241794,27.3582719447863,4,4.5
"15072",19.2063648410649,26.2256545615223,4,4.5
"15073",20.7009817088951,25.7905716086215,4,4.5
"15074",19.5536988003683,24.0318291122042,4,4.5
"15075",19.3409273896584,29.7566029816123,4,4.5
"15076",21.0534351885749,26.3474851452831,4,4.5
"15077",21.5751075463511,26.3180424017298,4,4.5
"15078",21.4814391851699,26.1314420346067,4,4.5
"15079",21.5218692225755,24.7803375594159,4,4.5
"15080",19.5723687712585,31.1732798993271,4,4.5
"15081",19.8088947062523,28.4824849329174,4,4.5
"15082",19.8713462461949,26.208551414172,4,4.5
"15083",20.4671492824994,26.3708216377432,4,4.5
"15084",20.8915065236917,21.2172085178099,4,4.5
"15085",20.0090122959145,27.1946184645714,4,4.5
"15086",20.1705582085827,27.8205827332313,4,4.5
"15087",20.874839997803,24.9831536497068,4,4.5
"15088",19.8633605874225,20.6520363077356,4,4.5
"15089",17.7446776077585,25.1962808062586,4,4.5
"15090",22.3873777736702,24.4026329975953,4,4.5
"15091",19.2722353469878,23.480680641538,4,4.5
"15092",21.1671582836845,27.639780275451,4,4.5
"15093",21.3413816473695,29.928499317995,4,4.5
"15094",21.311123854881,28.1503050824017,4,4.5
"15095",22.3831063354973,25.1528768213518,4,4.5
"15096",20.5694997354378,29.9693560770108,4,4.5
"15097",19.7219374829939,29.3025365001967,4,4.5
"15098",24.0988072613379,24.9300029159001,4,4.5
"15099",22.3677006475678,27.5483264424221,4,4.5
"15100",20.611943976116,28.8158281374247,4,4.5
"15101",20.8283007772511,22.1795640120345,4,4.5
"15102",19.3447205733525,27.5066695559102,4,4.5
"15103",20.4798078068258,22.3963446730917,4,4.5
"15104",20.8455742714842,28.1712122707813,4,4.5
"15105",20.3634859057764,29.1592023972803,4,4.5
"15106",19.3511391537691,23.7757714709871,4,4.5
"15107",20.6201222588661,26.677333307708,4,4.5
"15108",20.2041101890508,29.6835686441282,4,4.5
"15109",19.9112775128138,26.9935990350494,4,4.5
"15110",18.5055892449713,18.0017637789701,4,4.5
"15111",22.2715084076563,23.3465590254001,4,4.5
"15112",18.8129347791792,24.9305745247091,4,4.5
"15113",20.9701242272455,22.0191263903861,4,4.5
"15114",19.0917146205612,25.6454791479238,4,4.5
"15115",18.2338520222521,27.9377237367293,4,4.5
"15116",20.3114696944359,26.5759837199847,4,4.5
"15117",19.6024046009216,25.4511208008131,4,4.5
"15118",19.4396043417181,26.2635320853504,4,4.5
"15119",22.7730400606999,25.2080944887447,4,4.5
"15120",20.2463964287434,27.4727462832475,4,4.5
"15121",19.6730857424736,27.5885003079552,4,4.5
"15122",19.5014491196035,26.1952765931995,4,4.5
"15123",20.5631239818388,26.6413407098056,4,4.5
"15124",21.6095095662956,20.7593824959679,4,4.5
"15125",20.2490643942063,28.3917783767631,4,4.5
"15126",21.2277867086551,23.9514964936057,4,4.5
"15127",22.7530896734695,24.7176191404965,4,4.5
"15128",21.4815208094402,26.3791580006415,4,4.5
"15129",20.2055537075435,25.8521350162675,4,4.5
"15130",21.4010358104421,29.5201574539277,4,4.5
"15131",20.0375677988692,27.5708662156171,4,4.5
"15132",19.3020113595054,21.7745398445517,4,4.5
"15133",20.5445931090484,28.8897538052635,4,4.5
"15134",20.8056669503069,24.6400263654622,4,4.5
"15135",22.9592352675684,21.6610851529075,4,4.5
"15136",19.2026816723125,25.1781107428098,4,4.5
"15137",21.7484490925807,30.809654854991,4,4.5
"15138",19.739503370493,27.2278584549364,4,4.5
"15139",19.7300593739861,27.1688989350526,4,4.5
"15140",22.1980485410242,28.0298791868919,4,4.5
"15141",19.353663938548,27.90266529589,4,4.5
"15142",22.0904263829081,30.6542028640178,4,4.5
"15143",20.0536903144153,23.8820589276067,4,4.5
"15144",18.1112961461758,24.122130979731,4,4.5
"15145",20.291995951043,18.6714244655223,4,4.5
"15146",21.9877496933614,23.4327460630996,4,4.5
"15147",19.9950967364535,26.2706563942289,4,4.5
"15148",20.2169003074907,29.7870150448594,4,4.5
"15149",21.3008126675258,32.0614355399351,4,4.5
"15150",20.3226828560312,24.5706711163047,4,4.5
"15151",18.6582360258845,25.9642401492183,4,4.5
"15152",19.8136037370722,26.1084745066472,4,4.5
"15153",21.8699977688997,21.9902957946447,4,4.5
"15154",20.2925403161468,30.2140212256649,4,4.5
"15155",21.9973147477569,30.4677322009533,4,4.5
"15156",19.7053234802821,23.5028812060163,4,4.5
"15157",19.347460672321,26.6377915654003,4,4.5
"15158",21.6367682124352,22.4127240254821,4,4.5
"15159",19.6336367619243,28.3006729169663,4,4.5
"15160",19.9238866911955,30.8168387585921,4,4.5
"15161",21.798462568157,29.1671305672048,4,4.5
"15162",20.1003935930035,25.3994699748864,4,4.5
"15163",24.5895822287814,26.9930190480599,4,4.5
"15164",21.5070122247218,24.5590808871512,4,4.5
"15165",21.9710655304369,25.4240751567933,4,4.5
"15166",20.1847174799516,26.6297658213255,4,4.5
"15167",21.9363800372054,21.3869725405141,4,4.5
"15168",21.9501211439962,25.2000622583518,4,4.5
"15169",19.8636469238162,25.4423486727663,4,4.5
"15170",19.4757569577658,31.2398308104168,4,4.5
"15171",20.081854831643,22.1880971305365,4,4.5
"15172",21.6873099174605,25.1068277077059,4,4.5
"15173",20.5343427479248,28.2146612410528,4,4.5
"15174",23.2123961269103,27.7152111520252,4,4.5
"15175",20.0520945971423,24.525946442025,4,4.5
"15176",19.8958758418698,30.2100601127251,4,4.5
"15177",21.5469038641221,23.2416644461616,4,4.5
"15178",20.4765932047419,26.7164698251125,4,4.5
"15179",20.605819350361,23.0077444507264,4,4.5
"15180",21.5218031859855,20.3571204308997,4,4.5
"15181",19.9842470503615,26.2122182201267,4,4.5
"15182",18.5998965522193,25.166534510833,4,4.5
"15183",20.4010314988419,24.6130817713782,4,4.5
"15184",21.1374720107397,21.7611838608287,4,4.5
"15185",20.3411638385689,24.1957344988107,4,4.5
"15186",21.9744237826661,22.1181894755085,4,4.5
"15187",20.2904288304526,23.5591076618,4,4.5
"15188",21.8216380767709,22.7852238490679,4,4.5
"15189",19.4309272965386,20.1849773401641,4,4.5
"15190",21.429870493174,22.7035027355897,4,4.5
"15191",18.981252407127,22.8432145648502,4,4.5
"15192",20.3555069236904,22.5985831251863,4,4.5
"15193",20.6262073121865,24.2332051262979,4,4.5
"15194",20.8884412484946,20.7552840984841,4,4.5
"15195",21.6593922810053,24.9532824017895,4,4.5
"15196",19.5243395956588,22.3512566598117,4,4.5
"15197",19.5554097883895,21.9417694960809,4,4.5
"15198",21.2828912062322,26.2856316916468,4,4.5
"15199",20.1827231174865,27.0719806529182,4,4.5
"15200",18.5220682349793,24.2334276607358,4,4.5
"15201",19.0524144698621,24.4671370210497,4,4.5
"15202",20.8619706361942,25.977363614181,4,4.5
"15203",20.1776422508433,22.0043669130779,4,4.5
"15204",18.9268385470886,27.6109764030909,4,4.5
"15205",20.8816285205443,29.3655763221134,4,4.5
"15206",20.6171595529222,25.9326372326772,4,4.5
"15207",19.8064130668256,26.3767733495612,4,4.5
"15208",19.2987345317762,26.2485226763277,4,4.5
"15209",20.0677053256252,26.7141427487058,4,4.5
"15210",22.0433291585283,23.469820543722,4,4.5
"15211",20.7724395511378,29.6181266063905,4,4.5
"15212",18.6053869995934,25.5724689634516,4,4.5
"15213",21.7229227209577,26.6085383212476,4,4.5
"15214",19.8696915747394,29.5203843795563,4,4.5
"15215",20.2138464693569,22.9230089553177,4,4.5
"15216",19.3964575424043,32.0426135087686,4,4.5
"15217",20.4965151051632,27.4311091564776,4,4.5
"15218",20.0986607140156,24.8293079363709,4,4.5
"15219",20.7545371514904,28.6038858521522,4,4.5
"15220",22.5753486092872,24.6989577251392,4,4.5
"15221",18.5302272412545,22.3288260220344,4,4.5
"15222",20.5580840576403,21.6362606011738,4,4.5
"15223",20.9909364029602,23.5929671900725,4,4.5
"15224",20.0674336229473,23.1422848409997,4,4.5
"15225",20.5828184073572,24.5924714459643,4,4.5
"15226",20.6963288355078,28.5846056910952,4,4.5
"15227",20.653651786305,22.9701755171298,4,4.5
"15228",19.9671624379089,27.9996587278688,4,4.5
"15229",19.6611114813603,27.3112626831001,4,4.5
"15230",19.7885194963683,28.0818265508906,4,4.5
"15231",20.7626594715769,26.6255316625074,4,4.5
"15232",20.9095431133324,25.6921279169129,4,4.5
"15233",22.6707968557832,21.9620250708972,4,4.5
"15234",19.4161404148485,27.7973415384121,4,4.5
"15235",21.7314346055558,25.3103850468708,4,4.5
"15236",22.8723248588352,21.3286554860066,4,4.5
"15237",22.3978746097688,20.6518304499523,4,4.5
"15238",18.2574753217424,24.7909489253446,4,4.5
"15239",20.3621193604268,22.6230345346881,4,4.5
"15240",19.007355774816,27.1136816455772,4,4.5
"15241",22.1605274945652,27.3070415464699,4,4.5
"15242",20.9337983544495,24.7551713073993,4,4.5
"15243",21.0109000354353,23.7074603948228,4,4.5
"15244",22.4508312059094,25.2680270561697,4,4.5
"15245",21.1768445218765,24.5034349668555,4,4.5
"15246",21.3931394485162,24.8832160153573,4,4.5
"15247",19.4229024430449,29.2136749273501,4,4.5
"15248",20.2212986680057,26.3737411401868,4,4.5
"15249",22.1927629057917,23.327515046559,4,4.5
"15250",22.9601465543305,27.4795618921009,4,4.5
"15251",20.8190185605546,23.7457855136624,4,4.5
"15252",19.575176547234,26.253754262428,4,4.5
"15253",20.7524257494239,22.3662987115219,4,4.5
"15254",19.5432082762781,28.1868344439362,4,4.5
"15255",19.2964048115288,29.4081443995114,4,4.5
"15256",19.6110514740977,23.8055331970186,4,4.5
"15257",19.8174128368865,28.2486592561383,4,4.5
"15258",18.3191934633555,30.9158860462309,4,4.5
"15259",19.5381721597494,26.4625261480006,4,4.5
"15260",21.0898574936124,26.8572456410046,4,4.5
"15261",20.5346626579604,22.482232616433,4,4.5
"15262",19.5434601448927,28.5873919734521,4,4.5
"15263",19.7320065632032,22.2884728524165,4,4.5
"15264",20.3404885615537,22.869598801395,4,4.5
"15265",22.5058624544351,26.4108177495123,4,4.5
"15266",19.9409946700127,26.1086143721031,4,4.5
"15267",19.6824953721069,25.9845931839586,4,4.5
"15268",19.8827157824959,32.4922166801555,4,4.5
"15269",19.6529710593646,24.7585058100247,4,4.5
"15270",22.3859603161225,29.0111074913857,4,4.5
"15271",21.3679123404762,23.5650143915533,4,4.5
"15272",18.5375365815254,24.9574978918194,4,4.5
"15273",21.3706315163341,29.6186401558055,4,4.5
"15274",17.8105816292271,24.8260916639478,4,4.5
"15275",20.795112250213,23.81841147393,4,4.5
"15276",19.4796858407669,21.9974304150924,4,4.5
"15277",18.6887506988993,24.7703414562823,4,4.5
"15278",21.361203954871,25.082398081306,4,4.5
"15279",20.4928229225843,29.3390686862087,4,4.5
"15280",20.9756630726622,25.996510680419,4,4.5
"15281",22.9843299852918,20.4627292109697,4,4.5
"15282",19.1325503611749,21.3519161632795,4,4.5
"15283",19.3307547758759,25.3847822004641,4,4.5
"15284",20.2111463122787,25.5704806870291,4,4.5
"15285",19.0310724081429,28.3474676731963,4,4.5
"15286",20.0384939323229,30.6197635332421,4,4.5
"15287",21.0300732622644,23.7708541660365,4,4.5
"15288",21.4675484403981,31.3174987989505,4,4.5
"15289",19.7456984823873,23.4710205766422,4,4.5
"15290",20.3530594382584,25.2706452492675,4,4.5
"15291",19.5243521993831,24.6515105500405,4,4.5
"15292",19.9812417635497,27.7302336466698,4,4.5
"15293",18.8854319204591,27.4747310039991,4,4.5
"15294",19.8512436550759,22.0636865404402,4,4.5
"15295",20.9698316627021,27.7433659294711,4,4.5
"15296",20.9140254961304,26.1573393349386,4,4.5
"15297",21.1100672691469,22.9628926707539,4,4.5
"15298",23.1705399775353,26.3079903497795,4,4.5
"15299",19.7245532314199,29.1522576043743,4,4.5
"15300",18.9863523376603,25.7348888394621,4,4.5
"15301",18.9570603720808,25.8181680239001,4,4.5
"15302",22.3360024674279,25.9528855569928,4,4.5
"15303",20.0813783694679,25.4277905287967,4,4.5
"15304",22.4659797545903,22.5698596416581,4,4.5
"15305",22.4370169724153,27.6055140789944,4,4.5
"15306",22.342861214653,28.3226115993184,4,4.5
"15307",19.2751495585713,30.3138639689929,4,4.5
"15308",20.1062566474324,30.9876424978831,4,4.5
"15309",19.4856646017118,28.5919090192974,4,4.5
"15310",22.0774352366169,26.6697989077027,4,4.5
"15311",19.0382389798678,28.7960477200461,4,4.5
"15312",19.2392804807261,25.7433286086791,4,4.5
"15313",22.4186139236503,25.2070654532802,4,4.5
"15314",19.2167244735034,27.1597127287443,4,4.5
"15315",21.5845317286596,23.0577994515274,4,4.5
"15316",20.7394105376374,24.9990055234201,4,4.5
"15317",17.3444693340065,31.5834234963474,4,4.5
"15318",20.5845326269052,24.5967396920704,4,4.5
"15319",21.7662718687776,26.5787444195187,4,4.5
"15320",20.4112187993331,25.812315423967,4,4.5
"15321",21.4174822043753,25.9686259985528,4,4.5
"15322",20.0613232886331,20.8820418311831,4,4.5
"15323",19.9038797205603,24.7508711578678,4,4.5
"15324",23.1686647146887,22.6713081255912,4,4.5
"15325",22.4235003355558,27.0374396069311,4,4.5
"15326",21.5083543792681,28.0646761053149,4,4.5
"15327",20.6155380874588,24.8316070383478,4,4.5
"15328",21.7424576571062,20.8286830628322,4,4.5
"15329",20.7041160547568,24.8437628061769,4,4.5
"15330",21.2010412757385,18.4127374473672,4,4.5
"15331",20.6544626962127,24.8888555488203,4,4.5
"15332",19.0381088343463,29.2113834857118,4,4.5
"15333",19.4669252467113,28.5196687544594,4,4.5
"15334",20.7499802541983,25.2254987378482,4,4.5
"15335",22.0203833804248,21.5166525079173,4,4.5
"15336",19.3463613489409,22.2379965868438,4,4.5
"15337",20.4364270796247,31.5016729027019,4,4.5
"15338",20.5931086791064,23.8888618957579,4,4.5
"15339",20.9539834289071,29.8059756843546,4,4.5
"15340",21.4082056526649,20.428382184383,4,4.5
"15341",19.346989663041,23.720772443118,4,4.5
"15342",22.4445340630336,26.7472803670952,4,4.5
"15343",20.641666447018,22.0182805997086,4,4.5
"15344",20.291563365303,22.9532611352636,4,4.5
"15345",20.5612190730984,24.6612421479181,4,4.5
"15346",18.4289838403629,29.6939437649572,4,4.5
"15347",21.8187171191255,27.1912180319218,4,4.5
"15348",22.2701279410088,29.0594928037926,4,4.5
"15349",18.9850390482899,20.9864311511073,4,4.5
"15350",19.3809302189159,25.8766371818032,4,4.5
"15351",20.2316504297638,23.7447759619332,4,4.5
"15352",19.4352006615794,26.6491880247726,4,4.5
"15353",20.3548765343178,28.0737604118476,4,4.5
"15354",23.3226819341508,25.3042234712814,4,4.5
"15355",19.7599574915491,26.1978330956178,4,4.5
"15356",21.2879847914247,21.3493958123623,4,4.5
"15357",21.6641784379259,20.8077520634673,4,4.5
"15358",21.104186892862,27.3438239107816,4,4.5
"15359",22.6946573188672,24.9172362825548,4,4.5
"15360",20.3482407952147,24.1459196144314,4,4.5
"15361",20.5972069565114,23.6107425320461,4,4.5
"15362",22.0890943205471,25.1269030196308,4,4.5
"15363",19.0765225208327,26.2584343463333,4,4.5
"15364",19.9554203559299,21.6232152085392,4,4.5
"15365",20.2384786538351,22.1523081999217,4,4.5
"15366",20.4061678061913,30.9043510001975,4,4.5
"15367",22.5290362696746,22.2457342682282,4,4.5
"15368",21.8789114405174,23.8103295443515,4,4.5
"15369",19.6851637531863,24.657658720333,4,4.5
"15370",20.8180266532359,26.8266651139443,4,4.5
"15371",19.3302805283474,25.2377995757729,4,4.5
"15372",19.0659122679297,27.6130678796144,4,4.5
"15373",19.5409405591847,25.6657942864204,4,4.5
"15374",22.5723482925791,24.5250890260244,4,4.5
"15375",20.1897021020586,27.2965516755948,4,4.5
"15376",21.259791995462,26.9173638378167,4,4.5
"15377",20.3805396431193,26.9712031688814,4,4.5
"15378",19.5485322210477,23.7956952478572,4,4.5
"15379",20.6370642039891,24.6273005365154,4,4.5
"15380",19.6987369285313,25.9166133389927,4,4.5
"15381",19.1641548288192,27.3895829195994,4,4.5
"15382",18.0839445662766,21.4899939430516,4,4.5
"15383",20.9105684475762,29.2433747370779,4,4.5
"15384",20.8804233918644,26.6421322044371,4,4.5
"15385",21.5900881950129,21.567102732029,4,4.5
"15386",19.4931156268376,28.4929710150763,4,4.5
"15387",20.3464510673136,27.6230821450404,4,4.5
"15388",21.1937693063578,30.022524032851,4,4.5
"15389",22.3799938879971,27.8674957897205,4,4.5
"15390",19.687632880222,22.5960325064527,4,4.5
"15391",18.4631169522308,24.5519911421936,4,4.5
"15392",19.8515877585426,22.5775955565765,4,4.5
"15393",19.988390359709,30.8820842843394,4,4.5
"15394",18.7967927993054,23.2278111474416,4,4.5
"15395",19.9064607782797,25.9517194487366,4,4.5
"15396",20.4065487372308,29.9626871793668,4,4.5
"15397",23.2627905680923,29.4221889643607,4,4.5
"15398",20.0155826172682,25.3220079506746,4,4.5
"15399",20.8864678555636,26.5276803970868,4,4.5
"15400",21.537951643379,32.4909195027314,4,4.5
"15401",19.6802727304045,26.5491383180335,4,4.5
"15402",21.744936172543,23.91928783223,4,4.5
"15403",20.6027933546962,24.4370026869986,4,4.5
"15404",20.4536040625484,28.1037802447348,4,4.5
"15405",22.2898121268305,25.98509033616,4,4.5
"15406",21.8282703700315,29.231038849185,4,4.5
"15407",21.6422692418641,20.3782881654694,4,4.5
"15408",21.9055760879203,24.8600903950943,4,4.5
"15409",19.1562867855943,30.7791993145872,4,4.5
"15410",20.8068374138174,23.4241161244573,4,4.5
"15411",23.6143627600552,22.6136432000557,4,4.5
"15412",21.0842518701872,26.7689264202078,4,4.5
"15413",22.6026120395995,25.5460107243678,4,4.5
"15414",21.1048877590111,23.2167387500111,4,4.5
"15415",20.1261816289287,27.547454052277,4,4.5
"15416",22.0919853623873,24.86098473252,4,4.5
"15417",20.7125538930411,24.0345078680138,4,4.5
"15418",19.01815603194,26.9564452514638,4,4.5
"15419",17.95301079997,26.6718699582185,4,4.5
"15420",18.5470394665641,24.0146914042931,4,4.5
"15421",18.8692806494633,23.6449214957029,4,4.5
"15422",20.8003333408918,31.1711525266538,4,4.5
"15423",18.6385075739965,27.333839110255,4,4.5
"15424",18.5666701424326,26.0547300571184,4,4.5
"15425",20.5639276428164,24.2626569430937,4,4.5
"15426",21.7217985314395,26.6193289686518,4,4.5
"15427",22.1058965184694,26.5150402296953,4,4.5
"15428",21.1988879598043,26.5794482835672,4,4.5
"15429",22.1440753892926,22.2960762045433,4,4.5
"15430",20.825992895177,26.1539405836785,4,4.5
"15431",20.8837603854218,24.9479130046108,4,4.5
"15432",20.2544522862124,26.2525416187666,4,4.5
"15433",19.3257438749199,28.5631771011948,4,4.5
"15434",20.5387971723962,29.3399324360895,4,4.5
"15435",19.5743965205566,25.7613533467838,4,4.5
"15436",21.7055336703573,28.7573939955978,4,4.5
"15437",18.7889740513538,27.7832837213842,4,4.5
"15438",21.170946605169,26.3969306357653,4,4.5
"15439",21.4400813623359,23.0571535239141,4,4.5
"15440",18.3922399446503,24.1892800732743,4,4.5
"15441",21.5700109967811,23.1195360220183,4,4.5
"15442",20.0015057243273,26.107127419588,4,4.5
"15443",22.050474398938,22.7895809380394,4,4.5
"15444",21.1340859097105,30.0517812888333,4,4.5
"15445",19.5035634758409,25.9681955973963,4,4.5
"15446",17.7890498342422,23.7461297199608,4,4.5
"15447",22.7529880241636,26.631127351143,4,4.5
"15448",21.3540019651354,24.8835284744042,4,4.5
"15449",19.3765237105795,22.3271813320742,4,4.5
"15450",20.3444546281024,24.5425115345482,4,4.5
"15451",21.8472132146524,26.7876779206314,4,4.5
"15452",19.41968394566,24.9896098465335,4,4.5
"15453",21.9150772328839,30.2052202968661,4,4.5
"15454",21.8673984925097,20.9263648404429,4,4.5
"15455",19.2447837202214,25.3229545832709,4,4.5
"15456",22.2876843400099,25.3553884687735,4,4.5
"15457",20.4476878584948,24.4638543566625,4,4.5
"15458",21.7779045808594,27.2305894096209,4,4.5
"15459",20.3015928265334,27.3417552968208,4,4.5
"15460",21.4106045667558,26.3790456958148,4,4.5
"15461",19.7589576542932,27.0405511801224,4,4.5
"15462",20.8680238926038,27.8571873529573,4,4.5
"15463",20.7461604563253,30.1696227192168,4,4.5
"15464",22.0776706110757,21.2955358969775,4,4.5
"15465",18.2386182214319,28.0780269422936,4,4.5
"15466",18.7059495088112,21.7137416035432,4,4.5
"15467",20.2879086161303,29.7286091827728,4,4.5
"15468",20.4054875055842,30.9191422889729,4,4.5
"15469",20.0318767792696,22.2206531302331,4,4.5
"15470",20.4976229044163,31.4070753370722,4,4.5
"15471",18.7710454811629,21.8339340412747,4,4.5
"15472",20.2324322263828,23.981619361691,4,4.5
"15473",21.451072934289,30.0009903450515,4,4.5
"15474",18.6673662028299,27.9189027116374,4,4.5
"15475",21.1195802817426,25.7085007564267,4,4.5
"15476",19.0522189132854,23.0585700567614,4,4.5
"15477",20.4307401203675,27.4643803313396,4,4.5
"15478",19.099084993455,25.5790637514855,4,4.5
"15479",19.7290272425295,23.9633998718954,4,4.5
"15480",19.4070110931369,24.9725269312981,4,4.5
"15481",19.0432799689563,28.711733025483,4,4.5
"15482",22.636261884741,24.0614497535505,4,4.5
"15483",20.3270272311792,26.6919823215804,4,4.5
"15484",21.7608761340883,24.3434267707266,4,4.5
"15485",20.9820906705222,26.1694674667644,4,4.5
"15486",19.702727788662,25.5710717305232,4,4.5
"15487",19.4415897961111,26.8700614331394,4,4.5
"15488",18.6200757100169,27.5327586063733,4,4.5
"15489",19.3145748062167,28.6745619661423,4,4.5
"15490",20.2927446836265,23.7959295076598,4,4.5
"15491",20.3218655251515,25.4463071815119,4,4.5
"15492",20.586432130673,26.1560784308796,4,4.5
"15493",21.1885637739361,26.5797774262406,4,4.5
"15494",19.267473611346,29.3233091678412,4,4.5
"15495",19.4958471137848,29.4039007363677,4,4.5
"15496",21.6588926742867,24.5256188474825,4,4.5
"15497",18.9123441936384,23.4199076351155,4,4.5
"15498",21.6703474361609,26.7310959531599,4,4.5
"15499",19.0362414926727,25.2245365021744,4,4.5
"15500",18.7268529039167,26.351353831347,4,4.5
"15501",21.7937813821154,25.4914171195972,4,4.5
"15502",21.8834166337481,25.9282274839008,4,4.5
"15503",21.3756573727267,19.5244762083641,4,4.5
"15504",19.8645652323816,27.5135622253641,4,4.5
"15505",20.8302082291352,22.9159672619552,4,4.5
"15506",19.8968654883162,24.2055545930838,4,4.5
"15507",21.6289150891093,23.9946330727704,4,4.5
"15508",19.6105129842716,26.2252495445851,4,4.5
"15509",21.3286975612578,22.6301727557814,4,4.5
"15510",19.9354590766522,22.168049178739,4,4.5
"15511",19.0952046066418,26.8666136373083,4,4.5
"15512",19.6594972371448,25.0687249990156,4,4.5
"15513",22.0234949174068,22.1954181450744,4,4.5
"15514",21.7173135134188,23.6868456541485,4,4.5
"15515",18.5099341758579,26.7900129460393,4,4.5
"15516",19.355376861106,29.7550368254716,4,4.5
"15517",21.3758443235342,29.3555564738045,4,4.5
"15518",21.6226637028768,27.1244608628221,4,4.5
"15519",19.7845476034503,22.9759685451329,4,4.5
"15520",19.1599472699145,28.9864390888004,4,4.5
"15521",20.8666487681741,25.7436817635592,4,4.5
"15522",21.3082931806302,27.1554422108687,4,4.5
"15523",21.5091635515537,29.9081919879356,4,4.5
"15524",19.6153067292969,28.1282157388968,4,4.5
"15525",22.2371542623235,27.2626339430808,4,4.5
"15526",19.399623317401,25.4214241148049,4,4.5
"15527",20.4997464722867,24.0777175334129,4,4.5
"15528",21.246408665358,25.4760919044226,4,4.5
"15529",20.984472315183,26.9813056775195,4,4.5
"15530",19.8840341581284,25.0194128990148,4,4.5
"15531",19.9538047396808,25.2195236008205,4,4.5
"15532",19.4134511008511,22.7975020540999,4,4.5
"15533",19.4467840232691,22.6797276252616,4,4.5
"15534",19.6110845488351,27.0855976250882,4,4.5
"15535",20.5831377969094,24.6162320716209,4,4.5
"15536",20.7619706857819,27.375476337202,4,4.5
"15537",20.0126835544786,26.9454438957814,4,4.5
"15538",21.4741790939911,26.887131757348,4,4.5
"15539",20.8927877603294,19.8151920196895,4,4.5
"15540",20.403023955374,22.277736543624,4,4.5
"15541",20.8542537084619,26.3280089976848,4,4.5
"15542",21.6986105482788,31.5907508663686,4,4.5
"15543",18.6911730901374,27.0730991082856,4,4.5
"15544",20.994025266237,27.1381028655711,4,4.5
"15545",19.389806454026,24.9071025388343,4,4.5
"15546",19.7914356447233,30.48470803928,4,4.5
"15547",24.8429497707564,24.5164781309013,4,4.5
"15548",19.0865526501732,22.8933485424894,4,4.5
"15549",19.6674295316254,26.4925243168114,4,4.5
"15550",20.3584283657101,20.0998938888978,4,4.5
"15551",20.8108822172411,24.9364918717407,4,4.5
"15552",21.6942114509395,20.8123228094579,4,4.5
"15553",21.5175017646673,29.4005546918207,4,4.5
"15554",21.1176557432791,24.2524488047947,4,4.5
"15555",21.5650813795346,25.7549321653937,4,4.5
"15556",22.4722241095008,25.1428770949365,4,4.5
"15557",22.6678128767679,28.5686761045626,4,4.5
"15558",20.9746792476783,26.6173095810895,4,4.5
"15559",20.5713275870542,25.7380981918268,4,4.5
"15560",21.2236472542052,22.8487509120691,4,4.5
"15561",18.5839441287694,30.1852962530808,4,4.5
"15562",18.640909757837,25.2231554887003,4,4.5
"15563",21.0933536067404,27.2520204468307,4,4.5
"15564",20.4895290432754,24.6861652993529,4,4.5
"15565",20.5910298552759,24.0556419154035,4,4.5
"15566",21.0425324365402,25.1161813198866,4,4.5
"15567",20.9238739762496,26.3153395446926,4,4.5
"15568",19.7700309146898,20.710259110588,4,4.5
"15569",21.8363154932366,23.0298799253875,4,4.5
"15570",19.7111858627764,30.1165792225881,4,4.5
"15571",22.1399896505974,26.9523730226804,4,4.5
"15572",22.1981371310044,25.580776366235,4,4.5
"15573",21.9232357480668,24.742225717767,4,4.5
"15574",18.8881767896801,24.616976240735,4,4.5
"15575",20.3119450703033,28.0484781785372,4,4.5
"15576",19.7950095348999,29.2859736891667,4,4.5
"15577",20.986816430117,26.1889124321462,4,4.5
"15578",19.8212177737742,28.6104815649122,4,4.5
"15579",22.7934879862279,24.0292161112029,4,4.5
"15580",21.6336567727708,24.7041102264819,4,4.5
"15581",20.0970530587943,25.1127765163154,4,4.5
"15582",20.3236753316409,26.3281168749875,4,4.5
"15583",17.9596431709719,27.6749290007106,4,4.5
"15584",21.0086063092755,23.9381330986627,4,4.5
"15585",19.9568298235673,27.6139032040909,4,4.5
"15586",20.0154573119796,20.530281905231,4,4.5
"15587",20.4399938898137,23.5428076963657,4,4.5
"15588",19.7267870090652,25.8250114205913,4,4.5
"15589",21.8099742476461,26.02408068218,4,4.5
"15590",21.2860676326081,27.1940897651183,4,4.5
"15591",21.7247520271158,26.2862703073918,4,4.5
"15592",21.3138123950512,17.0432410494472,4,4.5
"15593",22.3905864397509,25.5291567788851,4,4.5
"15594",19.3044235156104,21.4310512114186,4,4.5
"15595",20.1277012070112,21.5904668141018,4,4.5
"15596",20.0580083805485,23.415889095474,4,4.5
"15597",19.2042194977025,27.9754703883702,4,4.5
"15598",21.7779403601228,24.2956339043662,4,4.5
"15599",20.7773849170535,17.7356911561132,4,4.5
"15600",19.7366474540774,26.8018755912792,4,4.5
"15601",20.1838127661205,28.0040460512972,4,4.5
"15602",21.863674105946,25.273485594511,4,4.5
"15603",20.1881661937847,25.206402249826,4,4.5
"15604",21.1361993324381,25.2175130130997,4,4.5
"15605",20.9323071893304,23.9839673247559,4,4.5
"15606",20.8161615029827,22.4792697253128,4,4.5
"15607",22.2486997624898,22.8238863343613,4,4.5
"15608",21.6010534292435,26.4525741575621,4,4.5
"15609",19.4189303384471,30.4920258396069,4,4.5
"15610",20.5130011654253,23.6862548943884,4,4.5
"15611",19.6035179551266,24.8525451506209,4,4.5
"15612",21.9800672258184,29.1391540100048,4,4.5
"15613",19.8098439955419,20.261015483596,4,4.5
"15614",20.4692135783377,23.9031472605633,4,4.5
"15615",21.7848806682494,22.8716465742317,4,4.5
"15616",19.7530025161548,25.5779429153278,4,4.5
"15617",22.1987420349757,25.6453075285696,4,4.5
"15618",22.4638485673164,21.9455131719958,4,4.5
"15619",20.339129432764,24.0871899128929,4,4.5
"15620",19.7593328741858,23.6761109116651,4,4.5
"15621",19.612996478583,24.7686322027697,4,4.5
"15622",20.1663834715028,21.4456148218238,4,4.5
"15623",20.8118845076847,24.4396695260902,4,4.5
"15624",19.9668526108626,28.5062791637248,4,4.5
"15625",20.6315324873425,24.9715972048035,4,4.5
"15626",20.0116200857935,26.6128118807298,4,4.5
"15627",21.767777818469,21.8273184922015,4,4.5
"15628",20.4617766331752,29.597418057391,4,4.5
"15629",20.2608638504077,23.0855609918857,4,4.5
"15630",20.8750945156123,27.5151148845055,4,4.5
"15631",22.2230711096453,25.4201803370433,4,4.5
"15632",20.262520002957,26.403002590564,4,4.5
"15633",20.7014596611376,20.6799344644854,4,4.5
"15634",19.1327944918478,26.9048598919249,4,4.5
"15635",20.9383163796246,26.0421917611054,4,4.5
"15636",18.204824702363,25.8159253392524,4,4.5
"15637",18.3065918407892,24.3865978516312,4,4.5
"15638",19.0275064409049,23.5534489323209,4,4.5
"15639",21.3172327719036,27.45908001024,4,4.5
"15640",21.8803665956129,22.2962600243684,4,4.5
"15641",20.885256948899,25.6688648311908,4,4.5
"15642",20.488837269329,27.851834655355,4,4.5
"15643",20.340795502421,25.5543782733213,4,4.5
"15644",22.1624673478227,24.5767775215011,4,4.5
"15645",20.1799805614861,25.1958155544023,4,4.5
"15646",21.2768929770373,26.3713537359563,4,4.5
"15647",18.9454905060597,29.4599400838037,4,4.5
"15648",22.645997261946,16.7208304556514,4,4.5
"15649",20.3476946631869,26.6079634513319,4,4.5
"15650",21.5740509930981,23.419696917816,4,4.5
"15651",22.4389800777896,24.2987519944963,4,4.5
"15652",19.5877015769904,28.5647336481263,4,4.5
"15653",21.2028326717747,25.786813969277,4,4.5
"15654",21.5602189709038,22.8641346907523,4,4.5
"15655",20.5454303345348,28.3290518665737,4,4.5
"15656",20.2018122122273,31.0877088522907,4,4.5
"15657",20.8482323521446,25.4668377387559,4,4.5
"15658",21.3850697241131,23.8203368665559,4,4.5
"15659",20.1639366148672,27.6841258283505,4,4.5
"15660",19.2216497609438,22.7836060952261,4,4.5
"15661",19.5319852768741,27.027942275187,4,4.5
"15662",19.548246688,24.2263820861707,4,4.5
"15663",20.7491804598658,22.6947849449119,4,4.5
"15664",22.4590907300754,26.0795604882414,4,4.5
"15665",21.6756050685876,29.1374840158605,4,4.5
"15666",22.0766475380101,25.1728837587221,4,4.5
"15667",18.9522313224571,22.0336572235632,4,4.5
"15668",19.9067811315857,22.7953782071449,4,4.5
"15669",20.996004127347,26.1691643882305,4,4.5
"15670",20.7965204678711,24.112816927733,4,4.5
"15671",21.3537652502583,25.9561659423033,4,4.5
"15672",21.238103202536,31.4731400242758,4,4.5
"15673",20.5390990909209,23.0288535331946,4,4.5
"15674",19.2570967069287,24.8803428573683,4,4.5
"15675",20.9615698503202,28.1923505530506,4,4.5
"15676",21.6370203267612,24.2136301990781,4,4.5
"15677",21.2667719454749,24.1950450625917,4,4.5
"15678",19.6237708245736,25.2543091903935,4,4.5
"15679",20.6101525362616,24.9347925139997,4,4.5
"15680",20.0294372590422,23.7418973847724,4,4.5
"15681",21.2137796557151,30.9583011931565,4,4.5
"15682",19.6532379949395,27.1078040286509,4,4.5
"15683",22.285000529091,29.3461872599237,4,4.5
"15684",21.9598751688918,25.0645584553729,4,4.5
"15685",18.001436906001,22.0659184989108,4,4.5
"15686",20.1789860982625,28.9048677227829,4,4.5
"15687",20.2679492298447,28.1242384070707,4,4.5
"15688",20.5629365122272,21.7419589370078,4,4.5
"15689",21.0328216743968,22.5474265641978,4,4.5
"15690",18.7938431463521,27.5126396107427,4,4.5
"15691",19.3645726961665,29.6862416337551,4,4.5
"15692",20.7433764037313,23.722411577303,4,4.5
"15693",21.0225466822458,25.7566114293034,4,4.5
"15694",20.8819584603769,24.1123106256639,4,4.5
"15695",18.249626012008,25.2814753519786,4,4.5
"15696",21.3715564208059,26.4817967841783,4,4.5
"15697",22.1138478545882,24.1636436577238,4,4.5
"15698",22.2759169819281,25.8208941932361,4,4.5
"15699",20.1680864469562,26.2021968297016,4,4.5
"15700",21.7582312115866,23.7662164381946,4,4.5
"15701",20.7693219193256,28.7783361572953,4,4.5
"15702",20.7686229033437,31.148480988492,4,4.5
"15703",20.6017981030935,22.7286968675553,4,4.5
"15704",19.0164736435268,28.2717459744642,4,4.5
"15705",21.2992130346395,28.8440161550626,4,4.5
"15706",22.2935949487355,22.9074027064419,4,4.5
"15707",22.3463922581739,26.1785989367766,4,4.5
"15708",20.7688706594857,24.664283445412,4,4.5
"15709",20.3184482501456,24.7691297484784,4,4.5
"15710",21.9137399786348,21.5191430248771,4,4.5
"15711",20.2199532166559,25.0419723517808,4,4.5
"15712",19.3466918866384,23.9752251199296,4,4.5
"15713",20.9704932581255,24.4109248807719,4,4.5
"15714",20.0035027064696,31.5815311411242,4,4.5
"15715",21.1640374276604,21.2671950337625,4,4.5
"15716",19.7574969026996,27.0839324490483,4,4.5
"15717",19.6028766969476,25.4413729678471,4,4.5
"15718",20.564643818042,26.1827919760309,4,4.5
"15719",21.3778610849198,25.7456833584239,4,4.5
"15720",18.7100191208124,31.0350982274182,4,4.5
"15721",20.9451125939429,25.8704713591935,4,4.5
"15722",21.4138824614759,28.2307822726942,4,4.5
"15723",21.3552910677597,23.4673019649017,4,4.5
"15724",21.7030395495282,27.3627256864514,4,4.5
"15725",20.3773273282424,31.1891840514471,4,4.5
"15726",19.3298065092634,26.2426798176465,4,4.5
"15727",17.7684977435902,24.0079830425967,4,4.5
"15728",22.3539974425524,27.2088159522723,4,4.5
"15729",21.3653737565151,23.1881134855995,4,4.5
"15730",20.9374063333669,24.5170052644016,4,4.5
"15731",18.7056125746854,22.7556396339868,4,4.5
"15732",19.656505379523,26.424649442672,4,4.5
"15733",20.7479633222915,30.1992789415723,4,4.5
"15734",20.5518530890042,24.1815826354921,4,4.5
"15735",21.1223466115888,24.0832398391975,4,4.5
"15736",20.3817200387332,25.1890621852201,4,4.5
"15737",20.8884615906827,25.0910391755958,4,4.5
"15738",19.9134322105205,26.2286749144975,4,4.5
"15739",19.783614829353,24.0755187083782,4,4.5
"15740",19.6546265668656,25.9395566292712,4,4.5
"15741",20.1587919676455,26.8482739425346,4,4.5
"15742",18.7324344691814,29.2825783301274,4,4.5
"15743",19.3689439727112,27.8081122236393,4,4.5
"15744",19.7198044801549,25.4005575602897,4,4.5
"15745",18.9549855597054,20.9156404292823,4,4.5
"15746",19.8069614522792,23.8984476114637,4,4.5
"15747",20.9767449324899,23.1288898536778,4,4.5
"15748",20.9737876250885,28.2090709621217,4,4.5
"15749",20.5446781761757,23.692003610065,4,4.5
"15750",21.4867260959599,25.1757081123129,4,4.5
"15751",19.171932327477,27.3431436201018,4,4.5
"15752",22.0196038958686,26.8137150664457,4,4.5
"15753",18.3625499295232,28.4176875641835,4,4.5
"15754",22.4983775027089,24.6698657951893,4,4.5
"15755",20.9865963708946,22.2075742876104,4,4.5
"15756",21.7830183263174,26.7432908518957,4,4.5
"15757",22.4360936197302,27.1182841799475,4,4.5
"15758",19.855277778489,24.6854334132574,4,4.5
"15759",19.91821389513,25.1969058842852,4,4.5
"15760",19.3381229769667,22.5182566910803,4,4.5
"15761",20.4301837360238,26.1266695531038,4,4.5
"15762",18.9859557828568,24.4629907826766,4,4.5
"15763",21.0713432174427,24.7945027389392,4,4.5
"15764",19.8351581275191,24.4630101756736,4,4.5
"15765",20.4034047542278,26.4094409530909,4,4.5
"15766",19.1639037761627,29.316650647903,4,4.5
"15767",21.4387648655055,32.2178919020715,4,4.5
"15768",21.7004874400794,24.0476557826383,4,4.5
"15769",20.1186790073756,27.8959592648997,4,4.5
"15770",20.8083744915187,24.2105583438807,4,4.5
"15771",22.2844714511353,27.8515462050925,4,4.5
"15772",16.9889244337336,30.6681543841283,4,4.5
"15773",19.6580187029613,25.7030812305717,4,4.5
"15774",19.0254501515543,29.2317545962642,4,4.5
"15775",20.9502675395151,30.5423316138899,4,4.5
"15776",21.0201392163838,26.7225299893166,4,4.5
"15777",20.5223908926287,21.611344199852,4,4.5
"15778",22.3204586834011,24.9876448374803,4,4.5
"15779",20.1512534319588,28.970610563787,4,4.5
"15780",19.6227934159646,24.5104589618604,4,4.5
"15781",20.5372889373269,20.6805587898671,4,4.5
"15782",21.1647724634109,22.6225809982581,4,4.5
"15783",21.9340370868746,30.1613410484892,4,4.5
"15784",22.2151993569829,29.3825339238123,4,4.5
"15785",21.6320808731527,27.3356289977327,4,4.5
"15786",20.9135987681852,22.2957370727208,4,4.5
"15787",18.9517050539118,29.3331054726317,4,4.5
"15788",18.8838125486666,26.1937580036505,4,4.5
"15789",20.6461124162662,27.4709834751524,4,4.5
"15790",21.4919785823757,23.1009244095534,4,4.5
"15791",19.4535236531242,26.1746115298815,4,4.5
"15792",21.6248721670338,25.0346668889686,4,4.5
"15793",18.3124849194996,29.0509662436926,4,4.5
"15794",22.5670196559512,30.319819571421,4,4.5
"15795",20.3281896371272,24.5378277793146,4,4.5
"15796",20.9483605419829,29.5489862239885,4,4.5
"15797",21.8443917011485,24.194900706652,4,4.5
"15798",20.853494160891,23.504849216411,4,4.5
"15799",23.5035657367273,24.4460228568223,4,4.5
"15800",20.3893811345936,24.1881912872634,4,4.5
"15801",21.1791923511479,26.0639006214739,4,4.5
"15802",19.6466259763264,22.1222052561212,4,4.5
"15803",19.836792069608,20.8928553856542,4,4.5
"15804",21.8358624523639,22.2751742140457,4,4.5
"15805",20.7216744019175,22.902268455734,4,4.5
"15806",18.4535393734419,28.4094705766081,4,4.5
"15807",19.8907103927278,26.2391727652522,4,4.5
"15808",19.731968319673,23.2365754171748,4,4.5
"15809",21.7813501569846,26.3048873632035,4,4.5
"15810",19.9507455487503,26.8948217726466,4,4.5
"15811",22.3324798262118,23.3258013908756,4,4.5
"15812",20.2990471403568,28.5697839241714,4,4.5
"15813",21.4628905702017,29.6645589068355,4,4.5
"15814",21.2266272124465,23.4559519781941,4,4.5
"15815",21.4520445167918,22.635504963478,4,4.5
"15816",21.0643658937321,23.9737277081846,4,4.5
"15817",19.9225080893449,23.5981374394202,4,4.5
"15818",21.6712696559698,24.2120758295745,4,4.5
"15819",22.2536308833338,27.1966568423618,4,4.5
"15820",20.0490465032721,29.8936450825792,4,4.5
"15821",19.4992974538661,18.2488078742998,4,4.5
"15822",19.294721284384,22.142556313218,4,4.5
"15823",21.2382561284744,23.4326259234287,4,4.5
"15824",20.4849149015342,27.419537190966,4,4.5
"15825",19.9307951297453,23.070185982383,4,4.5
"15826",20.2752540027059,27.3021402012137,4,4.5
"15827",20.9477438300547,23.6443532968746,4,4.5
"15828",19.4716717905427,29.8240759641742,4,4.5
"15829",18.7069541910279,25.4856293234387,4,4.5
"15830",21.6527248776741,21.3193898730298,4,4.5
"15831",21.8855792160501,26.5185820983077,4,4.5
"15832",21.1633578920118,22.3843802444442,4,4.5
"15833",21.1854299639048,23.1344887036954,4,4.5
"15834",19.5020053740938,22.0556675551733,4,4.5
"15835",21.5954536564791,22.9116183969853,4,4.5
"15836",20.5554486768563,23.1055354283844,4,4.5
"15837",20.3746429576103,25.4829265803349,4,4.5
"15838",20.9958880804202,26.817534544525,4,4.5
"15839",18.7406399167892,25.7647931980282,4,4.5
"15840",20.9280432701669,26.9298593299459,4,4.5
"15841",19.5114050650243,23.8489359240869,4,4.5
"15842",21.7870685809605,28.1154668358354,4,4.5
"15843",21.0131209041749,26.038125727519,4,4.5
"15844",20.375101413144,27.7466806345238,4,4.5
"15845",20.362355270481,27.8580330736436,4,4.5
"15846",19.6141129075904,21.937319566728,4,4.5
"15847",21.0360077205806,29.3366162612795,4,4.5
"15848",21.0446853623912,28.3486788959918,4,4.5
"15849",20.7816806373209,21.2633426082807,4,4.5
"15850",19.9952056093288,25.2819805266655,4,4.5
"15851",20.4301006757067,26.6609472573411,4,4.5
"15852",19.9206406617624,27.3357161357997,4,4.5
"15853",20.6209097517681,26.5821123099028,4,4.5
"15854",22.8154015169874,26.9428110620929,4,4.5
"15855",19.3116252483167,25.4099372696997,4,4.5
"15856",20.170481336161,26.4233195710761,4,4.5
"15857",21.3820476030156,27.8832196081541,4,4.5
"15858",20.4560583679329,22.4403012292712,4,4.5
"15859",21.0348916533208,31.6773723132775,4,4.5
"15860",19.9130997391362,27.5903883534527,4,4.5
"15861",20.5145303329148,19.7789841249802,4,4.5
"15862",19.9679258241526,27.5221335120938,4,4.5
"15863",20.7108181845776,29.1943819151833,4,4.5
"15864",20.9952473728088,28.5039812987317,4,4.5
"15865",21.646741084075,28.4361431061882,4,4.5
"15866",18.9919341432747,22.1194792119903,4,4.5
"15867",20.9262233220828,27.7674274779647,4,4.5
"15868",19.6770019365752,25.636609020447,4,4.5
"15869",21.2601333724934,26.9253819929394,4,4.5
"15870",21.9274383275312,28.2599324615453,4,4.5
"15871",21.2004215499304,29.3298639286057,4,4.5
"15872",21.5954058105553,26.1096332796403,4,4.5
"15873",20.6946921855836,27.3744723488654,4,4.5
"15874",20.2955756504418,24.4892717337435,4,4.5
"15875",22.2717174868887,25.8755609347827,4,4.5
"15876",19.7969898951903,28.7768475478231,4,4.5
"15877",20.6841390585049,22.4080365143178,4,4.5
"15878",19.5866811985905,25.278340224798,4,4.5
"15879",22.9151359371766,26.3812603691454,4,4.5
"15880",19.4000648723994,27.0554723935902,4,4.5
"15881",22.2395086308646,29.6910883489286,4,4.5
"15882",21.2995701513739,22.723839523316,4,4.5
"15883",21.3997949354986,25.305000433454,4,4.5
"15884",19.1780640499003,29.7099199477681,4,4.5
"15885",22.3063689379758,27.8929032273042,4,4.5
"15886",18.6370295370713,25.3150943839831,4,4.5
"15887",20.0649121669803,29.3670267353645,4,4.5
"15888",20.7787288494321,25.4287164172541,4,4.5
"15889",19.2878892430201,24.6289872327841,4,4.5
"15890",22.3660774516417,24.3766365639521,4,4.5
"15891",20.4808653085456,24.1404784962798,4,4.5
"15892",21.2177125563924,23.4620839717567,4,4.5
"15893",21.1860869573417,24.8555891365967,4,4.5
"15894",22.0010025800375,19.5825264612182,4,4.5
"15895",16.2676319173068,31.3758660634278,4,4.5
"15896",21.9105058889147,25.1297460024025,4,4.5
"15897",19.4924347161375,25.098938148992,4,4.5
"15898",19.3073531957313,23.9308403688929,4,4.5
"15899",19.0141153223673,29.3542043493472,4,4.5
"15900",20.8115647488037,31.2107693411638,4,4.5
"15901",17.7348394561591,25.260268861133,4,4.5
"15902",19.4970709827791,24.3157535162754,4,4.5
"15903",18.8338179854131,29.6419693708851,4,4.5
"15904",20.9658455600183,24.8775227671084,4,4.5
"15905",18.9034362824211,25.4698550333243,4,4.5
"15906",20.4563667144004,25.0935570146036,4,4.5
"15907",21.5270869112779,24.9874559117077,4,4.5
"15908",20.6887882058009,13.9907176504814,4,4.5
"15909",20.8464798682007,22.2033055689616,4,4.5
"15910",22.2594334229185,25.2379367100426,4,4.5
"15911",22.3504955462929,27.3974429852807,4,4.5
"15912",19.2912464560993,24.3885108120094,4,4.5
"15913",20.7847519135221,28.3392582602968,4,4.5
"15914",19.7888465761543,22.2268548787703,4,4.5
"15915",20.1300029401561,24.75120135155,4,4.5
"15916",20.0427253971253,22.170623073739,4,4.5
"15917",21.0279975604067,23.0071704289324,4,4.5
"15918",19.9728609711544,19.2048138025517,4,4.5
"15919",18.678460880768,28.2214628572238,4,4.5
"15920",19.4922038848257,30.4939883046957,4,4.5
"15921",20.0124109314682,24.1968804070961,4,4.5
"15922",19.6109411847119,23.4516125664958,4,4.5
"15923",20.6196088020608,24.913255687379,4,4.5
"15924",18.8215381310897,24.6341480598996,4,4.5
"15925",21.4990904675834,22.777375454937,4,4.5
"15926",19.0062173237047,30.0126944710501,4,4.5
"15927",18.4919430899106,21.7300157363473,4,4.5
"15928",20.8947393252119,29.6027800902055,4,4.5
"15929",18.3931954494813,28.146275199141,4,4.5
"15930",20.4155148893845,22.8962589793002,4,4.5
"15931",19.1463500002022,24.8109434353512,4,4.5
"15932",19.0388904630817,28.5226187095839,4,4.5
"15933",22.0890714943312,26.5170181249926,4,4.5
"15934",24.3801101587619,23.9950460122956,4,4.5
"15935",21.8036848713495,26.0054517486101,4,4.5
"15936",20.0912468875984,23.8605047606164,4,4.5
"15937",18.8217531894536,24.0448471695763,4,4.5
"15938",20.6400461337903,23.0053758788125,4,4.5
"15939",19.7340093439907,21.97243567111,4,4.5
"15940",20.5758857443095,24.8609213510767,4,4.5
"15941",22.156862293019,22.1283944478066,4,4.5
"15942",22.3102754441842,28.1342815036404,4,4.5
"15943",18.5786477659718,22.4258919940825,4,4.5
"15944",20.839687266294,27.1876999040261,4,4.5
"15945",19.2646684041977,25.7235673327286,4,4.5
"15946",20.9758004790923,21.1323442875457,4,4.5
"15947",22.6089480131965,20.6872740315365,4,4.5
"15948",22.5447579449144,22.3292238048813,4,4.5
"15949",21.3459775847889,24.2481897791892,4,4.5
"15950",20.5643153351857,27.5953013581579,4,4.5
"15951",21.843768098126,28.4774871352867,4,4.5
"15952",18.8314545604741,25.4964079116312,4,4.5
"15953",21.5854683256043,29.047666818406,4,4.5
"15954",21.5292839652468,25.9697832171272,4,4.5
"15955",20.9674143897243,29.7440916383417,4,4.5
"15956",21.3003751451379,24.4863662554528,4,4.5
"15957",22.3234574771185,24.7466855729637,4,4.5
"15958",19.9150243200247,25.9409110871935,4,4.5
"15959",23.5353269838774,23.4324931436147,4,4.5
"15960",21.0324801609113,26.4592669708277,4,4.5
"15961",20.3410289983088,24.9045614319259,4,4.5
"15962",19.086757220655,27.6906864350515,4,4.5
"15963",19.4487408375558,26.3375263536599,4,4.5
"15964",19.9517683624484,23.666045788465,4,4.5
"15965",21.2863342136304,21.2352498487163,4,4.5
"15966",22.9147988114508,27.4330541584235,4,4.5
"15967",19.6409972828926,28.8305329399549,4,4.5
"15968",21.3329415822293,22.8635028787144,4,4.5
"15969",18.2262051537337,22.6629677888251,4,4.5
"15970",19.4353349243653,24.3073100903849,4,4.5
"15971",20.9055401863911,22.097878207905,4,4.5
"15972",20.501105898856,23.7694913150037,4,4.5
"15973",21.7366860588798,24.5676046207799,4,4.5
"15974",20.5319306764663,28.8837252258433,4,4.5
"15975",20.6542034096005,23.9117608449918,4,4.5
"15976",19.9383761816047,22.3879981607305,4,4.5
"15977",20.9509271636815,23.7875977369161,4,4.5
"15978",21.1407168668554,24.6939413050298,4,4.5
"15979",21.1274345719767,21.4076637710785,4,4.5
"15980",18.8231931194981,27.0856839597775,4,4.5
"15981",21.4513082791477,24.7502305708209,4,4.5
"15982",20.1795426013588,27.8858026006932,4,4.5
"15983",18.4669455479746,25.4552221615661,4,4.5
"15984",20.3682009143779,24.8930138497572,4,4.5
"15985",22.8971260945244,23.6051929481259,4,4.5
"15986",20.9177742594398,27.2708206816462,4,4.5
"15987",19.5335502243812,25.51866075088,4,4.5
"15988",22.1795362505303,27.0069810771829,4,4.5
"15989",22.6852164909513,26.329130296267,4,4.5
"15990",20.9690660743245,25.6915473750437,4,4.5
"15991",19.709780797769,26.2915415475462,4,4.5
"15992",20.3779940188691,22.606011518765,4,4.5
"15993",19.861766236205,26.8623937074316,4,4.5
"15994",18.5726190185985,25.6638061986882,4,4.5
"15995",20.3862467288154,27.6853731596689,4,4.5
"15996",23.6230569472118,23.6519650024564,4,4.5
"15997",19.9286202775092,28.0173252480518,4,4.5
"15998",22.9186038539821,27.4926197569227,4,4.5
"15999",20.1499428834142,28.5514257699966,4,4.5
"16000",18.4849302266337,22.6763046419134,4,4.5
