"X1","X2","component","subcomponent"
"15001",5.30704285558228,24.8330857396131,8,6.5
"15002",7.86887384406948,23.9908154434347,8,6.5
"15003",9.12715067657325,29.491000232794,8,6.5
"15004",7.37501053445574,24.1471000691283,8,6.5
"15005",6.61229745490313,24.7011502226186,8,6.5
"15006",6.91255758626301,25.1909111058218,8,6.5
"15007",7.29396465523678,25.405305230348,8,6.5
"15008",7.73486418895515,25.0613782787415,8,6.5
"15009",6.92550271862753,28.7448696092163,8,6.5
"15010",8.71737021923963,26.0924584835461,8,6.5
"15011",10.2413763214127,27.681356245856,8,6.5
"15012",8.10270700758837,23.9927359236094,8,6.5
"15013",6.15100707890481,26.3053355030475,8,6.5
"15014",9.63073246453674,30.4972194656203,8,6.5
"15015",8.84017288452382,22.2296515287233,8,6.5
"15016",7.71045708866161,26.0709566587291,8,6.5
"15017",10.6192764783003,25.9149720243571,8,6.5
"15018",8.15139982545404,23.5271485148284,8,6.5
"15019",8.23411025683359,25.7304325976133,8,6.5
"15020",8.89467095237863,31.1195597773359,8,6.5
"15021",9.16488490257116,23.3888942604074,8,6.5
"15022",6.79269040961515,25.0054796012542,8,6.5
"15023",5.60212413836345,26.2172625732251,8,6.5
"15024",8.35403648475176,30.0091070654214,8,6.5
"15025",9.17897832981145,27.0811455568501,8,6.5
"15026",7.48267531054072,22.4333284169079,8,6.5
"15027",6.60409694238708,22.9729068380536,8,6.5
"15028",8.36161308515952,27.4151524028715,8,6.5
"15029",7.91390768182062,31.133648927351,8,6.5
"15030",7.23420732484112,29.1672650751726,8,6.5
"15031",7.80473406695845,22.0699588809125,8,6.5
"15032",8.80577376135073,27.7032541010843,8,6.5
"15033",7.43698923214342,28.6829117603889,8,6.5
"15034",7.4282314892595,24.173052883932,8,6.5
"15035",9.90771761954656,26.2082046935617,8,6.5
"15036",8.58072439048667,33.5012134300972,8,6.5
"15037",7.23580020020411,18.8040966443682,8,6.5
"15038",7.5623526924666,27.5844825011283,8,6.5
"15039",9.20866766466196,28.2439124942834,8,6.5
"15040",11.2083306697454,31.605305939426,8,6.5
"15041",7.89256019293618,26.3873375241526,8,6.5
"15042",7.75843379884385,26.447342061861,8,6.5
"15043",7.8012982535007,25.7010580375328,8,6.5
"15044",8.00139361994171,33.5833927846399,8,6.5
"15045",6.51618017781108,21.9413401638189,8,6.5
"15046",8.31916889731145,27.3012064934609,8,6.5
"15047",8.00901155049284,25.5385782283017,8,6.5
"15048",6.78404122437836,27.1063671479226,8,6.5
"15049",6.08555766262994,23.5612136486151,8,6.5
"15050",6.86464209955584,30.6919183277486,8,6.5
"15051",7.5102003420405,29.7738383437856,8,6.5
"15052",8.20690936048096,29.7377849079617,8,6.5
"15053",8.74716368541262,25.9981019255259,8,6.5
"15054",10.4032959892212,28.2028499631099,8,6.5
"15055",8.48913725217276,25.6436643680321,8,6.5
"15056",8.47419970163169,31.4583837748677,8,6.5
"15057",6.17224804118,26.2759886726357,8,6.5
"15058",8.5743377216684,31.2144493157692,8,6.5
"15059",7.84999471589429,22.6239860785844,8,6.5
"15060",9.61868702367761,26.4974171199256,8,6.5
"15061",7.02670279143925,22.3609146427226,8,6.5
"15062",10.4154496861802,26.0241063895456,8,6.5
"15063",7.29676096741026,26.3031060168894,8,6.5
"15064",6.09316457960682,20.0868010346883,8,6.5
"15065",7.26474283533872,21.8999387765656,8,6.5
"15066",6.62042909930271,20.3355521940831,8,6.5
"15067",5.45464906169872,23.4371692717559,8,6.5
"15068",10.7121924821659,32.1509755421199,8,6.5
"15069",9.36889401212016,28.2427002195886,8,6.5
"15070",7.64324797044398,25.6010363217214,8,6.5
"15071",9.9006830774441,25.1253110149571,8,6.5
"15072",8.77359939032883,28.4207543044805,8,6.5
"15073",8.55264352543394,21.4470992628592,8,6.5
"15074",9.97119114348417,28.0559826779054,8,6.5
"15075",5.60992076589463,23.0366738560657,8,6.5
"15076",6.61924635481759,26.1386032625495,8,6.5
"15077",5.48304819369752,25.498539882833,8,6.5
"15078",7.60121263045004,27.4788126966161,8,6.5
"15079",7.01190220309968,27.0818179240752,8,6.5
"15080",5.396386215727,26.419185914528,8,6.5
"15081",7.11661532268807,29.2590723934101,8,6.5
"15082",9.78894239280661,23.0829949937135,8,6.5
"15083",7.27143202202866,23.8110407770704,8,6.5
"15084",9.10713923813438,28.1440290252667,8,6.5
"15085",10.9368456472599,26.5588262808995,8,6.5
"15086",5.20780087278038,26.9908627929726,8,6.5
"15087",8.3214609304114,23.6691652249484,8,6.5
"15088",7.25039602242069,30.2939423449244,8,6.5
"15089",8.42035849053797,27.9633308202754,8,6.5
"15090",8.23016391412429,28.0214267481855,8,6.5
"15091",6.85724855501262,25.7273568501743,8,6.5
"15092",7.93039866350352,26.6046922193966,8,6.5
"15093",7.64142155673346,30.3827293605177,8,6.5
"15094",7.7995978939167,25.4693427244497,8,6.5
"15095",7.11513695818996,26.5937491613897,8,6.5
"15096",10.8514344742782,29.7555959914092,8,6.5
"15097",7.21439616045857,22.8496502929454,8,6.5
"15098",6.77162485522736,27.4867620547219,8,6.5
"15099",8.49056982345459,29.7245982665136,8,6.5
"15100",10.1504371382406,30.1078535264486,8,6.5
"15101",8.69476988231112,26.1035301417773,8,6.5
"15102",8.75925748741346,25.2744319798463,8,6.5
"15103",9.42329049869916,26.7116736736921,8,6.5
"15104",5.75040947526051,27.4208203348939,8,6.5
"15105",8.62409309850511,29.2404287565905,8,6.5
"15106",12.8978490528387,32.833507481113,8,6.5
"15107",7.60101259628094,28.7471262349569,8,6.5
"15108",7.01438948255415,21.8648452424952,8,6.5
"15109",8.73513256519627,29.0763584469271,8,6.5
"15110",10.6683937500289,25.536490742578,8,6.5
"15111",6.44959195998479,23.9746414627644,8,6.5
"15112",7.46697642148471,26.718230136162,8,6.5
"15113",6.6138597085077,22.6656413808913,8,6.5
"15114",9.04439789309077,25.7050599314155,8,6.5
"15115",6.40737685143947,28.0290204152453,8,6.5
"15116",7.37312203311238,25.7103967738183,8,6.5
"15117",7.55767445207783,28.1852575404773,8,6.5
"15118",6.85809819656285,27.783704433557,8,6.5
"15119",7.67488163826527,28.1288920526669,8,6.5
"15120",5.60249498049813,18.765165279231,8,6.5
"15121",9.59133891864225,28.5294170452815,8,6.5
"15122",9.14483551324497,24.9340662898425,8,6.5
"15123",7.39394848452909,27.2704366314726,8,6.5
"15124",6.44236337218148,23.012886891746,8,6.5
"15125",8.50559277737689,26.3266431102518,8,6.5
"15126",6.60737141842604,24.8064385807028,8,6.5
"15127",8.16112455409859,27.6346967515433,8,6.5
"15128",6.86769672626031,26.9748275265475,8,6.5
"15129",8.18113177487039,31.0499416745509,8,6.5
"15130",6.05998136565203,23.0438785094835,8,6.5
"15131",6.59742167369639,24.7684114697865,8,6.5
"15132",7.7505040748807,30.550862767466,8,6.5
"15133",7.63223372516096,26.5548718837386,8,6.5
"15134",7.17637950381527,20.638288952431,8,6.5
"15135",6.76120082391384,21.6868821745453,8,6.5
"15136",8.14770558524204,28.4058950582037,8,6.5
"15137",8.68393233558537,27.2342430739612,8,6.5
"15138",8.74480360211923,27.742409516633,8,6.5
"15139",8.37962514190536,32.5699549434261,8,6.5
"15140",6.70663591034035,27.1088404616921,8,6.5
"15141",8.3362132550414,30.1952875786265,8,6.5
"15142",6.21836068008511,23.7292760954943,8,6.5
"15143",9.14240252097371,29.3878041252714,8,6.5
"15144",6.39953816421128,26.9558448111693,8,6.5
"15145",8.88678646645531,29.0457565144856,8,6.5
"15146",7.04884456011083,26.9139053552494,8,6.5
"15147",9.8955092835354,29.5376011855545,8,6.5
"15148",8.94045193531622,28.660900543345,8,6.5
"15149",5.95020992010819,21.2809951292465,8,6.5
"15150",6.77292472919884,23.0867537907491,8,6.5
"15151",7.14093023666981,25.4133819559666,8,6.5
"15152",7.26807560972563,28.1866972982434,8,6.5
"15153",9.95197350805389,31.2932741813156,8,6.5
"15154",9.01700043276432,26.3993311854314,8,6.5
"15155",9.68361915148272,28.4620446683873,8,6.5
"15156",9.25827992997769,24.2472785918559,8,6.5
"15157",6.77321541940814,26.9164068489322,8,6.5
"15158",6.70601329692992,23.0471532380782,8,6.5
"15159",9.47466605700166,27.1415830441645,8,6.5
"15160",8.9765558291069,27.4183423077913,8,6.5
"15161",7.29967515130473,27.2506357441255,8,6.5
"15162",8.99772118620576,25.0002919738619,8,6.5
"15163",8.68339879395161,29.768085873777,8,6.5
"15164",8.07567466291464,23.521759867369,8,6.5
"15165",7.32096408867772,24.0383088080013,8,6.5
"15166",9.26744952190888,27.3035368939303,8,6.5
"15167",7.26453373065674,22.5217573683488,8,6.5
"15168",9.15299705091002,26.2227102589899,8,6.5
"15169",7.18861897889236,28.7148159006838,8,6.5
"15170",8.66691725700826,26.9785958177955,8,6.5
"15171",8.53482270019853,28.0079693896013,8,6.5
"15172",9.77464146042054,29.5516994079476,8,6.5
"15173",7.06796994210201,27.5690616209524,8,6.5
"15174",8.315199090423,29.45394933586,8,6.5
"15175",8.55787030213773,29.2088726023957,8,6.5
"15176",8.72346248466425,22.5228097156709,8,6.5
"15177",7.01256650890552,27.256679107102,8,6.5
"15178",7.14353388447143,30.5216258098498,8,6.5
"15179",5.53504211296721,28.7501426795137,8,6.5
"15180",8.46083007131721,28.8646432218059,8,6.5
"15181",6.67334490274708,23.1426526473775,8,6.5
"15182",8.10878826629698,26.6425682513088,8,6.5
"15183",7.91070003189244,23.9758220237403,8,6.5
"15184",6.3075690522581,24.3463699610988,8,6.5
"15185",8.28926963183715,24.8530903161279,8,6.5
"15186",8.56657479870333,25.5784777834295,8,6.5
"15187",11.3370151410298,24.5901766032115,8,6.5
"15188",7.08985472842818,28.0760917361675,8,6.5
"15189",7.6623783587145,26.2559036234077,8,6.5
"15190",8.06904288909133,26.5027645230571,8,6.5
"15191",6.42813994000991,26.8323045064016,8,6.5
"15192",8.40227575273824,28.5878003118467,8,6.5
"15193",7.90086554985663,28.273197757441,8,6.5
"15194",7.8186109303905,25.9204155929023,8,6.5
"15195",5.83029769531459,25.0922016138485,8,6.5
"15196",8.97177787398988,27.61787244591,8,6.5
"15197",8.06028399246853,28.3935083380133,8,6.5
"15198",7.8220370613653,28.746837704747,8,6.5
"15199",6.56651030499539,22.75322230867,8,6.5
"15200",8.09432745201804,29.373048236889,8,6.5
"15201",6.75257582591331,24.6519667901785,8,6.5
"15202",7.52235436482127,24.2525336121037,8,6.5
"15203",8.99966442543912,24.270339325733,8,6.5
"15204",9.23317476919255,30.6927655389154,8,6.5
"15205",10.4018725162519,26.2548687249668,8,6.5
"15206",9.2118220609802,27.2533416699634,8,6.5
"15207",7.60234243490133,26.2937124266733,8,6.5
"15208",6.92753182414385,25.8983778620675,8,6.5
"15209",8.99189593172075,23.4226293766752,8,6.5
"15210",10.2484308507119,24.7452910598134,8,6.5
"15211",8.89954953617406,28.8524981846622,8,6.5
"15212",7.67498572093957,26.215328130556,8,6.5
"15213",8.73652875087535,29.9714801071393,8,6.5
"15214",8.4451222770623,22.2997199190646,8,6.5
"15215",8.31030007500571,24.627463072916,8,6.5
"15216",6.66797177484082,27.2791551144554,8,6.5
"15217",6.34906223941511,20.5537788882584,8,6.5
"15218",8.82097355855952,22.2358540767918,8,6.5
"15219",7.34191951347673,27.9251532285085,8,6.5
"15220",8.95625569404484,26.9057367539848,8,6.5
"15221",10.1590737833981,29.1531614147512,8,6.5
"15222",4.85331757071565,27.3610479126174,8,6.5
"15223",8.68876897904017,26.1682410379431,8,6.5
"15224",7.45513632604911,24.8206433282827,8,6.5
"15225",7.16881466129644,21.8207896449155,8,6.5
"15226",8.23996014648082,28.2922837560952,8,6.5
"15227",7.83597239829829,24.8774224827399,8,6.5
"15228",6.45252342189456,22.2118208348478,8,6.5
"15229",6.67788553394918,25.1985425971002,8,6.5
"15230",7.85653130706817,23.5221674974592,8,6.5
"15231",9.08422689479711,31.3267517746327,8,6.5
"15232",8.37227052574713,22.2710622001948,8,6.5
"15233",7.2152227560907,26.7273326395797,8,6.5
"15234",11.2294176573144,24.3794956303796,8,6.5
"15235",8.52919331425251,29.2274709963748,8,6.5
"15236",7.56341835322731,30.384317548334,8,6.5
"15237",7.64833929473355,29.2231214443305,8,6.5
"15238",6.47836748999061,19.7796281499039,8,6.5
"15239",6.10836907254294,23.9115664124277,8,6.5
"15240",8.61762004540461,23.8029862722226,8,6.5
"15241",7.35270421480489,32.9966706932274,8,6.5
"15242",6.92036962021216,26.8615984397722,8,6.5
"15243",9.06217053150456,24.9473788093569,8,6.5
"15244",8.45390298258131,24.6713181640942,8,6.5
"15245",10.457277861603,31.5826777191565,8,6.5
"15246",8.29936769885384,28.3685419754827,8,6.5
"15247",9.35578052739876,26.8607136103364,8,6.5
"15248",7.92603175388568,29.5548878273504,8,6.5
"15249",8.08936255427354,31.7168483287565,8,6.5
"15250",10.2778248118488,24.0844054106092,8,6.5
"15251",5.74375924169106,23.8558388128949,8,6.5
"15252",7.31471208261031,28.2788327727727,8,6.5
"15253",8.8909417190801,27.7270828667258,8,6.5
"15254",8.39907384569129,25.6275538498442,8,6.5
"15255",6.07826510926231,25.4212156527126,8,6.5
"15256",6.92155514122362,23.3318954137567,8,6.5
"15257",8.47670763972793,23.0442118052593,8,6.5
"15258",7.57930941865118,30.6632766819796,8,6.5
"15259",10.2502440097465,26.0801231010267,8,6.5
"15260",6.64365235290784,26.4495122243629,8,6.5
"15261",9.34846601525952,25.9764195122242,8,6.5
"15262",6.6260266132329,25.0229615325401,8,6.5
"15263",8.72311556666888,26.7661604410214,8,6.5
"15264",6.65302440344222,23.5548183332965,8,6.5
"15265",6.416694680636,28.5646370661241,8,6.5
"15266",5.56114572864152,23.3152658054924,8,6.5
"15267",7.19170693356439,24.5785068055211,8,6.5
"15268",8.81562753752766,27.542858495178,8,6.5
"15269",7.17897383158367,30.2073218059117,8,6.5
"15270",6.69985701654479,22.3549169477469,8,6.5
"15271",9.51930653244952,31.5280262831386,8,6.5
"15272",10.3107364198587,29.5726415586758,8,6.5
"15273",6.20071204440895,25.7853736153023,8,6.5
"15274",7.01988086902074,25.849412229148,8,6.5
"15275",7.77303393711312,28.8198446512249,8,6.5
"15276",9.61034927271704,28.2075885848118,8,6.5
"15277",7.60153753128264,28.2795795807955,8,6.5
"15278",6.633517748173,24.9651893597952,8,6.5
"15279",6.76144782641048,25.9490579495719,8,6.5
"15280",9.53845011556725,29.6416281902046,8,6.5
"15281",7.58731618725713,27.8885408942504,8,6.5
"15282",8.528558486398,27.8036497431677,8,6.5
"15283",7.50693998716666,26.2424636714116,8,6.5
"15284",7.05109116790606,23.5362725075287,8,6.5
"15285",8.67998505552328,23.7399092500373,8,6.5
"15286",7.04523893152504,25.4536906494643,8,6.5
"15287",8.60717976392959,25.7970699254357,8,6.5
"15288",7.630788040502,25.8590967157547,8,6.5
"15289",7.25737664353279,22.962719971214,8,6.5
"15290",8.2634771875989,23.7589751637054,8,6.5
"15291",10.9741697636813,25.2292233367481,8,6.5
"15292",8.10799930207057,25.5385712233013,8,6.5
"15293",9.08299920517601,27.9042402292859,8,6.5
"15294",11.2451539789357,29.3902879475,8,6.5
"15295",8.60523881419031,24.138157324508,8,6.5
"15296",7.73904740469909,30.5187951950522,8,6.5
"15297",7.07644245300799,26.7467671693743,8,6.5
"15298",8.05402682554967,28.8035033434146,8,6.5
"15299",9.78244323495091,28.3281314226119,8,6.5
"15300",8.95867950533349,28.3403185749421,8,6.5
"15301",8.07782169759913,26.1445821958809,8,6.5
"15302",9.75626252311484,26.0583780633928,8,6.5
"15303",7.93982596514911,25.1698153840657,8,6.5
"15304",8.42089531821354,29.7403664729294,8,6.5
"15305",6.9565772675625,25.6509371183265,8,6.5
"15306",6.64544632502591,22.9181406581104,8,6.5
"15307",9.00339360987002,24.7018882995461,8,6.5
"15308",7.75438887235599,28.6178681401495,8,6.5
"15309",7.49454591372404,33.9213397565602,8,6.5
"15310",5.94765382667788,28.834732735818,8,6.5
"15311",7.64140729989548,25.3652106522161,8,6.5
"15312",7.68975894412324,20.1190712397379,8,6.5
"15313",7.36704550690704,27.3094621805958,8,6.5
"15314",9.82708862806667,31.3138207047892,8,6.5
"15315",5.68611802842098,23.5767861931652,8,6.5
"15316",8.4994390781363,25.2243617986873,8,6.5
"15317",8.0652421116642,26.8046751869003,8,6.5
"15318",6.39674608686377,23.4274691865011,8,6.5
"15319",6.67478846677181,28.5767758311625,8,6.5
"15320",8.13191097632681,20.7969497932979,8,6.5
"15321",7.948286453564,28.9685578004102,8,6.5
"15322",8.78355638061558,29.765177720641,8,6.5
"15323",6.10305645721908,24.1911822278475,8,6.5
"15324",8.76106196160377,26.0981202674913,8,6.5
"15325",7.37985708780398,29.7418783601202,8,6.5
"15326",7.39113027168154,23.6352353773925,8,6.5
"15327",8.9472233906272,20.8552454460707,8,6.5
"15328",9.52949953833247,25.1202710838601,8,6.5
"15329",6.77004733131184,26.7024073317259,8,6.5
"15330",6.98903806733459,24.9275463035879,8,6.5
"15331",8.83882885220596,30.3036570001283,8,6.5
"15332",7.72549352796082,27.7672812147545,8,6.5
"15333",6.59191840110325,20.1254050068745,8,6.5
"15334",8.47105032550434,31.4679871095837,8,6.5
"15335",8.88807916438812,28.2676644501782,8,6.5
"15336",7.60423189662131,24.707023920089,8,6.5
"15337",8.63087141861078,25.9771857908484,8,6.5
"15338",6.698593796736,18.6880420692644,8,6.5
"15339",8.57640496451175,24.6748124741517,8,6.5
"15340",9.38881611012763,22.059553178308,8,6.5
"15341",7.94715385418812,25.786563215801,8,6.5
"15342",8.18274316081197,26.9527602364225,8,6.5
"15343",9.04674895341951,24.9909683477105,8,6.5
"15344",8.44197408713327,24.7048238566801,8,6.5
"15345",8.45593980644898,31.2904288514561,8,6.5
"15346",9.08498498747969,28.1019165974361,8,6.5
"15347",10.0159544880885,33.8413285602459,8,6.5
"15348",9.95024299379446,30.131874849446,8,6.5
"15349",6.24744293883729,29.9577104702271,8,6.5
"15350",7.63109620171913,29.3097213391632,8,6.5
"15351",7.6336284513129,28.1427447881514,8,6.5
"15352",7.80797078234165,25.0784782532702,8,6.5
"15353",9.89600879135417,26.0747552036152,8,6.5
"15354",9.20470511133875,31.5008606097154,8,6.5
"15355",6.41696299421054,23.9756635732569,8,6.5
"15356",9.16592449654384,25.5249135817805,8,6.5
"15357",9.66284055697824,29.1060513114326,8,6.5
"15358",6.21914558050169,30.2622098405093,8,6.5
"15359",8.33716108740811,23.8147529614309,8,6.5
"15360",8.96929793663192,27.6041342079701,8,6.5
"15361",9.45423677624434,23.1753621107938,8,6.5
"15362",6.81630252889707,22.8465665369958,8,6.5
"15363",6.11940659377535,25.2880012605961,8,6.5
"15364",8.48327671818659,27.6434503021528,8,6.5
"15365",8.16669512951906,26.7842092395241,8,6.5
"15366",7.49889999974982,25.2280212200962,8,6.5
"15367",8.88601929362949,27.2801438009752,8,6.5
"15368",9.12348833441995,27.9194567883409,8,6.5
"15369",8.11883491135668,33.4344967400085,8,6.5
"15370",8.20950241878943,25.2318358249627,8,6.5
"15371",6.62445384129987,25.9724845696068,8,6.5
"15372",9.40511564808662,27.8170708711115,8,6.5
"15373",6.44360412078775,22.5327730594465,8,6.5
"15374",9.6559760905328,33.7363980342557,8,6.5
"15375",8.12467348911157,27.6052923769384,8,6.5
"15376",9.69608739308217,28.7019434864799,8,6.5
"15377",6.82512063564912,28.1661655883693,8,6.5
"15378",7.41245547009625,22.4172664081538,8,6.5
"15379",8.37341975389976,28.0096857507406,8,6.5
"15380",9.40492636043399,33.498857264395,8,6.5
"15381",7.79613281844824,24.6019516548663,8,6.5
"15382",6.29290591762497,27.2232090439485,8,6.5
"15383",6.31493729888987,27.1838777698566,8,6.5
"15384",6.38170143481342,21.5884439784211,8,6.5
"15385",6.38391820787644,26.6986404123573,8,6.5
"15386",7.22505331725505,24.4936878279518,8,6.5
"15387",8.05916342660403,24.8659905970358,8,6.5
"15388",7.83159634283156,20.0360003200552,8,6.5
"15389",8.19919714420807,23.6729522969164,8,6.5
"15390",9.308047779998,31.3202082584363,8,6.5
"15391",8.5338911502297,30.3216868148108,8,6.5
"15392",8.36372865849541,27.9841798338759,8,6.5
"15393",8.02792095206922,31.1325840897365,8,6.5
"15394",9.79664483127823,26.9080619560197,8,6.5
"15395",5.21001474456525,21.4466878715354,8,6.5
"15396",5.96782947661987,24.5877282740396,8,6.5
"15397",9.4378959875717,33.595592508706,8,6.5
"15398",8.99875634310345,27.5511478890593,8,6.5
"15399",8.24864931425944,27.3101053447855,8,6.5
"15400",8.36719442400211,29.0155031736082,8,6.5
"15401",8.79122821200277,29.6089501547283,8,6.5
"15402",6.99091168497275,30.694432451093,8,6.5
"15403",7.58971115531769,28.0003207138346,8,6.5
"15404",6.97877887470218,27.6573802023565,8,6.5
"15405",8.28125405062775,27.9842977150081,8,6.5
"15406",8.68746513461263,29.5628523062834,8,6.5
"15407",8.26198773831287,29.4535206134291,8,6.5
"15408",7.69955980420616,29.4295663580951,8,6.5
"15409",9.98133445275266,27.3688564421944,8,6.5
"15410",9.11288444097176,20.3884744613101,8,6.5
"15411",12.3766219451527,29.3712067657445,8,6.5
"15412",9.35898108080318,27.3809817389451,8,6.5
"15413",9.89309721087906,29.8194267655482,8,6.5
"15414",8.45651777878462,27.8742057385034,8,6.5
"15415",10.1835132607181,25.4489928024451,8,6.5
"15416",8.83645708512781,22.3350056414044,8,6.5
"15417",8.92794359017919,27.9951662840044,8,6.5
"15418",8.16360669178288,29.565979404154,8,6.5
"15419",7.77110935815319,31.0932484546656,8,6.5
"15420",9.29963586493477,27.0597776689411,8,6.5
"15421",6.91065895851604,28.6179149398906,8,6.5
"15422",8.32753917033186,29.6755859905116,8,6.5
"15423",7.46825035385913,32.2116851350719,8,6.5
"15424",8.69440513981309,24.6312493791855,8,6.5
"15425",6.22894288276098,22.2699800656562,8,6.5
"15426",9.21414478408747,29.5346609830229,8,6.5
"15427",6.8841621156769,28.571538220674,8,6.5
"15428",6.9836226097052,28.3503734575534,8,6.5
"15429",9.32750439873723,27.3142141573748,8,6.5
"15430",6.25440024220233,24.6816800832173,8,6.5
"15431",6.96651071335939,23.2932216896797,8,6.5
"15432",5.94379846265584,28.7223070938614,8,6.5
"15433",9.89783673130348,29.9662919862023,8,6.5
"15434",7.68737037907002,24.8270792733902,8,6.5
"15435",7.65365163217108,23.8322366104856,8,6.5
"15436",9.8175077344469,30.3856971456614,8,6.5
"15437",7.75665382225161,28.0831635503254,8,6.5
"15438",8.52063678006955,25.9902448674471,8,6.5
"15439",7.23831396157005,26.9502175225153,8,6.5
"15440",7.09404562580557,25.1734731507116,8,6.5
"15441",5.67512190295802,22.0871622758948,8,6.5
"15442",7.51508202456547,24.5454634171943,8,6.5
"15443",7.5377927331702,30.1701503783986,8,6.5
"15444",7.99676451388491,28.4229219433711,8,6.5
"15445",6.64955182392734,27.4546288918472,8,6.5
"15446",5.67279378870834,24.8046108622928,8,6.5
"15447",8.24376290096421,25.0520482722099,8,6.5
"15448",8.19471114949116,19.3847174364026,8,6.5
"15449",9.39249922407988,24.3434970777636,8,6.5
"15450",7.61818577938155,22.5342248037369,8,6.5
"15451",9.03348103646017,28.7302326693888,8,6.5
"15452",6.03914410233936,27.2327242485835,8,6.5
"15453",9.07059802309652,26.4003360428675,8,6.5
"15454",6.83518126282518,25.0452084236401,8,6.5
"15455",8.73223499093473,26.6840878259754,8,6.5
"15456",8.18199579573013,26.4000781859228,8,6.5
"15457",7.36818096105757,25.6136712731151,8,6.5
"15458",7.07685776077165,25.7143142691065,8,6.5
"15459",9.08633335169788,30.0234088082948,8,6.5
"15460",8.08940311389148,25.4392790156405,8,6.5
"15461",9.40133975768866,26.3799199249766,8,6.5
"15462",8.01448907150138,28.1404207950306,8,6.5
"15463",8.99489933653443,25.7782480890201,8,6.5
"15464",8.8759504549174,28.4329448236432,8,6.5
"15465",5.61691830435372,22.1307035014543,8,6.5
"15466",8.37886635159916,26.1148026387482,8,6.5
"15467",8.42469303770795,29.0763025045497,8,6.5
"15468",7.23989382291584,24.004119100112,8,6.5
"15469",9.26948526665426,31.8837601447734,8,6.5
"15470",9.12081518459444,30.8321548030666,8,6.5
"15471",8.00509574845298,23.1399857515302,8,6.5
"15472",7.38658155171495,23.2126534280364,8,6.5
"15473",6.77380275435361,26.674049756916,8,6.5
"15474",8.7216510397945,28.3939668137627,8,6.5
"15475",9.7700189874816,27.582513733356,8,6.5
"15476",8.76563672579042,30.3517857543505,8,6.5
"15477",5.78318171473032,22.3952986724656,8,6.5
"15478",8.75661321452647,25.3428907774929,8,6.5
"15479",6.24371915172906,22.6664426580609,8,6.5
"15480",6.11782117295364,25.5114110212746,8,6.5
"15481",8.05764098729357,28.4504561241677,8,6.5
"15482",7.45282036789536,28.1953135742961,8,6.5
"15483",8.1687194450636,27.1288076389273,8,6.5
"15484",9.00705643260802,28.4829781943243,8,6.5
"15485",9.4600403189084,25.3366980784094,8,6.5
"15486",8.22188751188021,25.9343662058092,8,6.5
"15487",9.49323815957562,26.2431129980332,8,6.5
"15488",9.80176441164865,21.8258225154825,8,6.5
"15489",9.39688067399944,29.9042135096782,8,6.5
"15490",6.83604148910781,26.1168635804823,8,6.5
"15491",8.73842746622943,26.7514324150909,8,6.5
"15492",6.16454103473324,26.7753533707616,8,6.5
"15493",8.6273201993255,23.4560498016315,8,6.5
"15494",9.72340179875077,31.2950723419221,8,6.5
"15495",9.52082427267428,31.380172453508,8,6.5
"15496",8.07031866271391,30.3038836974304,8,6.5
"15497",9.84452738119021,27.1981160848114,8,6.5
"15498",8.00645650960944,28.1273428467853,8,6.5
"15499",7.80972941166124,29.5229675155265,8,6.5
"15500",8.16689306858378,21.7254035577558,8,6.5
"15501",8.9060775400501,26.4726358709938,8,6.5
"15502",10.900344596361,34.7631945364217,8,6.5
"15503",7.35940385705369,24.9345025556778,8,6.5
"15504",7.81135014364054,27.2658031442804,8,6.5
"15505",7.78011246871587,25.1377244148987,8,6.5
"15506",6.5099270067957,23.5643654690601,8,6.5
"15507",8.6329199842506,28.3517993065513,8,6.5
"15508",6.74587252541522,23.1231176165975,8,6.5
"15509",7.73691918769199,27.6956006210888,8,6.5
"15510",8.04821506563215,27.1558544575534,8,6.5
"15511",6.85809104489312,21.9736895201534,8,6.5
"15512",7.83822146484255,29.7681453613115,8,6.5
"15513",10.2532892045313,29.5670473961675,8,6.5
"15514",8.55626148979835,27.2435545884898,8,6.5
"15515",6.25178582091732,24.3653009591467,8,6.5
"15516",9.6417456118687,30.0783507533129,8,6.5
"15517",7.12303060239085,30.0688411307084,8,6.5
"15518",6.73021809070622,27.7264789439323,8,6.5
"15519",8.32122781432512,26.7448705018543,8,6.5
"15520",9.71442909569493,25.8059474934285,8,6.5
"15521",9.45078723556023,28.6658729126377,8,6.5
"15522",11.6646260938324,29.6130935691238,8,6.5
"15523",7.05713970413451,26.3035128726302,8,6.5
"15524",9.55379827537333,29.0470329711721,8,6.5
"15525",7.91950328802676,25.0425522751397,8,6.5
"15526",6.45197576220433,22.970035123169,8,6.5
"15527",8.17214930203279,29.901047423051,8,6.5
"15528",8.1211648330996,25.0398168269716,8,6.5
"15529",9.63938627767114,30.6913212189521,8,6.5
"15530",6.913349468709,26.5250857526161,8,6.5
"15531",8.80536693744483,29.2411602080824,8,6.5
"15532",8.29344863368187,23.5630256368168,8,6.5
"15533",9.62097797805459,34.2044120102736,8,6.5
"15534",6.20183878609097,23.5578613444494,8,6.5
"15535",5.13604037307429,23.1780716174962,8,6.5
"15536",8.63472381073043,25.0422397008042,8,6.5
"15537",9.20983886234289,24.855310281599,8,6.5
"15538",6.08053026962365,25.7450431961431,8,6.5
"15539",8.19589216604217,31.8635197949004,8,6.5
"15540",8.60401508619226,27.415204716423,8,6.5
"15541",8.56821201378666,32.8870954349347,8,6.5
"15542",10.573854362885,25.450903860257,8,6.5
"15543",7.33105946442227,26.3421326660949,8,6.5
"15544",8.95532672190339,26.8875404789963,8,6.5
"15545",9.64581338755725,29.3170467761558,8,6.5
"15546",10.0757367051466,26.0179197963513,8,6.5
"15547",6.08505751995212,23.1165273319196,8,6.5
"15548",7.4967614395442,26.3014260396102,8,6.5
"15549",7.66720199863109,26.4819809538644,8,6.5
"15550",8.95498020650313,31.8048566373422,8,6.5
"15551",8.5932296916242,25.4506170577553,8,6.5
"15552",8.58587767492869,29.5583698622407,8,6.5
"15553",9.44363189404107,28.9976703507212,8,6.5
"15554",10.4387245361082,30.1101037521851,8,6.5
"15555",8.75829050654298,32.2560198609392,8,6.5
"15556",7.49937929286786,25.2617581539681,8,6.5
"15557",7.78231679107884,25.7893975961504,8,6.5
"15558",6.74514063697781,24.1404188134937,8,6.5
"15559",8.51604892429047,25.2715093275477,8,6.5
"15560",6.45344411987732,21.8454081128521,8,6.5
"15561",6.96040759263143,26.3963618164564,8,6.5
"15562",9.06935012864871,27.3393106476854,8,6.5
"15563",7.71996397815191,28.8313757630242,8,6.5
"15564",9.36492788934586,22.6722086412336,8,6.5
"15565",8.71827562568761,31.9760349443856,8,6.5
"15566",7.96433376167167,23.6406218972112,8,6.5
"15567",7.54494586856083,30.0674085580928,8,6.5
"15568",8.24991291226377,33.8915089343769,8,6.5
"15569",8.85888545290452,30.2753395744329,8,6.5
"15570",6.17310259044433,23.9136112821585,8,6.5
"15571",6.41230290217666,28.6555444421673,8,6.5
"15572",7.81148445383088,24.7072038596931,8,6.5
"15573",5.37090310752331,23.1247313065964,8,6.5
"15574",6.38463326808186,28.1581267360107,8,6.5
"15575",8.22955226686416,29.5013593951788,8,6.5
"15576",7.47526647303259,27.0135399138889,8,6.5
"15577",9.13712480109432,24.4946301555409,8,6.5
"15578",9.28816303233708,24.9079828199034,8,6.5
"15579",6.00892339038389,24.2078315112536,8,6.5
"15580",8.01651304707597,24.7314453938962,8,6.5
"15581",8.2629851801534,34.492640559951,8,6.5
"15582",5.93501194836511,24.8056430247306,8,6.5
"15583",10.661850162725,27.6343474221943,8,6.5
"15584",9.64987629347711,24.9974061315726,8,6.5
"15585",7.97337826205024,28.7351214032319,8,6.5
"15586",6.77547119709729,25.2347507103981,8,6.5
"15587",7.51104986198667,27.138070217265,8,6.5
"15588",8.89415395359719,30.3281851250232,8,6.5
"15589",9.80152578749389,30.6811735976521,8,6.5
"15590",6.76439506571278,21.6968120854506,8,6.5
"15591",8.40719909811244,30.6172531042332,8,6.5
"15592",9.61156841774637,28.7664274152013,8,6.5
"15593",7.10785710806447,31.5101621911226,8,6.5
"15594",5.50089882227258,28.4361938172754,8,6.5
"15595",8.83886006330541,20.4227629261294,8,6.5
"15596",10.5234532242602,31.4950561622931,8,6.5
"15597",7.33235711004122,24.9511994772267,8,6.5
"15598",7.51900374713155,25.3215308897087,8,6.5
"15599",9.03754810012601,28.6743326216041,8,6.5
"15600",8.27093513614791,26.911090444398,8,6.5
"15601",7.60814879828046,33.4016772241873,8,6.5
"15602",9.08397649481927,24.0055520448577,8,6.5
"15603",7.19627662253185,25.4542420280543,8,6.5
"15604",8.07991840216636,25.8892580717109,8,6.5
"15605",6.64203392453889,24.51137231844,8,6.5
"15606",9.25067452999191,32.8822875474143,8,6.5
"15607",6.34061770837293,21.5139682393565,8,6.5
"15608",8.72775564437856,25.4314311951691,8,6.5
"15609",8.7672910449771,25.7869240261125,8,6.5
"15610",8.03615544226971,27.4115630607785,8,6.5
"15611",9.18941479219237,29.1426812521315,8,6.5
"15612",9.16383038514484,26.6709410711642,8,6.5
"15613",8.28470693716068,25.0422866306084,8,6.5
"15614",6.36979171036488,23.7342252736282,8,6.5
"15615",6.91754924739737,29.6844157473101,8,6.5
"15616",6.72621076609514,27.7462176292912,8,6.5
"15617",8.05453933597936,20.713574294447,8,6.5
"15618",7.53407875970838,26.8044977508424,8,6.5
"15619",10.4018603663233,25.2682543689768,8,6.5
"15620",8.40033964551777,21.2761453815191,8,6.5
"15621",9.39538365448365,24.2599689801222,8,6.5
"15622",8.67139243826569,24.4156134565024,8,6.5
"15623",8.01134601834921,26.2911548263933,8,6.5
"15624",6.81522110994272,27.7833790541059,8,6.5
"15625",9.39684625492054,30.0350566666852,8,6.5
"15626",6.9288131209345,31.7587138061831,8,6.5
"15627",8.72423147228951,33.227724545287,8,6.5
"15628",10.2819152742955,25.2415144429119,8,6.5
"15629",10.1566934740882,29.6082594929597,8,6.5
"15630",8.51663553582052,23.9178910468551,8,6.5
"15631",7.8930680749082,23.6071406615966,8,6.5
"15632",7.69762358957173,30.5528092066537,8,6.5
"15633",7.7571167923602,28.7501686138656,8,6.5
"15634",7.28977305230117,25.6861539561627,8,6.5
"15635",7.86632964975787,24.4597784810153,8,6.5
"15636",7.1964887872438,22.7830940481501,8,6.5
"15637",8.82014477228628,27.2943150005191,8,6.5
"15638",8.06280804201103,24.5142003649222,8,6.5
"15639",8.6413693852245,29.2515275294707,8,6.5
"15640",6.797979627266,25.6387922041803,8,6.5
"15641",8.77660443850132,26.3018056302661,8,6.5
"15642",7.10157416972146,25.8548471788354,8,6.5
"15643",9.58030214558395,25.7983644254973,8,6.5
"15644",9.92322584816907,27.3980418281285,8,6.5
"15645",8.98554120169567,27.0849880620435,8,6.5
"15646",8.93503595592224,22.7700294840046,8,6.5
"15647",8.08757104352012,24.8350425878786,8,6.5
"15648",5.87782256043609,22.448997536783,8,6.5
"15649",8.27831917457297,23.7021142866139,8,6.5
"15650",9.87214726955868,33.0926807876838,8,6.5
"15651",7.14959719228919,26.9783234081669,8,6.5
"15652",7.52232978243464,21.6130754352632,8,6.5
"15653",7.64556028144325,27.4950448603157,8,6.5
"15654",8.41480096284799,30.0399854090852,8,6.5
"15655",8.08642702811745,27.194843224088,8,6.5
"15656",6.39030838172574,26.9855976458681,8,6.5
"15657",8.7495001804469,25.1566695249909,8,6.5
"15658",8.51344428588823,28.4614592318341,8,6.5
"15659",10.3883019207802,27.2970831350988,8,6.5
"15660",8.46510912405554,25.0713904920056,8,6.5
"15661",8.34040595864511,26.8864587083179,8,6.5
"15662",8.88069480804143,27.4124553927035,8,6.5
"15663",6.05678716355244,24.4670714306654,8,6.5
"15664",7.05952306332769,27.7974346339961,8,6.5
"15665",7.49821075952397,21.6558051536619,8,6.5
"15666",6.705318663706,24.4090161808174,8,6.5
"15667",9.53972126003152,20.6822235834849,8,6.5
"15668",7.58666460419554,25.9565944455995,8,6.5
"15669",7.33609501628486,24.2755385849907,8,6.5
"15670",7.89867086986822,28.9358167449067,8,6.5
"15671",7.38708558160837,28.5024120556759,8,6.5
"15672",6.33201346347439,23.0319655879951,8,6.5
"15673",6.01032458127234,28.7075766373793,8,6.5
"15674",6.11971741488099,25.1597722088949,8,6.5
"15675",6.13634808111632,21.6050043149673,8,6.5
"15676",7.21059141730076,22.9950418080466,8,6.5
"15677",8.56022250353727,27.3788340417899,8,6.5
"15678",6.95482608274699,26.8899513038165,8,6.5
"15679",7.18291850654952,26.8510646057894,8,6.5
"15680",9.04084886854778,25.9039797201028,8,6.5
"15681",6.5498304002239,23.7245443092797,8,6.5
"15682",7.57571674152762,27.5603259451346,8,6.5
"15683",6.90873648216667,24.6420451932537,8,6.5
"15684",8.72620118611652,27.6272033600217,8,6.5
"15685",9.39680455536651,28.1379704936113,8,6.5
"15686",6.09683908368515,25.6643920152016,8,6.5
"15687",7.01429360697122,30.6595360586382,8,6.5
"15688",7.72024897157274,24.6199695022881,8,6.5
"15689",7.56977678968156,26.8873880694585,8,6.5
"15690",9.14132670618492,27.2757996879206,8,6.5
"15691",9.42044101197171,24.938317931543,8,6.5
"15692",6.7336547711882,23.0879662148111,8,6.5
"15693",8.55215547006309,26.3242060170331,8,6.5
"15694",7.48072811067038,23.5848120129483,8,6.5
"15695",7.0297357920741,29.7150097543443,8,6.5
"15696",6.67891842599135,28.1601518255348,8,6.5
"15697",7.91563375156391,31.7461717209321,8,6.5
"15698",8.32056823772202,26.6238304635899,8,6.5
"15699",9.68260598201979,28.5022840765965,8,6.5
"15700",8.17644634555904,25.1243300856644,8,6.5
"15701",7.81046891936429,23.6081762545055,8,6.5
"15702",7.91060575749833,28.8425920469523,8,6.5
"15703",7.75648075489783,27.977669977365,8,6.5
"15704",8.18465323843931,27.143695618448,8,6.5
"15705",8.71070585973579,25.5996863306755,8,6.5
"15706",8.00240067098081,25.709009891168,8,6.5
"15707",7.05382177519295,28.6331224712345,8,6.5
"15708",7.50960899866639,26.0900402310154,8,6.5
"15709",5.34351693009658,24.2735745133102,8,6.5
"15710",6.41996773715985,26.7169587704565,8,6.5
"15711",5.31706159089894,22.7808137335807,8,6.5
"15712",5.7013928482238,27.2665036638076,8,6.5
"15713",7.20198063751382,21.0791880105548,8,6.5
"15714",6.85136765421751,27.9629156814032,8,6.5
"15715",7.18811113312781,29.4251032465663,8,6.5
"15716",8.34367320025684,24.3374267005657,8,6.5
"15717",7.35994691535289,27.5615858601824,8,6.5
"15718",6.80554165198136,25.5774113153028,8,6.5
"15719",7.20412817782194,28.1288212625605,8,6.5
"15720",9.20961310931073,30.1994312427187,8,6.5
"15721",8.48881947028841,24.7736221010514,8,6.5
"15722",6.49212395022092,26.2248020725688,8,6.5
"15723",10.6533206998166,31.3099744634313,8,6.5
"15724",7.12692538194329,27.9530540285889,8,6.5
"15725",9.27988495370596,27.9169710837476,8,6.5
"15726",7.68827794584868,23.1705828761886,8,6.5
"15727",7.51134830761366,28.1887319884955,8,6.5
"15728",7.75484019654829,25.0087508459881,8,6.5
"15729",6.73389472017955,29.8537449623337,8,6.5
"15730",8.47994321754793,23.3071311731027,8,6.5
"15731",8.11937921292656,22.4985403438854,8,6.5
"15732",8.91408236954999,28.6234368825468,8,6.5
"15733",10.1489316503753,34.237764279084,8,6.5
"15734",10.8350937450787,29.4602046851328,8,6.5
"15735",6.77981644690114,23.4468139119659,8,6.5
"15736",8.50951985200002,25.0926818215176,8,6.5
"15737",9.03671721953661,30.2652474210498,8,6.5
"15738",8.42754953614249,26.4003432992453,8,6.5
"15739",6.70591136958135,22.380991236858,8,6.5
"15740",9.66490627955103,32.976556351069,8,6.5
"15741",6.03964577441491,27.040601300332,8,6.5
"15742",8.27571335132301,26.3551017394308,8,6.5
"15743",7.56542490523737,24.5244407735593,8,6.5
"15744",7.56941731914544,27.0486864171036,8,6.5
"15745",9.23876729573979,28.3046696373466,8,6.5
"15746",5.96791087979805,22.6488736382125,8,6.5
"15747",7.26233817754271,30.6300978744857,8,6.5
"15748",8.00781478555842,30.5087147613509,8,6.5
"15749",9.31760621744412,24.7717791940619,8,6.5
"15750",7.70241538939105,27.3305276349481,8,6.5
"15751",5.79181854926966,23.4318820489264,8,6.5
"15752",7.02608752956271,24.4279044164523,8,6.5
"15753",7.99569431310678,26.0785862168539,8,6.5
"15754",8.42628496847035,29.3562968307119,8,6.5
"15755",8.08025906243299,23.969809921022,8,6.5
"15756",9.14224103335845,29.606780283518,8,6.5
"15757",8.08786666059783,27.3511804628142,8,6.5
"15758",8.06765624404242,25.3627978945396,8,6.5
"15759",9.10373780080719,31.6974227114017,8,6.5
"15760",7.14882800810525,22.4582744141575,8,6.5
"15761",8.51535346242102,31.2788274424066,8,6.5
"15762",8.11385389011697,25.52686637006,8,6.5
"15763",10.455511829154,30.2975108030884,8,6.5
"15764",7.09898773172639,28.2262165892291,8,6.5
"15765",7.43918071858233,24.2315081129674,8,6.5
"15766",10.4316983069459,26.0561264077272,8,6.5
"15767",6.93351511982363,32.206722315098,8,6.5
"15768",7.11462511495851,29.0809600864036,8,6.5
"15769",9.82366812941597,21.9526496080383,8,6.5
"15770",5.41163639991506,23.6034206121267,8,6.5
"15771",8.62848610205392,31.9921087481513,8,6.5
"15772",7.65892140486374,28.5820436662286,8,6.5
"15773",9.48299467704854,29.2412250409749,8,6.5
"15774",6.38858380368223,20.8538789044872,8,6.5
"15775",8.13588580639394,26.9206843266506,8,6.5
"15776",8.90723396941891,23.8249067729362,8,6.5
"15777",5.11350787319557,24.3851857259834,8,6.5
"15778",6.86386629623733,28.6312754591298,8,6.5
"15779",8.19854879866095,28.0662701128283,8,6.5
"15780",7.13860456238903,23.8854186554445,8,6.5
"15781",7.78857553655629,24.801761629866,8,6.5
"15782",7.06479939802989,24.7729001481334,8,6.5
"15783",7.00071718239983,26.305435205697,8,6.5
"15784",6.73016592055261,24.2732302532808,8,6.5
"15785",7.66227211329391,24.9438351622816,8,6.5
"15786",5.77421342428563,20.0586676959299,8,6.5
"15787",8.18584521251656,27.2717994004731,8,6.5
"15788",7.46666031218992,23.7038334290757,8,6.5
"15789",9.15708043551383,29.1410352018659,8,6.5
"15790",8.75148241793701,26.6210700482322,8,6.5
"15791",9.6101536435632,27.9231849671043,8,6.5
"15792",10.0085812535018,26.2336158750993,8,6.5
"15793",8.42744371021636,25.3016846435158,8,6.5
"15794",6.1143191297574,28.4270493268332,8,6.5
"15795",7.77817504512385,22.607775851272,8,6.5
"15796",7.14407239155606,28.4471854491016,8,6.5
"15797",10.0091174845087,28.6696901712202,8,6.5
"15798",8.80238277161346,30.0223358777125,8,6.5
"15799",4.90169982418449,22.0273457304278,8,6.5
"15800",7.2390846012401,27.1780231450983,8,6.5
"15801",5.65215118772294,24.7326649603747,8,6.5
"15802",3.34842994844518,20.6977992651152,8,6.5
"15803",8.24139405153749,28.2498107706528,8,6.5
"15804",8.33967295333424,26.3066162186669,8,6.5
"15805",7.26687103991757,28.8137387454679,8,6.5
"15806",4.52632724367584,25.9502723130194,8,6.5
"15807",8.10884617605386,26.7508292456847,8,6.5
"15808",7.93419683756101,30.7893678040006,8,6.5
"15809",8.46170949502959,29.766546787667,8,6.5
"15810",7.99083211057162,29.9884557215378,8,6.5
"15811",9.67596685269615,26.5202448936934,8,6.5
"15812",9.03143613872397,27.9437251735787,8,6.5
"15813",8.51165570922986,29.7263508308369,8,6.5
"15814",8.59985109656071,32.1281325562997,8,6.5
"15815",8.33493544750603,25.8816085404272,8,6.5
"15816",9.92815504141141,29.8584392846876,8,6.5
"15817",9.98709468140534,27.4541308910652,8,6.5
"15818",7.09629891639291,25.6343899527564,8,6.5
"15819",8.54451136650696,28.3759508725984,8,6.5
"15820",8.47103558297196,27.2004004652757,8,6.5
"15821",5.91357118667892,30.4316442978717,8,6.5
"15822",10.6300750239738,33.0641979616563,8,6.5
"15823",8.78495678159556,30.5151186838952,8,6.5
"15824",8.01477976037572,24.391347041496,8,6.5
"15825",7.25521182916464,26.6924174973615,8,6.5
"15826",7.71039754560468,26.1903784562866,8,6.5
"15827",7.20740655192888,25.2163100612973,8,6.5
"15828",7.90270659435575,26.1060465851008,8,6.5
"15829",6.12119898392333,24.8625505135741,8,6.5
"15830",7.9426669689023,30.3142946937493,8,6.5
"15831",7.28599326235553,26.132562635471,8,6.5
"15832",6.78732253894951,25.0014286050448,8,6.5
"15833",8.35660088137417,27.8423195661478,8,6.5
"15834",8.50119193706782,26.7817534460085,8,6.5
"15835",8.401132067198,24.593587792124,8,6.5
"15836",8.33357611324476,26.6757498383218,8,6.5
"15837",8.3675558024148,29.2152595534006,8,6.5
"15838",9.8792490821238,30.7552976962028,8,6.5
"15839",8.58452555022483,28.0976181534634,8,6.5
"15840",6.467950503565,28.9171857459351,8,6.5
"15841",8.66558125356289,26.9729846481293,8,6.5
"15842",6.56681617387969,24.1604663534149,8,6.5
"15843",9.32543575807309,29.9130572182264,8,6.5
"15844",7.3837734694912,24.0496811326444,8,6.5
"15845",8.98245409245391,23.9536916236307,8,6.5
"15846",5.53189228505592,23.7849100599508,8,6.5
"15847",9.04427662206303,30.0568981215196,8,6.5
"15848",8.23156319773694,25.5541242333813,8,6.5
"15849",8.18771966943406,27.2668854321776,8,6.5
"15850",8.20788449885548,34.0043583274903,8,6.5
"15851",5.34813297328617,20.9381167891679,8,6.5
"15852",7.70351031859415,25.1993167359717,8,6.5
"15853",7.05964759159584,24.8513927216673,8,6.5
"15854",5.58460041826194,28.1359082570016,8,6.5
"15855",8.38384713610839,24.1591902355865,8,6.5
"15856",7.37173402057018,24.3304416089844,8,6.5
"15857",7.86316123607989,28.1038922254742,8,6.5
"15858",7.56288744405947,30.4323670720901,8,6.5
"15859",7.82658360592407,23.7346846094796,8,6.5
"15860",7.46153580419002,27.6802275711281,8,6.5
"15861",8.8848873007339,27.1024754477829,8,6.5
"15862",9.31545923840635,25.3226254039949,8,6.5
"15863",9.00321946043583,26.1933915175023,8,6.5
"15864",8.03918574830977,29.3428102470002,8,6.5
"15865",6.71306357806814,23.7834172907362,8,6.5
"15866",7.15341348604708,25.4206905202378,8,6.5
"15867",8.17334966978656,27.50046528274,8,6.5
"15868",5.17491873043202,25.2943605202555,8,6.5
"15869",8.5679336232934,25.5432819424923,8,6.5
"15870",8.39197347817705,24.6378408275248,8,6.5
"15871",7.84623972810869,30.6295881472813,8,6.5
"15872",6.90764112820953,26.3153372515031,8,6.5
"15873",8.30460352566113,24.6442234728714,8,6.5
"15874",9.21645479622561,34.2989193798481,8,6.5
"15875",8.43754843862891,27.1153148990086,8,6.5
"15876",7.05927432665925,29.3786466962544,8,6.5
"15877",7.71102993115337,22.0708854569242,8,6.5
"15878",7.25135728818311,26.4601250774715,8,6.5
"15879",8.84350180370162,26.0542355212559,8,6.5
"15880",8.82520546064615,29.3535959871969,8,6.5
"15881",8.24693124417217,27.5130247981408,8,6.5
"15882",5.67352396732649,24.7529205263889,8,6.5
"15883",9.34756185100164,28.2608625329788,8,6.5
"15884",11.7241449376819,28.8758610105964,8,6.5
"15885",7.35417585464917,23.6798895216575,8,6.5
"15886",7.86770767883872,25.4002325605734,8,6.5
"15887",8.80573775121369,22.5847320964453,8,6.5
"15888",8.63591640302187,27.8003522094908,8,6.5
"15889",5.26191053501155,24.507157198132,8,6.5
"15890",5.98063885471344,27.9174543722492,8,6.5
"15891",7.9642350696256,32.2818598416787,8,6.5
"15892",8.33473723559898,24.6317956448905,8,6.5
"15893",7.58295576999298,27.1253750156046,8,6.5
"15894",7.39339172199312,27.3475689323542,8,6.5
"15895",9.09071572874624,22.0754696952533,8,6.5
"15896",8.9819405750876,24.7953395658169,8,6.5
"15897",6.75899022830531,26.2336266786462,8,6.5
"15898",8.20234262986677,25.0366922666552,8,6.5
"15899",7.46391494866089,28.7602658691786,8,6.5
"15900",7.61075843953547,24.7187599890677,8,6.5
"15901",5.87552853565321,31.8583284386941,8,6.5
"15902",7.44176179135596,27.1717034790739,8,6.5
"15903",11.4782788414473,28.8769447212883,8,6.5
"15904",7.38026126377984,22.7666377960138,8,6.5
"15905",9.68075298712333,23.1770780315113,8,6.5
"15906",8.2215623765948,30.7774038160202,8,6.5
"15907",7.44417876689485,25.6874559399917,8,6.5
"15908",7.05167258022308,29.4425679564807,8,6.5
"15909",9.90221052895512,30.1046207309495,8,6.5
"15910",7.45285203256978,23.3343207330149,8,6.5
"15911",5.87511910546684,23.4826042236105,8,6.5
"15912",6.97922083714248,21.8087471094044,8,6.5
"15913",6.77117550273191,23.4881959810368,8,6.5
"15914",7.79086744787338,30.5052574046218,8,6.5
"15915",8.54545918603443,25.8243061805338,8,6.5
"15916",6.12893811123752,22.017687557228,8,6.5
"15917",7.4592620164347,25.1549594249732,8,6.5
"15918",10.9272918014197,27.4420794956524,8,6.5
"15919",9.46154830692196,27.6486527566124,8,6.5
"15920",7.30504993750276,25.6372928689314,8,6.5
"15921",8.98498311588822,24.5594654810988,8,6.5
"15922",8.06286505355624,26.4598351919675,8,6.5
"15923",7.69175569454876,28.0964094919283,8,6.5
"15924",9.90424986849973,26.0124106988354,8,6.5
"15925",7.72166028054041,27.8750013078079,8,6.5
"15926",7.89730481912643,23.0808561802918,8,6.5
"15927",9.03936542080169,30.1656639735699,8,6.5
"15928",7.82698550511207,26.2134244245485,8,6.5
"15929",8.05914037792525,24.4869686284459,8,6.5
"15930",8.08326436530658,28.8402913218017,8,6.5
"15931",8.56755834459932,23.1237853762262,8,6.5
"15932",7.01280490095088,25.3893874777563,8,6.5
"15933",6.95914779990599,23.3693078807254,8,6.5
"15934",9.47075443395412,25.3799662011406,8,6.5
"15935",7.56204535711395,29.7530448809999,8,6.5
"15936",8.46908796818838,27.6125800657567,8,6.5
"15937",7.42645434099968,27.8529799637003,8,6.5
"15938",7.16285113769078,29.0839765682337,8,6.5
"15939",8.81719559693983,26.2855877033023,8,6.5
"15940",9.31813057708371,22.6569304854739,8,6.5
"15941",7.68259322090736,27.0898608850682,8,6.5
"15942",6.0991621372167,26.7997631546018,8,6.5
"15943",7.95773769200153,28.3079549473753,8,6.5
"15944",7.94444351233372,25.8397250065282,8,6.5
"15945",6.78258567538976,30.7049326773827,8,6.5
"15946",7.04867364720964,28.3088378646559,8,6.5
"15947",6.84648330719444,23.553945929799,8,6.5
"15948",8.08820558861583,25.7455529129112,8,6.5
"15949",9.04431173771177,23.430833719021,8,6.5
"15950",7.59246545737958,28.459079297503,8,6.5
"15951",9.83908829849927,27.8943088802465,8,6.5
"15952",8.39237658287706,25.6653845329119,8,6.5
"15953",8.41916411508328,29.3999668806122,8,6.5
"15954",6.12480671986422,26.6534438173175,8,6.5
"15955",8.65760390523377,23.7405151407007,8,6.5
"15956",8.02094437312924,26.5471003199125,8,6.5
"15957",6.68877053951296,25.8565303256289,8,6.5
"15958",7.91945831053051,25.8447211532733,8,6.5
"15959",6.76356368940757,28.8890496921947,8,6.5
"15960",9.88817408044605,27.8888699756543,8,6.5
"15961",8.66310750791269,30.2050101504637,8,6.5
"15962",9.25648499365618,25.0365423214372,8,6.5
"15963",5.68349292217771,22.8700877523305,8,6.5
"15964",7.52490333698375,29.3594491611785,8,6.5
"15965",8.84944925646646,28.7759632843104,8,6.5
"15966",7.18572895901056,25.8192160855374,8,6.5
"15967",10.2919194124962,29.9988532495026,8,6.5
"15968",6.72450412195592,23.6799736708948,8,6.5
"15969",5.65531702540732,22.7270117409709,8,6.5
"15970",7.9457686960532,31.400789682802,8,6.5
"15971",7.93730224487001,28.3075513831746,8,6.5
"15972",8.3187301707892,25.1947040197365,8,6.5
"15973",8.57173826903204,29.7873463979475,8,6.5
"15974",8.60243116413114,24.5073161860256,8,6.5
"15975",7.27905493302486,21.8760831504529,8,6.5
"15976",8.27257516160796,27.8130335289165,8,6.5
"15977",8.24511153829635,30.1040849014065,8,6.5
"15978",6.53173136069908,23.0206072920463,8,6.5
"15979",7.54184155413647,32.2418168564667,8,6.5
"15980",8.00226102127224,26.2639043329228,8,6.5
"15981",8.27381841993666,21.2113014976712,8,6.5
"15982",8.62914217531348,28.823642246928,8,6.5
"15983",10.1733537405195,33.9520075497488,8,6.5
"15984",7.5222088107668,29.4781249631393,8,6.5
"15985",8.17610778872191,26.3348144640555,8,6.5
"15986",8.52410433071897,30.5099533015813,8,6.5
"15987",8.40988087825679,23.0444822200581,8,6.5
"15988",8.33664770901644,30.3542090048477,8,6.5
"15989",7.4203025286725,23.5845441503121,8,6.5
"15990",8.89859578840341,29.1512323930827,8,6.5
"15991",7.74097228977855,26.959441477006,8,6.5
"15992",9.5472491689779,28.6345444382799,8,6.5
"15993",6.20790371153886,25.6372678735246,8,6.5
"15994",8.69756933609888,25.292218342562,8,6.5
"15995",8.2631353794496,29.7485030753252,8,6.5
"15996",7.10204356773974,24.4268559693222,8,6.5
"15997",7.59960769829468,22.3984758894856,8,6.5
"15998",7.30862522469718,28.8345182540923,8,6.5
"15999",9.17375416107527,21.4411570788337,8,6.5
"16000",7.17777755082881,23.1184323120431,8,6.5
