"X1","X2","component","subcomponent"
"15001",20.3755024600119,3.92445588590222,12,8
"15002",27.4268375217972,7.09529730884944,12,8
"15003",21.8482227750111,7.87278639747913,12,8
"15004",20.9493806375111,8.28491209238676,12,8
"15005",18.6867306222737,8.1631319929268,12,8
"15006",26.6356616485286,5.92223556888994,12,8
"15007",19.9510350442945,8.38093279567066,12,8
"15008",17.2918332377121,5.53128226089699,12,8
"15009",25.5078531991755,4.44023821340171,12,8
"15010",19.2977102799187,9.04054924251078,12,8
"15011",32.2713035700653,4.05176789480637,12,8
"15012",24.558893668001,7.90504317514516,12,8
"15013",24.452274568077,5.0913983207837,12,8
"15014",17.7981579264358,4.47679550638024,12,8
"15015",19.400896197806,5.30677417910864,12,8
"15016",27.6020049314117,3.19091428903517,12,8
"15017",20.405248586203,7.01816498709346,12,8
"15018",21.6232801893032,5.0323020858116,12,8
"15019",21.5255014507777,9.106842084857,12,8
"15020",18.5599492236874,8.58738346852716,12,8
"15021",22.4646930303055,4.45692152818574,12,8
"15022",24.7762760323465,6.81229727857908,12,8
"15023",20.3277524976407,10.1900893614265,12,8
"15024",28.3946488318346,5.98058163113926,12,8
"15025",20.4437672039029,5.19897674849639,12,8
"15026",25.150033214577,3.50081402635639,12,8
"15027",24.304597895058,7.39401091089654,12,8
"15028",18.2528769283031,4.36625070603702,12,8
"15029",21.2962838953839,6.96118313079941,12,8
"15030",29.1994971378644,4.236046880415,12,8
"15031",22.3701152211471,8.12106731206502,12,8
"15032",21.5794592724407,9.70138533289016,12,8
"15033",23.6875096423458,6.24089601483605,12,8
"15034",21.8461904373264,4.96688833541149,12,8
"15035",22.2042963093001,5.35259398646986,12,8
"15036",19.9549557367826,4.92378425196241,12,8
"15037",18.199799380144,4.66045461012023,12,8
"15038",22.9891138229518,5.76082519825542,12,8
"15039",23.4062317550394,7.09555706130496,12,8
"15040",23.2003798012322,8.94540025037797,12,8
"15041",19.1068926079852,8.40939893964146,12,8
"15042",15.3013472354415,8.80861095085593,12,8
"15043",23.572794791083,8.23015739138846,12,8
"15044",23.8767508482036,5.89304360012437,12,8
"15045",27.8506622525687,6.70150087036537,12,8
"15046",16.3961928484968,8.17299274786111,12,8
"15047",19.4290756474998,9.53363158735249,12,8
"15048",22.7609550955565,10.9331298087866,12,8
"15049",19.4011473928647,4.64692713721182,12,8
"15050",22.453578720172,5.14322545223336,12,8
"15051",20.013250707178,3.24649471440601,12,8
"15052",26.416031287215,7.34222485147871,12,8
"15053",28.3929971541192,5.14536312535709,12,8
"15054",24.9809645721177,6.55484060862499,12,8
"15055",25.8563051503282,7.63011971540203,12,8
"15056",20.9239976013815,7.03938445937818,12,8
"15057",23.6061613475191,6.40996165668616,12,8
"15058",24.8085463307134,4.67915692497656,12,8
"15059",17.0261447275233,6.03965737683793,12,8
"15060",24.6057432039546,5.90520426525489,12,8
"15061",17.0384362498703,5.8480835210612,12,8
"15062",25.3206272790441,8.07371361712896,12,8
"15063",18.2780749857126,9.34995815452831,12,8
"15064",22.6711372814574,5.78996679754362,12,8
"15065",19.0432432613495,7.76044894370826,12,8
"15066",26.1183170067405,5.55205025327806,12,8
"15067",24.3920366718699,6.59311953386595,12,8
"15068",23.4171844990399,8.02218546938682,12,8
"15069",17.5265433457899,6.04426887310422,12,8
"15070",23.7859649148405,5.94778165390277,12,8
"15071",23.1651776001333,8.51412746794328,12,8
"15072",21.4579354121093,5.68588327763474,12,8
"15073",21.5301983518694,5.40422348097605,12,8
"15074",25.0900335272243,4.98605093958283,12,8
"15075",23.8548354332106,6.08422127078186,12,8
"15076",22.3527594552597,9.20876883800294,12,8
"15077",20.6728698440892,7.04613835123184,12,8
"15078",16.6441038042234,3.53018078845704,12,8
"15079",21.5428062604416,10.130087158006,12,8
"15080",25.0675208296535,7.89035191629713,12,8
"15081",25.3439909783825,7.6795775456634,12,8
"15082",15.6277231083174,7.48911513333907,12,8
"15083",16.7429319320736,3.30884466558862,12,8
"15084",17.9651575098619,5.50489042131128,12,8
"15085",26.2773171803469,7.55462542481763,12,8
"15086",20.2794202916189,4.31586137387755,12,8
"15087",21.4694165933485,9.43920909474232,12,8
"15088",23.1732837226338,7.45271873290785,12,8
"15089",22.2195020753595,7.1082043177452,12,8
"15090",22.2634356195841,8.96119135358999,12,8
"15091",23.678369781635,4.99653474266156,12,8
"15092",30.1685255652365,4.12700589149756,12,8
"15093",24.1888408921891,8.5370111765368,12,8
"15094",19.3387056276225,6.04715621993596,12,8
"15095",24.0728277928781,8.56638454588374,12,8
"15096",23.1804052047956,6.25009512767626,12,8
"15097",19.1728350809021,4.6133260849213,12,8
"15098",18.5779996436349,7.06373046274995,12,8
"15099",23.3556029425728,6.03499998288686,12,8
"15100",26.1103624040457,5.75762087211047,12,8
"15101",25.7376893496479,6.02865529772483,12,8
"15102",23.4365546780441,4.77852456558283,12,8
"15103",21.6378638564248,2.51632404490454,12,8
"15104",20.6345814563776,8.07812298040924,12,8
"15105",23.2713522852,5.20146699950779,12,8
"15106",16.8199217324003,4.54148833908699,12,8
"15107",13.3768074858237,6.43345020572796,12,8
"15108",24.6490022440281,10.8547367899526,12,8
"15109",23.6854695705002,10.3111790773436,12,8
"15110",22.1408667035779,7.00503630662451,12,8
"15111",18.3706546646152,7.04876358470232,12,8
"15112",26.649710498338,1.61267407781131,12,8
"15113",29.8988311893627,5.73945007608327,12,8
"15114",12.6380508652854,4.8613381768457,12,8
"15115",20.9030577285927,6.53989890070343,12,8
"15116",16.3542952649054,8.97068579037777,12,8
"15117",23.4700311345487,4.65884940941779,12,8
"15118",25.4203546086706,5.9075868722017,12,8
"15119",19.4619903749578,5.33731562046032,12,8
"15120",21.5117047653096,6.18726172417569,12,8
"15121",21.6822394689176,4.06266573269771,12,8
"15122",22.6448088417724,4.98805130674347,12,8
"15123",21.580105060394,4.6484395101212,12,8
"15124",23.7100964004246,3.14312745831644,12,8
"15125",23.4956619084957,3.35348158190054,12,8
"15126",18.9220666984645,5.63384996554323,12,8
"15127",22.5220666596062,4.84979758931108,12,8
"15128",19.1185970179646,7.85887208851572,12,8
"15129",26.5270089827899,4.94875036633089,12,8
"15130",24.0874169257656,6.08193028549262,12,8
"15131",24.8788424511651,9.45953239724819,12,8
"15132",25.1076714317691,6.87075381609583,12,8
"15133",22.4948758663833,7.3432769234072,12,8
"15134",25.2984789131101,6.14639008777351,12,8
"15135",20.8709090537294,8.56425327752843,12,8
"15136",19.3223859475089,9.13786856351474,12,8
"15137",20.1279601036961,4.39346728978155,12,8
"15138",22.9126466006068,8.54183121567198,12,8
"15139",17.7828088271435,7.4324076731698,12,8
"15140",22.8939348255404,8.0704035874957,12,8
"15141",27.3644630656231,6.8782924757958,12,8
"15142",24.2438854939268,3.99905415263062,12,8
"15143",29.1686356799202,6.13875168695603,12,8
"15144",21.9696766679069,7.18959741831175,12,8
"15145",19.5006380778281,4.14058629215911,12,8
"15146",18.6880277337376,7.5953281042134,12,8
"15147",21.466229553806,6.47028208100783,12,8
"15148",24.1144639591521,4.51894432764333,12,8
"15149",23.4136203428115,4.12577773999742,12,8
"15150",21.3456733753124,6.35797464530663,12,8
"15151",24.7928584999574,5.2170328539977,12,8
"15152",18.6295691368208,5.88857273400302,12,8
"15153",18.0508969021658,7.38102872233805,12,8
"15154",21.7313035404409,7.85557396154655,12,8
"15155",17.3756549499547,6.18019497015824,12,8
"15156",21.0096542193225,8.21896593346279,12,8
"15157",22.7716462529245,8.76038039635671,12,8
"15158",25.7653033034036,5.10911685779826,12,8
"15159",23.8119801381499,7.398974856342,12,8
"15160",18.4305549926195,8.07595724595953,12,8
"15161",24.5296598076077,7.3308202601978,12,8
"15162",29.1623815802525,9.68328356579649,12,8
"15163",21.5167671782005,5.86430426417872,12,8
"15164",24.2421145562709,6.5209896146225,12,8
"15165",15.9597305235912,7.20521174516289,12,8
"15166",22.5011215913193,7.03427785606979,12,8
"15167",16.9805400723107,5.12066132214186,12,8
"15168",22.2601319392996,9.61865915366142,12,8
"15169",15.6906521210559,5.28894055489225,12,8
"15170",21.023430382995,6.38859217469123,12,8
"15171",20.3044335871428,2.83872405313576,12,8
"15172",23.5965420154635,8.8047634516066,12,8
"15173",22.0248089915964,7.70277979868911,12,8
"15174",21.9699801586423,7.27334917383793,12,8
"15175",16.6747078488834,6.71563095491867,12,8
"15176",28.9252132865327,5.75947703101169,12,8
"15177",19.6346827674569,7.9181024670606,12,8
"15178",21.3574321131285,7.35668755428299,12,8
"15179",22.7577897480144,4.63850172705141,12,8
"15180",24.8044743835348,9.38323523564776,12,8
"15181",17.1481542059887,6.4748197802609,12,8
"15182",20.8756568662671,9.00949065209407,12,8
"15183",18.6525536791391,4.26447578414725,12,8
"15184",25.1847805901978,8.66984170705716,12,8
"15185",22.4277265470135,6.12633206244927,12,8
"15186",20.8035744323602,3.40383134813675,12,8
"15187",21.4679525369957,4.75874968332343,12,8
"15188",30.6322075653318,9.10696291037967,12,8
"15189",16.3925043898306,7.66196798093635,12,8
"15190",25.5850233797891,9.80081775151205,12,8
"15191",20.3998552760064,5.41146731047885,12,8
"15192",24.7818327207966,4.92982064747877,12,8
"15193",22.772567818468,7.41801146801636,12,8
"15194",17.5235500337598,4.96691442609037,12,8
"15195",25.6784135006425,5.9445204519307,12,8
"15196",22.4509201972025,5.89492143195583,12,8
"15197",20.6055686652413,8.20742712473067,12,8
"15198",17.5617913656979,7.9976311030417,12,8
"15199",22.3495002913543,5.6601457784724,12,8
"15200",19.3061997826503,4.67794468623123,12,8
"15201",15.0752371274242,7.34399733331809,12,8
"15202",22.1046882213746,4.83613668888147,12,8
"15203",26.7066664754191,5.72543001955051,12,8
"15204",25.5801240129785,6.09488647996046,12,8
"15205",19.2925439561198,11.5522830867332,12,8
"15206",24.7826662376535,5.59447691880472,12,8
"15207",26.5320192515943,5.18063440703434,12,8
"15208",13.7338981860894,5.31216837647699,12,8
"15209",17.0765964415349,8.33681990186927,12,8
"15210",16.2718366385714,8.99403692912812,12,8
"15211",18.0895239071464,5.299050082094,12,8
"15212",21.5151346757473,6.90813961848602,12,8
"15213",25.6842069045589,8.17107841370491,12,8
"15214",21.1215420902634,7.16078191113308,12,8
"15215",20.8720492961997,5.47042421785955,12,8
"15216",24.7600259975985,5.7391400941898,12,8
"15217",22.9338745573065,6.29466857624795,12,8
"15218",20.4650764842172,8.61192159954663,12,8
"15219",19.1640923861801,5.41469853163583,12,8
"15220",24.4651576234105,8.07873421953464,12,8
"15221",21.4031551914547,7.1446091466719,12,8
"15222",21.0255328788982,4.7251671891864,12,8
"15223",19.8445981956001,6.64402930456201,12,8
"15224",21.649863186161,6.46569546778457,12,8
"15225",18.4341971198889,6.74640947240236,12,8
"15226",19.5723646392267,9.17908811707231,12,8
"15227",21.943897910784,6.32438327231631,12,8
"15228",17.5248314787371,7.69911885728667,12,8
"15229",18.2052623251638,8.60473557699749,12,8
"15230",19.516298043677,5.3903209095066,12,8
"15231",24.6761706348329,10.305202901682,12,8
"15232",20.3503074365203,6.71240233603555,12,8
"15233",28.2105749665626,9.20443652803541,12,8
"15234",19.4389595400761,6.40251282093445,12,8
"15235",25.5421615272602,7.92239088622961,12,8
"15236",19.890694553321,7.10618863741628,12,8
"15237",22.6781037666198,8.17877754154754,12,8
"15238",23.748131259453,6.34542384599315,12,8
"15239",24.917694051192,4.87747054588661,12,8
"15240",26.645533823166,4.07995447566928,12,8
"15241",17.0292629289203,5.22220278340899,12,8
"15242",22.9179654502475,7.76779501095944,12,8
"15243",17.9024780632701,7.17565112604495,12,8
"15244",26.9461566351321,3.28608959927069,12,8
"15245",16.9793295731255,3.33542110017291,12,8
"15246",17.7813232815989,7.65547582632779,12,8
"15247",22.8768859015112,6.25448978389441,12,8
"15248",18.506700950083,6.27705736670115,12,8
"15249",21.5848326073736,5.68426504702423,12,8
"15250",20.0466598877971,6.17688730782994,12,8
"15251",25.1958149629152,5.22174279208072,12,8
"15252",20.8494207143301,10.5520855313724,12,8
"15253",23.1847070668272,6.98110163790333,12,8
"15254",18.7917752406293,6.90718135431795,12,8
"15255",23.3513902331417,6.11240488008472,12,8
"15256",22.1264554011365,11.3547982327054,12,8
"15257",27.1875342888393,4.96653082861634,12,8
"15258",23.1056130073855,5.95772810018158,12,8
"15259",25.7488209121502,5.71011082043145,12,8
"15260",25.7206880568139,9.74987366533432,12,8
"15261",28.9894640184268,4.51369122723592,12,8
"15262",22.3268241852989,3.6924433281627,12,8
"15263",24.5180990480067,7.81186645148777,12,8
"15264",19.8575416034332,3.22442014891019,12,8
"15265",18.6612405375847,6.48404992143698,12,8
"15266",13.2728092977731,8.81891013379138,12,8
"15267",21.2193022183044,4.64270298664068,12,8
"15268",15.9743570799707,6.73041258249464,12,8
"15269",18.4488842013965,6.75322699828486,12,8
"15270",23.1719920877837,4.75590780362668,12,8
"15271",21.5557236097235,9.28979528809314,12,8
"15272",22.9053309081157,5.73569010061598,12,8
"15273",24.7335010597242,5.74289882255096,12,8
"15274",17.3126426226528,7.53896190081361,12,8
"15275",25.2297873068308,4.81426815856213,12,8
"15276",23.474095566999,3.16418487917262,12,8
"15277",17.6671951363793,5.9379774904669,12,8
"15278",15.9699294443929,4.24664639512946,12,8
"15279",24.2830289498385,3.70074861530621,12,8
"15280",25.4123337356811,3.76374442989409,12,8
"15281",16.0627872626781,7.65321821638579,12,8
"15282",17.4926828183893,4.02403989702007,12,8
"15283",17.9173016791362,6.69998253491629,12,8
"15284",15.4596124843248,8.35354153993655,12,8
"15285",22.2228972185592,6.92999923514168,12,8
"15286",25.9910185458517,7.01371639261343,12,8
"15287",22.9737698482779,4.93141261959432,12,8
"15288",28.7917799408101,8.710454634164,12,8
"15289",22.4867417085888,7.38569871432731,12,8
"15290",20.7408031965505,5.45815539657981,12,8
"15291",21.3146093048247,5.69972325120488,12,8
"15292",21.2367829038954,5.97077111389788,12,8
"15293",20.8217902297038,3.52977820747231,12,8
"15294",15.6165717311197,7.8711204334354,12,8
"15295",24.023407695995,4.36661282987358,12,8
"15296",23.9768376868141,6.01210702798836,12,8
"15297",24.3871430613599,4.85698497079292,12,8
"15298",30.8028861495732,7.47714651112196,12,8
"15299",24.7437937824483,7.74582491027325,12,8
"15300",25.4331341327639,5.73615725235171,12,8
"15301",14.1610138842652,5.69388324121646,12,8
"15302",20.5439577988024,8.01479548738091,12,8
"15303",20.4461002473929,7.04010788188074,12,8
"15304",22.2826926065565,10.1560822135264,12,8
"15305",20.9318068905087,8.6259980154618,12,8
"15306",22.9943555700301,5.04229904628632,12,8
"15307",20.4648145631906,5.74653622807887,12,8
"15308",21.7106177182863,5.0273278027631,12,8
"15309",28.4774029046747,9.2060303097829,12,8
"15310",24.6202397537679,5.94451581498003,12,8
"15311",25.02032203024,5.1729388344499,12,8
"15312",22.5410324662213,4.72523107001622,12,8
"15313",18.2327345989273,7.94176660909001,12,8
"15314",26.5238397287587,7.99154534677765,12,8
"15315",24.926953248008,6.93539572827417,12,8
"15316",25.176571654713,8.30698455747275,12,8
"15317",23.5490271252611,9.8752845839229,12,8
"15318",26.5110299047066,5.86810936661165,12,8
"15319",25.3794901125643,5.49987661508463,12,8
"15320",26.553859129282,7.24713427451186,12,8
"15321",27.7074207965834,8.0318585543488,12,8
"15322",24.0012048342389,2.66924082905895,12,8
"15323",22.9218987855087,9.20475433224291,12,8
"15324",16.1437389174006,5.7056045113599,12,8
"15325",23.4801935273226,7.61546922166898,12,8
"15326",20.8512062591311,2.71695617281289,12,8
"15327",19.7833418535341,4.93273996936447,12,8
"15328",19.4512170130728,8.2783297517623,12,8
"15329",19.3852786927461,7.37441336154509,12,8
"15330",23.1565380103188,7.59240718342826,12,8
"15331",24.4258946828512,10.4917493493311,12,8
"15332",23.9572251866652,4.29606980791682,12,8
"15333",25.9055699640299,3.47709850765459,12,8
"15334",25.1847978791118,7.36770467197027,12,8
"15335",23.467621084705,5.34626508194285,12,8
"15336",19.3387913669279,8.92312855354265,12,8
"15337",26.1798555044941,4.68097678273531,12,8
"15338",22.0841667419334,6.6027575035836,12,8
"15339",21.8218907128918,11.2081702150845,12,8
"15340",21.4568144727424,8.19915847586065,12,8
"15341",22.9328505038222,5.43652143649393,12,8
"15342",20.8037339303951,6.42278952231483,12,8
"15343",15.7312711936829,7.72906314726662,12,8
"15344",20.6205078130062,4.97931290251763,12,8
"15345",23.0510442092914,6.08880753731387,12,8
"15346",22.889101418899,3.52756480921165,12,8
"15347",22.4693367270482,8.34953480018148,12,8
"15348",22.5365956841004,3.05188802190317,12,8
"15349",21.473801094544,7.87199026421302,12,8
"15350",20.698261453033,7.24143496119589,12,8
"15351",26.5621924800366,5.8335410995645,12,8
"15352",23.5654831606115,6.48710996151974,12,8
"15353",19.3114200159837,6.55833481664364,12,8
"15354",17.6670696485661,4.70472662609764,12,8
"15355",16.6576956472713,9.59735736599576,12,8
"15356",23.8650259211453,6.97947720864485,12,8
"15357",15.7045965579704,7.52939205608523,12,8
"15358",17.3116426753567,7.34154698630622,12,8
"15359",15.3950478600792,7.95853377065432,12,8
"15360",23.3685342261164,9.46892583923318,12,8
"15361",29.2577473231515,7.45609452721814,12,8
"15362",23.4663717254044,8.67994598608899,12,8
"15363",21.210661657764,10.6784581396731,12,8
"15364",22.2193452748017,7.72851523898205,12,8
"15365",21.565594601826,7.40196326899195,12,8
"15366",18.6376603708672,6.08585401597561,12,8
"15367",17.3016458601315,3.34814015006843,12,8
"15368",22.1843834195108,7.1887800989986,12,8
"15369",27.7275303808052,8.59519184577291,12,8
"15370",20.2238956807972,7.15897964907189,12,8
"15371",16.1470238344255,2.69213294030958,12,8
"15372",18.7574739483076,2.12155642067035,12,8
"15373",13.1761029576651,5.24278148021729,12,8
"15374",23.7665845626021,5.58646874313111,12,8
"15375",19.9958972674174,9.20863490524446,12,8
"15376",22.9881079144385,3.40203201700707,12,8
"15377",22.827015393633,5.25864722651267,12,8
"15378",26.7745186360775,4.66688420319603,12,8
"15379",22.1401248171137,7.93032178574363,12,8
"15380",27.4079143087733,9.30459512777892,12,8
"15381",26.8735774999298,7.67004833639352,12,8
"15382",26.1450108953703,7.58762628072446,12,8
"15383",27.7093081653227,7.14629705637195,12,8
"15384",22.513976425445,6.42169238981941,12,8
"15385",21.6241185665018,7.41876428079417,12,8
"15386",21.9952354886471,6.79831917841723,12,8
"15387",21.6656691267339,7.79852654421125,12,8
"15388",27.0154624594627,4.53392910000254,12,8
"15389",14.1223026659085,4.92897241033387,12,8
"15390",25.5244896435245,5.08951603616788,12,8
"15391",25.8599900004458,9.072255285824,12,8
"15392",18.0043982684867,6.56215500535984,12,8
"15393",16.8246264895923,7.58945313773507,12,8
"15394",22.8241044162373,8.18341668624729,12,8
"15395",23.4297300497858,5.41500804420788,12,8
"15396",24.1208731086505,5.71082053566648,12,8
"15397",22.0721034940065,5.80296196857998,12,8
"15398",24.7962896412874,4.71070670405186,12,8
"15399",21.8451586098246,7.81365556960338,12,8
"15400",23.867393926817,7.13190281940317,12,8
"15401",21.9323307043713,7.3733947779019,12,8
"15402",28.2893572983964,5.16043643480932,12,8
"15403",19.7298555915692,9.32687951638758,12,8
"15404",23.2175888485336,6.21825169208074,12,8
"15405",23.0751383709817,10.2984928688019,12,8
"15406",20.4207081938622,8.40620092098623,12,8
"15407",25.4884630398614,6.97201267321046,12,8
"15408",23.4953976152553,5.07872414645013,12,8
"15409",23.7225050144742,6.29199359094475,12,8
"15410",18.5164424579503,10.9226245552977,12,8
"15411",26.2605832824991,6.88349078822571,12,8
"15412",25.2772241415392,8.02056265305531,12,8
"15413",21.8670790163249,6.88321635019984,12,8
"15414",19.8499126401932,5.66839508277061,12,8
"15415",20.2960677108629,7.47711865389643,12,8
"15416",19.0407674731919,11.5367807444738,12,8
"15417",24.3034256540917,4.49448295398865,12,8
"15418",22.9105142589819,7.0455695650796,12,8
"15419",22.0059552380375,5.80325832282011,12,8
"15420",14.6265778338475,4.48232578412792,12,8
"15421",22.4330441895655,5.91091610981991,12,8
"15422",20.1526167045535,6.49133641137873,12,8
"15423",23.1769202237581,6.2022094831338,12,8
"15424",15.5693813045626,6.75304449175505,12,8
"15425",21.2236675744767,6.6541151455978,12,8
"15426",19.7019024810957,7.1288963203984,12,8
"15427",23.4712616641419,6.40885967370187,12,8
"15428",24.4008178505637,5.66254049506492,12,8
"15429",19.3469328888682,4.81062008737418,12,8
"15430",24.4617181488412,6.33344990934155,12,8
"15431",23.9389233425386,6.99720263854492,12,8
"15432",23.0564541765106,5.72877857848797,12,8
"15433",17.1086106471686,7.5970334605544,12,8
"15434",23.0559151029007,2.39450741121519,12,8
"15435",18.7408345700507,6.14805120037172,12,8
"15436",23.1713891808338,6.52419738263679,12,8
"15437",20.4991680889724,2.4505327721194,12,8
"15438",16.9579930378264,8.38487924868641,12,8
"15439",19.7784739331691,6.40831802845305,12,8
"15440",22.0681475379315,1.66835532174437,12,8
"15441",23.7664305481517,7.9589077940564,12,8
"15442",20.7941063734402,6.63982174754406,12,8
"15443",27.5418976467886,8.40480839463253,12,8
"15444",18.3913369615345,4.81068880440909,12,8
"15445",18.0639670302719,4.89303802909642,12,8
"15446",25.3336361303641,5.9044027894835,12,8
"15447",20.8921385104211,5.45804040100637,12,8
"15448",26.1593070253633,4.08565519027352,12,8
"15449",21.0090657081394,7.55425611472962,12,8
"15450",19.2424261522802,8.12720089041352,12,8
"15451",21.1871267363753,6.85122047294881,12,8
"15452",22.2120699927001,6.95399735839211,12,8
"15453",31.2450702765833,8.25504593635729,12,8
"15454",28.498320850677,8.21509120404755,12,8
"15455",21.4316594297782,5.63126581726512,12,8
"15456",21.3611207771749,5.42312804688336,12,8
"15457",25.5312595117661,6.75651331268857,12,8
"15458",25.7617444670271,3.96557069686821,12,8
"15459",24.5525232920167,5.39404651536276,12,8
"15460",21.6239874207208,4.19092584223806,12,8
"15461",14.922832896372,5.22724663332032,12,8
"15462",15.7911521577426,7.59640913445954,12,8
"15463",28.2672885420631,6.45754726725372,12,8
"15464",20.6608277890097,5.30349527048146,12,8
"15465",18.2375524638805,6.25992791657651,12,8
"15466",21.5031059212765,7.35013671117182,12,8
"15467",25.9970155331077,7.19228236711156,12,8
"15468",19.5470024749126,7.03606226461045,12,8
"15469",21.9852603956586,4.41073803615192,12,8
"15470",19.1609761929552,6.88147481981324,12,8
"15471",21.956118772079,3.5649484754063,12,8
"15472",18.9458690577832,6.8875814278209,12,8
"15473",25.5021156700751,9.37733797217479,12,8
"15474",19.7693578454019,7.39903579628922,12,8
"15475",22.4359629330211,4.09433432703805,12,8
"15476",21.3450593603135,6.34960532140683,12,8
"15477",21.137943282817,3.20963129600477,12,8
"15478",17.6138776122258,3.52733842086752,12,8
"15479",21.4333713438443,5.38501725565923,12,8
"15480",21.4391296020311,7.02081772329407,12,8
"15481",15.769252572585,9.04737170572739,12,8
"15482",22.5757303617355,4.08360118608076,12,8
"15483",20.3978015910952,8.36624536536101,12,8
"15484",19.8231428779788,5.88800060667859,12,8
"15485",18.409196308817,6.33202302041499,12,8
"15486",19.9315282254022,5.82970827771275,12,8
"15487",25.81190552505,5.29737695760531,12,8
"15488",29.7588906995964,5.48220190119448,12,8
"15489",22.778447244404,4.64409956503427,12,8
"15490",25.2567417934499,4.00286726421781,12,8
"15491",23.8332979913718,4.89289470097274,12,8
"15492",21.1227706119069,6.83920395102054,12,8
"15493",16.8528737016714,8.99721725611787,12,8
"15494",15.3352690197726,5.29606305891791,12,8
"15495",27.7302886831288,7.16231927953243,12,8
"15496",25.0811787343076,4.01907063477442,12,8
"15497",18.5864236998035,7.49619307658136,12,8
"15498",20.9586775795608,5.55120430383189,12,8
"15499",23.4308671260033,4.5667749745002,12,8
"15500",23.2943533106302,5.5975100074474,12,8
"15501",26.3746452151598,6.18430739738112,12,8
"15502",18.6937188023198,5.60233459476888,12,8
"15503",20.9303745785794,3.65523543234974,12,8
"15504",31.6376406992386,7.44143507655388,12,8
"15505",20.4787482566634,9.34958072445652,12,8
"15506",12.5287726379746,7.91076185617987,12,8
"15507",15.7022690110259,3.10521954954274,12,8
"15508",20.5931259578421,5.78211596277704,12,8
"15509",16.1652472140708,8.48046171032161,12,8
"15510",16.6871031648112,6.1328308086718,12,8
"15511",21.193637257096,4.35458339838565,12,8
"15512",21.0123835263354,7.43613262330956,12,8
"15513",23.2453973624322,4.48070322923736,12,8
"15514",25.3835899445966,7.69855936018237,12,8
"15515",17.2281282628708,1.64666979800328,12,8
"15516",22.7492862038928,5.20359129003334,12,8
"15517",19.2816328512288,6.96490342680138,12,8
"15518",17.2233476676564,7.62563656201814,12,8
"15519",28.33347653186,5.39351609781036,12,8
"15520",20.0890296571059,6.68451086275936,12,8
"15521",21.3478830831759,7.10415547429165,12,8
"15522",26.2986072046168,7.35417256994244,12,8
"15523",22.3119471014013,4.72832257012083,12,8
"15524",21.2960187226273,6.91139728958257,12,8
"15525",19.1983348846279,8.43521708267804,12,8
"15526",13.6003621695133,6.21714943939005,12,8
"15527",20.7265660694393,8.4697555647224,12,8
"15528",23.8102741349483,7.40010455434645,12,8
"15529",22.0588051445651,6.4288489871072,12,8
"15530",22.2937726017607,3.22395762812199,12,8
"15531",20.8546171555372,5.19094457475979,12,8
"15532",19.7402818303336,5.1083354792662,12,8
"15533",25.5237386946394,3.96264919526775,12,8
"15534",27.3951784105223,4.26623017245063,12,8
"15535",17.1292753425418,9.45239798131906,12,8
"15536",25.6736499475541,2.1209871955127,12,8
"15537",23.4273204886694,9.64815048697184,12,8
"15538",17.253276252651,3.21314300311246,12,8
"15539",28.9024861779538,7.27258758928135,12,8
"15540",21.1743784878733,6.861152957485,12,8
"15541",23.7119427992492,9.60814361069311,12,8
"15542",27.6096942799774,5.61121260280185,12,8
"15543",22.8171534143589,5.51515245933486,12,8
"15544",15.5157581552144,8.55159911567179,12,8
"15545",25.3719121055981,5.80025891523549,12,8
"15546",27.4759894453352,7.09640180639707,12,8
"15547",17.40657634326,6.52287995077959,12,8
"15548",24.9066882384712,6.60193003023543,12,8
"15549",20.0126908995973,4.17999067859009,12,8
"15550",24.971236337577,3.89450664994146,12,8
"15551",23.573585016964,8.05424635862685,12,8
"15552",23.6532688300959,6.16195881981402,12,8
"15553",23.4729624459994,7.47992967921491,12,8
"15554",19.5323892267781,5.85258321300462,12,8
"15555",26.9386740499583,7.5155169004755,12,8
"15556",17.8392309990818,8.06727583934032,12,8
"15557",19.1474152726359,8.36979764286137,12,8
"15558",28.5698260708615,6.38101667021692,12,8
"15559",20.3575352065185,4.68427648177156,12,8
"15560",20.8080279997676,4.72874574598984,12,8
"15561",25.5378447002258,7.73144831164191,12,8
"15562",22.047354795694,6.32580220635347,12,8
"15563",20.5143039471195,6.73268323695976,12,8
"15564",23.0839543394607,6.2874692218926,12,8
"15565",24.386317201944,6.21420339408525,12,8
"15566",21.7974249237724,7.44364729574251,12,8
"15567",22.9191859444472,8.98024499882508,12,8
"15568",18.1715135424387,6.66815378972569,12,8
"15569",27.3491142366276,3.51089413646283,12,8
"15570",21.6626598291285,6.28556579503512,12,8
"15571",23.473105070662,7.34871205500762,12,8
"15572",22.1907680473297,7.96141374778133,12,8
"15573",21.1769415034751,7.06538096211276,12,8
"15574",27.6252786380342,8.58450707878307,12,8
"15575",20.8538338239962,7.6531907199599,12,8
"15576",16.602234575118,6.75756605219203,12,8
"15577",25.7646099749115,5.13740155324924,12,8
"15578",25.77953284557,7.37887312578742,12,8
"15579",15.5204692717398,5.04715099595159,12,8
"15580",19.5843402149669,6.93526321968786,12,8
"15581",16.9625742892014,6.12476850530815,12,8
"15582",27.9362594665063,7.41201742129359,12,8
"15583",19.0203344145891,5.92392729842453,12,8
"15584",22.9068985805085,8.66508848009469,12,8
"15585",22.0005520677214,6.70217722202976,12,8
"15586",19.3225115205614,5.74943871001402,12,8
"15587",23.8345734222475,10.9210947231157,12,8
"15588",18.5856184491206,6.72691961111585,12,8
"15589",19.0546563318365,5.95798942379182,12,8
"15590",20.8486764432308,5.05413117946976,12,8
"15591",26.8348026111931,5.55311822972639,12,8
"15592",19.5688931279696,10.129817445901,12,8
"15593",21.2861410413251,7.22478250119323,12,8
"15594",19.0763252419423,7.95221994282636,12,8
"15595",24.1601030420451,7.62502744506959,12,8
"15596",27.3380971266241,7.84188422759047,12,8
"15597",21.3362223089345,6.70318189745186,12,8
"15598",29.5964475416184,6.41739472060281,12,8
"15599",20.7533756969544,8.00265593029676,12,8
"15600",19.887563267756,5.26466729440543,12,8
"15601",23.8262377961839,3.39052489925194,12,8
"15602",21.2848115510662,6.82871820689129,12,8
"15603",18.5200421880803,3.20001686290105,12,8
"15604",21.4259978182153,5.96140795488086,12,8
"15605",20.7879598027561,6.98352325594572,12,8
"15606",21.3574691055465,6.77093240038449,12,8
"15607",27.4218753321712,7.26193788975841,12,8
"15608",23.495375045562,6.81182361121541,12,8
"15609",23.6052762336285,5.87732874097948,12,8
"15610",19.0120452694181,4.63878122528002,12,8
"15611",27.3025480267399,4.39221032425155,12,8
"15612",24.0798328191099,7.65351306658213,12,8
"15613",26.9968905286942,6.27624688936745,12,8
"15614",24.4322569842201,5.9490284286556,12,8
"15615",19.8941635351658,7.80552465442917,12,8
"15616",22.2629338198442,9.08385622552436,12,8
"15617",30.6454797416937,3.56926041793807,12,8
"15618",19.6467378330781,7.47058577607122,12,8
"15619",16.6571095908468,6.59377612807127,12,8
"15620",24.6308366364608,7.68139649396299,12,8
"15621",15.8834231695927,6.89965800037402,12,8
"15622",22.2799222855306,4.7399204159621,12,8
"15623",19.8008059547235,6.84131299355094,12,8
"15624",18.0731781646537,8.62469619459509,12,8
"15625",20.8035909684451,5.27369536287842,12,8
"15626",23.9222685578837,8.06825248484651,12,8
"15627",21.9603706846961,5.56827442644711,12,8
"15628",19.176152592089,5.27703113722733,12,8
"15629",28.8480731238505,7.58016775029251,12,8
"15630",9.12923138468481,7.34270225918983,12,8
"15631",25.7479003957419,7.55681074013617,12,8
"15632",16.2649835610542,5.49420781367501,12,8
"15633",22.2464275054726,10.1470820851373,12,8
"15634",24.928069440375,9.09037106410429,12,8
"15635",25.1216204841555,8.65275591324854,12,8
"15636",22.9160747076572,2.64203881531837,12,8
"15637",13.0874294655992,7.29048144245369,12,8
"15638",25.9346897219811,5.84846575438538,12,8
"15639",23.8064727489304,8.04102552140173,12,8
"15640",18.8841179509281,5.03655011085063,12,8
"15641",20.6854686572888,6.038572288881,12,8
"15642",22.311642328528,7.7067764316503,12,8
"15643",18.4003641062398,5.27641438652055,12,8
"15644",26.0377408524811,9.58625750545198,12,8
"15645",26.9345938770907,6.5215870938771,12,8
"15646",25.3521086619307,6.22739721726719,12,8
"15647",19.7967948326688,5.5706868481567,12,8
"15648",23.5679773788236,4.93161220252288,12,8
"15649",28.844470855462,7.46363197936264,12,8
"15650",27.8779928120712,3.25684564540505,12,8
"15651",25.2475428054766,7.72303039413772,12,8
"15652",21.0924915867434,4.37369336834884,12,8
"15653",24.423213178573,10.5106670695853,12,8
"15654",25.673818481616,5.72029797449048,12,8
"15655",21.0516325769673,9.12494834219441,12,8
"15656",19.8947890026552,4.96935238983366,12,8
"15657",21.1283633511209,5.61644004262926,12,8
"15658",22.1795510432109,4.69058974985514,12,8
"15659",26.1953376792056,6.75362011188097,12,8
"15660",22.9264446964141,3.11121286224411,12,8
"15661",28.1796134822454,7.0138866300013,12,8
"15662",27.1215866181194,4.64482281571757,12,8
"15663",22.3289344895586,7.02353138650969,12,8
"15664",27.0085083499489,6.62974408769457,12,8
"15665",22.6582675852918,8.90862346614439,12,8
"15666",17.8510736624656,2.40202885160809,12,8
"15667",22.7142767033628,7.56081036157449,12,8
"15668",19.0872113199877,10.732839541493,12,8
"15669",16.77252398995,6.12348329066782,12,8
"15670",25.920885733874,4.82806515512795,12,8
"15671",18.5329541108801,6.14976458752149,12,8
"15672",28.1076645548116,6.27514995478688,12,8
"15673",27.6894260159943,7.5351164532569,12,8
"15674",18.985116896533,4.29518732476099,12,8
"15675",21.667582710466,4.98032736219041,12,8
"15676",22.4257331666826,8.53576162265921,12,8
"15677",22.2423459782316,4.88775044425915,12,8
"15678",22.4226569755444,8.24676903572782,12,8
"15679",22.0395053169498,9.10416891702359,12,8
"15680",18.4712325415524,7.55888317896856,12,8
"15681",21.4622986468915,9.18963290179147,12,8
"15682",27.847875073126,5.43786781830931,12,8
"15683",20.5452485332623,5.15740236805058,12,8
"15684",24.6427351284379,8.75665148364276,12,8
"15685",17.89978714389,5.75780422048962,12,8
"15686",22.4962648872361,8.51369702787941,12,8
"15687",17.4883296783789,6.96941906171267,12,8
"15688",27.9188993913694,10.7935910747113,12,8
"15689",17.287288051526,7.39464665833542,12,8
"15690",24.839812581109,5.93060922072127,12,8
"15691",16.0545119415709,6.54976130650964,12,8
"15692",23.2219304044362,5.14036234816644,12,8
"15693",20.4907441769598,7.94059211471939,12,8
"15694",21.3672983989177,10.3940452101557,12,8
"15695",26.7768290050452,4.65064007357124,12,8
"15696",21.1479217703738,10.1001435874661,12,8
"15697",26.8961541827213,5.5275097589228,12,8
"15698",18.1281562043152,3.35363850122817,12,8
"15699",19.6809385027566,3.56363725896804,12,8
"15700",14.768655632561,6.91972466365646,12,8
"15701",18.3245035715726,6.21941369782818,12,8
"15702",23.4400060773334,6.98174840002047,12,8
"15703",23.0397403695913,8.54050966001322,12,8
"15704",25.7383521732527,4.49179704468292,12,8
"15705",23.2166799372808,4.50349789933255,12,8
"15706",26.9341748995836,4.51065119133889,12,8
"15707",15.2707923212479,6.42883142676428,12,8
"15708",22.4550555852824,6.46347249674283,12,8
"15709",18.1366719490897,6.05506654855699,12,8
"15710",18.6139282784282,4.51011437175098,12,8
"15711",24.2812922024198,7.62534924746056,12,8
"15712",25.7674610855364,5.50494820365781,12,8
"15713",24.4756407152839,5.07036270897061,12,8
"15714",23.1241301258648,5.57965226642582,12,8
"15715",26.1565614471957,5.99823667728678,12,8
"15716",19.1840981499552,6.96504311316967,12,8
"15717",31.8344071057619,7.46862009203412,12,8
"15718",23.5377325367313,7.018896195684,12,8
"15719",21.2164247449567,4.99089632379099,12,8
"15720",18.1732578452598,9.72548752863562,12,8
"15721",17.9909048746502,8.25318279276092,12,8
"15722",18.1589024268852,5.59585230451258,12,8
"15723",21.5473297414155,10.3601930691701,12,8
"15724",19.668243064384,5.82054002071834,12,8
"15725",22.0178192985002,7.01198571252573,12,8
"15726",22.0269292786069,10.7610492839556,12,8
"15727",18.39047658481,5.57394367074424,12,8
"15728",23.1362200620583,7.27962892390444,12,8
"15729",25.3679586100068,7.87136228868152,12,8
"15730",26.5193675168798,9.52059618506838,12,8
"15731",19.8740190038551,7.406709382764,12,8
"15732",27.9138408232613,6.27396218498588,12,8
"15733",25.4644892619319,8.09260100181987,12,8
"15734",22.4674238894201,4.84326257595166,12,8
"15735",21.0397337338263,6.1142320108248,12,8
"15736",25.3417671993242,5.22682967654997,12,8
"15737",19.9471044713853,7.06204527047816,12,8
"15738",24.7172503961882,8.91070286162232,12,8
"15739",24.4084077504918,7.20441676210269,12,8
"15740",21.7442172653126,5.1202390591568,12,8
"15741",20.845739408902,6.3980345717599,12,8
"15742",23.7636684426424,5.09317884526588,12,8
"15743",21.1805968134643,6.07646748973915,12,8
"15744",22.028739213709,4.94483003392374,12,8
"15745",20.8495960631015,3.64500365850319,12,8
"15746",29.1597632195559,7.66803352062209,12,8
"15747",30.063568430951,7.62233505796136,12,8
"15748",24.8570490149341,4.93171739637597,12,8
"15749",25.6806108967605,7.66063067530097,12,8
"15750",19.6182762683634,6.50090052902658,12,8
"15751",18.2247267359579,8.13546741991427,12,8
"15752",19.9317916870756,5.35756821495745,12,8
"15753",22.7717365043992,3.96871184062455,12,8
"15754",25.1518246863083,8.69555637876689,12,8
"15755",19.4586339423475,8.56220481572281,12,8
"15756",23.2444588568851,5.07694862724144,12,8
"15757",18.6966130174269,5.62904897235107,12,8
"15758",24.7464666430531,7.15613009429826,12,8
"15759",25.4499589819111,4.86315918956476,12,8
"15760",21.2416925960862,8.97182671363728,12,8
"15761",18.1525032745237,7.30405615335535,12,8
"15762",26.2416463456173,7.54616112594752,12,8
"15763",23.4807138531718,7.57745572095639,12,8
"15764",25.9694835422899,6.09509645989983,12,8
"15765",21.8909148514286,10.0143411527978,12,8
"15766",19.8061069416586,9.87141987096619,12,8
"15767",23.4885975438301,8.35934611327488,12,8
"15768",24.4434135620568,8.91442783423426,12,8
"15769",18.4771121451937,7.21357698829564,12,8
"15770",22.4577015497265,6.7919303846682,12,8
"15771",26.1773401716316,4.90748130127463,12,8
"15772",20.2466569853235,4.96774344011695,12,8
"15773",26.1480872692496,7.00243156026298,12,8
"15774",24.2298276438712,3.75456306444115,12,8
"15775",16.4402035884483,5.01659597284955,12,8
"15776",14.390439986352,3.18538473277923,12,8
"15777",19.5077435473048,9.34091245973821,12,8
"15778",21.6707807761844,6.11276112976087,12,8
"15779",26.1355598173235,7.48862800005687,12,8
"15780",23.7715707117782,6.24738465449937,12,8
"15781",17.7818131700853,6.91010805698881,12,8
"15782",29.0459625738134,5.66428123858103,12,8
"15783",18.9985749822384,11.235403199959,12,8
"15784",21.535249384051,6.74236542415222,12,8
"15785",23.4697560659294,8.37163869181403,12,8
"15786",19.5619535620019,6.84972976857657,12,8
"15787",20.6573749435689,3.79791303387502,12,8
"15788",25.7602759611477,5.31380701965582,12,8
"15789",18.6211080449129,4.95658218726073,12,8
"15790",19.9416446499182,6.77015450858479,12,8
"15791",16.5731923349882,8.52464846945839,12,8
"15792",19.8254913217555,4.36990389527141,12,8
"15793",18.7119525392264,2.55453291385614,12,8
"15794",23.6570071743927,4.68957260352935,12,8
"15795",28.9985930858645,8.2629197902336,12,8
"15796",27.024308422773,6.56526744560872,12,8
"15797",14.6031625528954,7.29453151054213,12,8
"15798",19.6921456928276,5.47259192480156,12,8
"15799",20.1977552267435,8.65074525409942,12,8
"15800",16.1609911993609,4.35443312606272,12,8
"15801",17.6383814632098,5.6851856596211,12,8
"15802",25.1641630816365,7.8837759553363,12,8
"15803",22.3049973589469,5.95985445731718,12,8
"15804",22.9449370629559,9.16263069980916,12,8
"15805",23.7592972156158,4.83563345137377,12,8
"15806",21.6397088157506,6.03514861422717,12,8
"15807",24.7881512958273,10.1714496106759,12,8
"15808",21.6107883290864,4.70987036172465,12,8
"15809",23.0058541130715,9.8744091054101,12,8
"15810",28.4065724647594,5.3386624978242,12,8
"15811",25.0001537926392,8.27826082450706,12,8
"15812",25.6585863616756,6.66453880165512,12,8
"15813",17.1165903726228,7.51369150911328,12,8
"15814",22.5169050998324,4.97979050470026,12,8
"15815",18.0734374242609,3.47171263320023,12,8
"15816",22.7046758060078,5.96769373665924,12,8
"15817",22.6681438182671,7.67414168861342,12,8
"15818",20.8962720419859,7.26039899083507,12,8
"15819",18.9967844533791,6.58439505877673,12,8
"15820",19.7812226131861,6.10598080561468,12,8
"15821",24.3195776735824,7.08616238458669,12,8
"15822",22.5752915161942,6.09754085276015,12,8
"15823",20.9837351856413,6.20724557766741,12,8
"15824",26.2050932255187,6.86731908610794,12,8
"15825",24.8218392025333,6.49694815353365,12,8
"15826",21.3936183090282,8.7881548915089,12,8
"15827",25.1546732636474,6.74405361356972,12,8
"15828",19.7125079353879,9.02233176354044,12,8
"15829",20.2252823359423,7.79140139198743,12,8
"15830",19.6680021575359,3.85989934401459,12,8
"15831",21.727319900605,6.55438798959465,12,8
"15832",23.1818256391028,8.92222649706488,12,8
"15833",20.6216515272075,7.79355484614445,12,8
"15834",23.9612955311056,7.14565436216753,12,8
"15835",20.7515393163172,4.80817732766507,12,8
"15836",26.5322091140089,2.96710180463496,12,8
"15837",24.7306566740442,6.88639672541727,12,8
"15838",23.8228625228722,6.77154514114234,12,8
"15839",19.6928607355741,3.9751729506885,12,8
"15840",20.2181235302665,7.10107866748299,12,8
"15841",21.4321171858152,6.52153765654993,12,8
"15842",18.3323405954474,5.34756234038786,12,8
"15843",16.4590216461527,8.08629079805607,12,8
"15844",21.8519911171586,5.76656847744485,12,8
"15845",28.6397732825397,10.5702166942573,12,8
"15846",26.6333497222715,6.83302150642461,12,8
"15847",19.4778554613803,6.28525481210913,12,8
"15848",23.7329624107296,5.85797042528121,12,8
"15849",24.1363518544202,6.69705068811723,12,8
"15850",21.8106512790547,7.25975964826055,12,8
"15851",27.0478511711553,3.59367403265827,12,8
"15852",21.5093731879159,8.86437177365999,12,8
"15853",24.8449722704765,6.87732965057792,12,8
"15854",29.5403599532493,10.5021672835479,12,8
"15855",26.6945292402614,7.01632420131252,12,8
"15856",24.6007814227708,7.24415970532459,12,8
"15857",24.2525910901595,9.62297105944065,12,8
"15858",18.140136683529,5.43621617461918,12,8
"15859",17.549614862444,7.15697937557785,12,8
"15860",17.9971478456946,5.34084095738903,12,8
"15861",19.3739496777662,6.85168512580158,12,8
"15862",29.0691140327276,4.88019933797831,12,8
"15863",24.6926911932868,4.27127509331274,12,8
"15864",15.4873025598835,2.42201947435512,12,8
"15865",19.3917495288068,7.01426057304993,12,8
"15866",20.8653077456456,7.26414976623069,12,8
"15867",23.7300443568672,9.0768575875936,12,8
"15868",22.3931879129704,6.67781197208366,12,8
"15869",19.381743694691,5.94246920675656,12,8
"15870",19.9901566804956,6.4800818349835,12,8
"15871",22.9761922613176,8.84602424427767,12,8
"15872",18.8869368302838,8.99836613956219,12,8
"15873",23.675948651202,3.51067366013051,12,8
"15874",22.6771956738831,8.44478247607421,12,8
"15875",23.2347763780873,3.45718997389031,12,8
"15876",23.0180855660084,5.10121908634635,12,8
"15877",26.5121469512964,3.54317881310038,12,8
"15878",24.2634838426798,6.18228907981368,12,8
"15879",19.4451258332876,6.92150849587892,12,8
"15880",19.8116497656112,6.31476752472968,12,8
"15881",20.2544566863506,7.39623797502953,12,8
"15882",22.4385011162357,6.5739835580951,12,8
"15883",19.7738888335956,7.80969147070022,12,8
"15884",25.3880603858719,7.67142798671039,12,8
"15885",19.9079837152177,5.83703696589204,12,8
"15886",26.3824091084697,4.81401784384045,12,8
"15887",24.3704718959971,6.48756833251324,12,8
"15888",21.4071804935844,6.31866491832385,12,8
"15889",26.8923193940792,1.95110915966328,12,8
"15890",23.8134007763833,5.79749543480007,12,8
"15891",23.1453367754034,4.62237769867597,12,8
"15892",27.791981441327,7.01894541681022,12,8
"15893",23.0421622643486,5.6331970142332,12,8
"15894",19.8131087568122,6.7475891536004,12,8
"15895",16.5615643725982,6.54986958840202,12,8
"15896",21.8370915095897,9.05675338681933,12,8
"15897",15.742335706475,5.76837083308257,12,8
"15898",27.2876819192445,5.77589749065245,12,8
"15899",19.3658276099371,4.83786527051308,12,8
"15900",21.3762288393273,5.41341657532143,12,8
"15901",24.0437561111615,8.02091902785783,12,8
"15902",21.9072386954715,8.24481770646998,12,8
"15903",18.3742692544046,5.36708069488434,12,8
"15904",28.5604530249482,6.46920951892151,12,8
"15905",21.2838759094844,10.6475336268446,12,8
"15906",22.0752599771192,5.74780750822079,12,8
"15907",12.8202210070109,6.68748303042738,12,8
"15908",18.1996340071718,6.88125326551984,12,8
"15909",23.2792371297784,4.54279730224099,12,8
"15910",20.4347818309098,4.54159666874364,12,8
"15911",24.7490750347409,5.89345883733579,12,8
"15912",23.2981465788207,5.53607778106399,12,8
"15913",21.3739582346731,7.84879102272636,12,8
"15914",21.8550248247746,4.91812786333264,12,8
"15915",24.6731216432615,5.49282577153635,12,8
"15916",16.5025128067442,5.98642691501558,12,8
"15917",24.8652482230444,7.40345575365229,12,8
"15918",21.8457156915943,4.50106561268631,12,8
"15919",17.8120499549766,5.80641336550499,12,8
"15920",22.2688106416379,5.01967995104316,12,8
"15921",20.1984715629075,5.4883943527088,12,8
"15922",17.5392665425798,6.46033212491185,12,8
"15923",18.1583268268057,6.70974691114563,12,8
"15924",18.3498126065055,7.08569199956377,12,8
"15925",20.6953503104384,4.30452775134185,12,8
"15926",21.7543938395503,7.80248295050346,12,8
"15927",17.931304837379,11.8874432416658,12,8
"15928",20.4552959969589,4.41130730132613,12,8
"15929",25.2797329434799,8.31711237454022,12,8
"15930",22.8368999961527,6.43694815196616,12,8
"15931",22.1501954551085,7.73305020235501,12,8
"15932",23.2758968183118,6.9388546357579,12,8
"15933",29.5569087575369,9.62672613370586,12,8
"15934",15.0477483831127,8.72547284834306,12,8
"15935",24.0752493149119,5.3204928557768,12,8
"15936",24.9530943710951,7.73804908238026,12,8
"15937",25.6390420050739,7.23184320972246,12,8
"15938",22.4718917225921,9.23235210136443,12,8
"15939",28.8616126618844,4.86629018193312,12,8
"15940",18.1600799449044,4.87621088448911,12,8
"15941",27.7256075126052,6.52189838969249,12,8
"15942",20.3851244568663,4.07330113641926,12,8
"15943",17.4665365620739,8.92051091878508,12,8
"15944",15.1982334174886,7.00756619509102,12,8
"15945",23.0699182249696,9.15216595769147,12,8
"15946",21.5652129556431,7.39249278571855,12,8
"15947",20.4490146630917,6.3519561622373,12,8
"15948",21.352393665808,6.13365042449546,12,8
"15949",20.9445055091509,6.35293176506959,12,8
"15950",22.0574100387497,4.71913245378882,12,8
"15951",21.5192437199992,8.60044421345388,12,8
"15952",24.9478994879822,3.43159424620734,12,8
"15953",22.890468264389,8.98026844697999,12,8
"15954",21.1857958874872,7.38106349315423,12,8
"15955",27.0463159197026,5.91387505915611,12,8
"15956",20.2462925247516,5.84476801456726,12,8
"15957",19.6721031156642,5.95048281108989,12,8
"15958",26.7012692934377,7.71760140086586,12,8
"15959",25.6380166440233,6.01841765293612,12,8
"15960",16.0945337451913,7.45799193003193,12,8
"15961",25.5936494878611,6.72797570697777,12,8
"15962",21.1565286547711,7.48290290423285,12,8
"15963",18.0320506256182,4.86442578639653,12,8
"15964",26.1629300985806,7.88110329892878,12,8
"15965",19.4952965350147,9.53067976913616,12,8
"15966",21.3697902814167,9.07469383268477,12,8
"15967",21.9692748524184,7.22611406460974,12,8
"15968",30.2102246603568,5.38444689421509,12,8
"15969",20.0914972447128,9.38296901641907,12,8
"15970",29.2781167217857,8.11838763350118,12,8
"15971",18.5531061150643,5.52194466435497,12,8
"15972",25.9239671218107,9.10619192660304,12,8
"15973",18.8223204874239,8.34139600768485,12,8
"15974",24.6403522630261,5.41398949259768,12,8
"15975",24.232539289458,7.85615867241946,12,8
"15976",21.5636043758073,6.50883282270614,12,8
"15977",24.7926286237011,6.4659597110852,12,8
"15978",23.3467050862483,9.49514103487029,12,8
"15979",22.7327569524656,6.09154612974085,12,8
"15980",21.5232189891389,10.7315388971726,12,8
"15981",15.1593441773938,8.10126253253994,12,8
"15982",31.8079338883534,6.50039432521337,12,8
"15983",22.1121159991186,3.86879886519594,12,8
"15984",23.3034730856028,5.45670826389745,12,8
"15985",22.4279962834528,5.95530057763541,12,8
"15986",24.0431694362134,10.3946089999795,12,8
"15987",26.4073089086246,8.55357040817397,12,8
"15988",20.9795732100713,8.43684534572945,12,8
"15989",23.7755665220848,7.31101754688879,12,8
"15990",15.9008357373241,4.07058669300599,12,8
"15991",19.909320951906,5.92401830628194,12,8
"15992",24.0304421246345,5.86523698657583,12,8
"15993",27.6532320969761,5.13214615893148,12,8
"15994",21.9900103742635,6.20333954967353,12,8
"15995",20.9797751606268,3.02610954025908,12,8
"15996",22.8569454586559,3.5728786586607,12,8
"15997",18.6176489936316,5.2399535560143,12,8
"15998",25.700870876159,8.52379045103319,12,8
"15999",17.0965205952454,6.3593893244406,12,8
"16000",24.9693132919026,6.49442132558223,12,8
