"X1","X2","component","subcomponent"
"15001",2.26665140314046,5.86801933182152,1,2
"15002",0.981750468561603,11.7204205842403,1,2
"15003",1.10382658171296,4.58633331073092,1,2
"15004",3.64120553047065,9.29178335096276,1,2
"15005",1.59129108175251,5.90793488270999,1,2
"15006",-0.441804174161214,8.6005647136389,1,2
"15007",2.55378299002153,4.77386333246526,1,2
"15008",3.54535632882449,4.62079276817821,1,2
"15009",4.6741995751786,13.6746565361825,1,2
"15010",0.97803887784944,13.3530941110104,1,2
"15011",-3.03212773107718,8.88962921761389,1,2
"15012",2.53734312193453,7.59407738814422,1,2
"15013",2.83984852209632,2.38068345637691,1,2
"15014",-0.835126613637073,1.41107101687563,1,2
"15015",2.09386531329322,9.67727779754048,1,2
"15016",1.83539587419344,15.7810818326087,1,2
"15017",3.673399620015,6.20444711645768,1,2
"15018",0.225550480893032,3.50166434901697,1,2
"15019",3.73280375723233,5.83142602698876,1,2
"15020",1.07435053108643,0.962965039405045,1,2
"15021",1.26751433179762,3.42731961511313,1,2
"15022",1.43464622965937,7.40230247404306,1,2
"15023",2.73133703676487,7.56411603781863,1,2
"15024",0.551676930041959,-1.98742544684568,1,2
"15025",-0.571407999354276,-1.25419777996206,1,2
"15026",2.2916772730898,3.42007754582254,1,2
"15027",-1.70270888569297,1.99419569922881,1,2
"15028",4.10436626854909,7.97615322253243,1,2
"15029",1.02886690108682,3.67127772277978,1,2
"15030",1.04739453117822,11.621622413537,1,2
"15031",0.616210824389556,4.36490133631855,1,2
"15032",1.39109309575012,7.79890110055089,1,2
"15033",-0.52842159338811,5.16149914715079,1,2
"15034",2.28687066113308,6.4135332722057,1,2
"15035",4.25929345878748,9.09760895642705,1,2
"15036",2.9027580615696,3.3495189624812,1,2
"15037",0.769329528991855,-0.140402140684321,1,2
"15038",-3.33652613012342,3.76023756504209,1,2
"15039",3.82168413748362,8.39476263479975,1,2
"15040",0.252969633481867,4.24340121998007,1,2
"15041",-0.314146113992232,7.66438951482626,1,2
"15042",3.86848382255087,8.59339370653758,1,2
"15043",1.95922121191687,9.63516502836792,1,2
"15044",3.20761932484911,-1.13313170805785,1,2
"15045",1.77017752552839,5.72129184182412,1,2
"15046",4.89645960557032,5.80307539263062,1,2
"15047",1.31415146180455,2.92792729020129,1,2
"15048",-1.8819047414852,6.06241002235215,1,2
"15049",0.71832031656214,2.04992020897245,1,2
"15050",0.83455453816337,7.75662230905969,1,2
"15051",1.28453173196464,10.9646417198956,1,2
"15052",0.808699031665721,5.78910358308991,1,2
"15053",1.72393407437521,-3.16944739241211,1,2
"15054",2.54845365656089,2.82266325082316,1,2
"15055",2.68678050552915,3.91419692221802,1,2
"15056",0.786104837953407,3.31039869090376,1,2
"15057",2.69623982771072,13.0057057002091,1,2
"15058",0.172228835617731,9.59494593685195,1,2
"15059",2.7399809438997,4.10924174750285,1,2
"15060",1.21537662576567,-3.06916657624585,1,2
"15061",3.29666110523249,9.56399610226274,1,2
"15062",2.72225636618821,6.1395878618081,1,2
"15063",0.953038947585519,9.70711738433383,1,2
"15064",0.739648525097431,5.03582434079929,1,2
"15065",4.8138190434166,9.61314671310081,1,2
"15066",-0.295658564087532,7.97280572684832,1,2
"15067",-1.30855323712924,4.73216452568149,1,2
"15068",-0.648806906264104,7.11406649751331,1,2
"15069",3.72843891747754,8.10215149493138,1,2
"15070",1.86298227817891,6.51210565818606,1,2
"15071",-0.14198031410699,6.08358946582745,1,2
"15072",3.33945340239165,0.133525723324588,1,2
"15073",3.80084394570898,5.40596229452138,1,2
"15074",-0.115252422247063,6.17784020067379,1,2
"15075",1.53016467974233,1.85545667078402,1,2
"15076",1.8897337061538,6.47625672546343,1,2
"15077",0.716030775963728,6.11203651209274,1,2
"15078",-0.141887977036045,1.53308301770849,1,2
"15079",1.62985160319314,10.9020796928405,1,2
"15080",2.21903484910685,4.13381537547896,1,2
"15081",3.59339408738591,1.702842796838,1,2
"15082",0.0874087178258243,5.56392247972739,1,2
"15083",1.12316720646985,5.46168667817744,1,2
"15084",0.0903593395832019,6.61322786758384,1,2
"15085",2.23220096301819,8.4179540501557,1,2
"15086",1.70026372178097,8.28851554691004,1,2
"15087",4.30081080003011,9.96764356876709,1,2
"15088",-0.429241873721477,7.4475960954717,1,2
"15089",0.646913737463304,9.01338880399092,1,2
"15090",0.358578925516206,14.0291573897455,1,2
"15091",0.490542822563777,9.10996067344335,1,2
"15092",-0.249281891048557,-1.10062898667224,1,2
"15093",4.66923977153449,4.02528364398417,1,2
"15094",0.468487627621226,0.942605380117778,1,2
"15095",-0.568874230694855,6.05372247502149,1,2
"15096",3.900463127752,3.22691992687428,1,2
"15097",4.44823300844294,9.93287570134574,1,2
"15098",2.23518823456566,9.32879965572343,1,2
"15099",0.564392639911981,8.54321230561432,1,2
"15100",1.65718288866155,7.83573872460314,1,2
"15101",0.717020725786417,7.99975313425227,1,2
"15102",0.035630733476431,6.19476740937877,1,2
"15103",1.46757095577321,1.60037986285151,1,2
"15104",-0.581697901570565,5.31581253612077,1,2
"15105",-0.469437414548808,7.02655425040994,1,2
"15106",1.57196828687285,2.58225916724262,1,2
"15107",1.57447984994135,6.50708923453836,1,2
"15108",1.1345005141438,5.70031796883171,1,2
"15109",3.62343626293044,4.20805281916534,1,2
"15110",3.38533681785507,6.48327884225949,1,2
"15111",3.68044921957588,6.5463009770024,1,2
"15112",2.59168669710492,6.0298682330499,1,2
"15113",0.63199109821621,1.50097892219469,1,2
"15114",-0.481355404091835,5.25781335274285,1,2
"15115",1.67424561162534,5.86645089043679,1,2
"15116",1.79019487298016,4.17704642233115,1,2
"15117",4.94661660905072,8.43987842977982,1,2
"15118",2.7818182529949,-0.220187826075781,1,2
"15119",3.57661978742929,10.9653256742214,1,2
"15120",4.10864547169693,6.74787321350943,1,2
"15121",1.08347167626231,3.70918320472772,1,2
"15122",1.27803634955124,3.1196597885087,1,2
"15123",5.64243260687863,5.37041426414641,1,2
"15124",1.359832567872,9.29140489563949,1,2
"15125",0.939132240694742,10.5321551576226,1,2
"15126",1.73988097442979,10.722843454151,1,2
"15127",0.412329965418336,6.75875674027508,1,2
"15128",1.69915530610356,0.618257155454728,1,2
"15129",3.94149664064656,8.57132872524183,1,2
"15130",0.869518851082413,2.72213997685024,1,2
"15131",3.12576106676477,-1.4639872924327,1,2
"15132",3.92610816647576,4.11524883050571,1,2
"15133",0.357472094523944,1.06939433258315,1,2
"15134",2.67844788013992,11.2483095946296,1,2
"15135",1.86663612960727,4.36758247452796,1,2
"15136",2.40659503935782,9.18749941137473,1,2
"15137",1.09019166508268,11.9267553622314,1,2
"15138",1.66300136486403,7.68697030105872,1,2
"15139",3.78525945249177,2.97206058714577,1,2
"15140",0.118303511997917,6.06977152178328,1,2
"15141",1.42499682962498,8.3018323670479,1,2
"15142",0.922181160158321,6.22714478866825,1,2
"15143",2.56077704007244,5.88716926573976,1,2
"15144",1.60441852229876,7.20844820335005,1,2
"15145",3.85116666405263,6.82958515944331,1,2
"15146",1.39369440480951,7.07457478033789,1,2
"15147",0.472474234514001,6.28693397455738,1,2
"15148",5.72842950831507,1.857864172249,1,2
"15149",3.29111084504791,4.5042468565068,1,2
"15150",1.64161194789846,4.99137789387544,1,2
"15151",0.720219193923774,9.76437235637974,1,2
"15152",0.754089633152533,14.3962646854427,1,2
"15153",-0.161928559425886,9.12173723281823,1,2
"15154",2.99118018185162,4.54849861974341,1,2
"15155",2.9191170612783,7.8897462236859,1,2
"15156",4.39074976609114,8.39942338130292,1,2
"15157",1.99132310596703,5.89512771653129,1,2
"15158",3.12191357206043,1.44454757494643,1,2
"15159",4.81371516480975,8.16364581374738,1,2
"15160",3.77268299872776,7.77123685552038,1,2
"15161",4.67594030156134,7.40431699996747,1,2
"15162",1.42514041005981,7.16666445259451,1,2
"15163",0.856179519831515,6.9041471292135,1,2
"15164",2.24122961227465,5.55221922346164,1,2
"15165",1.93394002577884,-1.90691476473254,1,2
"15166",0.987731270568811,5.6569815339148,1,2
"15167",1.07107619279236,5.85791184291727,1,2
"15168",0.152638995701857,2.28416866875343,1,2
"15169",0.639866907489255,14.6286553950345,1,2
"15170",2.56326404145482,4.47753240314444,1,2
"15171",-0.129276689202631,4.04705558078383,1,2
"15172",2.97587812833095,8.48498367992971,1,2
"15173",1.77505047139936,9.14950763146541,1,2
"15174",2.69135895390347,5.1177405527965,1,2
"15175",0.999429704493039,5.39840481775532,1,2
"15176",2.54053294629508,12.337593747294,1,2
"15177",3.36704429800843,7.14836843050797,1,2
"15178",-0.838843614800523,2.65311403603964,1,2
"15179",-0.982062400969895,8.65116203763249,1,2
"15180",1.47984125621643,9.08633507027165,1,2
"15181",2.20923698948499,8.24027110499714,1,2
"15182",0.42435107294627,6.58454319048304,1,2
"15183",3.22811055481115,6.22571782476929,1,2
"15184",1.37971607843554,10.6329426131632,1,2
"15185",-0.796877698156665,5.89977241432496,1,2
"15186",-0.469343004903056,4.19143127462863,1,2
"15187",2.36084802902459,10.0122784579917,1,2
"15188",1.75830622630468,6.95085912626677,1,2
"15189",3.39019189457633,9.82784885991799,1,2
"15190",-0.0288873904299554,5.18073151668672,1,2
"15191",2.9857305092357,4.80040599204775,1,2
"15192",-0.519978719036421,5.14847227947527,1,2
"15193",-1.44428696267708,5.56960972563532,1,2
"15194",0.573892128775076,6.40586980453316,1,2
"15195",0.670762366949356,-0.50858230375347,1,2
"15196",2.26321504264348,4.72333524225663,1,2
"15197",0.10847723514415,9.32453548239356,1,2
"15198",1.36939364769377,7.86404256462537,1,2
"15199",-0.32825985697441,7.5153857494849,1,2
"15200",2.71402132841275,-1.45259946419027,1,2
"15201",1.59772838486893,-0.0344391918220373,1,2
"15202",1.66537972660471,6.84324046325523,1,2
"15203",-0.185006756380588,2.10487167337226,1,2
"15204",-1.74134213167723,6.72752660787705,1,2
"15205",2.34207369927015,4.24673525351246,1,2
"15206",2.60120421156472,6.88996440366579,1,2
"15207",0.538890735986787,6.64125841967414,1,2
"15208",0.383608369860992,13.354371298676,1,2
"15209",-1.73983451949755,13.1022060767765,1,2
"15210",-2.66413367271739,7.0579223609887,1,2
"15211",2.9260095476564,3.67244191036944,1,2
"15212",2.30281499318541,6.43743461306762,1,2
"15213",2.1599663919923,4.6017788498748,1,2
"15214",-0.449033529624844,1.75293557952017,1,2
"15215",2.52031640534188,7.552337177216,1,2
"15216",-0.871522142704386,7.16273512372615,1,2
"15217",1.79202648665567,6.17944200215981,1,2
"15218",2.07979850447797,5.56727919002762,1,2
"15219",2.37758917634155,-1.18699420085318,1,2
"15220",0.345405691480952,2.47887809594084,1,2
"15221",-0.512269811883538,6.86363241933325,1,2
"15222",1.94602886620803,6.47954495445003,1,2
"15223",1.1679293826717,8.67287992036262,1,2
"15224",0.939965097336206,2.4600824678132,1,2
"15225",3.41652093467048,8.39273337334965,1,2
"15226",1.115151822804,3.01773521631886,1,2
"15227",2.08243135581229,5.45020286887287,1,2
"15228",1.71689624921791,5.72111219026001,1,2
"15229",3.6646824148892,14.1147893815357,1,2
"15230",1.313961996304,5.8635066112261,1,2
"15231",-3.41353613146896,7.0716327708525,1,2
"15232",1.30464421738911,4.01025419653009,1,2
"15233",-1.0720976016162,5.97398891771058,1,2
"15234",3.08698311461059,10.9099584182438,1,2
"15235",0.870905713462257,9.30881385165847,1,2
"15236",1.98024207652308,-1.44035548180487,1,2
"15237",3.94422165555605,3.84586614904478,1,2
"15238",4.43606869307067,5.20308110266161,1,2
"15239",1.04654313719149,0.438168994347255,1,2
"15240",1.10024965324179,1.81464105655413,1,2
"15241",0.955443942138532,3.87445734490788,1,2
"15242",0.180790452705013,8.04169905489414,1,2
"15243",-1.75575190132026,4.26123676108328,1,2
"15244",0.567034310844143,8.98277412085969,1,2
"15245",5.27344821882917,5.96723817327889,1,2
"15246",2.16627769491915,10.5132305522852,1,2
"15247",3.56451509886073,4.34551685843589,1,2
"15248",3.35942508640868,5.68326035694529,1,2
"15249",0.977691622833436,2.77552645508458,1,2
"15250",1.51847170660786,3.86383920282405,1,2
"15251",1.8883076978273,7.91975328897635,1,2
"15252",3.64837271359329,5.72830265844559,1,2
"15253",3.81133299079758,1.9265831138546,1,2
"15254",-1.37683996957475,2.3476483549003,1,2
"15255",2.75094158751914,5.51227441259851,1,2
"15256",1.22529187995692,13.7570591721266,1,2
"15257",4.03551184020548,4.32711489605843,1,2
"15258",3.15277493409138,1.93747631292907,1,2
"15259",4.4434380681911,5.49733592703271,1,2
"15260",-0.383042191621129,11.1021639500917,1,2
"15261",-0.298037129876395,5.26293094599029,1,2
"15262",3.93262712083394,1.68398480202388,1,2
"15263",-2.16016019815001,1.87224257210917,1,2
"15264",0.416222519607869,4.73028883596044,1,2
"15265",0.981504990083072,5.44980115264201,1,2
"15266",1.22578436818633,3.08964262149369,1,2
"15267",1.92148969610228,1.74018224132924,1,2
"15268",1.59883807111447,3.99838422091622,1,2
"15269",2.77042144087003,8.36526867927281,1,2
"15270",0.996563757045232,3.52823619137082,1,2
"15271",-0.155684282801281,11.9764043399638,1,2
"15272",-0.559685180229949,5.06303337166566,1,2
"15273",1.07720519238708,2.11968812340599,1,2
"15274",0.424799930510281,6.05125604633351,1,2
"15275",-1.33960957198847,7.55194936016283,1,2
"15276",-1.00770376324479,4.0560415177164,1,2
"15277",-0.97769347712844,9.99920258444938,1,2
"15278",2.37513985885953,5.96289657161432,1,2
"15279",4.05835497057181,4.8626092724181,1,2
"15280",0.163004604905384,2.46076370436605,1,2
"15281",-0.598138967836813,5.25186451705679,1,2
"15282",0.244145731435947,7.88764444937281,1,2
"15283",1.98816945571663,8.3525326766441,1,2
"15284",1.42200555943948,11.4918641731519,1,2
"15285",1.7158535977649,7.59765358380353,1,2
"15286",2.43810332296493,10.3662416205517,1,2
"15287",3.79212960650985,3.70727134170307,1,2
"15288",1.04211446648497,9.77051620424536,1,2
"15289",5.57523838250652,5.75190754631024,1,2
"15290",-0.204385251208367,1.51938640593948,1,2
"15291",2.64875695645258,4.32564396648764,1,2
"15292",1.10342153084824,9.29501806239544,1,2
"15293",1.05800795143048,9.8433062177571,1,2
"15294",5.04289074177093,3.40262014429973,1,2
"15295",-0.0162948090244226,9.7460966123819,1,2
"15296",0.370894199404274,6.54214979260242,1,2
"15297",3.07268479742303,6.32526123321418,1,2
"15298",4.04066668919645,3.79535025456873,1,2
"15299",0.0236193556460942,2.07350529615193,1,2
"15300",0.324442643513112,11.5165534848649,1,2
"15301",2.57031528365515,8.34508201043137,1,2
"15302",2.02031059318757,-1.51615344315742,1,2
"15303",-0.330575171745008,6.10384607825298,1,2
"15304",2.31365917587379,6.86704137282861,1,2
"15305",0.58897466192837,6.68228393480707,1,2
"15306",3.33033545647668,4.03161272482911,1,2
"15307",2.5662778072515,6.4590502546611,1,2
"15308",2.24468409808832,3.16572424918502,1,2
"15309",1.60655699702047,-1.73137051733082,1,2
"15310",0.178161747341527,4.80674738810093,1,2
"15311",-1.04626219642562,12.5026544184839,1,2
"15312",-1.57276842184946,5.19222236250887,1,2
"15313",-0.537470276063811,9.02617059616561,1,2
"15314",3.56353866816957,10.5890291578983,1,2
"15315",4.154072773837,9.09507298465106,1,2
"15316",-0.868583541680972,0.418715510569236,1,2
"15317",-0.0927254161751128,4.45669440329071,1,2
"15318",1.45264420593177,6.264010112557,1,2
"15319",-0.0870868030680563,9.783039372454,1,2
"15320",0.616635244128807,-2.24096649718504,1,2
"15321",3.86864015177857,1.33814408047301,1,2
"15322",2.5601276671973,4.21649301658386,1,2
"15323",-0.331279300436693,1.97478011571622,1,2
"15324",0.438764989675375,6.81455573765056,1,2
"15325",0.459447905145724,0.409087897262083,1,2
"15326",2.9044762486946,3.03605526854402,1,2
"15327",1.31894044708606,10.7927215945943,1,2
"15328",-0.868279040933309,7.50815529167959,1,2
"15329",-0.898735392929928,-0.77958628555472,1,2
"15330",1.19449617473682,6.15987422957165,1,2
"15331",7.98864059321198,2.65717300864312,1,2
"15332",-1.74825526443888,11.0376505635758,1,2
"15333",1.49716175932175,9.71850959690774,1,2
"15334",1.37758410842739,3.22155137990058,1,2
"15335",1.92276259365177,6.56085997155371,1,2
"15336",2.60003759581666,3.06174637868195,1,2
"15337",0.953206276125435,4.59746328687905,1,2
"15338",1.04714145224825,1.85179946487176,1,2
"15339",0.802730842170725,3.45786968898626,1,2
"15340",-2.83542591796086,14.2393262911684,1,2
"15341",1.01076671977523,11.6718054684759,1,2
"15342",-4.75632144989351,10.7707940097686,1,2
"15343",5.15667920613964,3.75674011929053,1,2
"15344",4.44384801927718,7.42421081276648,1,2
"15345",2.60887891590114,4.53849607278526,1,2
"15346",-3.48927125734163,5.54226785716376,1,2
"15347",-0.414682910009687,6.81185146026222,1,2
"15348",-0.717226796043728,4.93032411261606,1,2
"15349",2.36935606725806,5.1800114389125,1,2
"15350",-0.510497912007753,9.81298968990809,1,2
"15351",1.81715106043359,4.16667286772113,1,2
"15352",3.80542881372579,5.696987388253,1,2
"15353",0.697312938975916,2.17956562922638,1,2
"15354",3.05474082180183,8.89542763192354,1,2
"15355",2.12481408081943,6.11554534184251,1,2
"15356",-0.872549298299583,1.7626205069125,1,2
"15357",3.65310095394026,6.02801786020584,1,2
"15358",-0.896271749084021,4.9715299248565,1,2
"15359",4.71869312761477,4.73257205709542,1,2
"15360",2.89482843591089,7.5973266869755,1,2
"15361",-2.08932554362313,5.5751967645168,1,2
"15362",2.64528449984389,9.43232637136076,1,2
"15363",2.8562990549886,4.83396420594678,1,2
"15364",-0.478423146799174,5.02432702302203,1,2
"15365",4.21390252005252,2.18755527659213,1,2
"15366",-0.683011589661076,8.51081675913099,1,2
"15367",3.40082765540178,2.12260464155544,1,2
"15368",1.0928914789512,6.4515376440235,1,2
"15369",0.156216472045198,12.1471256603949,1,2
"15370",2.70897694013806,7.35308390034743,1,2
"15371",2.10490219152698,4.38280003313948,1,2
"15372",0.926433353327469,3.26078405762865,1,2
"15373",3.95302655622374,8.70125979094473,1,2
"15374",0.45940211706674,9.05546381857568,1,2
"15375",1.32138182794186,2.35431299743756,1,2
"15376",-0.14617334104531,5.1859953191346,1,2
"15377",0.124956548723493,7.2122547466244,1,2
"15378",-0.801650436449627,6.55942876690354,1,2
"15379",0.192391601633037,7.36172004489118,1,2
"15380",0.924966525522854,1.75177906649059,1,2
"15381",1.80683623492034,3.20313741872398,1,2
"15382",2.01429292272138,9.9295649567147,1,2
"15383",4.15729878919681,7.65631511695135,1,2
"15384",0.705643064117288,6.28248187321247,1,2
"15385",1.12082650177344,3.24585929977823,1,2
"15386",-0.649308140797881,4.19811948449946,1,2
"15387",-0.263760918146842,2.11367849878938,1,2
"15388",-1.94639479058857,3.74425548561605,1,2
"15389",3.43973076566794,11.2697648271224,1,2
"15390",1.29868433673177,10.2072674236998,1,2
"15391",2.90758108266309,5.45486436046803,1,2
"15392",-3.6890549598191,7.03775546832501,1,2
"15393",-0.010471653120175,11.2239024183219,1,2
"15394",3.26182608980609,6.30737359665201,1,2
"15395",3.07550076438051,9.01114332222992,1,2
"15396",-3.157651007278,2.7419443532624,1,2
"15397",-0.346244722206177,4.30583290799425,1,2
"15398",4.72685253895867,5.07505959196663,1,2
"15399",1.33443807384336,9.75006898659964,1,2
"15400",2.42423556558515,4.0613905188605,1,2
"15401",2.36343150425881,3.37824237744614,1,2
"15402",0.335510857235661,8.36313493668902,1,2
"15403",3.23782286017732,4.87742049259654,1,2
"15404",0.828747580366701,1.85033302743157,1,2
"15405",-0.794734455893591,5.78816193181469,1,2
"15406",-0.810416874116332,7.22163440823635,1,2
"15407",0.985303238156784,0.67003704579113,1,2
"15408",4.7705403072736,8.74790781428607,1,2
"15409",-0.821775194940556,6.29839363174681,1,2
"15410",5.63274167387872,1.26877856280607,1,2
"15411",4.02016402670401,5.2375800372951,1,2
"15412",0.754084650054673,8.29405744386231,1,2
"15413",-1.01056774768018,6.46564284084827,1,2
"15414",1.3112687367553,2.38525708906224,1,2
"15415",1.91356802345839,3.01994623929572,1,2
"15416",-3.28831271804256,9.06267191796968,1,2
"15417",1.23178543190139,8.80723152892755,1,2
"15418",2.77734773496185,12.7090657555727,1,2
"15419",1.32721500307349,4.45786405198166,1,2
"15420",1.7020096515939,3.09169792608247,1,2
"15421",-2.77760909208237,-0.854741176521037,1,2
"15422",0.347676836233983,9.45625324429582,1,2
"15423",4.58508980662112,7.69664687394809,1,2
"15424",4.60009669293485,9.37212455601256,1,2
"15425",-0.451278875973038,10.0196351089892,1,2
"15426",-0.221272630816134,-2.30680493866257,1,2
"15427",-0.115442008774312,3.76667421156461,1,2
"15428",0.959327448059841,5.10210760271443,1,2
"15429",5.88571143673238,4.20785661165024,1,2
"15430",0.476698666260964,1.28887353094,1,2
"15431",3.13024453634489,-2.89427628680358,1,2
"15432",-0.09833354002736,12.0118593058218,1,2
"15433",0.649383470651093,8.47925861590863,1,2
"15434",4.5663514676982,5.92962358872573,1,2
"15435",0.497403771301337,2.99442106602129,1,2
"15436",0.567542269049499,5.5368841234115,1,2
"15437",4.94422923291483,11.0838488382661,1,2
"15438",-0.386346704327776,0.313786186193513,1,2
"15439",-0.497688267446873,7.72808078440179,1,2
"15440",1.59199152607948,3.0397720780666,1,2
"15441",-1.22577955119919,6.49716049368237,1,2
"15442",-1.82257932402294,7.97496708384383,1,2
"15443",3.26102408065871,5.10977501542138,1,2
"15444",1.33698679717608,4.18010931914765,1,2
"15445",2.72033915877705,7.8408153926488,1,2
"15446",1.15185101859557,5.50744927634095,1,2
"15447",0.618334648070565,12.2125075750805,1,2
"15448",2.52106906265335,3.02400228996076,1,2
"15449",1.87878428240111,7.43827922853395,1,2
"15450",-0.424327234202196,10.3416034553688,1,2
"15451",1.78333848575618,-0.246609533280747,1,2
"15452",0.764094478385902,10.6670332825679,1,2
"15453",-0.745334574812081,5.69718808248214,1,2
"15454",0.672096176398239,4.46912320936712,1,2
"15455",-0.329505958469207,1.0168274298037,1,2
"15456",4.2403190035665,8.11486075218103,1,2
"15457",2.65254668262619,7.93573537243356,1,2
"15458",1.7772500294115,5.88607678492338,1,2
"15459",3.46322342182314,-0.788583558721415,1,2
"15460",2.87319528324758,1.17558893379854,1,2
"15461",7.51184995538189,9.19476658360215,1,2
"15462",4.04647794342543,5.94544587709063,1,2
"15463",2.26076848292846,5.09852915739783,1,2
"15464",1.54000075693128,5.70500992905001,1,2
"15465",1.75802089195099,3.42023381178381,1,2
"15466",1.63902930701438,11.8577771812956,1,2
"15467",3.47383151643297,9.83880475482367,1,2
"15468",0.142501387475648,7.30715407801688,1,2
"15469",1.34551336016197,4.7824329250421,1,2
"15470",-1.34761982295859,5.03556395097555,1,2
"15471",1.84978475168887,3.40919376042816,1,2
"15472",-0.168378582680578,8.25474226483145,1,2
"15473",3.76255473084157,8.22623552825103,1,2
"15474",-0.712763293709434,6.74397156390412,1,2
"15475",5.64835764531006,2.76785726030484,1,2
"15476",-0.106616086629407,6.8949535976296,1,2
"15477",2.48361995281255,15.5988485853999,1,2
"15478",4.73831803709253,7.12551276887517,1,2
"15479",-0.611224904484533,4.70196744536165,1,2
"15480",2.51970869425037,6.55836943008647,1,2
"15481",-0.186358456422594,5.82466195781534,1,2
"15482",1.08222788128293,7.77244394591629,1,2
"15483",3.49868553304114,4.18980356469721,1,2
"15484",1.96234213687537,1.62203235658782,1,2
"15485",1.7941895818938,9.30351354993538,1,2
"15486",2.25495962645373,-1.39641985969166,1,2
"15487",2.73532872457207,3.9038276070725,1,2
"15488",1.87790188979041,1.23944673279628,1,2
"15489",1.70277962362913,5.91109894616157,1,2
"15490",1.89338493575843,4.02207285569865,1,2
"15491",-0.681818289314879,6.83158211697835,1,2
"15492",5.39645080940913,6.31584139178523,1,2
"15493",0.368086696283224,7.03700944683476,1,2
"15494",3.8956530701954,5.75442880136376,1,2
"15495",3.52341929560571,2.09964632405446,1,2
"15496",0.452854668677005,7.96415370441461,1,2
"15497",4.72485462855241,15.8558754540591,1,2
"15498",4.19638293185892,8.20338204676996,1,2
"15499",1.12274118849868,7.75698452166534,1,2
"15500",0.471947309987562,11.2151985055021,1,2
"15501",1.30394070519877,3.66644115573869,1,2
"15502",1.16209742469831,0.654955884379505,1,2
"15503",4.26491591549042,8.84119780474887,1,2
"15504",2.2226684127221,6.51917348664964,1,2
"15505",1.63250396041878,8.9568358284203,1,2
"15506",-0.70385145330442,8.11402319643179,1,2
"15507",2.22282195943541,7.80458780322493,1,2
"15508",0.130179037874303,7.3000675440928,1,2
"15509",0.585895873579731,2.82742649315047,1,2
"15510",2.60373875143039,6.02125590003071,1,2
"15511",3.40367675550205,7.34421855719279,1,2
"15512",3.39890355731826,11.6265986232345,1,2
"15513",4.37756174991381,12.5433321731653,1,2
"15514",-0.00524852358795913,-1.44972340362341,1,2
"15515",3.99309474684967,12.0494994659843,1,2
"15516",3.04390395719126,11.8638741712335,1,2
"15517",-2.33530309593575,7.77319940071815,1,2
"15518",-0.81557343261869,5.8074790582103,1,2
"15519",4.76788788373552,13.465478784609,1,2
"15520",0.863420039448527,8.14588690069613,1,2
"15521",2.78708468676043,0.812471777705948,1,2
"15522",4.35140163782974,7.79882864744341,1,2
"15523",0.00500311795446939,3.80836587647149,1,2
"15524",-0.148566733203255,8.2413899637791,1,2
"15525",3.20331488577771,5.5067702273413,1,2
"15526",1.48123224623412,8.33137066374815,1,2
"15527",-0.0419492906178911,13.6499954138113,1,2
"15528",3.58399699125937,8.80541319540245,1,2
"15529",4.885052103404,7.36935469100366,1,2
"15530",1.9350873573796,5.30362700127993,1,2
"15531",-1.07230014433415,8.51941199133914,1,2
"15532",-2.04036344915546,5.15852259172372,1,2
"15533",2.14739941888661,7.40880700808368,1,2
"15534",2.7977142767339,12.9000315876742,1,2
"15535",2.52117028678874,0.650472169253574,1,2
"15536",4.58200451685848,1.70518244494019,1,2
"15537",1.62831607513962,3.96933516201866,1,2
"15538",1.14090657416991,3.96072477483668,1,2
"15539",2.47094803006662,12.324239709286,1,2
"15540",4.43324794627388,6.26328886718727,1,2
"15541",1.37738390391124,9.9160533966978,1,2
"15542",-2.00638653323587,7.29260729600838,1,2
"15543",1.11730357856901,6.09795417811797,1,2
"15544",-1.17340111175608,8.05478767569424,1,2
"15545",1.36997606466121,4.26694796225915,1,2
"15546",1.58339628734104,8.23446492118084,1,2
"15547",-0.934182690613944,0.580408892361454,1,2
"15548",1.99431907727179,0.823192030602073,1,2
"15549",-1.43514893353145,7.58666562636977,1,2
"15550",0.370225356751654,5.95277087428364,1,2
"15551",-1.71163711256662,5.02955930944303,1,2
"15552",-2.02078425196687,8.71136092367024,1,2
"15553",3.29899977981847,7.65091480776329,1,2
"15554",3.38439579734445,4.09988271004701,1,2
"15555",0.0172664226708277,9.43885238032837,1,2
"15556",2.95886622372495,3.53261420797874,1,2
"15557",2.9389599170875,7.42012550664147,1,2
"15558",-0.25328014333224,6.05534713379311,1,2
"15559",2.38242890092701,-1.13380264023847,1,2
"15560",0.937316271515901,4.39222151777521,1,2
"15561",0.978412424196064,8.48063521756548,1,2
"15562",-0.66426038200775,4.55267662357578,1,2
"15563",1.98901557297196,8.15729865170094,1,2
"15564",0.564505288484347,8.90864777179321,1,2
"15565",3.31180646465427,5.76801279755967,1,2
"15566",1.44790739498281,6.97133930910572,1,2
"15567",2.39267136715374,0.966258038145636,1,2
"15568",1.65458683213148,9.50927926649689,1,2
"15569",3.22952990333999,10.303924269415,1,2
"15570",1.68640278174435,11.0642762631523,1,2
"15571",1.05853627930002,7.19804867118616,1,2
"15572",1.33537314313479,1.81800030828119,1,2
"15573",1.55356873794736,5.1057973821711,1,2
"15574",0.119556553332499,0.221682544880325,1,2
"15575",-0.184265356756172,0.671906095465024,1,2
"15576",1.46949154766731,5.8231721292992,1,2
"15577",0.614518351735777,5.99645458089318,1,2
"15578",2.42841049561073,4.95461113819965,1,2
"15579",4.06792379252876,0.208611368284914,1,2
"15580",0.997626837849949,8.2932568566567,1,2
"15581",4.72407387354272,12.9093474530645,1,2
"15582",1.7449606928693,4.5946130499957,1,2
"15583",0.373770629213553,-0.829618221477498,1,2
"15584",5.5608815776933,0.0911251965182966,1,2
"15585",0.993273186351149,6.67199136012258,1,2
"15586",1.477578451545,8.77123612814553,1,2
"15587",1.71972902608517,2.46181621683458,1,2
"15588",2.20941095774973,7.53633207158396,1,2
"15589",-0.797615820555948,4.11720665839618,1,2
"15590",0.295314237050856,0.472205253521345,1,2
"15591",1.36959675289962,8.59005272751086,1,2
"15592",1.24474069188469,4.20756463074481,1,2
"15593",-0.584244960696957,1.03810713732827,1,2
"15594",-2.42555502549309,1.71696868930937,1,2
"15595",-0.0579247899931254,9.5952248760616,1,2
"15596",2.22879581859221,9.02921671404296,1,2
"15597",2.61844419706791,3.88669094159527,1,2
"15598",-1.15648093368548,-3.13305912525318,1,2
"15599",0.986856285956884,3.21335954345381,1,2
"15600",1.50840829575374,8.94405537204883,1,2
"15601",-1.98145465658018,12.0342699914033,1,2
"15602",2.1551381538594,4.86471109281621,1,2
"15603",-0.332547281885384,9.86530604187516,1,2
"15604",0.640650010765961,-0.0750479405124747,1,2
"15605",3.29230573358582,5.24426458025289,1,2
"15606",-0.736318989044126,1.21351627481094,1,2
"15607",1.19249025795306,14.2799013427344,1,2
"15608",-0.0491742338739036,10.4918978293026,1,2
"15609",1.60223736299942,2.28143016728164,1,2
"15610",0.496215683744714,6.61300462425931,1,2
"15611",2.83294552119868,9.09621536016018,1,2
"15612",0.016151646636277,11.9036371574846,1,2
"15613",3.21200431707746,8.33508563615514,1,2
"15614",4.13447751909813,-1.0631891429699,1,2
"15615",0.505174402476174,4.9262875359215,1,2
"15616",-0.403410652304768,7.96108182063874,1,2
"15617",0.967730190911226,8.15289055280323,1,2
"15618",0.957891641196465,7.23795307749869,1,2
"15619",1.88462141969886,7.9438734312948,1,2
"15620",1.31701421975079,8.21673724956642,1,2
"15621",2.61628973841944,14.1842960134932,1,2
"15622",1.69948012518901,0.949396172581602,1,2
"15623",2.5212750236874,0.89231932644717,1,2
"15624",0.6604583863704,3.7978958236539,1,2
"15625",1.55564406707792,5.33046780364401,1,2
"15626",-0.496905067880465,6.01254865564211,1,2
"15627",2.04894993813595,2.51381058697275,1,2
"15628",2.36674091948427,6.2165984698902,1,2
"15629",-0.160619093160989,2.99039479506001,1,2
"15630",1.31900620017519,7.84715835761436,1,2
"15631",3.22622930833909,6.79414799754799,1,2
"15632",0.255444129921877,8.40218737879431,1,2
"15633",1.00847496546395,0.243232238004383,1,2
"15634",3.99313742975873,5.723731661759,1,2
"15635",3.55210754818143,4.29972662607243,1,2
"15636",2.41665171876205,3.57602370801776,1,2
"15637",4.50595132338498,7.02627323788135,1,2
"15638",1.42266157114871,3.20000473972257,1,2
"15639",-0.0610038057482807,8.90096516036952,1,2
"15640",0.630987646526811,6.33635149510355,1,2
"15641",1.11365612083638,2.52532972587529,1,2
"15642",0.0915856945658078,8.25388644542796,1,2
"15643",-0.793917900144318,1.73372575672502,1,2
"15644",-3.74203639073153,5.42698371173758,1,2
"15645",-0.217090226057048,8.05687860019119,1,2
"15646",-1.53650357442604,9.977637475498,1,2
"15647",1.33003085499549,0.31844505771676,1,2
"15648",3.84288132826031,11.7329552584891,1,2
"15649",0.965213976981414,0.884957823509701,1,2
"15650",0.823729579481738,10.2601039808991,1,2
"15651",6.3211453864048,6.15625062389088,1,2
"15652",2.51181505319981,4.21785118675934,1,2
"15653",1.94092641198065,-0.469200852101213,1,2
"15654",2.7366902007693,5.97527959376225,1,2
"15655",1.25097149912699,2.84941916535789,1,2
"15656",3.24319508503471,6.05757206795669,1,2
"15657",1.53886432619003,2.66004366590391,1,2
"15658",-0.392259386090351,8.11634749148487,1,2
"15659",-1.73442814145324,3.97875464884454,1,2
"15660",3.05357404074604,7.10208019717663,1,2
"15661",1.87179362336781,10.1223031954319,1,2
"15662",1.9981580011914,4.3740707366116,1,2
"15663",1.65872358693358,5.41375502099094,1,2
"15664",4.03954464259005,7.96753100376666,1,2
"15665",-0.302775691954626,6.59563656852284,1,2
"15666",-0.910039923426474,12.5247364111328,1,2
"15667",2.94241437159927,7.32052254425819,1,2
"15668",-2.11441197482557,2.87139880640476,1,2
"15669",3.55050298768195,2.98477862034804,1,2
"15670",0.57440010715093,8.43418313147004,1,2
"15671",2.33869406563569,6.58114114292751,1,2
"15672",-1.03445961323815,8.72887952743315,1,2
"15673",0.766349918201008,8.3287325460203,1,2
"15674",3.4282586474265,5.56103746301657,1,2
"15675",4.56358292254659,4.39601407203651,1,2
"15676",3.45087487837114,3.40569169148942,1,2
"15677",0.476726470556871,11.7236682913132,1,2
"15678",2.99043062378601,2.64748398302528,1,2
"15679",-0.0838670100627623,10.5055306276252,1,2
"15680",2.14073629305688,-0.421867308247555,1,2
"15681",0.386448030857818,9.87256937710864,1,2
"15682",3.63267881495835,6.79526614216585,1,2
"15683",0.908756077389615,5.75657623125956,1,2
"15684",-0.304043814480764,9.57941829892511,1,2
"15685",3.3203637963594,9.63886359150798,1,2
"15686",-1.33017179950598,0.777752154815019,1,2
"15687",2.63173877060759,11.8630978348903,1,2
"15688",2.55650089276331,4.33078602558042,1,2
"15689",-1.18540222373679,7.38671100128779,1,2
"15690",2.23090093867496,0.0504336878872662,1,2
"15691",3.44142128067956,5.26634799672011,1,2
"15692",-0.30777442817245,3.38512313733096,1,2
"15693",3.90512317466764,3.79724310795735,1,2
"15694",4.1315481799097,8.86941982936674,1,2
"15695",0.0233373023860601,8.13185395663317,1,2
"15696",-1.88375499905227,5.40865889838587,1,2
"15697",-0.47969112383591,1.90739548821515,1,2
"15698",3.5241511080506,3.27643890696333,1,2
"15699",1.62001149984515,11.4675383286883,1,2
"15700",1.1162645112242,6.73470504495044,1,2
"15701",3.58259543344427,4.46229938097408,1,2
"15702",2.34980980902842,6.39349993765922,1,2
"15703",0.403864688219848,7.10616118659564,1,2
"15704",0.662926965071821,3.97678289056233,1,2
"15705",5.04605211742075,4.03062082276804,1,2
"15706",0.707112767201657,4.84056805711696,1,2
"15707",5.51234862166022,8.22994256307858,1,2
"15708",0.593163686858122,5.4523941695846,1,2
"15709",0.72558231068126,6.74366273672195,1,2
"15710",3.37658607214808,6.60437098081024,1,2
"15711",1.90041368530969,8.18046253894865,1,2
"15712",0.0644185833314552,4.2961650719599,1,2
"15713",0.581333926179789,6.40456894693835,1,2
"15714",4.60172285065482,9.87031937641435,1,2
"15715",0.771942009807951,4.92025546080105,1,2
"15716",1.79255022773442,2.48281718597801,1,2
"15717",1.92742054907033,12.1708972949043,1,2
"15718",2.23113777606176,10.5114200913561,1,2
"15719",-0.570335034740696,13.7922062612628,1,2
"15720",6.98667120388847,13.7138358662099,1,2
"15721",3.69415770336271,7.87257404163988,1,2
"15722",2.67948846344577,1.36930243311127,1,2
"15723",2.10083120478594,7.36291628719358,1,2
"15724",6.11147367359557,7.31669510894324,1,2
"15725",0.234798605768716,4.22319954562545,1,2
"15726",2.2649097149664,6.63692219509898,1,2
"15727",0.366585287510999,3.75449970454002,1,2
"15728",2.02441779834863,12.0105118516688,1,2
"15729",-0.217873176538499,-0.952567594339946,1,2
"15730",2.75733879028379,9.34417980160946,1,2
"15731",3.91963922487673,7.1451111207601,1,2
"15732",-0.426056723070291,5.35415326084989,1,2
"15733",1.08121288410403,4.50336433045576,1,2
"15734",1.85536645644951,8.25776433627173,1,2
"15735",-0.0177227727921463,4.36099552337086,1,2
"15736",3.56568755953441,2.74901241882079,1,2
"15737",7.48555197716318,6.70030422078082,1,2
"15738",2.20906520984189,4.56276019162392,1,2
"15739",1.79379420262697,6.32135105187917,1,2
"15740",3.64619903042047,8.75594745453933,1,2
"15741",1.34666355780416,2.45868571212412,1,2
"15742",-0.723509441866989,9.64736039024463,1,2
"15743",3.90179316280369,2.70217377950886,1,2
"15744",0.702605390272498,-0.325339991820677,1,2
"15745",1.98616385388794,4.15553063751469,1,2
"15746",0.969400970699403,6.0920223673675,1,2
"15747",3.15400954592983,2.40442488397225,1,2
"15748",-1.06817509134895,13.0809911361013,1,2
"15749",-0.703030290811472,3.40991753463153,1,2
"15750",4.68475384634016,6.35798191195797,1,2
"15751",3.80749357447946,6.69623089343912,1,2
"15752",1.23868808510693,10.4746102661598,1,2
"15753",3.23275886729274,8.40251313791342,1,2
"15754",2.76894398113787,11.3448199352363,1,2
"15755",0.592098599320265,7.83711788277519,1,2
"15756",-1.05876440779223,8.3760881924616,1,2
"15757",4.95526308137047,1.05914573243517,1,2
"15758",3.062924755566,4.02610778352144,1,2
"15759",2.86339555862656,1.84339154924869,1,2
"15760",1.8589537175005,7.39506121510304,1,2
"15761",0.84412667562215,9.80783145050014,1,2
"15762",0.374785681814876,1.57570565268065,1,2
"15763",1.45801055097821,-1.16236161464842,1,2
"15764",2.01245882312265,3.28974849437953,1,2
"15765",2.88974254496852,9.82792270237515,1,2
"15766",4.4575394181482,6.38122898270152,1,2
"15767",0.0292564005239797,9.46841525066181,1,2
"15768",1.49444061834571,4.36984316174694,1,2
"15769",3.41411703587109,2.39571640749318,1,2
"15770",2.11271772170329,7.29053909539022,1,2
"15771",6.7297909538085,6.07222426945959,1,2
"15772",2.76740281093968,9.9284968862669,1,2
"15773",2.95790935943361,4.36635880147595,1,2
"15774",-0.0290190961709054,10.4441435422896,1,2
"15775",3.30969932862342,8.81996205658055,1,2
"15776",2.92498026439027,6.65840158359931,1,2
"15777",1.48172657738818,5.98981788054039,1,2
"15778",-1.21607216414123,3.29050953784065,1,2
"15779",2.6282385139549,10.6974867646561,1,2
"15780",5.12579388059355,4.12855002348353,1,2
"15781",1.01993649063999,3.84266860686179,1,2
"15782",2.06905759765783,4.89180784449086,1,2
"15783",0.786463545872053,6.95292788609054,1,2
"15784",-2.10361927471194,3.16308107527832,1,2
"15785",3.05421631961375,6.67695265229947,1,2
"15786",3.15625730449696,2.15884686238608,1,2
"15787",3.04316952237039,9.4687349483928,1,2
"15788",2.50410972858366,7.25230839346961,1,2
"15789",0.24618608461444,6.8174205151123,1,2
"15790",3.77374568985045,4.82828710240485,1,2
"15791",2.47575698090486,7.17129284229075,1,2
"15792",-0.105706655156522,7.89956589570615,1,2
"15793",2.97133722803917,4.62776649542778,1,2
"15794",0.66288724937748,7.29043711864472,1,2
"15795",4.11079168649131,9.73310432326138,1,2
"15796",3.00740932159544,4.14985565287244,1,2
"15797",1.76584690636821,10.3684766712568,1,2
"15798",0.807007634430303,6.64941611377431,1,2
"15799",1.49901917341951,1.89227457739401,1,2
"15800",2.97404947784233,11.8843509894813,1,2
"15801",2.99925095411647,5.92099475302269,1,2
"15802",1.1883696652485,4.50354401404193,1,2
"15803",2.00966774822743,6.07817894953979,1,2
"15804",2.9510701058126,1.21190793740248,1,2
"15805",-0.203570953617654,2.25893306612767,1,2
"15806",3.16203241247673,8.51755533370848,1,2
"15807",1.29428853355294,5.80608568901261,1,2
"15808",0.148903999772182,9.38230690450073,1,2
"15809",0.31930611770442,-1.44816470335597,1,2
"15810",1.64495258353815,5.11258646314951,1,2
"15811",3.63756242580849,8.45429573464261,1,2
"15812",1.21938180218569,1.90805964054363,1,2
"15813",0.670134526416178,7.2076519684627,1,2
"15814",-0.575475945452521,7.87603767466793,1,2
"15815",1.13176054079461,-0.637038788471543,1,2
"15816",2.91959470622772,6.92757307842438,1,2
"15817",0.417172491377439,0.0415930819766865,1,2
"15818",0.0901885923177463,-5.04534482247281,1,2
"15819",-1.35732438510542,-0.122399744793704,1,2
"15820",3.82624732937057,13.183394458592,1,2
"15821",0.45850404320291,6.30391717899717,1,2
"15822",3.10159238029128,4.3189139788141,1,2
"15823",1.73180460797226,3.22054538731287,1,2
"15824",2.22109321105486,6.79119249135774,1,2
"15825",2.17131780665232,9.48796326395144,1,2
"15826",-0.498613086273857,4.39712582097122,1,2
"15827",1.99426211694293,3.00637597492407,1,2
"15828",2.03150058645313,3.38447491892052,1,2
"15829",0.826639755249274,5.77636395706773,1,2
"15830",2.66764282530233,13.1687860161686,1,2
"15831",-3.00773159391738,6.76708594946909,1,2
"15832",1.30817137371014,11.5868751198158,1,2
"15833",3.19507378806581,6.61851685614815,1,2
"15834",0.604928203337482,8.4311881553973,1,2
"15835",0.679231460573689,8.89159072596957,1,2
"15836",3.56887948434428,6.56587196162444,1,2
"15837",-1.12374130856702,10.619693198166,1,2
"15838",1.61732457730667,4.70355604223181,1,2
"15839",1.70723120119864,8.9998567607075,1,2
"15840",3.27728784232571,12.4682945977091,1,2
"15841",3.13641458573551,9.00279794539362,1,2
"15842",2.90439546594754,12.9809451873124,1,2
"15843",1.45230808602576,6.17608983188813,1,2
"15844",4.44680151151013,-0.453666060454125,1,2
"15845",1.32829797676212,10.1044793731218,1,2
"15846",5.5450828806767,5.19955781009078,1,2
"15847",2.94562252488569,8.26528508231107,1,2
"15848",1.21013611036339,3.48123723405059,1,2
"15849",2.630616104771,-0.210818138398575,1,2
"15850",-0.20679259809074,5.22215323773737,1,2
"15851",-1.79049359734571,4.61044897561524,1,2
"15852",1.12223161028645,6.99446021056794,1,2
"15853",3.34084844157584,3.68245522293581,1,2
"15854",2.54682852902404,6.51882755010331,1,2
"15855",1.27293805457624,7.97969386588319,1,2
"15856",1.50425569892703,8.00052329108422,1,2
"15857",1.19803672481533,5.86697959263639,1,2
"15858",-1.21462765849449,8.53324353536293,1,2
"15859",-1.79351724042765,6.25109736672328,1,2
"15860",2.9286289696853,7.03528829620162,1,2
"15861",1.62661193847799,7.25131778280772,1,2
"15862",1.39600974938221,1.75841353500302,1,2
"15863",4.70189626480594,7.23708374679862,1,2
"15864",5.31404494797724,8.99875674831704,1,2
"15865",0.856064421960352,3.02237586398233,1,2
"15866",0.697877523471192,5.30156370712108,1,2
"15867",0.147319653667706,10.4341957727691,1,2
"15868",1.9517599348052,7.63051976605256,1,2
"15869",1.75182995660129,5.81621274087332,1,2
"15870",-0.992477934240341,3.81221734518749,1,2
"15871",0.737729112465612,6.44762013211839,1,2
"15872",-0.810207114153752,1.02254836233625,1,2
"15873",6.12069341180063,7.40744877684701,1,2
"15874",4.86486724851727,6.6121230680191,1,2
"15875",-0.180659235123931,7.2630304244604,1,2
"15876",-0.302135564265853,13.9689452336777,1,2
"15877",0.780357068009298,6.86253373870483,1,2
"15878",3.13069512335802,7.17321507913418,1,2
"15879",0.571666616952942,8.53100028981834,1,2
"15880",-1.3092259682455,10.8308213895555,1,2
"15881",-0.199959863068195,8.87154809193157,1,2
"15882",1.41585905651826,8.26635507754622,1,2
"15883",0.939143404228568,5.09815985567904,1,2
"15884",3.06795050085295,0.196459444471942,1,2
"15885",3.10087647850487,10.8322003945276,1,2
"15886",-0.992048995076908,3.97436940596663,1,2
"15887",0.593603569053508,12.0973818073615,1,2
"15888",2.01005817247546,4.22168845606845,1,2
"15889",-2.16731797226069,8.27994059560036,1,2
"15890",-1.01782115234847,-1.33272729724713,1,2
"15891",0.695510435705537,10.7275853067728,1,2
"15892",3.274963480212,4.46598294883348,1,2
"15893",1.12499797254627,4.05771968319781,1,2
"15894",2.87467315620609,11.9107592953961,1,2
"15895",2.00097285681971,6.37220217831046,1,2
"15896",2.87949537264677,13.4677882691701,1,2
"15897",1.80048915191064,2.7659353388653,1,2
"15898",0.923954293369676,1.47859178310059,1,2
"15899",2.20763290255903,4.85245121494061,1,2
"15900",1.2866468021393,3.21206560866946,1,2
"15901",3.55807189136459,6.6553602158347,1,2
"15902",2.10859372624212,6.93905099109406,1,2
"15903",2.02037759753672,1.15017192729851,1,2
"15904",-0.26816904989971,8.49418848226908,1,2
"15905",2.35743657744461,10.3167936747597,1,2
"15906",4.35828486392271,0.666889265579294,1,2
"15907",2.77501970949758,7.8835518880519,1,2
"15908",2.12612109794593,8.95436919160684,1,2
"15909",1.79022966427503,5.52537303327761,1,2
"15910",0.250432593205539,3.65878681319491,1,2
"15911",0.204337314603278,5.69383432138754,1,2
"15912",-0.58390860452034,8.86314070439053,1,2
"15913",1.6564696811596,3.98533306774474,1,2
"15914",2.22236586142439,7.66859868654254,1,2
"15915",2.96814651553701,3.26928222294911,1,2
"15916",2.83755581864183,4.53730988094788,1,2
"15917",1.56639177357503,13.0161769966179,1,2
"15918",1.85142871099883,1.31938334821303,1,2
"15919",0.427564397558346,11.5054155749822,1,2
"15920",0.169518772336697,1.96807485173629,1,2
"15921",5.88234466106055,9.41098128355134,1,2
"15922",1.58727521271259,8.77653959610766,1,2
"15923",6.54793216164961,6.38335080538332,1,2
"15924",-2.47187528726359,5.70901753942638,1,2
"15925",2.37069033507573,5.51252552722289,1,2
"15926",1.94191503636407,4.52563530621973,1,2
"15927",2.75832425511652,7.64699331241338,1,2
"15928",1.60837633592163,8.49320498189711,1,2
"15929",0.0662969504206501,6.67394265609692,1,2
"15930",4.09091599174447,7.58130368015786,1,2
"15931",0.24625846842823,4.47005415616877,1,2
"15932",-0.0817784937796937,12.224768250732,1,2
"15933",-0.377561029438439,2.67957555392834,1,2
"15934",1.75708919997017,10.8332134709741,1,2
"15935",1.5026170326262,5.36204083834374,1,2
"15936",3.1852924058082,-1.7520492685198,1,2
"15937",2.15758817074342,9.79618731895626,1,2
"15938",1.74043199320087,3.25394791975743,1,2
"15939",1.76179966489712,4.89073399854249,1,2
"15940",1.13654387274912,11.91747514307,1,2
"15941",0.432564473503694,5.15259874626649,1,2
"15942",2.93292293921834,8.16046907447523,1,2
"15943",-2.70372530660124,0.0851130819495669,1,2
"15944",0.210165255019913,8.36318935438588,1,2
"15945",3.41993027538973,4.74984612124278,1,2
"15946",-0.51477336354565,5.88783654068674,1,2
"15947",1.58082313732579,-0.212826860140659,1,2
"15948",2.23359348177759,4.09306812004445,1,2
"15949",0.863229958523274,7.3464414794009,1,2
"15950",3.67916707345314,10.0732785706889,1,2
"15951",1.50463687826644,4.54523048351815,1,2
"15952",1.3633935829043,-2.20454915529074,1,2
"15953",2.76662014183224,0.388371469107645,1,2
"15954",1.23400408818318,5.74639544720575,1,2
"15955",0.404139330789872,-0.62664694954895,1,2
"15956",3.03376031277248,7.87906965467836,1,2
"15957",4.50618236280076,4.38720865870421,1,2
"15958",2.13625658821261,-0.705493303459371,1,2
"15959",0.738630501840067,1.06561906929547,1,2
"15960",3.08247880206167,4.53041337246474,1,2
"15961",-0.321527446773589,10.0935102779312,1,2
"15962",0.989557113373232,7.56034316106819,1,2
"15963",1.42105959218094,4.54158105935928,1,2
"15964",1.48284521101034,7.34261869966478,1,2
"15965",3.47511401383199,3.48469219238201,1,2
"15966",-0.0144856894364795,6.65604264254027,1,2
"15967",1.21589072708769,7.61119137324068,1,2
"15968",1.47300130295087,7.15217215547129,1,2
"15969",0.705108931510555,5.93460562672251,1,2
"15970",0.848742540406223,2.8255695225744,1,2
"15971",1.62170423539322,12.9140055389267,1,2
"15972",1.44124474114723,1.87611247276357,1,2
"15973",1.44317701324036,7.14407886322475,1,2
"15974",0.778856554598919,6.59219663333866,1,2
"15975",2.11335569562362,4.73682580912354,1,2
"15976",0.395292657832762,4.22577175727556,1,2
"15977",1.63210602502638,4.53434208250896,1,2
"15978",0.351895376136473,3.89804461730397,1,2
"15979",3.50758668121674,8.47174607231304,1,2
"15980",0.574885320632629,7.82734279862175,1,2
"15981",4.01636947949117,1.44479422494437,1,2
"15982",1.20250929817068,4.98228919197304,1,2
"15983",1.40012265986018,7.60049819218888,1,2
"15984",2.18958669900998,7.85290182354185,1,2
"15985",4.08847092323057,9.1975105521422,1,2
"15986",-0.055414521106502,2.19230941294441,1,2
"15987",4.12168526940377,6.18311377740874,1,2
"15988",1.07902563132467,7.59707042724005,1,2
"15989",4.22354716903236,1.74428800144276,1,2
"15990",1.74561848296614,10.4197762193614,1,2
"15991",4.13749860391285,6.08096148052235,1,2
"15992",1.71849559087572,1.69456076422377,1,2
"15993",3.66385135758391,7.08533839145209,1,2
"15994",-1.70149591206242,7.61594989514554,1,2
"15995",2.47544037829701,7.00712244968011,1,2
"15996",-0.45645713262856,1.54117780313319,1,2
"15997",1.61959362465136,3.59694280267438,1,2
"15998",-0.825717641361309,4.85229497339359,1,2
"15999",-3.36755187937975,6.11723828120894,1,2
"16000",-1.71696464976521,10.8752215379101,1,2
