"X1","X2","component","subcomponent"
"15001",22.3848709636099,33.6812423960301,4,5
"15002",22.1151663473737,33.5746194053171,4,5
"15003",22.1558794651906,29.2157987602341,4,5
"15004",21.4739535736913,32.4976107762913,4,5
"15005",19.4737013612383,21.5201390189664,4,5
"15006",19.2546533771344,23.492518944514,4,5
"15007",22.2243777698142,36.1197840698525,4,5
"15008",19.6333075957023,26.2947944145799,4,5
"15009",20.3680557884349,27.6040736847702,4,5
"15010",20.4639820325049,31.91292198321,4,5
"15011",21.5152008831045,31.533982475786,4,5
"15012",23.9593436071523,30.7732670482055,4,5
"15013",19.475830202528,25.6604358545341,4,5
"15014",20.5001288133852,26.6346560944091,4,5
"15015",18.9144841512153,22.2932264959646,4,5
"15016",22.0966364375742,32.8142723863006,4,5
"15017",18.8965108821734,26.4563285780645,4,5
"15018",20.4711044345057,28.7722980406134,4,5
"15019",21.4878528568825,30.3902121635186,4,5
"15020",20.1432606865949,29.1436244992387,4,5
"15021",21.3815391326792,28.7503079180847,4,5
"15022",21.6010984478957,33.0912497360766,4,5
"15023",23.2587022028264,36.1006055223328,4,5
"15024",20.1523465354386,26.2404568462721,4,5
"15025",19.7711600180326,26.9789106389945,4,5
"15026",22.033710926162,27.9097465044638,4,5
"15027",22.1505312400926,24.0701559850639,4,5
"15028",19.9002920785549,31.7628958337819,4,5
"15029",19.5435817494101,25.6155218365793,4,5
"15030",19.1234736964435,20.0526903458051,4,5
"15031",21.0565940700061,34.6873566613267,4,5
"15032",21.6453116060114,27.4546451243129,4,5
"15033",20.3498531987556,23.5804766438422,4,5
"15034",19.8306141077958,23.0566930441647,4,5
"15035",20.7270105491412,25.9301688947357,4,5
"15036",21.8429948452927,25.9471342623121,4,5
"15037",20.6434910249842,22.4475591447565,4,5
"15038",21.030798397208,30.2825607334237,4,5
"15039",20.1806902645445,29.0328832109695,4,5
"15040",24.2926904687736,34.0615623795189,4,5
"15041",21.9825641098718,33.2807270175174,4,5
"15042",22.0995554628553,30.7735663055255,4,5
"15043",21.2181720761019,32.9462510070868,4,5
"15044",18.8761726498359,26.8223422822456,4,5
"15045",22.1518613251596,30.7322604427581,4,5
"15046",20.0232667212061,25.0025156104977,4,5
"15047",18.8262769958418,25.2356071154082,4,5
"15048",18.5827721945095,24.1874749179874,4,5
"15049",19.7488456839641,28.858592475801,4,5
"15050",22.8797485250416,35.1917819964279,4,5
"15051",20.8936794216157,28.0938824573599,4,5
"15052",18.6135299181685,27.5498155167586,4,5
"15053",23.0535952906204,40.2144808600594,4,5
"15054",21.1248280433198,24.4365195925645,4,5
"15055",22.3493039658461,34.3836935046837,4,5
"15056",21.4527378944982,27.1802742280291,4,5
"15057",19.5438671812689,28.6053233873875,4,5
"15058",19.9391859598698,31.4216239607593,4,5
"15059",21.5098071643707,30.438649869899,4,5
"15060",19.6254948874358,25.1214078353598,4,5
"15061",18.9988504226779,21.8378020583824,4,5
"15062",23.9860166686912,38.0488412007302,4,5
"15063",21.5137618655078,30.4854160824647,4,5
"15064",20.9508330841155,30.0879433875696,4,5
"15065",22.462175232878,27.3483429104705,4,5
"15066",22.5481666924004,31.4869715033526,4,5
"15067",19.0036480781413,27.3467286290309,4,5
"15068",21.706522268563,31.0343574702781,4,5
"15069",21.6334696199068,38.3126827325693,4,5
"15070",19.8520631240176,24.2074590966258,4,5
"15071",20.1966250372458,26.8562817268376,4,5
"15072",21.1591724012722,30.4545591488891,4,5
"15073",19.7410706822049,24.33399813426,4,5
"15074",24.3493157283548,39.2085019948335,4,5
"15075",18.7939161170266,18.9524453475346,4,5
"15076",20.8859896791605,25.5547594457275,4,5
"15077",21.016048111475,26.3558972681116,4,5
"15078",21.776441974979,31.7366495253297,4,5
"15079",20.7217344899772,23.1441714880383,4,5
"15080",19.2644066392876,19.8510703539041,4,5
"15081",17.2592872524882,22.5191768710178,4,5
"15082",21.6399417326259,31.6438008422088,4,5
"15083",21.3510798997333,29.1796122082266,4,5
"15084",20.6616916658052,30.9135683160959,4,5
"15085",21.2116256528279,33.6210915667839,4,5
"15086",20.3359429309607,26.313993210569,4,5
"15087",23.0254390817462,32.4294759903358,4,5
"15088",20.2034224865969,24.2960277893319,4,5
"15089",20.8777112329612,28.282624795094,4,5
"15090",19.7782321548481,22.3745765546754,4,5
"15091",21.1054448416211,27.9054157790463,4,5
"15092",21.3431196246977,26.6416549143239,4,5
"15093",21.0826182101662,25.0149162233346,4,5
"15094",20.0486608226293,25.6096499954907,4,5
"15095",20.3047916666977,23.92969405813,4,5
"15096",21.8419074365948,34.6650031684893,4,5
"15097",23.1809556510083,35.2774393729853,4,5
"15098",19.9163601561784,28.8671901761053,4,5
"15099",22.1322070275362,35.3311239358091,4,5
"15100",20.1031368420778,25.5406155476801,4,5
"15101",20.8691518459887,28.3388176164188,4,5
"15102",20.9263468518856,27.2805817703718,4,5
"15103",19.4673979151215,24.2725676442623,4,5
"15104",21.6039054546221,26.5968280523381,4,5
"15105",21.2421259945466,32.9995294228249,4,5
"15106",20.5789338572714,25.1118770208701,4,5
"15107",21.4003007191588,28.0809902350492,4,5
"15108",19.0402194592294,22.6847213662085,4,5
"15109",18.8458098701836,25.8027766458094,4,5
"15110",20.0531340985378,31.886973591064,4,5
"15111",20.8066450507234,27.6119970486019,4,5
"15112",21.4102084022548,29.6746216696787,4,5
"15113",21.2241733642731,33.7812502205643,4,5
"15114",19.6126219041877,23.5906067435799,4,5
"15115",20.8751785471135,27.5032145944356,4,5
"15116",24.4621301150397,32.0200980677911,4,5
"15117",21.1108276122809,31.3300612954988,4,5
"15118",21.4317692306833,26.7071186622714,4,5
"15119",21.0539246215912,26.6516953225689,4,5
"15120",19.6879973586829,26.6734626565382,4,5
"15121",21.7839773788431,38.0895093422173,4,5
"15122",21.5446986295058,28.311387519345,4,5
"15123",20.625055748608,25.3003071534018,4,5
"15124",20.3114592469202,30.8418586917706,4,5
"15125",20.0631190095698,26.8465722750236,4,5
"15126",19.797984764967,27.3555425293284,4,5
"15127",21.6568105179438,35.4624348175721,4,5
"15128",22.8000944344835,37.3026961788983,4,5
"15129",21.9057669065186,31.3169660112823,4,5
"15130",21.6398884780852,29.2357962745497,4,5
"15131",19.9585817422294,25.9559208495431,4,5
"15132",21.185934485151,28.8270139599814,4,5
"15133",22.1610558767823,33.9780317946039,4,5
"15134",18.610917357941,26.5253077845984,4,5
"15135",20.826501697381,30.336052106533,4,5
"15136",20.6300858933159,25.1155658237024,4,5
"15137",23.2807309350244,30.3285409579495,4,5
"15138",20.9446808299482,27.2366106757968,4,5
"15139",23.4576709355572,27.8749092669009,4,5
"15140",21.4051950516672,31.3894939244623,4,5
"15141",19.2762567981147,26.8586475013105,4,5
"15142",21.1505337180455,25.0968145872909,4,5
"15143",22.2323573957641,33.0893901001783,4,5
"15144",20.007087314117,33.2783172402005,4,5
"15145",23.1296028731725,31.2091688288409,4,5
"15146",19.9750732794308,22.5209871507694,4,5
"15147",23.4550687302196,34.7208243947652,4,5
"15148",23.7961282865607,30.4937740171737,4,5
"15149",19.2252651309385,25.6066556918318,4,5
"15150",21.3790389567484,30.7594731171102,4,5
"15151",18.5791668149587,21.125346817144,4,5
"15152",18.7188406552939,24.9069775223504,4,5
"15153",21.9828545899472,26.1772537898974,4,5
"15154",20.4547521041902,25.6654226665577,4,5
"15155",20.1984117220221,29.8785224750894,4,5
"15156",20.2106437222562,25.4758912902758,4,5
"15157",22.3240055819877,31.3253678653116,4,5
"15158",20.6080786736325,24.2858280809305,4,5
"15159",23.7941143640293,32.2600220422893,4,5
"15160",19.7302892267238,26.1340949414222,4,5
"15161",21.0600174865125,27.7943637947787,4,5
"15162",20.8303717759248,30.2434237889122,4,5
"15163",21.8915815893176,30.4062238272629,4,5
"15164",21.3137964987393,29.9363808633148,4,5
"15165",20.96540562158,29.1230829783682,4,5
"15166",20.4645789461288,24.6781894582887,4,5
"15167",19.3149740248796,29.6233149788563,4,5
"15168",20.906184461548,22.4104868824697,4,5
"15169",21.0317816986176,30.8984277540725,4,5
"15170",22.8305047962823,33.0022315177824,4,5
"15171",20.0338488738375,30.3754988824637,4,5
"15172",19.1914942449669,23.4456263192408,4,5
"15173",19.3318422766948,17.8430083227381,4,5
"15174",18.842284290525,27.1892513217472,4,5
"15175",20.618626561515,24.6509616957154,4,5
"15176",21.2079448070668,34.0557546986224,4,5
"15177",20.705153697622,25.000601367563,4,5
"15178",19.6879095764136,21.5486764198199,4,5
"15179",20.4028036740615,28.463992758206,4,5
"15180",21.0494886899756,26.2653827317424,4,5
"15181",21.2647929532788,26.4404603426078,4,5
"15182",20.226051408328,23.1094514230805,4,5
"15183",21.2531087824412,28.682449408172,4,5
"15184",20.2385395347391,23.5878716342428,4,5
"15185",22.4943997385516,33.1391133548541,4,5
"15186",20.8459525631567,29.8932898924749,4,5
"15187",20.509210406935,27.959237251001,4,5
"15188",20.8366862138976,27.3341687224287,4,5
"15189",21.0367378310854,28.7090507482378,4,5
"15190",20.3386139966856,24.5915672460435,4,5
"15191",22.2160193193254,32.407641462175,4,5
"15192",22.8756540883847,34.3387534592155,4,5
"15193",20.9476368147838,30.3923520768496,4,5
"15194",19.6534258389698,29.4697939016776,4,5
"15195",21.2631297938453,26.7630124991302,4,5
"15196",22.4718970594095,32.1383792676847,4,5
"15197",22.6931774540486,31.2766231348977,4,5
"15198",19.3309987963009,23.9146339561053,4,5
"15199",18.4976643787071,27.2579081937458,4,5
"15200",20.9250723039202,32.2309695335199,4,5
"15201",22.2968072338519,29.524902621453,4,5
"15202",21.210576128261,27.8076638868086,4,5
"15203",16.5840534957729,19.2798773286096,4,5
"15204",20.9425124635989,28.8291231513236,4,5
"15205",23.1355310455947,33.1576825797277,4,5
"15206",20.8489637835429,30.19909936688,4,5
"15207",23.83290578947,33.4244302209994,4,5
"15208",20.9147185228558,32.2249478521569,4,5
"15209",20.3916189345525,25.0976581247748,4,5
"15210",22.5443424699747,30.8224086990067,4,5
"15211",22.9060700575013,36.4494809536552,4,5
"15212",21.2832818950523,30.9332106529215,4,5
"15213",21.0894547581704,25.4500993506215,4,5
"15214",17.4957049791016,24.7408972635909,4,5
"15215",20.2206470618383,25.8603359544815,4,5
"15216",20.8534514009585,28.2201872218547,4,5
"15217",21.4444231988323,31.2021375656645,4,5
"15218",22.1047750239625,29.0800279085462,4,5
"15219",24.7052240028365,36.340076967649,4,5
"15220",20.762069355819,30.0431147196582,4,5
"15221",20.6145953030343,28.4657658170721,4,5
"15222",19.4117649602686,21.4003738677882,4,5
"15223",20.1435239342976,28.5902437539747,4,5
"15224",20.9632801553569,28.8319199562708,4,5
"15225",18.8470185039583,26.1546921929226,4,5
"15226",20.0762351854668,29.2447642548574,4,5
"15227",21.821806287218,29.2740649285998,4,5
"15228",22.4806616695149,28.3431555818184,4,5
"15229",20.9945433184141,27.4439901529013,4,5
"15230",23.5964525266574,33.1857914982176,4,5
"15231",23.314903306534,35.8507179905277,4,5
"15232",21.7237728185924,27.65312211915,4,5
"15233",22.2063244152652,34.0040133092969,4,5
"15234",21.2476254446116,31.9751985579576,4,5
"15235",23.1326895656943,31.9400819283969,4,5
"15236",19.285783150054,27.9604088560646,4,5
"15237",19.0882102825798,19.9705706972809,4,5
"15238",19.0414067739616,29.3839794515211,4,5
"15239",21.5154297729921,39.0728419364346,4,5
"15240",20.4966951308168,27.2070532058603,4,5
"15241",20.802319011914,30.319634418239,4,5
"15242",21.6353707255579,33.0497001706628,4,5
"15243",21.4069052026664,30.9763501229465,4,5
"15244",20.3152977641087,27.872296860571,4,5
"15245",21.3691265191998,29.4898533835301,4,5
"15246",20.7706783229554,31.2105745680667,4,5
"15247",19.3499925507234,25.0648724183377,4,5
"15248",19.8992529004544,25.6282143171944,4,5
"15249",20.4826637202361,30.088563704747,4,5
"15250",20.6448280212506,30.9897167623258,4,5
"15251",20.2969968193176,26.2774010230562,4,5
"15252",23.8343433853112,28.7714942677197,4,5
"15253",23.2848781771022,35.2625437531174,4,5
"15254",21.4285970931169,31.3534435442575,4,5
"15255",24.1346801475758,34.1530523013849,4,5
"15256",18.6503440388258,29.0648634411939,4,5
"15257",19.1446218110175,29.3030836009645,4,5
"15258",19.8322259835377,28.1709369986153,4,5
"15259",22.9429175014848,31.924087130449,4,5
"15260",18.8520697072588,27.0084249683353,4,5
"15261",21.2268223484598,29.7862270901874,4,5
"15262",22.9635131317186,28.3003862257622,4,5
"15263",18.3959811117054,29.3443746608269,4,5
"15264",19.639287745922,26.0088184438362,4,5
"15265",21.766903370071,29.3087947529506,4,5
"15266",18.8800782687444,21.9647072296516,4,5
"15267",20.2986265957701,30.8291334166924,4,5
"15268",19.7096607654026,25.7628608912297,4,5
"15269",19.3921738415625,21.7386248092098,4,5
"15270",23.2105352051427,29.5685803108255,4,5
"15271",21.4632482539147,28.8747106327398,4,5
"15272",22.5223014433097,34.037973641244,4,5
"15273",20.1555076275449,24.7939076460132,4,5
"15274",19.536726760533,25.7308339136568,4,5
"15275",23.2624720633251,33.8469169719276,4,5
"15276",21.0907967910052,29.3176513257382,4,5
"15277",22.4818988592843,33.1280334779156,4,5
"15278",21.3543441631678,27.8617719993656,4,5
"15279",25.3051385508432,35.5766380581995,4,5
"15280",24.1817260097542,31.4787014786994,4,5
"15281",20.9662161120061,25.0428329279112,4,5
"15282",21.8350263590183,30.6509666981413,4,5
"15283",22.0366815629956,30.1476276452841,4,5
"15284",21.2027696313973,30.7742492293847,4,5
"15285",21.7857337418169,29.5232150720551,4,5
"15286",19.636518896799,28.4553503377063,4,5
"15287",18.6272572282667,24.8981385441558,4,5
"15288",21.5697244567531,36.3587324717176,4,5
"15289",19.5058857407228,24.7520547974363,4,5
"15290",22.0801345204688,33.434439813199,4,5
"15291",23.5448378537177,33.6038336073459,4,5
"15292",21.6629843334775,30.8979348223041,4,5
"15293",21.4309631432411,24.9904825743728,4,5
"15294",19.6279862048077,27.9756232923474,4,5
"15295",22.2849025606819,33.0882269838936,4,5
"15296",20.7108467217736,25.615514679285,4,5
"15297",20.511795508816,27.6430334186789,4,5
"15298",18.8523661256588,22.3562299264879,4,5
"15299",20.3928186449241,25.4482225968632,4,5
"15300",21.3788853295608,27.686697573421,4,5
"15301",20.8117956764691,26.9639282124353,4,5
"15302",22.1197598003811,34.6440137789724,4,5
"15303",21.6859371636447,30.3880990346244,4,5
"15304",23.1553364269985,29.0430549184227,4,5
"15305",23.9645697895948,35.6494946132762,4,5
"15306",21.8005356841926,31.628148826994,4,5
"15307",24.1115776329755,36.630250180008,4,5
"15308",20.4902486212876,23.6755135938941,4,5
"15309",19.9445960124364,24.318964172795,4,5
"15310",20.1197065651555,20.6148583058401,4,5
"15311",23.6467140758526,37.8779556561321,4,5
"15312",21.3906228548661,29.8624753210076,4,5
"15313",21.9564798753479,31.8806390864834,4,5
"15314",21.3763063989655,30.0516225185889,4,5
"15315",22.065742503668,30.0770704220024,4,5
"15316",17.6864697881758,22.5662132017046,4,5
"15317",21.4965972295829,33.0195407537187,4,5
"15318",23.1864020605542,34.6711250995383,4,5
"15319",18.2966299335157,22.4576726720567,4,5
"15320",18.6519058217001,24.8085940416061,4,5
"15321",21.3424200875234,31.1504160541108,4,5
"15322",21.3080709397314,31.0687539416625,4,5
"15323",19.8782312733992,30.4080985817674,4,5
"15324",21.4047245067026,28.2730177205759,4,5
"15325",20.0875201406913,26.0043358648354,4,5
"15326",22.9513922740678,35.6742321938163,4,5
"15327",20.5276742051324,33.1374963669329,4,5
"15328",17.3039774335681,25.6139437305372,4,5
"15329",21.326635838025,32.2680934805437,4,5
"15330",21.8340060909423,28.0430038741699,4,5
"15331",17.7383687528553,17.5166082895818,4,5
"15332",21.1840109278989,31.5347223602952,4,5
"15333",21.9219933504338,30.6639465080154,4,5
"15334",22.5210738787961,31.110209383714,4,5
"15335",22.0628137727165,30.3733666192038,4,5
"15336",21.1005209728382,28.1140274976831,4,5
"15337",22.3671103100597,36.1399822949252,4,5
"15338",20.6698912106557,33.6497081023848,4,5
"15339",20.681203982756,27.7662273259941,4,5
"15340",20.7170124304973,27.9188935873903,4,5
"15341",22.1100339985685,31.8371068126281,4,5
"15342",18.920982172889,21.9650143578521,4,5
"15343",20.9602738585193,25.6343193637897,4,5
"15344",23.6556015221627,35.0160925392506,4,5
"15345",25.6928588518214,39.8604809254645,4,5
"15346",23.1092054331085,34.6051495147747,4,5
"15347",20.7545066233015,27.404544754528,4,5
"15348",20.0970908761586,30.233815261662,4,5
"15349",19.7705220262896,26.0107372325865,4,5
"15350",22.3887614261436,28.7832935264217,4,5
"15351",20.0114634469175,30.636765934468,4,5
"15352",19.9974214519073,31.9897114746314,4,5
"15353",22.1857757621766,27.2056277952413,4,5
"15354",20.7142465618652,31.8485990186026,4,5
"15355",20.5066886343301,29.8202553486084,4,5
"15356",22.1864699330083,31.694741817617,4,5
"15357",21.116002220475,30.5987053549626,4,5
"15358",21.3440712555562,25.0679183313925,4,5
"15359",21.7466499255703,32.1900711251389,4,5
"15360",23.1045947575811,40.3010812087298,4,5
"15361",20.8682446694077,32.5723780454796,4,5
"15362",21.4858714353167,28.3244330980208,4,5
"15363",22.6171831368408,32.3570936979358,4,5
"15364",19.1957008221907,26.117415143788,4,5
"15365",20.919855409915,27.3024399562541,4,5
"15366",21.6896103292651,30.1140200698674,4,5
"15367",23.8116907730875,29.6628019849985,4,5
"15368",20.6695436852239,26.6558062693766,4,5
"15369",22.3432226898465,32.1606151833758,4,5
"15370",20.5453277601128,29.256094432117,4,5
"15371",16.9668098568717,24.8492087614152,4,5
"15372",21.4847296440065,29.8237557607544,4,5
"15373",22.6265107052952,34.2950966911631,4,5
"15374",23.1274793179039,37.7826746266354,4,5
"15375",22.3211563199263,30.133718020907,4,5
"15376",21.0460658917277,28.039510275195,4,5
"15377",18.4458316892565,24.2403096136709,4,5
"15378",20.5131059540009,27.1149370096834,4,5
"15379",20.8938524698343,30.3922644353253,4,5
"15380",22.5640952699723,31.2546957505745,4,5
"15381",20.9113537434539,25.9553629704079,4,5
"15382",22.0865382023217,26.0134628404747,4,5
"15383",22.0505515841965,33.7235684047074,4,5
"15384",22.3332267285335,35.1692897079776,4,5
"15385",22.6286753967683,35.8222517309025,4,5
"15386",22.2823566720064,34.0232341700943,4,5
"15387",23.1241419178361,32.6681765783839,4,5
"15388",22.2311075996279,33.7370925986979,4,5
"15389",22.119768506975,30.8440222283583,4,5
"15390",20.4381260817928,30.322048753816,4,5
"15391",21.2730068087341,33.9287940003888,4,5
"15392",18.9854331437963,25.6441627998194,4,5
"15393",22.3559630473569,28.6481710694445,4,5
"15394",19.3667485005566,27.0330089057528,4,5
"15395",22.6572863785603,35.707132899881,4,5
"15396",23.2942617001029,38.6712954140154,4,5
"15397",16.6951199060704,21.137531735094,4,5
"15398",17.3908201904813,23.0254086184381,4,5
"15399",21.0737024836592,25.3884949251174,4,5
"15400",20.7719673089396,24.2967569388188,4,5
"15401",20.6415136388522,25.2452524661946,4,5
"15402",23.4469254137834,31.7202079610525,4,5
"15403",18.9869568337618,28.3815578525675,4,5
"15404",20.3014530283566,25.237326407318,4,5
"15405",20.049810731469,28.498811421725,4,5
"15406",18.4821350088206,20.2023858144971,4,5
"15407",19.9382776160647,24.98777244546,4,5
"15408",20.7517570554693,31.2152977607702,4,5
"15409",22.5130771630296,30.6371521730597,4,5
"15410",23.1432166985064,32.011146881558,4,5
"15411",20.8226209574857,29.1977006806298,4,5
"15412",20.5902592716431,21.6164972287779,4,5
"15413",20.8586815799623,24.4066440347242,4,5
"15414",18.767509843347,26.8628143160857,4,5
"15415",21.6083196028984,28.623738731016,4,5
"15416",18.7689234034934,27.7926267332766,4,5
"15417",19.5420910547462,28.8847325107321,4,5
"15418",20.6254973194698,26.0567906913616,4,5
"15419",19.9326758195262,24.2600896757546,4,5
"15420",20.4024013502943,27.5109253747452,4,5
"15421",18.4003670907482,23.4822248987165,4,5
"15422",22.2125203154159,27.0983776930969,4,5
"15423",22.2387802563893,31.3532005222087,4,5
"15424",21.4305875360104,31.8345303177818,4,5
"15425",20.4404692851582,24.6172731198816,4,5
"15426",20.4554163001186,26.3035973088619,4,5
"15427",19.8962575476613,26.1396434000261,4,5
"15428",20.9515415632163,26.4366694737731,4,5
"15429",20.9681036903562,24.8253807720027,4,5
"15430",20.0401169451315,31.7510030551567,4,5
"15431",23.4242257008393,32.0037145491398,4,5
"15432",20.2926186763353,28.5081556594926,4,5
"15433",21.8775868414937,26.9755154703715,4,5
"15434",19.6653872653992,26.5285341957371,4,5
"15435",22.506329885073,35.3426548775694,4,5
"15436",21.6760548591192,26.2630532561881,4,5
"15437",21.3600810050194,28.1647130826197,4,5
"15438",20.165390856512,24.9839457877917,4,5
"15439",18.5023946265573,21.5563863712315,4,5
"15440",22.1121096030146,31.8519313883758,4,5
"15441",20.4618918971025,31.8538752312156,4,5
"15442",21.1265173474629,32.7231425826631,4,5
"15443",20.3039484673351,25.1145688034728,4,5
"15444",20.2237346129451,27.1346257218003,4,5
"15445",21.1903132828929,27.768788547473,4,5
"15446",22.3700649252532,35.182274533013,4,5
"15447",22.7327942781103,36.6975038092262,4,5
"15448",21.658490016726,24.4248100291925,4,5
"15449",21.7284896845037,30.3120979299117,4,5
"15450",22.6383808616619,30.5983919126581,4,5
"15451",21.1195266067235,33.4200901859181,4,5
"15452",19.5525037785923,23.9069712465439,4,5
"15453",22.2060764611308,35.8611876730546,4,5
"15454",20.1311428178455,30.1675262224223,4,5
"15455",19.5586461957893,30.7780302785057,4,5
"15456",20.7547342777906,27.1823060479893,4,5
"15457",21.2667262922372,27.0849967188348,4,5
"15458",24.9514353929018,39.7626715578571,4,5
"15459",19.20149704872,24.7833275383612,4,5
"15460",20.114517694992,26.3337172290269,4,5
"15461",20.4844452257488,29.325521710932,4,5
"15462",22.5333828846835,34.7835102872212,4,5
"15463",22.5994347206999,31.1349521925629,4,5
"15464",17.7515041552199,28.3900908985979,4,5
"15465",20.7899984961623,26.3425263384034,4,5
"15466",22.2566441338264,32.7793368966234,4,5
"15467",20.4312099454779,22.4454188261476,4,5
"15468",18.7760047512487,20.7558446635688,4,5
"15469",22.939929650516,30.2417157511614,4,5
"15470",19.4365825374577,22.1442941392896,4,5
"15471",21.0244528416348,30.9789949443315,4,5
"15472",21.9058200421072,26.5437607131303,4,5
"15473",22.8133432201856,28.6960904926627,4,5
"15474",22.5633648708729,32.8261501691934,4,5
"15475",20.934897481207,28.9964924492907,4,5
"15476",20.9254649414816,24.3079970554785,4,5
"15477",19.2481588306266,25.6509368588121,4,5
"15478",20.1405648031094,21.0327015740158,4,5
"15479",20.8033789072822,28.2143982693089,4,5
"15480",20.5643420653672,26.5867596116885,4,5
"15481",22.6719421355525,28.5861923383412,4,5
"15482",21.1640296948415,26.0013003988343,4,5
"15483",19.3237834705348,22.1293176522639,4,5
"15484",20.7530789939656,28.9994005765293,4,5
"15485",22.3582155743957,32.578356625631,4,5
"15486",23.7445985663534,32.3417116079895,4,5
"15487",23.0612914586672,30.6894010630674,4,5
"15488",19.1214411183692,22.1634392642119,4,5
"15489",21.098002791512,32.2072827952629,4,5
"15490",22.3046397713144,30.9541733618238,4,5
"15491",22.6949689211585,36.5811265163638,4,5
"15492",20.7068223905412,30.8799212324118,4,5
"15493",20.5719864391244,29.021370867766,4,5
"15494",22.0447996609879,30.6158576732956,4,5
"15495",22.8005691364651,31.0922548842851,4,5
"15496",17.3365989501845,17.2334148429593,4,5
"15497",19.1107829750914,25.5076066012107,4,5
"15498",20.9462499783806,27.4849726939546,4,5
"15499",21.9584082550616,31.1714822441204,4,5
"15500",22.0130817537631,35.958884495455,4,5
"15501",23.2000862357492,28.1391506919847,4,5
"15502",19.9415793956977,30.7334589745439,4,5
"15503",21.0333213766952,30.1420404192799,4,5
"15504",23.4021722421574,33.6743611231179,4,5
"15505",21.0367145767612,26.3618464599083,4,5
"15506",21.5520599346075,25.0175214360887,4,5
"15507",21.6558138688033,29.2947689098191,4,5
"15508",21.1944064673393,26.8279244818665,4,5
"15509",19.515480957202,28.4219116403496,4,5
"15510",20.4246967160802,32.3729002994829,4,5
"15511",18.2790990873543,24.230881382244,4,5
"15512",20.0408676407711,30.1569939254064,4,5
"15513",20.9138051441534,26.290305917025,4,5
"15514",22.001831878099,29.3165338432004,4,5
"15515",23.3249837428678,34.5728722101689,4,5
"15516",18.2304847682009,19.0466280076859,4,5
"15517",23.2717818695945,33.1308619439228,4,5
"15518",20.4672778110717,26.7358118075041,4,5
"15519",21.3017843116695,32.0567228363647,4,5
"15520",24.4283707124504,40.0264253014711,4,5
"15521",21.1377599924768,28.4810247272456,4,5
"15522",20.5410411802172,28.7338664964945,4,5
"15523",20.496652879877,26.2703692522495,4,5
"15524",18.3969447894424,27.3782344837201,4,5
"15525",21.166256799465,28.4919788783702,4,5
"15526",21.7082006333839,28.557439094132,4,5
"15527",21.3013682030106,30.2883017267962,4,5
"15528",21.7148332380613,24.5759077616134,4,5
"15529",22.4200977346058,36.1205523755659,4,5
"15530",19.5761857213792,27.2301213170463,4,5
"15531",21.9229311694299,26.2208230356757,4,5
"15532",21.0439633814167,32.8616419069725,4,5
"15533",21.9892793273452,33.6973435774989,4,5
"15534",23.8327190554603,36.1824385502813,4,5
"15535",18.5643573109826,27.6358338946085,4,5
"15536",21.9785523735856,33.8764263007128,4,5
"15537",18.96623603022,20.7015159701809,4,5
"15538",19.7649350270825,23.9186593985397,4,5
"15539",20.2233973550252,28.2975474096013,4,5
"15540",22.6132941321034,31.5067387341924,4,5
"15541",19.8491467873318,23.1860052557605,4,5
"15542",20.5697571849232,26.8704841597173,4,5
"15543",23.9951114842218,32.4878496329413,4,5
"15544",20.2611427094721,29.2755918432257,4,5
"15545",20.9484191519859,28.6474328132584,4,5
"15546",18.4559479412559,26.5207573872705,4,5
"15547",21.8415095371109,34.0905324822132,4,5
"15548",18.2171108062722,24.2668872172158,4,5
"15549",21.1149527987743,26.3986609454893,4,5
"15550",20.0834263275413,26.2258639520334,4,5
"15551",20.1784198220441,28.4686734526243,4,5
"15552",22.7790014801465,33.0185675659687,4,5
"15553",21.7706509266011,32.1060158034177,4,5
"15554",21.1331581315099,30.1356564332601,4,5
"15555",21.4677442222058,27.445069063473,4,5
"15556",22.8129995973997,32.332433211389,4,5
"15557",21.9745695927898,33.4854535739098,4,5
"15558",23.7854177695789,34.6183560333565,4,5
"15559",19.4821359957985,28.8845252652896,4,5
"15560",24.2134531410581,34.1719922023329,4,5
"15561",22.9880852977816,33.372122456849,4,5
"15562",18.2440816141583,25.0555037626606,4,5
"15563",19.8816809271702,29.3986388240539,4,5
"15564",20.3775990479297,31.9985087200799,4,5
"15565",20.5237194607233,26.9272036408726,4,5
"15566",22.1645260811016,35.1926567826254,4,5
"15567",24.5182803785431,33.6399032301559,4,5
"15568",21.2565148449741,29.1256292580846,4,5
"15569",19.3323150466923,20.8400165976763,4,5
"15570",20.7900210843535,25.7925970657124,4,5
"15571",19.9048111087568,28.7669216456626,4,5
"15572",21.7281699000211,31.4679336806209,4,5
"15573",20.0624793525207,24.1312525501624,4,5
"15574",19.7780415714839,28.4743852590547,4,5
"15575",19.4184883921757,27.5934807019223,4,5
"15576",23.3254436037495,28.5146113176116,4,5
"15577",18.2724748390024,24.4708342420332,4,5
"15578",21.6762731689468,32.0464428835827,4,5
"15579",25.0675020086304,36.3958932661558,4,5
"15580",21.2538974134832,34.5024816070851,4,5
"15581",20.6252789504873,32.7533099045854,4,5
"15582",20.6127248490316,31.1771793507927,4,5
"15583",20.6915315301837,27.1457274083718,4,5
"15584",22.2325877534427,29.8338178851134,4,5
"15585",18.9668491399722,23.4242085161212,4,5
"15586",22.4244446633881,29.2709596597765,4,5
"15587",19.6695495533937,28.4215484069076,4,5
"15588",21.9397775680325,24.1864567710913,4,5
"15589",22.4478606065317,29.777608507945,4,5
"15590",21.3241477249012,32.5698833726653,4,5
"15591",19.6074951152873,28.4863045794397,4,5
"15592",20.7515516753294,31.7711982324659,4,5
"15593",20.2320395498881,25.6877401614746,4,5
"15594",23.8169901381287,33.655233122551,4,5
"15595",20.1305552058063,25.7529118757135,4,5
"15596",22.3734996336902,29.7635636351797,4,5
"15597",22.1910824817127,32.6971799658971,4,5
"15598",21.8270553941064,29.9139310985703,4,5
"15599",21.8831045308609,32.0186634815275,4,5
"15600",21.265485137487,28.2411743263453,4,5
"15601",20.906842733321,26.408483964506,4,5
"15602",23.0571994104746,36.4161196084894,4,5
"15603",19.1485548057436,28.9143498967392,4,5
"15604",20.0193731825646,28.3885849239576,4,5
"15605",20.8042789039143,30.3480179280279,4,5
"15606",23.003072268664,29.8474104338982,4,5
"15607",20.1917015856767,32.8356778402008,4,5
"15608",20.4871835144735,37.3871543294434,4,5
"15609",19.7840230981475,25.3751385107454,4,5
"15610",20.3640736177385,29.7178673779076,4,5
"15611",20.6064832665756,34.307227854496,4,5
"15612",20.3134365737084,28.5897974706504,4,5
"15613",21.4759255335944,30.1261498973675,4,5
"15614",18.7057909031003,21.3706652268004,4,5
"15615",21.5083390325145,30.4857944588728,4,5
"15616",21.0731951243751,29.3454667676409,4,5
"15617",19.2902366621375,27.9994589667654,4,5
"15618",24.5041841471279,38.4144232778132,4,5
"15619",20.6927865783089,27.2878020734514,4,5
"15620",22.1470880566521,35.2499595139055,4,5
"15621",21.9954810114839,29.1448708729369,4,5
"15622",21.1761740021835,30.9376483932189,4,5
"15623",20.3896116896685,27.8527002138811,4,5
"15624",20.5228505596182,27.9843856426192,4,5
"15625",19.7970241030761,24.4917447678035,4,5
"15626",22.1819785762179,29.7586804766703,4,5
"15627",20.232648357002,29.5309241329103,4,5
"15628",18.060845148501,20.048490875423,4,5
"15629",20.1498888317285,30.2387307345678,4,5
"15630",16.7611378971429,29.8120221381096,4,5
"15631",21.9626384631327,36.6451823433,4,5
"15632",20.3929862946811,29.7875171384769,4,5
"15633",18.999243515813,27.6825704624209,4,5
"15634",21.1775599088415,27.2555661676177,4,5
"15635",20.654166627689,35.1267120027703,4,5
"15636",20.2413772371643,25.1550175298185,4,5
"15637",19.8277034705638,24.2977718642246,4,5
"15638",20.3426071641347,31.1170000352244,4,5
"15639",18.7225188793845,27.4270171432376,4,5
"15640",21.4998470503453,31.7837997340653,4,5
"15641",22.2014277050946,31.4840955550622,4,5
"15642",19.2128204820822,25.8917023300214,4,5
"15643",21.6288215525824,30.0466702351624,4,5
"15644",22.977385383112,32.0997247879233,4,5
"15645",22.3169016103934,26.6526084876794,4,5
"15646",21.0939680313074,32.0305562668885,4,5
"15647",23.3545674543625,39.1659796624118,4,5
"15648",20.0321976228177,26.532187610902,4,5
"15649",20.2162784328701,23.8283197075095,4,5
"15650",21.1527518525718,30.6195075039752,4,5
"15651",22.8355616555244,34.8572870453115,4,5
"15652",21.8688626279674,36.8316098698788,4,5
"15653",22.8808681356153,35.4073755021502,4,5
"15654",21.6256947831227,24.2490225435028,4,5
"15655",18.3114351402974,31.2510089346779,4,5
"15656",20.5332980241317,22.8118169885558,4,5
"15657",20.9008180294623,25.7449064812672,4,5
"15658",18.7726982160034,23.2023528202759,4,5
"15659",21.0619398038531,38.0073719736442,4,5
"15660",23.5901075285158,37.7122200382569,4,5
"15661",23.1266283884867,34.4548499628821,4,5
"15662",22.4359136632797,33.7113133445953,4,5
"15663",21.8207197455865,32.1672940608306,4,5
"15664",19.6168008054031,21.4962454016906,4,5
"15665",20.4481725445018,24.8742435254043,4,5
"15666",22.4060267842443,32.7876534870113,4,5
"15667",20.5457822882626,27.0573332093782,4,5
"15668",23.5507597868471,34.6846867072264,4,5
"15669",21.1593639291659,31.2287178767092,4,5
"15670",21.7393170927296,32.9641629525878,4,5
"15671",24.5976974308079,30.6799344646314,4,5
"15672",19.7282215741116,27.752700595095,4,5
"15673",21.7685515094082,31.4808397624793,4,5
"15674",21.1709748853021,27.1168062244422,4,5
"15675",22.012627002995,32.5266363960516,4,5
"15676",21.5868676438222,33.0593331505077,4,5
"15677",21.3822735454409,28.6791485261862,4,5
"15678",22.9688002580053,30.7839610119829,4,5
"15679",20.3092842300369,31.8482034565775,4,5
"15680",19.701100391297,28.3433292686274,4,5
"15681",20.8126920106112,29.6233876055533,4,5
"15682",19.1908481467439,26.0340939902195,4,5
"15683",20.096151581892,30.3043960296824,4,5
"15684",19.0198301769882,28.5620931723619,4,5
"15685",20.2001299032726,23.0036950180996,4,5
"15686",20.3548834427961,26.6734195503233,4,5
"15687",20.4213755674913,30.8714497095173,4,5
"15688",24.5598422667586,34.3332866631134,4,5
"15689",20.6018335752989,28.4875465824336,4,5
"15690",20.0215796499567,25.3254969722373,4,5
"15691",21.9857299631829,27.1616184956144,4,5
"15692",17.710205756353,19.5524054589047,4,5
"15693",22.2153104243826,34.2314254726988,4,5
"15694",21.089756697539,27.1278709715922,4,5
"15695",22.9029316156376,36.4789150840102,4,5
"15696",20.8887238279188,26.1129783220384,4,5
"15697",18.0112549522831,23.2875627523769,4,5
"15698",22.6990075952572,32.6664362828984,4,5
"15699",19.4150349375563,25.134136630774,4,5
"15700",22.9575846829552,30.2025473064644,4,5
"15701",22.1667869784321,33.0535310241298,4,5
"15702",21.6358934525476,33.2909263644005,4,5
"15703",19.7273305979524,26.7397311832498,4,5
"15704",21.2593621362145,34.1399472065749,4,5
"15705",21.7751371194272,30.6285515638776,4,5
"15706",17.7847682615091,18.8516960620817,4,5
"15707",20.7766393472657,28.8049323007503,4,5
"15708",19.3988673072418,27.2743844060849,4,5
"15709",21.3221036758125,30.1872592904829,4,5
"15710",20.4380366766643,30.3178960157691,4,5
"15711",20.2626609092866,25.4026993729664,4,5
"15712",23.7853083124277,37.5257865233971,4,5
"15713",18.9656765184757,27.4699368413455,4,5
"15714",18.4125401818331,28.6888364546911,4,5
"15715",20.9383133353661,31.0060335284835,4,5
"15716",23.1859433635551,38.3389237408829,4,5
"15717",20.1715760422421,26.9772453769913,4,5
"15718",22.3445464543657,32.5363594149946,4,5
"15719",19.7106863998989,27.2514193229752,4,5
"15720",20.5009657050821,27.8083268832643,4,5
"15721",23.7831225106749,35.225257587867,4,5
"15722",20.9175919723733,31.0824472238633,4,5
"15723",19.5311326087145,26.938415881986,4,5
"15724",20.9776888360507,31.7128669487056,4,5
"15725",21.2234709399162,27.3401612160368,4,5
"15726",18.8276155849726,25.713316495052,4,5
"15727",19.2095365401495,29.6731202503462,4,5
"15728",21.3256357814086,28.1781884396599,4,5
"15729",23.0514153528726,28.0535145060517,4,5
"15730",17.8430965609481,21.6408935138432,4,5
"15731",21.5452263225936,34.2169818361608,4,5
"15732",18.8765853051329,23.3469321045423,4,5
"15733",20.4489303478439,31.7404329393768,4,5
"15734",20.3429019119736,32.6413768486547,4,5
"15735",21.0350590807741,30.3855622134158,4,5
"15736",21.485835213578,22.1484310505826,4,5
"15737",20.2257375717672,22.8589044970369,4,5
"15738",19.5791463120059,28.8921090123368,4,5
"15739",20.6390872175,29.3823283179841,4,5
"15740",17.5580871430017,16.5903759362343,4,5
"15741",20.5588637717041,29.7294917899511,4,5
"15742",20.5808155440721,28.6249089098153,4,5
"15743",20.5461521795539,32.7208015483832,4,5
"15744",21.59714626639,31.8151456094839,4,5
"15745",22.9462358756591,28.3693196393105,4,5
"15746",21.0501898005248,30.709592858328,4,5
"15747",21.3704922985512,28.4624817203323,4,5
"15748",19.7933536633396,24.343221004,4,5
"15749",20.4469336804924,24.4509393988753,4,5
"15750",18.9248872973691,26.3065231432717,4,5
"15751",19.6225729734196,29.5400454906779,4,5
"15752",18.7659802143608,21.1609223986577,4,5
"15753",21.5725723710704,28.0161164456047,4,5
"15754",19.577472226671,26.6312020282589,4,5
"15755",20.016295355888,29.5349191362049,4,5
"15756",24.4258229651899,35.5921026649044,4,5
"15757",19.4754963973685,24.0433565568931,4,5
"15758",20.8457929556031,28.004011256315,4,5
"15759",23.4946897960566,32.7862102416568,4,5
"15760",22.5466772978495,35.1088232999973,4,5
"15761",22.7215110962108,32.6491496795778,4,5
"15762",17.5455651661215,28.9990975886842,4,5
"15763",19.9591512546816,25.2638067562742,4,5
"15764",21.2516358263926,28.1801968238473,4,5
"15765",18.7621468890841,28.9235584348669,4,5
"15766",17.9354221217594,18.7716420509431,4,5
"15767",20.7050889893011,33.1209319598154,4,5
"15768",20.5958713788415,29.7037993890965,4,5
"15769",20.255420086269,26.6667405915217,4,5
"15770",19.4013643801962,25.2812328366842,4,5
"15771",20.8879857790217,28.9571391488806,4,5
"15772",19.6584215416114,28.3673685518917,4,5
"15773",22.626616952244,30.4113315773997,4,5
"15774",20.934195237956,27.0656273427298,4,5
"15775",21.953601055679,27.5886653475339,4,5
"15776",20.1781135787188,25.7719464130526,4,5
"15777",24.4014984831079,37.745170589839,4,5
"15778",20.1453182309798,32.217657166924,4,5
"15779",20.6086356905457,23.9181294303752,4,5
"15780",20.6670004230442,33.6054404150902,4,5
"15781",20.6035183944703,32.7865838435692,4,5
"15782",22.2485461558525,27.1202582248521,4,5
"15783",20.7759387106853,27.5209036062411,4,5
"15784",23.8708304840697,38.9660127388068,4,5
"15785",19.9061303329562,25.5442911579111,4,5
"15786",20.1583513691535,34.3999992294849,4,5
"15787",20.6466711824935,26.5190181361195,4,5
"15788",20.312122891374,35.1261984633228,4,5
"15789",19.6854782289121,24.3835316065736,4,5
"15790",21.2188313670918,33.6878712356261,4,5
"15791",21.6421071148034,28.9209264741797,4,5
"15792",23.8667965738206,35.2594005262348,4,5
"15793",18.9997041558066,23.2393608868905,4,5
"15794",21.4575987399366,31.5323044658521,4,5
"15795",22.065641790413,33.3226636812961,4,5
"15796",21.0628092439395,25.3623554238051,4,5
"15797",20.4060389549901,28.2206775629043,4,5
"15798",20.22490995615,30.9759377042552,4,5
"15799",20.9912878003228,26.3972110181799,4,5
"15800",19.7106477006821,24.014891094718,4,5
"15801",20.9909424482784,29.3284079448692,4,5
"15802",20.3218157485975,29.2251331038744,4,5
"15803",23.1852883833258,31.3915361319702,4,5
"15804",18.9986196629525,25.0379320809764,4,5
"15805",22.2417431788613,27.1910056943252,4,5
"15806",18.5098872816452,22.3375259756425,4,5
"15807",18.9742442400361,27.5291915175451,4,5
"15808",18.7427575531433,27.1514399376716,4,5
"15809",22.3746595772885,28.591436528721,4,5
"15810",19.4017136167241,25.0872240946083,4,5
"15811",21.2107064305965,31.079374548694,4,5
"15812",20.5404360946599,33.3461634624018,4,5
"15813",20.5069223130222,28.1674574801193,4,5
"15814",18.3886632329205,23.9875274615385,4,5
"15815",17.6488842161571,21.6499208684918,4,5
"15816",20.12555918147,28.6024767368044,4,5
"15817",19.9836797900786,26.1044031243008,4,5
"15818",19.8656906263503,24.4524313732544,4,5
"15819",21.1906456546528,25.2660275344092,4,5
"15820",22.7598417044586,38.952728908497,4,5
"15821",21.1511271122197,27.4224274060566,4,5
"15822",21.4270694597494,31.1596936725785,4,5
"15823",18.1246319465938,23.0238155793577,4,5
"15824",21.6269367772904,28.7408377243848,4,5
"15825",19.9788839434874,29.7715603640708,4,5
"15826",25.6247004474726,27.4661169637844,4,5
"15827",20.3406936419876,25.3440118691647,4,5
"15828",22.9456038651778,33.0611668799928,4,5
"15829",21.2020808304006,32.8820707528895,4,5
"15830",23.7696159832098,37.6642766875382,4,5
"15831",21.5374369444923,30.6587175233244,4,5
"15832",22.9664078396185,32.0114099152973,4,5
"15833",20.8017264958849,29.9226668489283,4,5
"15834",19.9398943147277,23.859366511858,4,5
"15835",23.3715330422424,33.9271330337036,4,5
"15836",20.1220828536415,31.6001503050987,4,5
"15837",20.5626730083919,27.5781074774739,4,5
"15838",19.3800107731553,30.3558750204487,4,5
"15839",20.7813116011031,31.1009790022809,4,5
"15840",19.8305319851566,29.7675877023817,4,5
"15841",20.5176497689126,33.0807944054814,4,5
"15842",20.0330796936187,26.7489379014975,4,5
"15843",20.6918192032066,26.725371384503,4,5
"15844",23.449552109847,32.4165744802703,4,5
"15845",20.4506246033117,23.8798100976241,4,5
"15846",22.7410860088665,30.4926776101599,4,5
"15847",21.4947589775724,32.2150653877732,4,5
"15848",21.6342721645714,29.2895468096583,4,5
"15849",24.3901193247708,36.915833174361,4,5
"15850",18.3341829799306,25.5071280374386,4,5
"15851",22.7705071448055,35.4893570023259,4,5
"15852",21.1801500344809,27.0434752088009,4,5
"15853",18.1304843145623,20.502830247225,4,5
"15854",20.0960481128892,24.3933611472574,4,5
"15855",21.7230654229275,30.8472054375869,4,5
"15856",21.8979433022215,29.559326967806,4,5
"15857",19.5808390828168,30.1870717226765,4,5
"15858",18.5243977139389,26.2036000674336,4,5
"15859",23.0353805209778,31.502068912631,4,5
"15860",24.0430456602168,34.807680379752,4,5
"15861",21.2663897472357,29.0452642475887,4,5
"15862",19.7632386951251,28.6791682189725,4,5
"15863",22.5771990044703,32.5100518558972,4,5
"15864",20.828646789438,25.7900083172761,4,5
"15865",21.874051427872,31.4242470835911,4,5
"15866",19.8088389088779,28.688844948716,4,5
"15867",19.5299150520596,29.9642770019088,4,5
"15868",21.2507212535336,25.5867408031881,4,5
"15869",22.1971575761104,28.8032502988596,4,5
"15870",19.1541237083889,26.90620357348,4,5
"15871",22.4841425526225,33.8077839553164,4,5
"15872",22.7256669341781,37.1600889978022,4,5
"15873",23.7698574777635,33.3629926517687,4,5
"15874",20.0575300592074,29.8737654461335,4,5
"15875",22.982798930379,37.2819424725846,4,5
"15876",24.1490582661886,35.0258590016611,4,5
"15877",21.8770081350789,31.847777529337,4,5
"15878",19.2602666923795,28.3793540104582,4,5
"15879",21.6379920810479,25.4050289411059,4,5
"15880",23.4341646473573,35.7282496997917,4,5
"15881",20.6829156410483,24.6271201027986,4,5
"15882",20.688926422296,28.275298242983,4,5
"15883",21.7689547189696,33.1701910445645,4,5
"15884",19.8196064466936,23.1072517554659,4,5
"15885",20.523497503584,30.0216353074258,4,5
"15886",20.3185001621433,26.6249802396003,4,5
"15887",23.7133668701343,35.2401795786538,4,5
"15888",21.7314863419675,29.8490841479323,4,5
"15889",22.8734251977766,30.7428573387537,4,5
"15890",18.4630607673397,25.0980236712615,4,5
"15891",21.140185457974,30.4072677500315,4,5
"15892",19.9498560985551,27.5480355319783,4,5
"15893",22.1171231626467,33.0390802286151,4,5
"15894",19.2632318981088,29.5496214986983,4,5
"15895",21.5791683080287,30.3415972226737,4,5
"15896",22.5686080283113,34.1066292671346,4,5
"15897",23.4193335378771,37.7308877745456,4,5
"15898",17.2219095212985,25.3795137181193,4,5
"15899",20.756545360556,30.1237931203792,4,5
"15900",21.181354460382,24.7216413871589,4,5
"15901",23.1385227748375,34.4787883356404,4,5
"15902",23.4072919842357,32.181229239844,4,5
"15903",21.7716972894724,30.5335363298895,4,5
"15904",21.5889638148233,33.0614055971866,4,5
"15905",23.3341013602898,32.4463024766391,4,5
"15906",21.9492580249956,30.1570306268854,4,5
"15907",19.9231783052412,25.199578767002,4,5
"15908",20.3285039844561,28.3598470300906,4,5
"15909",20.4631598202475,28.0160390570726,4,5
"15910",20.9745379913538,28.6346696542546,4,5
"15911",22.0434041437795,30.2501024355943,4,5
"15912",23.2915015587204,34.2156880483118,4,5
"15913",22.7038688596687,30.2898549759274,4,5
"15914",19.9367095742484,28.7397270315811,4,5
"15915",21.4815901895591,26.0992988318287,4,5
"15916",19.4573601201015,20.599752638259,4,5
"15917",21.4012013275093,28.9625329842903,4,5
"15918",21.4418905214073,32.7559073682981,4,5
"15919",20.5626010226642,26.3756125737649,4,5
"15920",21.6208318439703,28.1892806676707,4,5
"15921",20.9621437553158,30.455051188251,4,5
"15922",21.1369483220972,34.8165772306581,4,5
"15923",19.7617912873535,29.1184387795495,4,5
"15924",21.4313170070317,28.9181793126853,4,5
"15925",23.8967251317946,28.5989764141097,4,5
"15926",19.8184282785394,28.7882097067186,4,5
"15927",19.5382067203256,24.2775493657573,4,5
"15928",17.5172751414548,23.1315317384982,4,5
"15929",22.805717908693,35.4339478766035,4,5
"15930",21.1970721283404,28.2518313153553,4,5
"15931",18.7917726074518,21.8125352529246,4,5
"15932",19.5291981668793,26.139610904271,4,5
"15933",20.0712022425843,23.5187559239662,4,5
"15934",20.1091430602412,31.0488067130768,4,5
"15935",20.6912439758905,30.1685749234932,4,5
"15936",22.5674487371392,28.6723553301965,4,5
"15937",21.9556259063744,32.0085805469814,4,5
"15938",20.0777777793539,26.1019144353696,4,5
"15939",20.9446477371059,34.8942385755432,4,5
"15940",21.4514359214526,30.8868440955443,4,5
"15941",20.7296064082959,27.5287059954133,4,5
"15942",21.8064659090599,27.3457924410883,4,5
"15943",18.8621231200077,23.4603100101361,4,5
"15944",21.1003293971459,26.6758533487398,4,5
"15945",21.2158917877655,33.3289925690377,4,5
"15946",21.8767895930978,32.4102629513361,4,5
"15947",21.3159143629643,25.8869715735073,4,5
"15948",22.6605925162043,28.9167764890244,4,5
"15949",18.7754808704752,29.6084323575059,4,5
"15950",20.5510800509226,29.0856416048021,4,5
"15951",20.6789747829281,30.7141892258386,4,5
"15952",19.2371021685149,25.9948187227788,4,5
"15953",22.0839512428611,35.0952470216584,4,5
"15954",22.1443885540773,31.5623823631337,4,5
"15955",20.375839945992,34.1183140792652,4,5
"15956",21.0353842990404,26.0635249922845,4,5
"15957",20.4031684674209,29.2966209455933,4,5
"15958",20.8481750135676,25.8737820197481,4,5
"15959",20.346844873706,32.5427075802051,4,5
"15960",21.573222025582,28.1314808727681,4,5
"15961",18.7845754285354,24.03246485013,4,5
"15962",21.3183317001484,27.7908598597635,4,5
"15963",22.9135804384044,34.8913243098442,4,5
"15964",22.9744019410123,42.3171601593817,4,5
"15965",22.4695067569297,28.0627960528031,4,5
"15966",20.1116626363681,28.6840363815178,4,5
"15967",19.0008593877059,27.1737552455768,4,5
"15968",23.4949569944152,37.5096789910067,4,5
"15969",23.1898872519528,33.3220540755684,4,5
"15970",20.1260547663481,23.5762285329055,4,5
"15971",18.1375376445538,23.3162881832979,4,5
"15972",19.6045753344725,29.4790421370514,4,5
"15973",22.0384968008286,28.4183937848368,4,5
"15974",23.963070936614,30.8061060258785,4,5
"15975",20.6749926589305,26.7464177214599,4,5
"15976",19.5403234922954,24.5491416271542,4,5
"15977",20.3089703087599,26.7480527177865,4,5
"15978",19.6678731897072,25.9442932575851,4,5
"15979",21.5345109225119,29.0405959133935,4,5
"15980",20.6392325386436,32.0699062190951,4,5
"15981",19.4313941469488,24.2777385068016,4,5
"15982",22.4583603332126,28.2521650665923,4,5
"15983",18.4578803664252,29.229442190663,4,5
"15984",21.0576576402022,36.0739348127716,4,5
"15985",22.4936692635458,33.2462371673111,4,5
"15986",21.3571229375213,29.1707365816458,4,5
"15987",20.7312829656574,25.8656500617905,4,5
"15988",21.7209754619975,28.6877584858308,4,5
"15989",21.6653751242583,28.3828485754235,4,5
"15990",23.0957090398367,33.1099387254669,4,5
"15991",20.4325326099049,26.2652187594828,4,5
"15992",22.1608423733724,30.7231898086711,4,5
"15993",24.1402038949011,35.5628094567634,4,5
"15994",22.6222676255257,26.3066328470859,4,5
"15995",20.2963495845584,25.9099179735031,4,5
"15996",21.7873631825525,28.146702548618,4,5
"15997",22.0673444013935,33.8488112970616,4,5
"15998",22.2531943077741,31.676253317989,4,5
"15999",20.8641548276419,25.462370359921,4,5
"16000",20.8227261428725,34.1617551703487,4,5
