"X1","X2","component","subcomponent"
"15001",4.79829503404915,30.962826684639,8,7
"15002",7.65817854376225,28.6103165841387,8,7
"15003",7.2818814253743,32.0514558917777,8,7
"15004",8.43251751567286,33.1067150128533,8,7
"15005",6.98118060726171,29.69263013927,8,7
"15006",7.09869365210308,32.012515822343,8,7
"15007",8.10944614815039,31.8828137719023,8,7
"15008",6.48393830599893,27.7734122159305,8,7
"15009",5.65145146506494,34.2865625979632,8,7
"15010",10.0856037797033,28.2118387911824,8,7
"15011",10.4693232508984,30.9803913148344,8,7
"15012",9.0347347734283,27.6231497058783,8,7
"15013",7.01939589790872,32.9587571589467,8,7
"15014",8.41247525317071,33.7469082651406,8,7
"15015",9.32066287876847,25.5388890249004,8,7
"15016",6.53685218138339,23.0940572897381,8,7
"15017",10.0391610789694,27.4217354108974,8,7
"15018",9.11469466353797,28.3320676360814,8,7
"15019",9.25110922557381,26.4992443857746,8,7
"15020",7.93458354302136,39.008366755721,8,7
"15021",8.84694716814701,19.3363018457101,8,7
"15022",6.22273921319372,32.4124335270133,8,7
"15023",7.04160255056186,34.1108493551681,8,7
"15024",10.5963064066554,36.8000232723484,8,7
"15025",9.61206317270486,29.9785908625492,8,7
"15026",8.16947373222781,26.7334225271288,8,7
"15027",8.21519209217326,28.7377323865186,8,7
"15028",10.2200328482718,33.1738121558095,8,7
"15029",7.9170050696495,34.8695869246202,8,7
"15030",6.44691791968747,34.0953730333263,8,7
"15031",9.30070521774178,25.3505138204984,8,7
"15032",7.97791598390373,32.8850309535536,8,7
"15033",7.95959066509332,31.7144657228452,8,7
"15034",7.31799228346628,33.6249189842528,8,7
"15035",9.11187722609967,32.5897187950071,8,7
"15036",7.19107833567241,38.9459000696547,8,7
"15037",10.6398684909534,19.6715874266159,8,7
"15038",7.88247614505049,34.0603814394384,8,7
"15039",9.38900438247538,33.2430412134076,8,7
"15040",11.1970706922965,33.6554181556467,8,7
"15041",8.13984484085884,31.1191123617537,8,7
"15042",7.61998604492459,30.4644686644814,8,7
"15043",6.90267460527278,28.6784947969842,8,7
"15044",6.83565124312637,39.8405536052224,8,7
"15045",6.52947964218466,23.8177793795642,8,7
"15046",7.20430609000607,32.4005963951433,8,7
"15047",8.41238210320575,33.3814378101876,8,7
"15048",8.01301944111014,37.3684985830685,8,7
"15049",7.83225323977951,29.2555008876531,8,7
"15050",6.26679122373905,40.2724068119929,8,7
"15051",7.20980042424315,37.3103291685454,8,7
"15052",6.23373855527098,31.2523075488967,8,7
"15053",9.32468351581216,31.2974038187437,8,7
"15054",10.5357982768885,29.7125386091338,8,7
"15055",9.62701434927506,30.8569448416668,8,7
"15056",7.34860617757343,39.8036482567569,8,7
"15057",4.47890464243588,31.6279805147145,8,7
"15058",8.05448234335318,35.520334298555,8,7
"15059",7.22154533407452,25.2017624534726,8,7
"15060",10.0492762036558,31.9505528831192,8,7
"15061",6.28959046748262,27.3687382601131,8,7
"15062",8.05650920547487,25.825835111919,8,7
"15063",7.80262834685348,31.3507908024162,8,7
"15064",6.66810762667811,27.6402267009418,8,7
"15065",9.6334441394676,28.9107618834558,8,7
"15066",10.52581008462,27.639392424624,8,7
"15067",5.96281332232949,29.7585028221676,8,7
"15068",11.7643001363665,33.3801983323782,8,7
"15069",9.49261034124982,28.4755527480058,8,7
"15070",9.08755228001648,30.2804995814672,8,7
"15071",9.56832466033473,27.6203849887405,8,7
"15072",9.05398280660325,32.7377265941882,8,7
"15073",8.54607204471045,26.0003060332058,8,7
"15074",9.96169505985367,31.9870319146127,8,7
"15075",6.12468203628965,26.6497673539893,8,7
"15076",7.57271381100247,33.5460770035061,8,7
"15077",3.25249507670532,28.1993050594639,8,7
"15078",10.7098580594534,34.1031768170542,8,7
"15079",8.35996131884544,31.5117151363584,8,7
"15080",5.62639646457936,34.6520878487507,8,7
"15081",6.93706045909901,38.441534235965,8,7
"15082",10.5974847341052,24.5139317346599,8,7
"15083",6.9943564627919,25.6069372494279,8,7
"15084",9.09186731183639,28.7167944729981,8,7
"15085",11.1939068888929,25.9221107461476,8,7
"15086",5.33583839961861,36.3340941366287,8,7
"15087",9.30997816746129,28.3430450337178,8,7
"15088",5.57192812895657,37.9839959653591,8,7
"15089",8.97258689932755,34.0523626680156,8,7
"15090",10.6364337251455,35.6896676464985,8,7
"15091",7.45318726703224,33.9526579413469,8,7
"15092",6.50790381271953,32.9401769224656,8,7
"15093",6.66876424970337,35.1138621989198,8,7
"15094",7.92187982033757,30.600766476344,8,7
"15095",6.53459098633659,31.5520649006815,8,7
"15096",9.118704935348,27.20782028224,8,7
"15097",8.37114738295145,30.3194277396479,8,7
"15098",6.2259424626165,34.5612887323742,8,7
"15099",8.33566600214966,33.4230071092396,8,7
"15100",11.0839232070567,32.6104860611668,8,7
"15101",10.111818898997,31.0054815666304,8,7
"15102",9.5968810002774,30.692857313869,8,7
"15103",9.21160775096785,29.8792179157175,8,7
"15104",6.08275630080832,38.9673771368321,8,7
"15105",7.82936299493863,30.4989567286805,8,7
"15106",12.2574009921278,37.1609823317513,8,7
"15107",7.3194239008624,35.154359601138,8,7
"15108",8.71238643490588,21.1983974580187,8,7
"15109",9.47598606869519,36.5958189939497,8,7
"15110",12.3237848094861,32.0732781329589,8,7
"15111",8.68658238910766,30.9861255779575,8,7
"15112",4.44574417207294,22.0710561447572,8,7
"15113",6.00677618442445,29.049168904055,8,7
"15114",9.52555196577782,29.6945217093845,8,7
"15115",5.11246970129281,32.403301474097,8,7
"15116",8.15852171914633,37.3483632753899,8,7
"15117",6.31824199596081,32.9575961377041,8,7
"15118",6.67162788376501,29.3725822657909,8,7
"15119",7.45722504826367,36.4075993786644,8,7
"15120",6.1208837612182,24.6910530209398,8,7
"15121",8.48108289956564,29.3282334890813,8,7
"15122",9.00938304707335,29.9049634751195,8,7
"15123",9.69131185341116,32.8916669897951,8,7
"15124",6.44062672770526,28.9961837533227,8,7
"15125",9.7786249338387,23.6022039888154,8,7
"15126",6.68062389685861,29.8156363378165,8,7
"15127",7.99274749637454,29.3093251987203,8,7
"15128",6.80398191296855,32.0813433385963,8,7
"15129",8.46581855535729,35.9215547754,8,7
"15130",7.75551027888896,27.2593354625128,8,7
"15131",8.14232891428817,31.8094398277301,8,7
"15132",7.9191607872853,40.3580555930463,8,7
"15133",6.87938497868075,27.0694005409027,8,7
"15134",8.56187404182022,22.6763648225108,8,7
"15135",6.84058863881112,25.0366506360762,8,7
"15136",7.22166101959862,30.8305987403194,8,7
"15137",7.7034482470681,28.0401547643932,8,7
"15138",8.82262189176952,31.1642429201764,8,7
"15139",6.42167388391619,37.9844132703586,8,7
"15140",6.76413308316808,33.0333045772238,8,7
"15141",7.59929835637552,34.9792615929201,8,7
"15142",8.63270129091819,26.7693246923903,8,7
"15143",10.0309599747145,34.9325187153702,8,7
"15144",6.5688330698357,33.0553026383753,8,7
"15145",10.4255483420626,34.567757103163,8,7
"15146",8.59236553648866,31.6463888662703,8,7
"15147",7.81126366039627,31.6069940741165,8,7
"15148",10.5812061715451,31.8012352046226,8,7
"15149",5.00849077150118,25.5493456463219,8,7
"15150",8.27973638609177,28.6433002120242,8,7
"15151",9.96836980065117,34.5585501567651,8,7
"15152",8.11319377378956,34.0155460036909,8,7
"15153",10.8304206729146,35.8211011347415,8,7
"15154",10.06425690585,30.9568851199152,8,7
"15155",8.09779116220068,28.9064140724501,8,7
"15156",8.65672532883168,20.7488122111836,8,7
"15157",6.23901080972743,31.3345555474403,8,7
"15158",8.6668809136621,30.9507218381946,8,7
"15159",8.30639663140797,24.8659222117502,8,7
"15160",8.04381525459719,30.2375989907011,8,7
"15161",8.17485731022954,30.6819556407248,8,7
"15162",9.22802596420961,30.4978383580082,8,7
"15163",8.10038347615717,35.3497376272545,8,7
"15164",7.79505213537687,21.5701921957346,8,7
"15165",5.80798363984399,25.6464443118797,8,7
"15166",8.398426608919,32.1382901479261,8,7
"15167",6.54156801376116,28.430882226495,8,7
"15168",9.09470993065004,28.0452526769934,8,7
"15169",6.88454354741781,33.9100639675354,8,7
"15170",9.59149880838526,31.8698839774099,8,7
"15171",7.8451845874655,34.6627460669183,8,7
"15172",9.09463118025787,34.9628201755346,8,7
"15173",9.48495487884484,32.3260239648924,8,7
"15174",8.19854555189341,35.1660584778222,8,7
"15175",7.20004034212132,34.9986293407697,8,7
"15176",11.6206047858113,26.776259275661,8,7
"15177",8.56955137595024,35.347377669506,8,7
"15178",7.73186503142155,38.0907872064363,8,7
"15179",6.38015459053146,37.9502397649591,8,7
"15180",7.78387492590789,31.2689864234538,8,7
"15181",4.43665195077675,24.6846248320988,8,7
"15182",6.98240529703825,32.0432850234247,8,7
"15183",10.8090713002966,31.8013538993621,8,7
"15184",6.45324745132933,30.1492003233265,8,7
"15185",8.00476097894895,23.8179477436884,8,7
"15186",7.32021579390277,25.273310962497,8,7
"15187",11.735484712267,25.687498073952,8,7
"15188",6.12249780945481,30.2962717239854,8,7
"15189",8.63522251462236,31.4603386851151,8,7
"15190",8.46993965785958,24.4064274855536,8,7
"15191",7.97993839441563,35.6490225364205,8,7
"15192",8.27990889454561,30.3757719332497,8,7
"15193",7.59109197538208,35.0538451062523,8,7
"15194",8.45265267362987,31.7817863821499,8,7
"15195",6.39890113308598,31.9548582985393,8,7
"15196",9.31767430045646,34.0841896459594,8,7
"15197",7.89228887814116,32.0137748766128,8,7
"15198",8.13076452922172,38.5559225132129,8,7
"15199",7.00352861575902,25.1810752070283,8,7
"15200",5.48629825957984,32.9827478293135,8,7
"15201",7.18879956201994,31.5322054413982,8,7
"15202",8.88902233339628,30.2793108225395,8,7
"15203",11.5157573204195,28.0624105450359,8,7
"15204",8.25549024843545,35.0922632886091,8,7
"15205",9.92043880761259,27.2124880722011,8,7
"15206",9.73843391656058,32.1816164502866,8,7
"15207",7.68496618761499,31.5386752868478,8,7
"15208",6.71249339374093,28.8492700692439,8,7
"15209",8.6591560733952,23.9764370302048,8,7
"15210",10.4805058822141,22.045403298734,8,7
"15211",10.0038317951921,34.48057487641,8,7
"15212",6.18378252676123,28.8682243928604,8,7
"15213",7.66644311540147,36.2669954224177,8,7
"15214",6.78679077779103,23.271796372503,8,7
"15215",7.96453440856746,26.0250664886166,8,7
"15216",5.36336455072048,28.7965235623773,8,7
"15217",7.36436572868184,26.4022628626394,8,7
"15218",7.78296004322111,21.4858259227802,8,7
"15219",7.54025455865201,36.530680776648,8,7
"15220",9.92670907294814,30.9729853394617,8,7
"15221",8.72822637601198,29.8955822823372,8,7
"15222",5.85835862996819,38.3528685454387,8,7
"15223",8.56303208011275,28.5522437341392,8,7
"15224",6.67294465341177,27.2647402384048,8,7
"15225",7.09168778950843,27.202032451394,8,7
"15226",7.86383800005,31.2255225587847,8,7
"15227",10.9264237321964,28.5237862604922,8,7
"15228",7.46011756965292,24.8576355967135,8,7
"15229",6.44069722989842,32.3942699315997,8,7
"15230",9.35614368062084,29.6587520176038,8,7
"15231",7.20413058372707,35.3796210760268,8,7
"15232",8.19041623176546,26.8369431170679,8,7
"15233",7.11298585965394,31.2096165428536,8,7
"15234",12.2051449118914,28.5669923297394,8,7
"15235",8.03999437758413,31.156296892946,8,7
"15236",6.78781298353544,35.3680336924401,8,7
"15237",7.83515529821001,36.811912758315,8,7
"15238",8.999811432532,25.0581716928642,8,7
"15239",7.52580316568557,32.7980815124304,8,7
"15240",5.16408431147704,21.0503972357403,8,7
"15241",6.46361073829728,40.1581063856668,8,7
"15242",7.94486635421559,31.0829598396953,8,7
"15243",8.65496051770972,24.2056485329025,8,7
"15244",8.56296165364256,24.6708686222266,8,7
"15245",10.1804408210968,33.9938948228774,8,7
"15246",9.7811764805187,30.6606078179791,8,7
"15247",9.00204881787362,30.5315802141565,8,7
"15248",7.31151998010109,33.6177481704052,8,7
"15249",7.48145145942209,37.4131401513411,8,7
"15250",10.4166197167275,24.8458663426438,8,7
"15251",5.95813583021956,26.0869706633657,8,7
"15252",5.83054387379701,30.541848835895,8,7
"15253",9.82755617230086,37.8368570001314,8,7
"15254",8.13596126340219,31.0848785786707,8,7
"15255",7.06404074307063,28.6424218021634,8,7
"15256",8.00671762407028,28.8938668898181,8,7
"15257",9.28061647328697,23.7787463344349,8,7
"15258",5.00497762431416,34.741628245845,8,7
"15259",11.8971506245844,30.7992234614761,8,7
"15260",7.86140477752457,33.0896855547549,8,7
"15261",10.3922413530018,27.5154836511057,8,7
"15262",7.38962955157491,26.865520457355,8,7
"15263",8.77682795967553,29.2356863634098,8,7
"15264",8.77070278850158,27.8622629391203,8,7
"15265",5.65296712043194,32.923035099383,8,7
"15266",7.86676161329557,26.7468426973532,8,7
"15267",8.17451271640917,31.9150407149161,8,7
"15268",7.98604456603475,29.1879951338174,8,7
"15269",6.39972922285727,40.4774990033095,8,7
"15270",7.39896215725052,26.9610228619456,8,7
"15271",7.82834234659097,35.4487537543837,8,7
"15272",9.42624602345816,30.5870455794121,8,7
"15273",5.58319055602476,30.1966207648601,8,7
"15274",8.59332661685903,32.1903332490262,8,7
"15275",5.46786689274365,33.903288276678,8,7
"15276",10.7144131464353,31.2726205861513,8,7
"15277",7.66417440517198,33.2950242249584,8,7
"15278",8.81333678929781,27.4293037817523,8,7
"15279",6.56536419119252,30.1586970167374,8,7
"15280",9.12713977740662,31.5809782663103,8,7
"15281",6.97116078367602,35.7612891908824,8,7
"15282",8.30358024124067,30.7371628792492,8,7
"15283",8.03615851743987,28.5967339587284,8,7
"15284",8.2508530981601,28.5681600939435,8,7
"15285",9.45355089436726,28.5664313742528,8,7
"15286",8.71235382323632,30.9348559643766,8,7
"15287",8.68912906712649,29.0250750079255,8,7
"15288",8.42261954234847,30.8504011985285,8,7
"15289",7.98284874074343,29.8249471670017,8,7
"15290",10.0409420174313,26.7360053143639,8,7
"15291",11.063402152004,24.0520540323953,8,7
"15292",7.56640558765297,27.5633430073297,8,7
"15293",9.01770906178452,28.7713058871513,8,7
"15294",10.7604970745084,29.9865561916093,8,7
"15295",9.43446489411807,29.2378224562216,8,7
"15296",7.78253919443184,39.0244644707983,8,7
"15297",8.48437121031903,30.3614992984765,8,7
"15298",8.59228620158833,35.6414629542498,8,7
"15299",9.26458117183211,32.8757375868958,8,7
"15300",8.57028756715865,30.0915868548247,8,7
"15301",8.10098742921079,30.020134489031,8,7
"15302",10.6220240054746,26.3805084772803,8,7
"15303",9.41456048711635,29.8654918607575,8,7
"15304",7.71789275880195,38.943996578549,8,7
"15305",7.06463963206301,31.4605385592299,8,7
"15306",8.49131307109431,28.6596436636249,8,7
"15307",8.84075057190872,27.3687294112883,8,7
"15308",7.90596479308884,35.580579589577,8,7
"15309",6.44404712082349,44.1260793012546,8,7
"15310",5.90749691034638,37.4730605514983,8,7
"15311",7.0946238801276,28.2658418125685,8,7
"15312",10.0300579751803,23.7680762777057,8,7
"15313",4.81573636873816,27.6419138550885,8,7
"15314",8.34062770986022,34.7473791383766,8,7
"15315",6.98632350112531,30.7378362814246,8,7
"15316",7.88969399952657,30.1371297067488,8,7
"15317",9.61707929901648,31.1160405493001,8,7
"15318",4.67415007000415,27.9098482217372,8,7
"15319",7.82454569544343,33.0398038754388,8,7
"15320",10.2124036432838,27.4349918029211,8,7
"15321",6.39782690434563,28.0236289528466,8,7
"15322",7.62559426801882,31.7633009679015,8,7
"15323",7.03109467908739,29.3944686071591,8,7
"15324",10.3662708369345,31.9144546132019,8,7
"15325",7.73978545307131,33.4184923549062,8,7
"15326",6.71710532113814,25.8540700844573,8,7
"15327",10.2213144029414,26.6149022855219,8,7
"15328",11.8750488197408,31.5086379651122,8,7
"15329",7.08021459430033,33.0906222107686,8,7
"15330",6.41050710249091,32.5417477516648,8,7
"15331",8.90490648763125,37.5789325870745,8,7
"15332",6.82803550329801,31.7014650742852,8,7
"15333",8.49798636172779,27.5454285229277,8,7
"15334",8.36838534482296,36.902282570352,8,7
"15335",7.41541176079772,30.9717460321204,8,7
"15336",6.37900310364583,23.7951495823745,8,7
"15337",7.46491950780937,28.8707756974756,8,7
"15338",8.92959719301695,22.6716035299703,8,7
"15339",8.35152205375743,24.9373940505638,8,7
"15340",9.61000018167426,20.2875190126639,8,7
"15341",7.33489505556947,28.2664696266659,8,7
"15342",9.73753583512452,33.3880733607043,8,7
"15343",10.3229646416834,29.7847304966787,8,7
"15344",8.64647794759542,27.021644300793,8,7
"15345",6.77205504531607,40.473246002823,8,7
"15346",8.3806443715038,30.9992885815935,8,7
"15347",8.25006369528969,37.8813155138127,8,7
"15348",9.00872258264239,36.1776711834588,8,7
"15349",6.3608295563467,35.4836819143799,8,7
"15350",8.69532834103488,31.8924716168624,8,7
"15351",6.91093100722366,31.3066006660168,8,7
"15352",8.54516779816022,29.7916268965047,8,7
"15353",12.0693766856813,30.3939374172871,8,7
"15354",8.75896568691207,30.3788028611338,8,7
"15355",7.38224315649696,27.5898027905498,8,7
"15356",9.95573992076364,32.8394716621208,8,7
"15357",7.84884227783698,32.0477040742924,8,7
"15358",7.696766473384,38.5976536053035,8,7
"15359",8.08514054684784,29.6448472734067,8,7
"15360",7.21037774025196,31.2149979133857,8,7
"15361",10.3280247145958,22.0133042549113,8,7
"15362",5.97780737308493,25.037405952596,8,7
"15363",7.65676969054356,32.7872441036797,8,7
"15364",8.66455954197756,30.5992804170157,8,7
"15365",7.2563470439161,31.6413445513189,8,7
"15366",7.14787859204835,27.0864182616264,8,7
"15367",8.14499011371334,27.7858706662186,8,7
"15368",9.57053427706793,30.6295627013137,8,7
"15369",8.40321680579875,43.7139443224961,8,7
"15370",8.10562047348084,28.3414514608798,8,7
"15371",6.36827271068629,32.7734817060736,8,7
"15372",8.54848298590155,31.2916152326966,8,7
"15373",6.06254297005657,28.6170068409301,8,7
"15374",7.55246107691862,38.0713849776476,8,7
"15375",9.2118902064027,33.9873335710993,8,7
"15376",9.3189907989544,32.5520241065936,8,7
"15377",5.64843957787625,33.1210461418387,8,7
"15378",7.04174824908825,27.0615058945706,8,7
"15379",7.4642095986463,32.3268462592627,8,7
"15380",8.22432751138652,38.6439412508918,8,7
"15381",7.55290815431313,25.7787203052126,8,7
"15382",7.43758794875465,32.4576347082092,8,7
"15383",4.79781867199068,30.4041898026869,8,7
"15384",8.7142490422908,28.2591112511396,8,7
"15385",6.47282933597244,32.8454669321816,8,7
"15386",8.16742677923135,31.2679340341787,8,7
"15387",9.12519307366182,30.1860964158819,8,7
"15388",8.52453575276688,19.6662364998081,8,7
"15389",8.01516334627537,23.8901864653755,8,7
"15390",8.07814398050129,38.8724386797113,8,7
"15391",8.00707938431331,32.217724726525,8,7
"15392",7.91868572508011,26.6723670890645,8,7
"15393",7.03794055729892,35.0601334436877,8,7
"15394",10.4775811305821,27.5463196149596,8,7
"15395",7.2195617534696,25.3136076135745,8,7
"15396",5.05584317298042,35.1902362188061,8,7
"15397",7.94672867719616,40.6298072331169,8,7
"15398",8.48825776287115,30.9623664415092,8,7
"15399",7.84441809143893,26.6863234406485,8,7
"15400",8.85184324339037,30.5974269000213,8,7
"15401",8.03558664179626,35.44097851227,8,7
"15402",6.67404590058556,37.7497427171898,8,7
"15403",6.69415269131496,32.0575760304053,8,7
"15404",7.00699701272342,31.493098141371,8,7
"15405",9.94732453896003,30.5088441103656,8,7
"15406",7.90651880754734,32.0477201048295,8,7
"15407",7.94340856133477,33.3323963047322,8,7
"15408",5.94137036690276,31.945770289102,8,7
"15409",9.96613953806467,30.6946551351956,8,7
"15410",9.35111403963512,21.008548647945,8,7
"15411",10.9724401454103,30.4022163167781,8,7
"15412",10.4112254459279,31.8086007267552,8,7
"15413",10.0593843949619,33.1923525862238,8,7
"15414",10.9711546726546,27.3548739166977,8,7
"15415",9.98169879352285,27.3643413674666,8,7
"15416",12.7042720953568,27.5114712918878,8,7
"15417",8.81632342366631,30.0788935043442,8,7
"15418",8.02705693110521,35.3635365591048,8,7
"15419",7.05739690037129,38.1686474059034,8,7
"15420",10.0374752883585,31.6049094148215,8,7
"15421",8.8826226069381,37.5542010663363,8,7
"15422",6.9568130865767,31.3776880813409,8,7
"15423",8.11949299821198,35.9650032570759,8,7
"15424",8.39948863068633,30.9392487361482,8,7
"15425",8.02690763088753,31.0327043179983,8,7
"15426",10.7131233880482,34.868072478992,8,7
"15427",8.34468867705801,36.9541980930251,8,7
"15428",6.72520145167725,35.1391382005407,8,7
"15429",9.06234770920671,26.8648320033386,8,7
"15430",5.66037629255818,32.7394762790655,8,7
"15431",8.07013439093085,24.9698569727553,8,7
"15432",6.03649602305445,38.3636597696076,8,7
"15433",10.5106828225534,31.9639327080575,8,7
"15434",7.57149141104095,28.8049596713413,8,7
"15435",7.94120087840983,30.0546525032633,8,7
"15436",9.20320200142381,31.5609109694685,8,7
"15437",6.44250518746181,31.1865532327532,8,7
"15438",9.47644376978526,32.0670846344183,8,7
"15439",7.9786552465806,30.4515703743161,8,7
"15440",6.74247506823821,27.6830799836754,8,7
"15441",5.87344284158061,30.1561975842346,8,7
"15442",7.27561108542605,28.2123713335914,8,7
"15443",9.29722133235717,38.7195271021932,8,7
"15444",8.62902757708409,33.6914050171634,8,7
"15445",8.69178269987111,37.2203314988427,8,7
"15446",7.18210451100903,32.3510854694123,8,7
"15447",8.59199401869781,25.1931159156747,8,7
"15448",8.59725410027071,21.314369633694,8,7
"15449",9.6451882900586,27.3623107791567,8,7
"15450",8.14518990907143,28.8985364121425,8,7
"15451",8.28509608025281,34.0226666390444,8,7
"15452",5.9797724151107,29.5430765615303,8,7
"15453",8.42351003567636,30.3301196214762,8,7
"15454",7.01233492479834,31.7215661042762,8,7
"15455",7.21524358377232,27.4491952757552,8,7
"15456",8.13060647570204,29.8850451687303,8,7
"15457",7.72199852374627,28.9200815006329,8,7
"15458",9.1422930493067,30.6214394792646,8,7
"15459",8.16721075818753,30.6882599269298,8,7
"15460",8.56910662784049,26.3820847976312,8,7
"15461",9.09975753208297,30.4363903820794,8,7
"15462",6.9453818632833,31.4849838452606,8,7
"15463",10.1838390062268,30.7400200670079,8,7
"15464",7.69567492224505,33.289079631679,8,7
"15465",4.99289635719115,29.3798248161378,8,7
"15466",9.2341505976155,30.5965857755632,8,7
"15467",8.6872619051404,30.9642485206358,8,7
"15468",8.25629298228939,29.8045361061052,8,7
"15469",9.63727392947154,34.8096753692312,8,7
"15470",9.58229503793377,32.6112942830655,8,7
"15471",9.16416026002139,28.2408260204519,8,7
"15472",6.64164410907643,28.4353913587968,8,7
"15473",5.29637133203405,28.8634697048505,8,7
"15474",6.92568618194715,32.867519920846,8,7
"15475",8.80774437643016,29.6781440925831,8,7
"15476",8.58202973740545,33.5142639089908,8,7
"15477",5.55388550013445,25.405860281762,8,7
"15478",9.14839999028476,33.0980308925395,8,7
"15479",6.75905468568186,29.6816038687543,8,7
"15480",6.29659717711202,34.2259463332244,8,7
"15481",8.99569219924267,32.1693314077506,8,7
"15482",6.01957470483053,32.5834084181519,8,7
"15483",5.41348510619418,28.7031806019345,8,7
"15484",11.3312436060577,35.2362569996523,8,7
"15485",9.82351598729041,28.7288045500313,8,7
"15486",8.13457028744722,31.7207091223577,8,7
"15487",9.67791246105168,28.5416376314555,8,7
"15488",10.4892212796828,26.6021712540653,8,7
"15489",7.31257136914725,36.6796087537422,8,7
"15490",6.89450217284169,28.8902643242619,8,7
"15491",6.61584352684292,25.387082394375,8,7
"15492",8.02530912762494,37.7886709551433,8,7
"15493",8.85419508230632,23.6648218941103,8,7
"15494",9.52596211837701,36.0801952805934,8,7
"15495",10.4587596425675,38.3603055050179,8,7
"15496",5.30803762637583,35.7178293796052,8,7
"15497",11.6707390315223,28.6291981422288,8,7
"15498",7.147412340529,32.4279548610105,8,7
"15499",9.63458926207579,37.9458269452066,8,7
"15500",10.5190500824002,28.7969750989555,8,7
"15501",8.47598652316813,29.3160329507523,8,7
"15502",10.4149704145796,39.2606138959127,8,7
"15503",6.61321521252013,27.8901044628957,8,7
"15504",9.57733167859278,34.8988297979836,8,7
"15505",6.6187219764116,30.8875501179857,8,7
"15506",8.69337581074647,31.8867694325118,8,7
"15507",9.09483234890006,31.4868082887028,8,7
"15508",7.16620152697326,26.8979852679731,8,7
"15509",6.78411895329499,29.9584692317885,8,7
"15510",8.34705140923496,33.5395462151284,8,7
"15511",7.91592049644233,24.5638804838031,8,7
"15512",6.35174470130655,34.1922425542121,8,7
"15513",9.62234004429888,31.4226677930676,8,7
"15514",8.18745060382316,30.5888907144738,8,7
"15515",8.06725008639826,33.3637442039584,8,7
"15516",7.48110204860622,33.6518160631863,8,7
"15517",7.26765158512664,36.4184911766301,8,7
"15518",7.82712399003965,37.6159294587643,8,7
"15519",7.81853898653293,26.1970497326853,8,7
"15520",10.015238173068,30.3288984372532,8,7
"15521",8.81184643001055,27.2110394467925,8,7
"15522",9.92920867434451,29.5247244552478,8,7
"15523",6.35498480646982,29.3258927317094,8,7
"15524",9.3288879626955,30.5713853131241,8,7
"15525",8.69962520136982,33.4370959228112,8,7
"15526",7.44139562829701,23.7335814541801,8,7
"15527",9.87580421181295,38.8835530966128,8,7
"15528",8.92560366982305,30.5826363882032,8,7
"15529",8.91078579543326,33.2780862770238,8,7
"15530",7.41944365547714,33.1633097647582,8,7
"15531",11.1519466952851,35.3666815040291,8,7
"15532",8.46322977962549,24.5998691749648,8,7
"15533",8.67362108865961,38.5172673211964,8,7
"15534",6.59909165969113,28.1518802565451,8,7
"15535",3.85057173577635,31.3620695669033,8,7
"15536",7.02787836505616,26.9342263165128,8,7
"15537",8.36473690625415,27.2239264677776,8,7
"15538",6.42848986941924,30.9423957037091,8,7
"15539",7.94725967783646,33.5061355840123,8,7
"15540",8.93697279826218,32.0344151774542,8,7
"15541",6.67776659484611,42.817356097467,8,7
"15542",9.55211350487288,26.2599660328555,8,7
"15543",7.36032048066104,35.3758372987086,8,7
"15544",10.3288712495069,31.2298583311225,8,7
"15545",10.5875772645427,36.8736559466882,8,7
"15546",10.2577922518327,26.4849948110457,8,7
"15547",8.32203911453087,31.9922571856836,8,7
"15548",8.82199805091717,38.1719909871248,8,7
"15549",7.68476090229479,33.2711291053562,8,7
"15550",8.48288073385737,36.2825168722648,8,7
"15551",8.36302815378024,28.0950988361923,8,7
"15552",7.03859010336386,31.100849729521,8,7
"15553",9.14123705351456,29.0497834731879,8,7
"15554",9.33374575023285,35.2849257974334,8,7
"15555",8.81232458129172,38.6196742887524,8,7
"15556",7.18059851556813,29.9156155129143,8,7
"15557",6.78204435689941,28.8517449278276,8,7
"15558",5.41192370771031,24.6808091138554,8,7
"15559",8.04077339157609,26.0015335445337,8,7
"15560",7.69227089688413,24.224610957122,8,7
"15561",6.45373802535431,32.9616959395279,8,7
"15562",7.86266459989312,27.379222828535,8,7
"15563",7.24427664492171,32.4115703525514,8,7
"15564",8.44992680460335,27.3944270003122,8,7
"15565",9.10654096968934,41.537317159007,8,7
"15566",8.51946307255156,25.4228616719464,8,7
"15567",8.68152833263588,40.4145732405,8,7
"15568",6.17447677293746,39.8212030233852,8,7
"15569",8.64251289609551,34.0921641667742,8,7
"15570",7.85954741337047,30.4620158104678,8,7
"15571",6.90160206884996,36.4716814062428,8,7
"15572",6.75920751279333,26.7761118938873,8,7
"15573",4.8195278169869,26.1873309004204,8,7
"15574",7.50160094247699,34.1280108285666,8,7
"15575",6.51237745532478,33.9425187702654,8,7
"15576",6.42253800720314,33.2336161694752,8,7
"15577",9.3619242496941,27.7841134691635,8,7
"15578",10.3607804130546,27.0991163358861,8,7
"15579",8.03704535349805,31.5655825856315,8,7
"15580",6.24626541102673,25.7316703796116,8,7
"15581",5.96784654407479,41.7268243881225,8,7
"15582",3.45291450004888,26.5604625883049,8,7
"15583",9.77963985899828,28.2492026809124,8,7
"15584",8.88800942777652,25.054369541304,8,7
"15585",7.42218015826069,35.1187506407233,8,7
"15586",7.35372085560792,27.7993125416645,8,7
"15587",9.2183366751353,33.118901692746,8,7
"15588",8.67364346988492,42.1988384561642,8,7
"15589",8.41848645641116,35.7074914815422,8,7
"15590",7.21889647770051,26.0816974191351,8,7
"15591",5.60439310252548,34.37169140425,8,7
"15592",8.92627843760108,33.3451230702927,8,7
"15593",7.83648141100073,39.9566535635341,8,7
"15594",3.03460908996442,33.6316080073048,8,7
"15595",8.65000014233769,25.8983466455266,8,7
"15596",9.94451620527932,34.6340256962199,8,7
"15597",6.972991769809,28.139192077519,8,7
"15598",7.16909659690922,26.9414155942018,8,7
"15599",6.1070058902172,28.6673256664301,8,7
"15600",6.73717877457316,32.0033358014319,8,7
"15601",7.52303305621532,41.1580319022214,8,7
"15602",7.92186584449932,23.5066662383124,8,7
"15603",9.3784598576688,33.415879968111,8,7
"15604",9.61297483644967,28.6340861603371,8,7
"15605",6.06677550332053,30.5537820121449,8,7
"15606",8.6102182743057,37.7077922064067,8,7
"15607",8.22233477123114,23.8262821433137,8,7
"15608",8.79106801407447,27.8054409017837,8,7
"15609",7.63132598215647,26.6830366420686,8,7
"15610",7.30483805001645,35.692908014229,8,7
"15611",8.34944360961211,34.688306465401,8,7
"15612",10.1531611321175,28.6851232948288,8,7
"15613",10.3466669246476,28.9302269127074,8,7
"15614",6.94619617085681,24.699524339406,8,7
"15615",6.56719245801973,33.6068608723055,8,7
"15616",6.41849230637167,35.1850308442705,8,7
"15617",10.0743379140938,21.0522464774574,8,7
"15618",8.3016603629163,35.0317321410261,8,7
"15619",10.4806137763006,28.1174332476971,8,7
"15620",9.18485633962901,25.5603658805221,8,7
"15621",10.6745170873532,30.0588542623575,8,7
"15622",9.45096408915017,24.0202395659037,8,7
"15623",9.36963999241405,34.6297810972421,8,7
"15624",7.88680720254489,33.9616581878544,8,7
"15625",9.95119393552223,36.2596395780039,8,7
"15626",7.96391892545086,39.718733007369,8,7
"15627",8.20127639788901,36.0497376205344,8,7
"15628",10.5922106895495,28.2749922914997,8,7
"15629",9.16912170117504,32.0012971747616,8,7
"15630",8.03656751938476,29.1786573933785,8,7
"15631",7.89312324505959,26.1852400022407,8,7
"15632",8.25787959858396,40.1549297753032,8,7
"15633",7.94531110530477,29.5745861813426,8,7
"15634",5.92665268871954,31.8365980670404,8,7
"15635",7.55401783787227,27.2674109765832,8,7
"15636",10.1001306393645,27.6109415012709,8,7
"15637",8.92399409319919,33.4160178180217,8,7
"15638",7.76168396533685,29.8502827699701,8,7
"15639",7.23906727403465,33.2356790941259,8,7
"15640",7.36214261315626,30.9980365402612,8,7
"15641",8.00256352097135,26.4607022373638,8,7
"15642",6.27481258122458,27.2650258946702,8,7
"15643",10.18973028146,25.9609868674248,8,7
"15644",9.84328466420743,27.838087847432,8,7
"15645",8.24212606081571,33.1340909035767,8,7
"15646",10.0827836613991,27.5560714812983,8,7
"15647",6.93494112758813,31.3697185161555,8,7
"15648",5.96666322854447,28.1688737031651,8,7
"15649",8.36277509336361,30.1702245150969,8,7
"15650",9.08299300207904,40.2043226720314,8,7
"15651",8.88889086310656,33.8180454200779,8,7
"15652",7.84339876950838,26.2683671455066,8,7
"15653",9.61456755920484,36.813643530665,8,7
"15654",7.55845778056677,33.8475086041455,8,7
"15655",8.10582110347223,29.583270569672,8,7
"15656",5.59512728843064,31.967184456132,8,7
"15657",8.20290232818711,27.1060832721919,8,7
"15658",7.68060259583639,28.6801638683157,8,7
"15659",10.5147646364313,29.9099445915341,8,7
"15660",8.6006088786287,28.7136753983261,8,7
"15661",7.61352066828895,32.9532815795528,8,7
"15662",8.18249522595371,29.9929187809932,8,7
"15663",6.55204452835515,31.0560881699241,8,7
"15664",6.67915085161965,36.3852694184188,8,7
"15665",9.2264435339613,25.2405023805825,8,7
"15666",7.40147279591499,25.4618665861863,8,7
"15667",10.7470979245413,22.1693046684398,8,7
"15668",8.99986200744145,29.5724177724948,8,7
"15669",8.14793426938847,24.24352474305,8,7
"15670",6.54541197386054,31.0454980234144,8,7
"15671",6.97441116599018,29.4784721665999,8,7
"15672",5.25462632909895,28.0037699213258,8,7
"15673",3.02991699750164,33.0125878333267,8,7
"15674",5.07830502683347,30.4864926842556,8,7
"15675",6.27501069936659,21.7895642561776,8,7
"15676",6.54295092200604,26.4884058176913,8,7
"15677",8.8603603170227,32.3134624538149,8,7
"15678",6.85066079805978,29.4246218009779,8,7
"15679",6.08375047812583,34.2655032622344,8,7
"15680",8.66571860295199,27.2885980540087,8,7
"15681",7.85822615816229,31.0292704807429,8,7
"15682",7.84241434161888,33.6287443801228,8,7
"15683",5.86772323452887,27.7079637375741,8,7
"15684",8.25599229469317,33.3546578650279,8,7
"15685",7.67178132704857,30.0822515668179,8,7
"15686",5.63093946793314,32.044581505616,8,7
"15687",7.85437020721491,38.3674926390154,8,7
"15688",9.5905886470195,33.6998450342452,8,7
"15689",7.92934689275658,31.4461138984837,8,7
"15690",8.00799178119205,26.4123673456114,8,7
"15691",7.82282999658802,20.1336979008865,8,7
"15692",7.41291736887192,24.7430969195547,8,7
"15693",7.86915073113786,27.0281007960041,8,7
"15694",9.5336767492989,26.7902474479128,8,7
"15695",5.86365576801578,37.6173454955504,8,7
"15696",7.47356414553999,33.6110390468597,8,7
"15697",6.39381677713893,32.42262614093,8,7
"15698",7.45531788221007,31.9898967805661,8,7
"15699",8.97902924751894,32.2208498904891,8,7
"15700",9.78070172713462,31.8248831336588,8,7
"15701",7.54078633524931,24.4512428616722,8,7
"15702",9.10122682113005,34.2223147852347,8,7
"15703",10.6768602302136,35.880407894555,8,7
"15704",8.69305311787365,34.9017227858227,8,7
"15705",10.1668226607147,28.6549987457511,8,7
"15706",7.56521894225281,27.9989158805177,8,7
"15707",5.82467030183765,32.8243642211122,8,7
"15708",8.00915473727698,32.4165853929596,8,7
"15709",7.00858869859718,33.0339321201561,8,7
"15710",7.30334082089258,26.5327995459686,8,7
"15711",6.28537124379452,27.7471273186803,8,7
"15712",7.70326029839853,33.2583743883915,8,7
"15713",6.32200137291269,19.9580743974867,8,7
"15714",7.9793494734817,35.3404185564286,8,7
"15715",4.83246643781657,36.055991365623,8,7
"15716",10.5876249834549,27.8784179618947,8,7
"15717",6.13983768115456,34.5874537837621,8,7
"15718",7.73420185331243,31.4384922856984,8,7
"15719",8.20352364338802,30.9180360028103,8,7
"15720",7.77300461712552,30.0327146943247,8,7
"15721",8.15122404780603,28.0023568966051,8,7
"15722",8.76140525001618,29.6970493366697,8,7
"15723",7.98747681039739,31.6606213265948,8,7
"15724",5.78377755318532,33.7133091928443,8,7
"15725",8.1746342883864,35.4880955990913,8,7
"15726",7.8824763229677,26.141329765935,8,7
"15727",6.62959118113421,32.0962438817165,8,7
"15728",9.07352901637822,32.5501123473018,8,7
"15729",7.27577604285233,35.7277480158944,8,7
"15730",8.48682280429513,26.562380640204,8,7
"15731",8.07589821425243,28.4467131476624,8,7
"15732",10.173583721938,38.5833272846393,8,7
"15733",10.6998233577293,39.0253042745957,8,7
"15734",9.50992703045261,31.6122227910494,8,7
"15735",7.21866494742248,27.1091807459256,8,7
"15736",9.20113948868366,29.2155997342583,8,7
"15737",9.50154796372899,37.9305948731161,8,7
"15738",8.06848101769101,27.6675970667445,8,7
"15739",6.70122814080057,29.1184805669672,8,7
"15740",7.67960977503106,36.8141622952112,8,7
"15741",6.67847677443593,35.8822641850514,8,7
"15742",7.40586130013615,30.8400647866618,8,7
"15743",9.10738773108568,30.6669781002244,8,7
"15744",6.61884321212202,28.1060940842445,8,7
"15745",8.52492781410759,31.7011277507345,8,7
"15746",6.98234276695207,30.2861725107118,8,7
"15747",8.91910687647167,35.268332625935,8,7
"15748",7.22617384278765,38.0271235299057,8,7
"15749",5.80555526575212,22.8917680141604,8,7
"15750",7.57078024548965,33.8194581663168,8,7
"15751",6.4476275642126,30.6067368682006,8,7
"15752",8.18670964941078,26.1771282945612,8,7
"15753",8.72676280076291,31.900226976085,8,7
"15754",5.84382712544999,29.1980797021141,8,7
"15755",7.41999169757049,27.8266215805769,8,7
"15756",10.1482002967503,37.9957559071132,8,7
"15757",8.44040714008088,34.7044344862924,8,7
"15758",8.283389605704,28.598410269087,8,7
"15759",9.69322768357978,38.3516131813352,8,7
"15760",7.90808846429459,24.3224596138648,8,7
"15761",8.25357823772692,37.7094355361236,8,7
"15762",9.09861644392194,34.2287431863476,8,7
"15763",8.46808209781223,28.3787193320957,8,7
"15764",8.49404672983211,31.0759356836785,8,7
"15765",9.3763496310885,31.9411159230801,8,7
"15766",10.6598491118502,33.075150203851,8,7
"15767",5.00375652038142,39.2003473511151,8,7
"15768",6.20462617181302,31.6983762988462,8,7
"15769",9.84273363346219,18.1695770050824,8,7
"15770",6.36912944558366,24.9009152434269,8,7
"15771",7.68004344476097,37.5048749925918,8,7
"15772",7.79501913443948,34.7867872846216,8,7
"15773",9.01329691577422,36.964948239454,8,7
"15774",7.83891503915389,24.5515726590768,8,7
"15775",10.2172172628196,29.6009660397902,8,7
"15776",7.25982809365067,24.0589444782557,8,7
"15777",7.01569180426025,32.686426618619,8,7
"15778",4.96031665999745,34.8060632957932,8,7
"15779",11.0951867751107,33.0424544350019,8,7
"15780",8.67336615459644,28.672820710454,8,7
"15781",7.52850397935512,30.7606720951082,8,7
"15782",8.62645736948083,30.0363210667025,8,7
"15783",7.60367975795323,33.3932775662887,8,7
"15784",6.17820380754823,28.6359857811472,8,7
"15785",10.1511918295033,31.6138002307732,8,7
"15786",7.24858290680536,25.797659337932,8,7
"15787",9.43237348555966,31.8277451263185,8,7
"15788",9.09636903729856,27.1607165272723,8,7
"15789",9.33802294263229,31.8783672355892,8,7
"15790",5.41697586403031,27.379291064563,8,7
"15791",9.43006828624529,30.2371009737157,8,7
"15792",10.0572462450814,28.7652382403678,8,7
"15793",6.9864273459286,23.6353415689909,8,7
"15794",6.46778440421917,36.4106091243795,8,7
"15795",8.32114102998478,25.4228323807223,8,7
"15796",8.00714497380552,35.8828350899019,8,7
"15797",11.587652293544,33.7124374838037,8,7
"15798",8.20940054335572,32.7697894052264,8,7
"15799",5.55964737435002,29.7377427605316,8,7
"15800",6.73580907062063,32.9614702349893,8,7
"15801",6.88781539033311,32.5805251426514,8,7
"15802",4.10213360578883,29.4864794980597,8,7
"15803",7.34571212268016,33.1096855417367,8,7
"15804",7.88002186192131,30.7476289624652,8,7
"15805",6.44652927212184,33.6439108806907,8,7
"15806",6.02725237842675,35.4882711880229,8,7
"15807",8.77473397280236,29.7631477783447,8,7
"15808",8.00816839510111,38.5444329724507,8,7
"15809",6.58885796650812,32.3511279620085,8,7
"15810",8.01070972558814,37.7541653541742,8,7
"15811",8.45113474899136,27.3373615333554,8,7
"15812",8.69172598501172,33.2948281755992,8,7
"15813",6.97612930928521,34.7247327138955,8,7
"15814",8.7152748253282,37.0202628383041,8,7
"15815",6.75094541693745,25.2373120033105,8,7
"15816",8.87615819334003,34.3467311080493,8,7
"15817",9.95157030369903,29.1687626465812,8,7
"15818",8.05595094764029,32.9089531928521,8,7
"15819",8.86758276887298,32.4851036751498,8,7
"15820",9.41205839191358,31.1784753074567,8,7
"15821",6.9910531043851,41.8390530158037,8,7
"15822",10.2194383014691,41.0287817775225,8,7
"15823",6.80785471040066,35.509440661639,8,7
"15824",8.23973151518977,29.919225722235,8,7
"15825",7.2662625009676,28.5487121221021,8,7
"15826",7.19058355589675,28.6487418959047,8,7
"15827",6.63631745228994,28.3550277532347,8,7
"15828",6.56595661888301,30.4505396636312,8,7
"15829",7.41918096112722,30.3302224988645,8,7
"15830",7.52453777124858,32.5586449880378,8,7
"15831",7.3328927325276,28.8810053172051,8,7
"15832",7.65957944519798,34.8766369151368,8,7
"15833",8.73428300240957,35.2278468633947,8,7
"15834",9.59952515962742,29.9412809270656,8,7
"15835",11.1566996333655,26.1270159902196,8,7
"15836",7.7922292954488,27.444476894259,8,7
"15837",6.55886490848691,34.0977542189365,8,7
"15838",10.0272359908324,34.3201208612611,8,7
"15839",7.21150645467904,29.2584801797213,8,7
"15840",5.62706249586142,37.3427131211596,8,7
"15841",9.6459518393198,35.8684957141227,8,7
"15842",8.57032729290097,32.2075973208662,8,7
"15843",8.0163646366623,30.6374632642018,8,7
"15844",5.73796162540979,27.7241639662356,8,7
"15845",9.29134821414163,25.4838559909413,8,7
"15846",5.18856897070184,27.8788107997073,8,7
"15847",9.18575537405706,30.6763925058251,8,7
"15848",8.76320105025238,31.3001250741031,8,7
"15849",9.59049387375428,33.4721460388398,8,7
"15850",6.45178080472029,39.1845849046785,8,7
"15851",6.19206014344812,23.7218707129252,8,7
"15852",7.08383387113191,29.9445920012674,8,7
"15853",8.77539376477374,29.9005591373944,8,7
"15854",4.07610961816461,31.9665817911796,8,7
"15855",9.15879456270565,27.2492531040576,8,7
"15856",8.16585386886865,31.0638997517149,8,7
"15857",7.75145650747608,29.4488735072716,8,7
"15858",9.32303902354511,42.589941281727,8,7
"15859",9.57189534074435,25.9534445034281,8,7
"15860",7.12419676769673,35.3224476666037,8,7
"15861",9.14420031919594,29.0997395393057,8,7
"15862",8.98506666529643,28.2389553328651,8,7
"15863",5.98067857363853,22.2406601176269,8,7
"15864",8.24255548740206,36.3324940763443,8,7
"15865",5.47485159795504,27.8740923137377,8,7
"15866",6.53775830322725,27.1241865083614,8,7
"15867",9.03888457050488,33.5778967253258,8,7
"15868",5.28181662351863,31.4895085127115,8,7
"15869",8.36103989210961,30.1637884512183,8,7
"15870",7.77689185382706,27.4232325726588,8,7
"15871",8.18015594406812,36.5286642073719,8,7
"15872",6.03264751367472,31.9295751195296,8,7
"15873",10.9730558960806,28.2970297555774,8,7
"15874",9.60882155531502,42.9643870501943,8,7
"15875",8.71513951288866,29.1528102903094,8,7
"15876",8.57441971134606,33.0077956781543,8,7
"15877",8.87754099780593,24.3407891189966,8,7
"15878",8.99510313912573,33.8596996859346,8,7
"15879",7.95906194588671,29.1198943557849,8,7
"15880",8.01520173312096,33.2370371494338,8,7
"15881",7.3432511953314,26.9249541389041,8,7
"15882",7.41332646814799,31.7365725477462,8,7
"15883",9.14677771754921,30.067243715032,8,7
"15884",11.3997200431954,26.7886376625926,8,7
"15885",8.59747189274109,26.1495685676357,8,7
"15886",9.5174540846552,32.6991265361373,8,7
"15887",9.18221786316507,23.6892939577244,8,7
"15888",7.81242580668363,32.1353350697347,8,7
"15889",4.89913810753697,28.8107990626637,8,7
"15890",5.7517840983735,32.8078313971015,8,7
"15891",7.37173140665368,34.996031569613,8,7
"15892",10.6802252877815,32.1936279816151,8,7
"15893",7.81663504890241,33.2729621514585,8,7
"15894",7.65921193836289,36.8652472114298,8,7
"15895",11.1029647174073,29.9663928637475,8,7
"15896",8.83693942127043,26.1637017244061,8,7
"15897",8.05845824747529,37.3132137925648,8,7
"15898",9.05873854504065,28.1901452066067,8,7
"15899",9.07287667325566,33.2639178623863,8,7
"15900",9.35532134471845,30.8596374567623,8,7
"15901",5.53788737604135,37.6859056393711,8,7
"15902",8.1886846917579,32.1270617735693,8,7
"15903",10.529111010235,27.884799904846,8,7
"15904",5.79757596700278,23.1361825525429,8,7
"15905",9.46188005617751,24.5884704986989,8,7
"15906",7.51998342946918,38.3308596501626,8,7
"15907",8.56988438833651,35.240599879477,8,7
"15908",6.53243800832093,36.8094825645484,8,7
"15909",9.71675156609923,35.0081735834152,8,7
"15910",6.95404317997753,25.0570930865294,8,7
"15911",4.02315351169452,30.0625252406624,8,7
"15912",7.1757625579671,28.0445298596833,8,7
"15913",7.21241904701445,29.3823729147658,8,7
"15914",8.32123727902223,39.2917924069107,8,7
"15915",8.35961512926034,20.8709359959907,8,7
"15916",6.43127289237971,25.0520919107436,8,7
"15917",7.71734057985084,24.5421391561432,8,7
"15918",9.90593268482258,26.6416384014325,8,7
"15919",9.57232489597221,30.0071575080607,8,7
"15920",8.30295925525931,30.0780416848672,8,7
"15921",10.566441131458,29.142063201066,8,7
"15922",7.25900924177672,26.608198173429,8,7
"15923",7.01076358714563,30.6660367321613,8,7
"15924",10.1542439683624,24.0166198030879,8,7
"15925",5.89468895597461,28.4104422765783,8,7
"15926",8.48568920783535,30.2438802884463,8,7
"15927",9.01261948163118,34.5922353334317,8,7
"15928",5.71661667149079,27.859677059064,8,7
"15929",8.34827302358251,27.4913946193429,8,7
"15930",7.59104378825877,32.662329259236,8,7
"15931",9.92522962947206,27.1379397230528,8,7
"15932",6.83712605186371,26.5241293522737,8,7
"15933",7.02472698692497,29.2944738309386,8,7
"15934",9.84978011378021,28.7196668826022,8,7
"15935",7.4877574024306,30.8654511796366,8,7
"15936",6.85944094203965,30.554631168459,8,7
"15937",7.18662540528707,30.2014653027453,8,7
"15938",6.64950452124039,34.7757415181412,8,7
"15939",6.61517607931328,26.0369302445152,8,7
"15940",11.8657760232486,28.4937508043261,8,7
"15941",7.66714681929693,32.8732782230844,8,7
"15942",5.90175542618993,34.2209574144308,8,7
"15943",8.89007162119211,34.9768620382732,8,7
"15944",7.66690034753831,30.2058988949151,8,7
"15945",6.48751302027583,38.6500269202621,8,7
"15946",9.71224833422209,34.9505566462149,8,7
"15947",7.50866643860762,23.8349048066288,8,7
"15948",8.29686888066554,32.3913499128773,8,7
"15949",11.0533030622216,28.2218694135138,8,7
"15950",7.33822863018387,33.8210635982678,8,7
"15951",10.8186772721813,29.4171064626062,8,7
"15952",9.43368278140692,32.008118663141,8,7
"15953",10.3125718628528,38.2911819430354,8,7
"15954",4.40820577128099,31.3783161793799,8,7
"15955",11.5833304678063,29.0653439823899,8,7
"15956",6.77821321048794,31.5823763452231,8,7
"15957",7.06170404357123,29.7220996418271,8,7
"15958",6.23636498989049,25.74814202142,8,7
"15959",8.63157727640669,35.7516110932536,8,7
"15960",8.29188954156236,30.655978070019,8,7
"15961",8.71236171414411,32.804525516998,8,7
"15962",8.54531211013346,32.8217516289368,8,7
"15963",5.70275399488926,26.1372629716529,8,7
"15964",5.185648806532,27.8015650923817,8,7
"15965",8.52541979615146,32.464062762006,8,7
"15966",7.62130238500279,28.0291063392081,8,7
"15967",9.6057514118879,28.5243539403847,8,7
"15968",7.84019543376551,31.780467941299,8,7
"15969",7.8728424837288,33.086136764746,8,7
"15970",8.3318491964029,36.2863404584717,8,7
"15971",6.90124883019438,35.81394947333,8,7
"15972",9.64861070749816,29.8791625358453,8,7
"15973",10.34120609837,34.7808712054554,8,7
"15974",9.40429298741411,23.4820893237302,8,7
"15975",8.80776807155501,26.3994419694669,8,7
"15976",7.7478466693956,32.5463263665929,8,7
"15977",9.67934424428816,37.3138552789204,8,7
"15978",7.16579351001111,29.4261501420876,8,7
"15979",7.88871233819188,39.5280172503294,8,7
"15980",7.79606785459976,31.9153719532869,8,7
"15981",10.2321593965359,21.1435332437088,8,7
"15982",9.29687753755632,35.2192151475721,8,7
"15983",8.65739966078696,37.5952307731734,8,7
"15984",8.34167559995968,39.5830682333917,8,7
"15985",9.50452490753141,25.7119432143391,8,7
"15986",8.37616875736497,34.9757083398985,8,7
"15987",8.15930179824846,24.6040538384045,8,7
"15988",6.797547926089,37.9009396047135,8,7
"15989",5.66814745800606,26.7226825965005,8,7
"15990",9.65716673772065,37.1473447634924,8,7
"15991",8.46854212446377,35.2482885048259,8,7
"15992",9.30327676591674,31.1257708426714,8,7
"15993",8.30400741257105,32.8035081072168,8,7
"15994",6.74033998659167,24.2237924480006,8,7
"15995",9.96106416228526,39.8833508231991,8,7
"15996",9.79353106024404,32.1221246070586,8,7
"15997",7.09820055585771,22.259682769758,8,7
"15998",6.20839268210222,33.4243002039461,8,7
"15999",7.39840438446209,19.8352291651401,8,7
"16000",7.66627148334168,27.0022789916733,8,7
