"X1","X2","component","subcomponent"
"2001",18.3172527632464,9.00004017277755,12,8
"2002",22.3684089948192,7.19540317415988,12,8
"2003",27.8088950151412,9.67380489765236,12,8
"2004",21.2220311745195,5.50249199030456,12,8
"2005",19.26544933886,7.27924290037412,12,8
"2006",21.3336941068024,5.05227106494414,12,8
"2007",17.9301990067859,2.84128654452672,12,8
"2008",18.8062232429821,4.47442956180896,12,8
"2009",22.4613188472702,7.56420955270408,12,8
"2010",24.066351616409,9.09292680602901,12,8
"2011",25.5750542143934,7.41581914546935,12,8
"2012",21.2904651736605,9.38439570468448,12,8
"2013",20.9215049694604,8.90826731514392,12,8
"2014",22.6107742083233,8.40151810263148,12,8
"2015",15.1568360652298,4.97378136137666,12,8
"2016",30.3040230264472,6.30162844972007,12,8
"2017",28.3301774286513,8.94195272764784,12,8
"2018",21.14440856195,5.06509738514875,12,8
"2019",17.2085114050171,7.48418876287922,12,8
"2020",24.5200766113566,5.6772583790121,12,8
"2021",23.0301243070093,4.01550430328469,12,8
"2022",21.4235144701736,7.89741285843404,12,8
"2023",23.2089952302576,6.9084164260512,12,8
"2024",22.180784092209,4.28235152181279,12,8
"2025",24.8485115771012,8.66402908383445,12,8
"2026",16.3115664509675,7.63539879594125,12,8
"2027",22.1896469163133,5.22454783494427,12,8
"2028",28.1286163138876,5.86160066562147,12,8
"2029",15.4238955500019,4.80681826724975,12,8
"2030",23.0223211531292,5.34123754226104,12,8
"2031",24.2140872478096,3.48614062659118,12,8
"2032",25.8131381360682,4.32524930630489,12,8
"2033",27.0902371866682,4.56461032893276,12,8
"2034",24.3740455229854,6.35891295966922,12,8
"2035",20.1171397412383,5.1693893298456,12,8
"2036",18.9517045434044,4.45243966410522,12,8
"2037",18.8185220024538,7.50540070934309,12,8
"2038",21.5036333283491,5.68210745229674,12,8
"2039",19.9916178291839,6.54148925197791,12,8
"2040",23.8406275620031,5.92815075921474,12,8
"2041",20.2615905683296,7.17288676788117,12,8
"2042",23.0226657752106,8.25847385416982,12,8
"2043",16.1219005059827,3.27354229376991,12,8
"2044",22.2768794985865,8.1338039593901,12,8
"2045",22.4894171442367,9.62699824257931,12,8
"2046",24.4171295304829,6.2220451323037,12,8
"2047",20.2334673782854,6.44065243134626,12,8
"2048",26.8332282336844,9.67651629566489,12,8
"2049",21.0428893532251,9.78648644834791,12,8
"2050",24.5056222041723,3.57024182575556,12,8
"2051",26.6269201899538,5.97885113534969,12,8
"2052",20.7636638403652,8.15309588250619,12,8
"2053",20.8964353863051,6.74351653395101,12,8
"2054",14.8198509079441,6.44506114264786,12,8
"2055",26.8199018972394,4.44622163727923,12,8
"2056",23.7652986419899,5.8337613325442,12,8
"2057",23.2889897258095,9.24287429279401,12,8
"2058",26.3399759711618,7.040381488301,12,8
"2059",25.8763789542017,8.19434354949861,12,8
"2060",20.1524408251094,7.33073959172341,12,8
"2061",30.5307865116179,5.50623305633095,12,8
"2062",15.6175515173893,7.7249303005295,12,8
"2063",26.2510974539332,4.29762922473529,12,8
"2064",20.5529394303633,5.97956236049633,12,8
"2065",19.5477568237649,8.45705169006423,12,8
"2066",23.3033278540355,8.51081714920072,12,8
"2067",26.3540413563441,2.80106599685177,12,8
"2068",20.5004925822442,5.243275486846,12,8
"2069",24.4125191140623,8.79420366478777,12,8
"2070",21.376594298332,10.8261952456097,12,8
"2071",17.8159086916849,5.57586994813885,12,8
"2072",24.6421365082945,5.71146003130528,12,8
"2073",24.5454149749369,8.74473244063792,12,8
"2074",17.6028758133339,5.48479135279806,12,8
"2075",22.1221116349529,4.20037989616545,12,8
"2076",24.548871613544,9.08861964400556,12,8
"2077",19.1260014381807,5.89632770079076,12,8
"2078",22.6227424092878,5.62475858615513,12,8
"2079",23.007866842763,4.94164648713364,12,8
"2080",21.2183600332029,9.54413101273133,12,8
"2081",22.9338916213801,7.34789720586043,12,8
"2082",20.3948774210413,7.5543132411141,12,8
"2083",14.6342040680964,4.65699276691955,12,8
"2084",15.8072515633262,9.8101667950224,12,8
"2085",24.7256431583575,5.16497754418766,12,8
"2086",20.1004336730987,4.123913490629,12,8
"2087",21.8790995826794,8.66306435456443,12,8
"2088",22.1485046340304,6.26807357657757,12,8
"2089",25.5763449751196,6.58601808727666,12,8
"2090",18.4034386543158,5.94851583250632,12,8
"2091",21.1027087677758,5.29710609033358,12,8
"2092",18.3840042156621,4.43598521244064,12,8
"2093",23.6671235058205,7.83756897895191,12,8
"2094",24.2020610216093,8.25739511167108,12,8
"2095",20.0536331496643,7.91710513934156,12,8
"2096",23.1154283090557,8.05961162900263,12,8
"2097",25.4771987373616,8.14410996138883,12,8
"2098",18.3237092917854,6.97949114525632,12,8
"2099",18.8775796714948,5.31362525821895,12,8
"2100",15.7885295595084,6.94168030281904,12,8
"2101",20.6129175515295,7.69990054794783,12,8
"2102",25.3032839808414,7.32115257045877,12,8
"2103",20.1568423423769,4.98133534235756,12,8
"2104",19.6746864248706,4.67146403521363,12,8
"2105",24.4579369679789,3.85382909325544,12,8
"2106",34.422621685197,6.46116281262255,12,8
"2107",24.2446893786945,6.75907118169847,12,8
"2108",24.840540499717,7.31722291238126,12,8
"2109",23.6474692745056,4.15818827327299,12,8
"2110",21.6933341878942,5.36225369137573,12,8
"2111",18.1243037060548,5.86989614400937,12,8
"2112",26.0207927085923,6.72327218984365,12,8
"2113",25.1874422041886,9.35603010853383,12,8
"2114",28.5325654164263,7.53126642854153,12,8
"2115",24.4483228149315,3.8303309358212,12,8
"2116",17.7260695725414,4.23296482139536,12,8
"2117",27.310881840015,10.6930050638251,12,8
"2118",22.3788664100571,4.73970237061487,12,8
"2119",17.2694996870039,11.3337793048412,12,8
"2120",19.5720239287653,5.69197664743323,12,8
"2121",21.9562321936659,7.25095246258027,12,8
"2122",21.8796809390832,5.80985883306686,12,8
"2123",19.0064126178867,5.30209595128523,12,8
"2124",21.9471026414291,8.38964838247612,12,8
"2125",21.6069500380565,6.987442049986,12,8
"2126",24.0385829480138,4.82150758378162,12,8
"2127",18.2342990825613,5.64637793931736,12,8
"2128",25.7520352290095,6.74167425117472,12,8
"2129",18.7282795216027,6.21423957082674,12,8
"2130",18.9500559841758,4.3858523645633,12,8
"2131",20.647487550487,6.21997848789842,12,8
"2132",25.8674198590087,5.8716497524648,12,8
"2133",21.2012271096747,8.85674994659616,12,8
"2134",25.3349144758192,6.28512786368015,12,8
"2135",14.8303356233503,7.28552571597876,12,8
"2136",24.0058032276521,7.7279985013984,12,8
"2137",23.8556507506299,6.49883229100542,12,8
"2138",15.8908408008072,7.34161000781909,12,8
"2139",25.5847439270626,6.70177883732806,12,8
"2140",15.9684757502881,9.60804993014281,12,8
"2141",25.5325167732579,6.8047480492763,12,8
"2142",10.7551659272836,7.9771798548017,12,8
"2143",20.569322467968,8.43650527880579,12,8
"2144",21.6610893672649,7.03991424750339,12,8
"2145",18.8980275596723,5.93715712946903,12,8
"2146",21.0978014922177,6.61992054591129,12,8
"2147",23.2517953150392,7.2627769589498,12,8
"2148",25.451039900651,5.83744447980038,12,8
"2149",21.1597269842371,3.97389909927221,12,8
"2150",21.1450966478786,5.37180879296321,12,8
"2151",18.6837638533345,5.83872201833206,12,8
"2152",19.4795807166781,6.32253855333188,12,8
"2153",27.0533209003338,7.80911814937269,12,8
"2154",20.4356693849368,7.91872755270316,12,8
"2155",25.6230030431167,5.84753450059252,12,8
"2156",31.2403946387567,6.95140085693301,12,8
"2157",21.5257694578501,7.26240777677362,12,8
"2158",22.8127158201593,8.12601254252086,12,8
"2159",25.0622985682033,8.53914500013661,12,8
"2160",25.0065484379853,6.83129845981566,12,8
"2161",23.71454314914,3.78293163103362,12,8
"2162",19.5099175597134,8.89651758027043,12,8
"2163",17.3805809363807,6.17719840290483,12,8
"2164",20.5039504652254,8.82828894520708,12,8
"2165",24.0142668609783,6.48944381676006,12,8
"2166",19.1340068980194,4.64409776358448,12,8
"2167",24.4548639153063,5.30977531346509,12,8
"2168",22.0816477399611,7.18876911455081,12,8
"2169",21.5981058031435,8.48168866250776,12,8
"2170",21.0555720824107,6.38377637940024,12,8
"2171",18.466815966799,7.15224133098174,12,8
"2172",16.4132280769329,6.06134669177396,12,8
"2173",25.2469713497688,5.73989711279943,12,8
"2174",21.3434178668109,5.90500844915414,12,8
"2175",19.3175026348181,6.54398477486537,12,8
"2176",25.0766280153761,6.16640836620276,12,8
"2177",21.326356857621,4.0096742120064,12,8
"2178",23.456064440571,8.41789233872231,12,8
"2179",21.8139382837869,8.83072147946382,12,8
"2180",26.8591640490801,7.55997557387355,12,8
"2181",27.755043421704,6.447971262641,12,8
"2182",23.0772853228461,3.15193703563389,12,8
"2183",18.4340625712315,7.46434514378123,12,8
"2184",15.7607992672321,8.06023833258353,12,8
"2185",22.2866120629459,4.74351260625237,12,8
"2186",20.2311097087478,6.25569864422143,12,8
"2187",20.6264259215862,7.85635793020835,12,8
"2188",22.840050097877,6.6355626492091,12,8
"2189",22.8296849222137,5.60642897599,12,8
"2190",24.6410515845838,5.68340757073253,12,8
"2191",19.5841525324721,6.47677644910374,12,8
"2192",23.3588250649515,8.02192095703619,12,8
"2193",18.2163666301739,4.25337611830857,12,8
"2194",28.845627513897,8.63209125195739,12,8
"2195",22.6981601788939,11.0527930576343,12,8
"2196",20.7280259565083,4.04544517091237,12,8
"2197",24.7997898496687,5.15172701150345,12,8
"2198",20.7034032417524,5.9659210638519,12,8
"2199",22.2518771805856,7.43805083232042,12,8
"2200",23.348196090257,7.34197073540864,12,8
"2201",18.8922950044484,6.76373513782175,12,8
"2202",21.4045237342782,4.62645074980054,12,8
"2203",24.3361962634036,3.05807595614891,12,8
"2204",19.5959659632491,3.62702579485765,12,8
"2205",23.5785439481536,7.19247949269547,12,8
"2206",20.0098725219231,2.80714061215534,12,8
"2207",22.4809797914236,8.01314870745707,12,8
"2208",21.2211292135077,7.55374352656443,12,8
"2209",13.5794539504967,5.811495258518,12,8
"2210",20.9771554755763,5.57101981016006,12,8
"2211",24.7103468735801,3.09723458490338,12,8
"2212",26.2658439582073,7.57571687958296,12,8
"2213",18.9890130982636,12.4442068375111,12,8
"2214",27.3921784607152,6.34047103237151,12,8
"2215",21.1465489667969,6.33537914070394,12,8
"2216",19.2223072876047,5.17297500348873,12,8
"2217",20.0997350176885,7.31376743210824,12,8
"2218",18.7693014103478,5.77272396155764,12,8
"2219",22.3272918349669,5.8008397517259,12,8
"2220",21.9055330130941,4.0921737587463,12,8
"2221",26.5916630398857,5.96039120985313,12,8
"2222",21.2185760643021,4.78152281748484,12,8
"2223",20.8802088681641,10.3065490192608,12,8
"2224",20.9402074166279,4.23106014341311,12,8
"2225",24.7240047136751,6.5146149337318,12,8
"2226",27.9574721050683,6.739591186473,12,8
"2227",23.1196808240109,8.12691070085321,12,8
"2228",19.065396046472,6.82415505295183,12,8
"2229",25.2587146227202,6.8398079864293,12,8
"2230",19.0898687138759,9.49297230446177,12,8
"2231",26.9842113713632,6.89436637313887,12,8
"2232",16.1151102739339,1.67990634446278,12,8
"2233",21.6286729838621,6.71012793726014,12,8
"2234",16.2293376541812,7.82891762240326,12,8
"2235",23.6160727611183,7.46383260107616,12,8
"2236",20.6491970848511,10.5781097248637,12,8
"2237",21.1468407985551,6.8967178693804,12,8
"2238",23.7893879263238,6.79232594447951,12,8
"2239",22.3257927905333,5.43520114517393,12,8
"2240",24.9432553805532,11.08094153168,12,8
"2241",26.2955363536157,6.94551719427252,12,8
"2242",14.9839526521456,5.05461295830512,12,8
"2243",20.5738342428172,5.91012670594422,12,8
"2244",22.3250702236745,8.13576718190469,12,8
"2245",14.9185777457904,6.73317699723166,12,8
"2246",24.2047424652339,6.89696386884973,12,8
"2247",20.8400937515955,5.32056304291752,12,8
"2248",23.9779268885097,7.52401918567895,12,8
"2249",15.4287963639113,9.71818719179941,12,8
"2250",24.9188244346207,5.95673033517413,12,8
"2251",14.7097656224335,4.79007923996027,12,8
"2252",17.0857198273013,6.7573512095405,12,8
"2253",21.5756407372153,6.52159702167666,12,8
"2254",17.0192395898553,5.06376093884155,12,8
"2255",25.380240750998,4.90683020765516,12,8
"2256",22.3115034733137,6.87954750587729,12,8
"2257",21.6511789925998,4.602516310759,12,8
"2258",14.5376725352464,3.80828406388993,12,8
"2259",20.2940876426913,6.52664738874763,12,8
"2260",26.3738888621111,5.19659118090395,12,8
"2261",17.2481574438759,8.88202284813091,12,8
"2262",24.2288074121006,3.56336722240501,12,8
"2263",17.0319406778468,4.20445053602064,12,8
"2264",17.6987031886157,4.54330616497541,12,8
"2265",23.3852936936392,6.29285570942987,12,8
"2266",20.8156419692355,5.43813009488591,12,8
"2267",19.4791320154852,7.89201452689548,12,8
"2268",21.5202159515116,3.96670015341133,12,8
"2269",20.4150911737087,6.86605426319859,12,8
"2270",22.3509273381135,4.74151881220444,12,8
"2271",20.0574017120751,8.64754450533436,12,8
"2272",17.3299038732857,4.40653664537577,12,8
"2273",33.1403598925985,4.22911004246598,12,8
"2274",24.5352496122831,6.41709686088604,12,8
"2275",24.4232806699156,6.15732355454027,12,8
"2276",19.5345519475981,5.12698447970255,12,8
"2277",27.1413123197723,4.62058770027031,12,8
"2278",24.6944504217473,7.71369382142798,12,8
"2279",23.0188208481624,7.59678477275924,12,8
"2280",18.8209767122734,5.73017795034868,12,8
"2281",17.6006027544802,7.30413672709975,12,8
"2282",17.2116600183527,4.95296045770196,12,8
"2283",22.888354430721,3.88054575041286,12,8
"2284",25.5648308055944,8.42192975403206,12,8
"2285",20.5807164200843,3.39999978507684,12,8
"2286",24.5411340032516,8.88554081358911,12,8
"2287",20.9964477182423,4.06645815845333,12,8
"2288",23.1926603288275,8.45734315810883,12,8
"2289",19.8341301021719,8.81206523164863,12,8
"2290",29.5476222297167,7.32678206853608,12,8
"2291",21.5495503361861,9.12144972583932,12,8
"2292",22.0384396494289,6.35359735898216,12,8
"2293",18.7571413725469,5.92048723462129,12,8
"2294",21.8754982054591,6.66600866662303,12,8
"2295",18.5248415649748,8.46242017187726,12,8
"2296",28.4381389644133,3.3465226618921,12,8
"2297",21.655421019564,8.00339527082364,12,8
"2298",21.9750524596389,5.24026485535649,12,8
"2299",20.8321647447757,7.57109781703454,12,8
"2300",22.7427695945067,6.03966175228835,12,8
"2301",23.9068134582707,8.14390639066171,12,8
"2302",27.6279793672054,6.6499787938907,12,8
"2303",22.624527742407,9.90019626230884,12,8
"2304",23.6966201646962,6.49142511688106,12,8
"2305",21.7900241786547,7.03353168278794,12,8
"2306",24.9570683480454,7.20421865922983,12,8
"2307",23.2060187017735,7.96739130651149,12,8
"2308",20.5183861547493,6.41977215114551,12,8
"2309",18.1092235588121,4.08891571625019,12,8
"2310",20.3551967076954,9.90031782068508,12,8
"2311",21.9234212316875,7.14241879882666,12,8
"2312",22.6765973377612,4.66301543864729,12,8
"2313",30.4954681461703,3.78837275820512,12,8
"2314",20.1544763508315,6.37165842371059,12,8
"2315",24.6445900878333,4.22829866793257,12,8
"2316",21.0609085319414,3.43945495440958,12,8
"2317",16.4190523665088,7.53489047952237,12,8
"2318",21.9351531885251,5.13640333973253,12,8
"2319",24.1206058751174,8.94019239158597,12,8
"2320",27.6680159314546,7.35101099119913,12,8
"2321",21.9924395295345,7.23848295210684,12,8
"2322",21.7589934043681,6.19431351879867,12,8
"2323",19.6489219066767,4.77214353883875,12,8
"2324",25.5829122265745,6.41109410278343,12,8
"2325",24.3705407072559,7.12200369605418,12,8
"2326",24.6866634382003,7.99822658485644,12,8
"2327",27.9091192286053,9.9973802966212,12,8
"2328",23.042721732062,4.61117243578712,12,8
"2329",20.2508255328529,6.70196057213361,12,8
"2330",24.2040245719183,9.37512583687634,12,8
"2331",16.816650914571,7.39942560818146,12,8
"2332",20.7020552591192,5.50944488443549,12,8
"2333",21.6913590566104,3.11190708836967,12,8
"2334",17.2924161593556,9.25298167349419,12,8
"2335",20.977740072318,9.56179348918519,12,8
"2336",21.0129309929563,4.44628860454474,12,8
"2337",25.0879611814583,6.79469973682978,12,8
"2338",21.9816235307195,6.87552694671084,12,8
"2339",22.7187048565849,6.61974043747991,12,8
"2340",25.035671208442,6.34930435419245,12,8
"2341",19.0479648041189,8.99847002761429,12,8
"2342",19.8718293837639,4.83611324447451,12,8
"2343",28.9885416718301,8.85572507623437,12,8
"2344",23.1018133025255,7.96961490021989,12,8
"2345",17.4910134412836,6.37950919299896,12,8
"2346",20.8085160104158,7.15140793728125,12,8
"2347",21.8826247500087,5.74405131219495,12,8
"2348",29.8469338451599,3.97590831060891,12,8
"2349",21.3627419921484,5.81700382819461,12,8
"2350",22.6174254181616,4.44576585913948,12,8
"2351",20.5414114573655,7.40163064552935,12,8
"2352",23.3133742184165,5.93776982913735,12,8
"2353",21.2548304789346,4.36612163328646,12,8
"2354",14.2012352724508,5.01778080302662,12,8
"2355",26.6705197788937,6.18906831418834,12,8
"2356",26.5777792212109,5.52679261255589,12,8
"2357",16.5368269068541,7.19244592580535,12,8
"2358",23.1125147515294,3.64514576346902,12,8
"2359",21.9670771208655,6.40171182033031,12,8
"2360",27.4410048891438,8.4828447033078,12,8
"2361",22.0946371553817,7.22368107088113,12,8
"2362",23.2967585961894,9.10534135677355,12,8
"2363",15.8213580340496,8.94675525261278,12,8
"2364",20.4237485255525,6.26874265839376,12,8
"2365",23.9042492057684,5.90192506389179,12,8
"2366",22.6516849811789,4.895709173992,12,8
"2367",23.8347546108021,5.01247353217238,12,8
"2368",17.3820460368562,8.87282562263828,12,8
"2369",22.6042324809276,5.71048943173037,12,8
"2370",18.4939678910364,4.49287736511023,12,8
"2371",24.4034109516955,6.29032198976188,12,8
"2372",19.5259575048901,6.38584047984925,12,8
"2373",25.6460721708983,7.08877036447867,12,8
"2374",22.0526616465861,6.7604020806351,12,8
"2375",22.3596704379212,9.01620379085077,12,8
"2376",19.6022490781426,9.11903866940346,12,8
"2377",26.5514588582267,6.1764850556222,12,8
"2378",22.2232228973084,7.94739338381234,12,8
"2379",21.2407409332844,9.96317153041803,12,8
"2380",20.934478323571,7.06938065022613,12,8
"2381",25.1451945983444,4.33013468652521,12,8
"2382",24.3194251630379,4.47522325740114,12,8
"2383",27.2128419910193,7.8912201143666,12,8
"2384",17.7906723352969,10.5543142267809,12,8
"2385",25.421777607233,5.45546300446505,12,8
"2386",19.789149715823,2.98440496209918,12,8
"2387",17.8528051032009,4.80423678913545,12,8
"2388",22.329168566456,7.68670576829583,12,8
"2389",20.1397759012804,8.32382569180275,12,8
"2390",20.5326514036272,6.51376943669586,12,8
"2391",24.1872336934752,6.18047891966173,12,8
"2392",22.7945064809264,11.1972476165794,12,8
"2393",22.4389302976383,4.9159098769843,12,8
"2394",23.9039846726888,4.80299836428111,12,8
"2395",18.8153654155748,4.22972423426447,12,8
"2396",19.2091165916067,3.71262963408987,12,8
"2397",24.358604013343,5.20450682551961,12,8
"2398",24.9335707764483,7.53311149181765,12,8
"2399",20.9125497407481,3.30854685378304,12,8
"2400",25.9168212676846,7.67318778181131,12,8
"2401",23.7541360368109,7.83827777191697,12,8
"2402",21.3958875422289,9.30919226111166,12,8
"2403",21.1424464481842,6.73397415928804,12,8
"2404",23.7459359042477,5.46754438753062,12,8
"2405",22.3429445908451,4.2784812233418,12,8
"2406",28.1927742266701,7.7230570460965,12,8
"2407",22.0801225418992,7.47643470687689,12,8
"2408",22.6495322621046,7.12967350019174,12,8
"2409",25.8689199378781,8.43983856165221,12,8
"2410",22.5578923272495,8.97793497288008,12,8
"2411",18.885874559077,8.0159005919198,12,8
"2412",21.6180728824804,4.85659824311032,12,8
"2413",20.7937918055996,4.78126578085555,12,8
"2414",22.0360138889399,7.75403718968802,12,8
"2415",21.6479793000026,7.8453292724818,12,8
"2416",24.586907364093,6.95219047170525,12,8
"2417",24.3147183657161,5.02169375311723,12,8
"2418",21.4536696474949,7.12306205209972,12,8
"2419",25.824238961602,9.413206687679,12,8
"2420",21.0785185190752,6.3191650656965,12,8
"2421",18.8810168309613,6.22504432710905,12,8
"2422",24.1186473222654,9.51695918974243,12,8
"2423",20.1430226052884,5.91465846344249,12,8
"2424",20.0096475578801,5.80622783803603,12,8
"2425",23.4092230894271,6.88637823954011,12,8
"2426",19.5732223311113,9.5556698514605,12,8
"2427",18.5993612187954,7.14442508825134,12,8
"2428",19.9700173701615,8.67740842670029,12,8
"2429",21.168087069195,8.04784251951697,12,8
"2430",17.4386107862956,5.38577665761116,12,8
"2431",21.3232993451975,7.3559239363537,12,8
"2432",17.3728317556886,6.65020726755348,12,8
"2433",18.640877824073,7.05324727216163,12,8
"2434",31.827667307769,6.91298547252402,12,8
"2435",18.5947151116241,6.4332732026332,12,8
"2436",26.1341594672931,9.13775756136753,12,8
"2437",17.4254681306675,5.35958779906783,12,8
"2438",24.5425922904653,8.93904723059885,12,8
"2439",22.3237432953782,5.34931221258865,12,8
"2440",26.3682099334218,6.29007993190533,12,8
"2441",23.6870242114608,6.11190290003195,12,8
"2442",25.2516419574044,5.6336741402003,12,8
"2443",20.7422430872213,6.7313042380085,12,8
"2444",19.4168834804378,5.05220195735888,12,8
"2445",18.6152907639396,3.72155090002298,12,8
"2446",24.4626921246706,7.87792390088089,12,8
"2447",30.9507725436346,6.44593134080605,12,8
"2448",29.3687404655334,8.96879064260475,12,8
"2449",17.3208193574239,3.3806697612096,12,8
"2450",24.9894987012758,7.68014504074416,12,8
"2451",18.7851127295295,7.97339917339103,12,8
"2452",16.2025756717757,4.42791582876922,12,8
"2453",20.6546951430922,6.43597700338555,12,8
"2454",23.4025091383931,3.46810993277292,12,8
"2455",21.019412262073,6.30152911808941,12,8
"2456",31.1971380032192,6.35493003623475,12,8
"2457",27.6901156876668,7.05556797596828,12,8
"2458",18.5799170842589,3.85792015943395,12,8
"2459",32.5807100803526,5.96204974030545,12,8
"2460",16.997897691906,7.16450458683375,12,8
"2461",22.3091811162184,4.85871073271383,12,8
"2462",21.9838519416225,7.11751316738464,12,8
"2463",27.4370324238659,5.11833737480787,12,8
"2464",24.5623134636157,6.09375690700612,12,8
"2465",24.5216592944395,9.34445265354882,12,8
"2466",27.1190458047211,7.47988367024826,12,8
"2467",18.4540073999918,8.12937651964901,12,8
"2468",20.2268793715126,6.77032981083875,12,8
"2469",31.4936140689482,5.61667200937095,12,8
"2470",14.728957975762,6.6147513641976,12,8
"2471",28.1658887617208,4.28791156496063,12,8
"2472",28.4061492846251,4.95030643827355,12,8
"2473",24.1357183811033,8.64362349193384,12,8
"2474",24.8829150966984,6.31719158247182,12,8
"2475",25.8939708134445,8.62755953786467,12,8
"2476",24.4175848698474,3.76259570162827,12,8
"2477",23.0456199429,5.93353967952022,12,8
"2478",23.4581639084451,3.08365749491971,12,8
"2479",21.6178126966435,7.20926254752761,12,8
"2480",20.2861173639698,7.49473018702765,12,8
"2481",24.5775210633247,4.43674703897194,12,8
"2482",24.3916657219487,4.78468972059475,12,8
"2483",27.6531455858809,9.3519116765899,12,8
"2484",25.7990071967447,4.78748189297954,12,8
"2485",25.668123605549,6.87343790457497,12,8
"2486",20.6414278486875,3.47414003787508,12,8
"2487",26.7886730507438,7.39238484365013,12,8
"2488",22.760899113269,5.74050002539667,12,8
"2489",24.6158713262322,7.20750103003437,12,8
"2490",23.5961241956692,7.53010111630222,12,8
"2491",24.3594234834455,7.54524223680406,12,8
"2492",17.7303131184857,5.85549566176762,12,8
"2493",18.6640700786289,6.86781472676307,12,8
"2494",23.2392129981303,8.14424558505084,12,8
"2495",27.1172144616167,4.88056410378136,12,8
"2496",17.4012477296207,6.19993232222921,12,8
"2497",23.0803438717591,6.10548265262682,12,8
"2498",16.2486833374064,9.27124044911643,12,8
"2499",20.144090903897,7.37645031519682,12,8
"2500",22.7257460663796,3.37202132998772,12,8
"2501",22.6095755547092,6.99991281987016,12,8
"2502",24.2825640042427,7.39948922035033,12,8
"2503",22.0802177550833,7.01433337595496,12,8
"2504",21.574382902045,7.44841125481577,12,8
"2505",21.4866240889222,6.419012274481,12,8
"2506",25.251526967635,3.96315038262887,12,8
"2507",24.0152526079924,7.25423267436222,12,8
"2508",21.7497689139339,6.42645586961614,12,8
"2509",24.1681313070172,6.62921538844584,12,8
"2510",20.5471995758388,5.660720083199,12,8
"2511",27.7808171988269,7.31317884307283,12,8
"2512",23.3651048205966,8.59408908493592,12,8
"2513",19.2068370199594,4.03567650573244,12,8
"2514",25.1433899404377,7.482376091974,12,8
"2515",22.4483699266062,1.18318818167122,12,8
"2516",23.1361510315682,6.50733377973401,12,8
"2517",25.3535882230766,7.29161644896732,12,8
"2518",21.204170741916,7.02165598092298,12,8
"2519",25.11389651185,6.64952502311271,12,8
"2520",24.4760277625908,7.89537206505756,12,8
"2521",27.0941501450177,7.01368803613869,12,8
"2522",22.8386299452585,7.24386580494562,12,8
"2523",14.7513384205509,8.18379250561812,12,8
"2524",27.7028336796145,6.19313657430714,12,8
"2525",11.1187480564472,4.14917517549139,12,8
"2526",21.890337173545,9.66808605919478,12,8
"2527",20.4721937120093,6.39898850426583,12,8
"2528",17.7251548996108,6.34878718767243,12,8
"2529",15.6148511500561,7.21433777052117,12,8
"2530",22.3923849926469,7.52489238347501,12,8
"2531",24.8621634995524,5.74617702660806,12,8
"2532",17.7473469430141,4.05739144636623,12,8
"2533",23.7682620679571,4.88935216279702,12,8
"2534",21.8741196326858,7.29297120662372,12,8
"2535",18.8208150940291,6.72063856590572,12,8
"2536",20.6108353801766,6.61707708306349,12,8
"2537",22.8213847426512,6.55987392238418,12,8
"2538",28.3877820656732,5.03857472445147,12,8
"2539",22.5257932035562,7.63884121664596,12,8
"2540",26.8615643739039,6.23199192676736,12,8
"2541",19.0366345284386,5.46935822525953,12,8
"2542",15.8016735210289,7.21234503524228,12,8
"2543",29.2196764133402,7.12367556274414,12,8
"2544",22.9972547688936,3.07009701602579,12,8
"2545",16.3068438081328,3.79811111516824,12,8
"2546",18.9935362748925,5.71094030901539,12,8
"2547",24.0852984453795,8.31876995387238,12,8
"2548",25.3622874407934,7.16868741705812,12,8
"2549",22.999097118422,4.864234070285,12,8
"2550",22.7632211646298,7.12305614154244,12,8
"2551",24.6406534266723,4.26657178069118,12,8
"2552",18.9872525803554,3.52262956757963,12,8
"2553",24.3446770157707,9.32695575619627,12,8
"2554",17.5261933784238,5.62025745222403,12,8
"2555",20.0962362209991,2.75024944386073,12,8
"2556",27.2503258344012,9.57313812838328,12,8
"2557",18.157003966514,6.5857430579591,12,8
"2558",25.3821309721437,3.99970904923465,12,8
"2559",21.4672888230795,2.84300693135966,12,8
"2560",20.3639077992892,11.3562594199517,12,8
"2561",23.4138228597331,5.12060709749299,12,8
"2562",21.0520814063627,5.06746696662131,12,8
"2563",19.8648779251249,6.44747744530523,12,8
"2564",28.8157726510754,8.01825977016508,12,8
"2565",25.9207813781556,5.11083187302995,12,8
"2566",25.8124026676202,6.29041395556736,12,8
"2567",24.2351692238659,7.08180890768821,12,8
"2568",18.6922400135626,7.68367704145265,12,8
"2569",22.0472905901545,5.82645526472386,12,8
"2570",25.6504858584519,6.17334542193107,12,8
"2571",19.3272788427048,5.95324093901705,12,8
"2572",20.7752151754453,4.78711369515235,12,8
"2573",20.714018919861,7.22441320855807,12,8
"2574",19.7212130395372,5.21637307141144,12,8
"2575",21.6867228181743,7.32492717351338,12,8
"2576",20.0197529953835,7.93053362246456,12,8
"2577",20.4830278475255,5.20549734232668,12,8
"2578",21.9702311001016,8.4151037914061,12,8
"2579",21.1040992026608,6.69078636188496,12,8
"2580",22.422134799399,7.06723779376205,12,8
"2581",22.6887591923891,5.02289998442458,12,8
"2582",28.2897351989937,6.23078678507778,12,8
"2583",23.5343871334932,4.66567590113051,12,8
"2584",16.6046273531122,8.49112071678766,12,8
"2585",24.684455101132,2.14210709846045,12,8
"2586",24.5454827824883,5.60478591504407,12,8
"2587",21.2163776583847,6.11607973954408,12,8
"2588",16.2707997769399,10.4378136361131,12,8
"2589",16.8268974681218,4.17157180164225,12,8
"2590",20.3029383240618,8.15401586300171,12,8
"2591",24.724294230338,6.038456774997,12,8
"2592",27.0493802604976,6.86391231749432,12,8
"2593",23.185633662851,6.81434317735026,12,8
"2594",21.3880622998031,5.92816543806752,12,8
"2595",25.5010327186808,6.33382824858551,12,8
"2596",23.8480772578558,6.30020554505294,12,8
"2597",17.6015635820508,5.27644006173385,12,8
"2598",19.3982179596761,5.89493909656968,12,8
"2599",23.4233380488111,7.86902698798878,12,8
"2600",23.5148449559182,4.96092079845221,12,8
"2601",24.352955354074,4.02900053438337,12,8
"2602",16.9231692665743,5.30035376909105,12,8
"2603",21.0389337853212,6.86435129154062,12,8
"2604",23.7576258863398,7.40048164565215,12,8
"2605",22.5510783106966,7.2011120721341,12,8
"2606",26.8303000802235,5.56544350293651,12,8
"2607",18.4338776532042,5.43046474301088,12,8
"2608",25.5945417228925,7.63471326326406,12,8
"2609",21.0572709012762,5.81902507372987,12,8
"2610",24.4441687057938,6.30297009077778,12,8
"2611",23.4610552426561,6.02494484856658,12,8
"2612",17.4215265585308,7.71561769700438,12,8
"2613",22.7841525048519,9.30459891368005,12,8
"2614",28.5963028662774,5.1783402606953,12,8
"2615",22.0368839027336,8.24614021760177,12,8
"2616",23.5749598768168,2.38411418164325,12,8
"2617",24.6235535096528,7.32457686897016,12,8
"2618",15.8741313704954,6.76660075766203,12,8
"2619",20.3669285636147,9.62637841527861,12,8
"2620",28.8107718351771,6.9523010274296,12,8
"2621",21.7278237053527,8.00773623731374,12,8
"2622",22.1888892577012,6.15848970151857,12,8
"2623",28.5474821356136,6.70410910155293,12,8
"2624",28.1934060486057,3.54449827845038,12,8
"2625",22.9213759437316,7.64836431194209,12,8
"2626",16.6871680402362,5.58793792293297,12,8
"2627",30.61094525332,6.2157875806882,12,8
"2628",24.6761175443739,5.93922544392968,12,8
"2629",24.6665512246352,7.00756459562497,12,8
"2630",23.7419508938867,10.6516114022101,12,8
"2631",24.2053623403197,6.95324450760714,12,8
"2632",24.0636892485985,7.61432985558813,12,8
"2633",21.4506662546103,10.7311468847029,12,8
"2634",16.9839219378838,5.86794223732259,12,8
"2635",18.0442786975441,6.45320288439485,12,8
"2636",17.7728583467601,5.47090423562137,12,8
"2637",22.2786139349802,7.24743886689886,12,8
"2638",29.1680874442811,3.42727638958681,12,8
"2639",26.4081864643043,6.47991878075803,12,8
"2640",18.0234101752658,7.50194849144272,12,8
"2641",19.6408310783356,4.68478776481536,12,8
"2642",17.3666979329652,4.79847044739916,12,8
"2643",19.5659063880023,3.5083714765574,12,8
"2644",28.4489290639836,7.9277928389985,12,8
"2645",16.605034740644,9.9062895485439,12,8
"2646",20.0677329379536,6.66225697246624,12,8
"2647",19.5088910020862,10.7081762048447,12,8
"2648",25.6666268494231,8.34110775814637,12,8
"2649",23.8668297931775,7.23983236299001,12,8
"2650",19.8928098838784,7.60804624016348,12,8
"2651",16.2098350531989,4.48231461541884,12,8
"2652",23.6767216593864,5.1514484768351,12,8
"2653",24.5008137288667,7.9279929175684,12,8
"2654",20.9651094974545,6.32986287697603,12,8
"2655",23.8744278670923,5.11730345421137,12,8
"2656",20.6901903180973,7.48097977013894,12,8
"2657",21.9559969750511,7.39878098012198,12,8
"2658",20.5698642981464,4.1557882955556,12,8
"2659",25.0249668323479,2.6624508771406,12,8
"2660",17.988657992334,9.66600739477969,12,8
"2661",23.2793783272686,8.05414247901254,12,8
"2662",25.5245338718413,4.44564714387577,12,8
"2663",23.6791925516345,8.92443503440022,12,8
"2664",15.3464239008764,8.04657276570015,12,8
"2665",26.1000856543177,5.48562474478689,12,8
"2666",17.9909133571766,6.27902191920449,12,8
"2667",27.4260678325375,7.45372463998252,12,8
"2668",24.4100852736875,5.01651121225109,12,8
"2669",23.6893550331888,10.2430815069045,12,8
"2670",18.1332337212309,7.91477165623914,12,8
"2671",22.1687451305284,3.05799958712882,12,8
"2672",21.3612846678947,3.67802119804424,12,8
"2673",20.5046359451947,6.04490527530723,12,8
"2674",21.1239266549712,10.3428349564731,12,8
"2675",19.6037077473996,7.73289666440707,12,8
"2676",19.1650524607531,4.87295644991263,12,8
"2677",18.5850573016514,5.14289934782023,12,8
"2678",15.8866870366658,7.11531287206795,12,8
"2679",24.9615071900765,7.98065444312367,12,8
"2680",24.3668118648281,8.53662199576773,12,8
"2681",13.5031035931128,5.35796256705106,12,8
"2682",18.3081835120644,5.31306846085419,12,8
"2683",24.4604247288414,5.19870983949441,12,8
"2684",22.2055919672019,6.66098221361609,12,8
"2685",13.4571259296878,4.80245572542701,12,8
"2686",21.9067399472141,4.64087827884526,12,8
"2687",25.1520043680235,10.100866429285,12,8
"2688",13.8108185226049,8.10179546167387,12,8
"2689",17.9099055110368,5.11409152681422,12,8
"2690",20.9960980249439,7.15873385381982,12,8
"2691",23.3261359320572,4.24851862152608,12,8
"2692",22.1065000059014,8.35318963936656,12,8
"2693",23.8090707715999,8.60780893184647,12,8
"2694",17.8762184300652,7.64834610186648,12,8
"2695",27.6839297758798,7.74318479855669,12,8
"2696",21.4929441422431,4.58492553341887,12,8
"2697",26.6503150352902,2.25524717401479,12,8
"2698",28.3958845593411,9.98302078032701,12,8
"2699",16.4919898900702,6.84514480442873,12,8
"2700",19.1151642514445,5.60427351804325,12,8
"2701",19.7565998600589,4.81095913732356,12,8
"2702",23.7570545621788,6.58462250516942,12,8
"2703",21.7824354461378,9.32015995121415,12,8
"2704",13.0334326000105,5.18046188367518,12,8
"2705",26.1965841991412,6.50256967976441,12,8
"2706",26.2725575647148,6.7042155261608,12,8
"2707",18.3862449336658,4.43660855414254,12,8
"2708",21.6782146597153,8.91100746688472,12,8
"2709",22.2489705306787,1.90521055905945,12,8
"2710",21.6487949781439,4.1891691139978,12,8
"2711",16.9013480412919,5.14913946757467,12,8
"2712",19.3998834676288,3.390938668488,12,8
"2713",17.9532183290586,7.09781218296812,12,8
"2714",18.366395961289,7.93766059937035,12,8
"2715",21.8909140315027,5.68232026839165,12,8
"2716",16.818958369441,5.87538129036724,12,8
"2717",22.6267104587031,5.15683793872624,12,8
"2718",19.8224024566113,6.68753353749082,12,8
"2719",18.0916590552972,9.74500981753001,12,8
"2720",25.6531983747447,6.40080352968032,12,8
"2721",19.7628078495476,9.58907020904853,12,8
"2722",17.6370683974954,6.31040078697633,12,8
"2723",22.9981791831122,8.03836025542297,12,8
"2724",22.8010421011928,5.38628917310777,12,8
"2725",26.2121391787248,7.69097112570436,12,8
"2726",23.892042877795,5.80178325273562,12,8
"2727",15.8164999996025,6.63863719173543,12,8
"2728",20.8620185809847,7.44014973518076,12,8
"2729",16.9651863419995,4.01123488244363,12,8
"2730",22.8982773350382,4.46084977548851,12,8
"2731",21.3798977310611,7.39519121811177,12,8
"2732",22.4859877093353,2.60718594287819,12,8
"2733",26.7090056777248,5.88219453654629,12,8
"2734",25.2720500714593,6.13223821480942,12,8
"2735",17.0723759366135,4.37478968548801,12,8
"2736",23.4084216144494,8.07854705869045,12,8
"2737",21.813852033606,3.542920450851,12,8
"2738",19.7713231242858,6.99589957748689,12,8
"2739",18.3215333544344,9.97654187592797,12,8
"2740",22.3714200615877,7.50139605377845,12,8
"2741",17.7164799015367,6.43258599254957,12,8
"2742",24.3848410218732,4.28497184903088,12,8
"2743",23.854926796986,6.19043574446242,12,8
"2744",28.240229633076,6.50360712939475,12,8
"2745",21.7879942033461,7.88755608366411,12,8
"2746",25.234951083789,7.22060536850661,12,8
"2747",18.1366198579947,4.88136543677651,12,8
"2748",25.2045370502877,6.78853257611326,12,8
"2749",17.9714823501341,10.315474786938,12,8
"2750",15.5691291930562,8.36042405038078,12,8
"2751",16.7517806587497,6.14276833792548,12,8
"2752",26.0823643731375,8.65178445045535,12,8
"2753",18.0877397457514,8.7046130680455,12,8
"2754",22.0623810951915,6.55221053532181,12,8
"2755",17.0507650346053,7.79250982466975,12,8
"2756",19.5511413511763,6.79805438968949,12,8
"2757",22.2589956448684,4.39745425352941,12,8
"2758",20.1049613707528,5.05893872234317,12,8
"2759",24.8262712781697,6.50512032000722,12,8
"2760",21.7869179958718,7.02503444693224,12,8
"2761",23.9913391074467,6.96011053506722,12,8
"2762",31.3862292239059,5.65392958215557,12,8
"2763",29.3193327200434,6.49974182597867,12,8
"2764",18.3427615800481,6.20394159952122,12,8
"2765",23.2049787097198,7.11582888289106,12,8
"2766",23.3068605302686,6.70239896444412,12,8
"2767",15.4005768085775,4.97115660338879,12,8
"2768",18.6624673037546,7.24680533165784,12,8
"2769",24.7186240463036,5.43347172204815,12,8
"2770",24.6560334006132,7.19754764010678,12,8
"2771",21.4027191507927,3.86009607253335,12,8
"2772",20.9903187344383,8.46624705136817,12,8
"2773",19.8073557940304,4.67130125283722,12,8
"2774",25.7584308536903,3.874110050947,12,8
"2775",24.2110762171603,4.27866679707982,12,8
"2776",22.8210689888729,8.06623008424935,12,8
"2777",26.8318392940419,6.92596160904123,12,8
"2778",25.3905809339222,4.5313832808839,12,8
"2779",23.8809791611455,8.81638408131084,12,8
"2780",22.9236317626252,3.58680474591209,12,8
"2781",24.5914348010962,7.28430055584432,12,8
"2782",18.9428717164795,6.36355392302506,12,8
"2783",25.7105750840986,7.88520289164858,12,8
"2784",21.2589166793663,4.82899499472423,12,8
"2785",26.1910033275318,4.10013649547849,12,8
"2786",16.3386210848702,7.08084708334398,12,8
"2787",19.6894200926948,7.02484659903565,12,8
"2788",28.4474591045928,4.9340148443684,12,8
"2789",19.1536749416137,6.43548370299004,12,8
"2790",18.7853749971688,4.57733798938917,12,8
"2791",25.1042080084534,5.94157779086792,12,8
"2792",28.648484897282,6.58152522358648,12,8
"2793",20.2704915719823,5.91150673215785,12,8
"2794",21.2320026392942,8.75456552839673,12,8
"2795",18.7267631349877,5.28517319767619,12,8
"2796",23.1316246559541,6.84876191634135,12,8
"2797",26.3711817698603,10.0316982225144,12,8
"2798",22.8873739554277,9.45694713363859,12,8
"2799",18.8070696082833,4.48708894344794,12,8
"2800",19.7191410790805,7.06336453219481,12,8
"2801",23.5755623475432,5.74782552435188,12,8
"2802",21.9319490095884,5.86038250331008,12,8
"2803",19.3121099815477,2.29814797106771,12,8
"2804",16.3672326258596,4.02153064489493,12,8
"2805",19.8090643072779,8.43361981255262,12,8
"2806",14.0724581485288,10.745982763232,12,8
"2807",22.5374879912907,8.44724960065996,12,8
"2808",18.4605463615925,8.7268038154151,12,8
"2809",22.4533791941866,9.60376312344647,12,8
"2810",23.1942268518677,8.06763976145568,12,8
"2811",20.2897341856813,4.140505326921,12,8
"2812",23.2052557489983,5.33618895781165,12,8
"2813",21.9433079542604,7.07179506504746,12,8
"2814",21.387560289918,7.5871695403343,12,8
"2815",24.4801684336021,5.578971940471,12,8
"2816",24.6355112061548,5.06621230553618,12,8
"2817",26.394249833906,7.55424083777951,12,8
"2818",18.3358406557644,6.81144033845169,12,8
"2819",29.0787152591522,6.41505405708938,12,8
"2820",23.5470157396771,6.87204630284933,12,8
"2821",22.9778532740597,5.92515711526303,12,8
"2822",24.7055522177447,7.99851068666311,12,8
"2823",27.6574983536534,7.3922324110185,12,8
"2824",22.9402698639653,6.1053092827472,12,8
"2825",20.2940034445923,5.46654073775468,12,8
"2826",23.1369728427789,6.07590898802729,12,8
"2827",26.3827715447754,3.99146729493121,12,8
"2828",19.6949841383638,4.72581530898422,12,8
"2829",27.0597912579257,4.4872863892364,12,8
"2830",18.4286328128134,7.98053404025344,12,8
"2831",23.4316417238934,6.16497161975159,12,8
"2832",19.7926965136671,9.93224541095231,12,8
"2833",19.449051501527,6.38235942639052,12,8
"2834",21.6281282607632,8.66495412215054,12,8
"2835",26.828743252575,8.3202452626554,12,8
"2836",22.5848707187841,4.70919532911639,12,8
"2837",17.5415192446125,7.15741964051478,12,8
"2838",22.3832196251726,7.68515943146772,12,8
"2839",18.3322955777571,3.8924103675301,12,8
"2840",21.5935741078323,6.3495893821398,12,8
"2841",15.4552277608583,5.27273712334028,12,8
"2842",18.2768516587394,9.28898105662295,12,8
"2843",22.3944549072901,6.5735547441467,12,8
"2844",19.7648338106609,7.08123364711191,12,8
"2845",22.6203781928427,7.07693468753165,12,8
"2846",24.005552159988,7.95208908036742,12,8
"2847",24.9810764601967,9.49207461151378,12,8
"2848",16.4917236063649,5.41350580244687,12,8
"2849",19.0275553211502,8.47732951438838,12,8
"2850",27.6502576898463,11.2873304649625,12,8
"2851",10.7675129221523,4.63176782099771,12,8
"2852",17.8216511907369,7.5588779736006,12,8
"2853",23.589900901278,10.5592067963058,12,8
"2854",18.617015320208,8.37121560411322,12,8
"2855",20.4868159665159,5.27674243846224,12,8
"2856",19.7531934849753,6.68314886807388,12,8
"2857",24.538740992216,5.07884201707732,12,8
"2858",21.2043252745939,7.36483324610207,12,8
"2859",18.2824513726043,7.34342888033465,12,8
"2860",24.9291797021605,7.15699025188952,12,8
"2861",19.599265597923,8.97175532340673,12,8
"2862",22.6335173075718,5.81642681090828,12,8
"2863",20.1233056613933,4.03876504070019,12,8
"2864",27.7537734600197,6.77087220102722,12,8
"2865",22.7304734623341,4.98122688167251,12,8
"2866",18.0287185709284,8.59994897319075,12,8
"2867",27.4936967998052,7.2120627411808,12,8
"2868",19.9210391323283,5.98617520417628,12,8
"2869",18.229421736087,8.18238599080123,12,8
"2870",27.4126636922706,5.39698232868167,12,8
"2871",17.9753726687561,6.62556188041328,12,8
"2872",21.2830778860666,8.10660930695343,12,8
"2873",20.2926408686679,7.5469941712264,12,8
"2874",18.5689117974819,8.68091924208143,12,8
"2875",20.8248326491712,6.51640862248937,12,8
"2876",24.3696895786713,6.38990617028574,12,8
"2877",19.2697535751221,4.72045463485835,12,8
"2878",21.9088356359334,6.98410567591331,12,8
"2879",20.6524409988105,6.40619616599377,12,8
"2880",21.0579243087391,3.62122620985309,12,8
"2881",16.884579476402,7.53052648203146,12,8
"2882",18.5061907872939,4.33933725784547,12,8
"2883",21.9324488487918,6.78313390555178,12,8
"2884",22.0108814749086,7.35531816262667,12,8
"2885",22.7645694737195,6.54890026058378,12,8
"2886",17.3715622540171,7.43308646176806,12,8
"2887",22.1331580445311,5.00455555542294,12,8
"2888",21.1352659106754,5.40584412983625,12,8
"2889",19.2035699910963,6.31756677326697,12,8
"2890",19.4928238947476,9.65555496147629,12,8
"2891",19.7224753720613,8.28317464519588,12,8
"2892",22.8094942462576,3.16157684989617,12,8
"2893",25.005605468663,8.18555905005687,12,8
"2894",20.5970840303534,5.49082376048169,12,8
"2895",17.7326429544117,6.92827112886607,12,8
"2896",21.5275076222687,7.34333859655508,12,8
"2897",19.4915079180106,5.61722289674906,12,8
"2898",15.7581619598032,5.54731646809599,12,8
"2899",21.6753151899723,3.79578870033313,12,8
"2900",24.2993519693781,7.5371680094569,12,8
"2901",18.3868188314401,9.29683147923555,12,8
"2902",17.9120307093797,8.40481464988032,12,8
"2903",21.6946625442087,5.86127096502433,12,8
"2904",18.8743805494159,8.13388153772178,12,8
"2905",26.8270166753832,3.17676453933489,12,8
"2906",20.0298730519321,2.40264487155206,12,8
"2907",21.2366784362474,4.18618324079809,12,8
"2908",16.0979759305982,5.53248043863209,12,8
"2909",18.9028882292716,7.96469145272602,12,8
"2910",21.4345987345299,8.88317480516608,12,8
"2911",21.9368122745399,6.05674125267813,12,8
"2912",24.1971790039831,4.25119495053696,12,8
"2913",19.6811556979404,5.78892859600416,12,8
"2914",22.5487273203227,6.4605047321788,12,8
"2915",25.2748567928011,4.54348533946117,12,8
"2916",18.4188599238802,4.20918748551433,12,8
"2917",23.9492067545743,5.21916548666712,12,8
"2918",20.8435854578011,5.8109409926513,12,8
"2919",20.1827230775524,8.32988597229959,12,8
"2920",25.0030657562548,5.07377224058784,12,8
"2921",19.9559395924521,7.57802410957188,12,8
"2922",20.5343754714685,5.52653833663089,12,8
"2923",20.0644626831282,10.1058971451629,12,8
"2924",24.9734820247606,7.77064160776697,12,8
"2925",15.9898548267893,6.30483849616019,12,8
"2926",15.6113634222241,7.21162410180268,12,8
"2927",25.2447907439891,4.53710136508652,12,8
"2928",23.0151254426928,4.64872404784518,12,8
"2929",25.0731626401574,6.10855991050376,12,8
"2930",23.3654814501163,8.37864341046748,12,8
"2931",24.3425333877898,4.41623720575909,12,8
"2932",24.6868651300502,6.69001097886875,12,8
"2933",22.6286116114949,4.93177299530358,12,8
"2934",23.1244430090497,10.065642791088,12,8
"2935",17.6355978163111,8.55885953145614,12,8
"2936",18.9543247712024,7.02021122068889,12,8
"2937",17.9676594153441,8.11045970828678,12,8
"2938",18.2474271981984,8.49716418952495,12,8
"2939",24.2630795667748,2.68990411298926,12,8
"2940",25.5255236789237,8.1775842798157,12,8
"2941",21.4712657558598,7.72698677680698,12,8
"2942",18.5885867204278,8.17813112965997,12,8
"2943",25.4938675333761,5.42041550202962,12,8
"2944",22.3437200901874,7.12454521337471,12,8
"2945",17.4719468973424,7.98802295545955,12,8
"2946",20.9506392533784,7.76151918028002,12,8
"2947",22.813625597189,4.27488127682443,12,8
"2948",18.3163466124383,5.84090188131709,12,8
"2949",23.2234137345487,6.55844486013259,12,8
"2950",23.1149659200903,6.68911067923815,12,8
"2951",30.6566487643399,8.03914605055082,12,8
"2952",27.8386205453544,6.24080762933048,12,8
"2953",19.1497426915531,6.03733602471016,12,8
"2954",15.2479780154001,6.46779459329157,12,8
"2955",22.2527561132937,6.69716669054623,12,8
"2956",23.0658503655871,9.9975081156154,12,8
"2957",23.2619867799255,6.21383898957695,12,8
"2958",21.256996310512,8.51018888247448,12,8
"2959",30.4037367540709,5.95255072610158,12,8
"2960",19.248129307841,9.00738406066744,12,8
"2961",24.1360739752096,5.59502105003859,12,8
"2962",17.2739688975628,5.18585375199806,12,8
"2963",17.4746258721023,4.94825727185153,12,8
"2964",23.8290070996786,5.32438073994492,12,8
"2965",17.6676864420164,7.34588590872115,12,8
"2966",21.2559582730543,7.36802145642231,12,8
"2967",22.9858786419814,8.24112736718533,12,8
"2968",23.5765445965426,8.08078914188835,12,8
"2969",19.4109192285,6.26443686593134,12,8
"2970",26.3687582196108,8.21875138195283,12,8
"2971",14.2139242294694,5.90081931384226,12,8
"2972",23.9071039277988,6.06418145836489,12,8
"2973",16.7069669986653,8.08732685781247,12,8
"2974",21.7860908693662,5.6863795469017,12,8
"2975",19.1173887027427,5.95955115410442,12,8
"2976",23.9976171570573,6.16022613101389,12,8
"2977",19.7824381153608,7.10037603795234,12,8
"2978",19.3827004656006,6.09976801702864,12,8
"2979",13.9424470161059,7.87689800247297,12,8
"2980",17.9216411484177,7.40280985094622,12,8
"2981",23.083626112185,8.31548049677989,12,8
"2982",17.8547016110062,7.97345212812373,12,8
"2983",22.2373069649789,6.05727320240015,12,8
"2984",30.0099902875299,4.22147752718482,12,8
"2985",28.9262733625727,4.93141922238605,12,8
"2986",22.5977673639952,3.19474954072074,12,8
"2987",29.4889402589263,4.13696559980681,12,8
"2988",25.3932175819539,9.27353629417073,12,8
"2989",21.9711617377858,7.20220471066795,12,8
"2990",22.6246466788522,9.0141104799179,12,8
"2991",19.834558583443,7.39946749166071,12,8
"2992",20.5782216054488,5.9840970056444,12,8
"2993",22.1218689704841,7.96321901158078,12,8
"2994",18.0476612057633,4.20311004033732,12,8
"2995",20.8682964981951,5.20908360158103,12,8
"2996",20.8300951036413,3.69843660581668,12,8
"2997",18.180541424297,3.81579022679576,12,8
"2998",11.2406862552508,8.32956886506034,12,8
"2999",22.5003448357,4.39030026459576,12,8
"3000",25.1812258497845,3.55015212032441,12,8
