"X1","X2","component","subcomponent"
"2001",25.1756939911848,4.40850544800804,12,8
"2002",22.9088716935836,5.71015990464684,12,8
"2003",22.4677716215394,6.93520606657921,12,8
"2004",18.4580232440498,8.44299760527484,12,8
"2005",23.6107955501714,7.78777453466077,12,8
"2006",23.6270714556424,8.94451503537262,12,8
"2007",23.9208502313325,8.09996727337984,12,8
"2008",22.5494880676664,6.62782144447083,12,8
"2009",19.4814350631479,5.78832867838863,12,8
"2010",26.9714239789389,8.88201083142307,12,8
"2011",25.5643924153065,6.902418835846,12,8
"2012",18.0174719385821,4.23070440676227,12,8
"2013",24.7796677986068,4.92700581283529,12,8
"2014",20.9931503834779,6.20485335561734,12,8
"2015",20.6848165241354,8.32266756737605,12,8
"2016",23.8539651019654,7.00059759829315,12,8
"2017",23.522027502736,5.87565768158422,12,8
"2018",27.3573188803431,7.14083819131442,12,8
"2019",23.0170467544993,4.72842603411954,12,8
"2020",25.2591986645761,3.84712745211043,12,8
"2021",16.9753002273839,6.24347055169376,12,8
"2022",15.7977736222284,8.26401541729949,12,8
"2023",23.0295731116587,4.28467662719237,12,8
"2024",27.0100398031267,4.0514041691588,12,8
"2025",22.7452837436317,7.55573596080818,12,8
"2026",16.8759527000226,5.87625611752071,12,8
"2027",29.0244972691254,7.7388385197887,12,8
"2028",22.5507491205384,1.91707743770575,12,8
"2029",24.7379776381057,4.46391261951726,12,8
"2030",17.1119454598506,5.22463893280444,12,8
"2031",21.642622469946,5.92652564106524,12,8
"2032",19.8699279322519,6.3398942904923,12,8
"2033",24.5959158846171,5.52932663849657,12,8
"2034",25.5717920665319,7.59090624877533,12,8
"2035",20.4280786342517,7.81198439024519,12,8
"2036",24.2233559691593,10.1849597631847,12,8
"2037",21.4052791754359,6.68907451064529,12,8
"2038",22.4682504916339,5.02251505914587,12,8
"2039",19.9565122374472,7.61355358564215,12,8
"2040",17.5053401108267,9.01464611669809,12,8
"2041",21.3199921228745,7.90397961171484,12,8
"2042",28.4998776351686,7.21898524702356,12,8
"2043",17.525261653032,4.93621193629217,12,8
"2044",25.0719268015782,9.84538956376367,12,8
"2045",20.8461733525017,8.62216929847781,12,8
"2046",24.2239529583532,6.63502223861746,12,8
"2047",24.0555245264927,4.50119508940319,12,8
"2048",23.6791007417975,7.72493239781213,12,8
"2049",21.2345147797885,7.24615176002956,12,8
"2050",23.1745115139644,6.63119860791621,12,8
"2051",19.9983839604873,6.22036444281862,12,8
"2052",17.413247195866,4.10858344223477,12,8
"2053",20.4029380246458,4.9722316518683,12,8
"2054",20.4942507636059,3.39765710349373,12,8
"2055",22.8413910356235,8.2114207381131,12,8
"2056",23.2625097486902,8.60277217509709,12,8
"2057",22.6112282733165,6.46268864992332,12,8
"2058",25.5247989001546,7.33769776882008,12,8
"2059",16.0324142879117,6.02940983401811,12,8
"2060",22.9333083320266,7.12100177576411,12,8
"2061",27.5724994264963,6.85719855872296,12,8
"2062",21.0772128051193,5.21814111902232,12,8
"2063",18.6480348438854,6.25262351220636,12,8
"2064",19.5300825925073,9.62876022100273,12,8
"2065",18.8033951589959,9.46868836361703,12,8
"2066",17.212974930314,5.26254374645616,12,8
"2067",23.6057670082459,5.36793368489412,12,8
"2068",24.3511724065234,7.9862284924306,12,8
"2069",21.6087112328001,3.33245890117692,12,8
"2070",26.1034363301617,6.43723217469155,12,8
"2071",23.0774556888585,7.65170309587087,12,8
"2072",21.7749795898261,6.32561650197738,12,8
"2073",17.9105455585467,7.22941214768146,12,8
"2074",19.0675799040864,8.67493185684024,12,8
"2075",21.3401994451977,7.07860891666331,12,8
"2076",22.1105244023187,5.32064840122785,12,8
"2077",21.9150324506831,5.44497816102083,12,8
"2078",21.2023193194012,6.80630221471992,12,8
"2079",23.2752872535146,9.26217432041262,12,8
"2080",20.6495177703985,3.30445390640117,12,8
"2081",29.6082837996214,6.28826418106862,12,8
"2082",18.4456233615682,7.49149849027777,12,8
"2083",21.50419328783,8.31567983011777,12,8
"2084",18.8912694028607,6.66820746498315,12,8
"2085",28.4675938014983,5.12165754868164,12,8
"2086",22.1074163226529,5.07383087940962,12,8
"2087",18.0909841404453,4.69013981171901,12,8
"2088",20.5211921327159,7.60698927647869,12,8
"2089",21.6891041611157,5.705927269477,12,8
"2090",27.6032967753683,7.81810264823306,12,8
"2091",20.6391836304115,5.64353162713141,12,8
"2092",16.2134703419537,3.51769375234724,12,8
"2093",27.8080809154197,7.75287862862931,12,8
"2094",19.2593500341086,6.44986182271857,12,8
"2095",29.1780996447981,8.8800744154533,12,8
"2096",19.9549258433089,8.51180768989763,12,8
"2097",22.3706127078485,9.32671707537253,12,8
"2098",21.2405569948588,7.96177231919706,12,8
"2099",16.4898556491757,6.5237897241453,12,8
"2100",25.022234137419,8.97975840074784,12,8
"2101",22.7756695827528,4.16477605827794,12,8
"2102",23.0010440425,7.87904032648515,12,8
"2103",23.0776735845536,6.24561758665574,12,8
"2104",32.8897849612073,2.97974799751361,12,8
"2105",20.87358106462,5.69681022680088,12,8
"2106",19.603437299842,5.53438782325878,12,8
"2107",14.0953378038584,6.56122165605322,12,8
"2108",17.7537248023389,5.50428087312266,12,8
"2109",22.7871865235388,5.72389062609017,12,8
"2110",18.5437687630147,8.16017126862673,12,8
"2111",23.1319917910711,3.53768887101177,12,8
"2112",19.7116817423445,3.97627390122085,12,8
"2113",20.6744785681329,3.27152380938971,12,8
"2114",25.1137141819643,7.43807969156223,12,8
"2115",20.2889479389893,7.61797885499651,12,8
"2116",25.7606630184994,5.78232340677962,12,8
"2117",19.4780909534073,1.54291097071073,12,8
"2118",19.2669627331532,4.32710090703732,12,8
"2119",19.7206788191341,6.34942856043808,12,8
"2120",23.6952984048294,8.11190802770574,12,8
"2121",19.2943149978093,7.8126461753475,12,8
"2122",19.7417886277602,8.51046373635426,12,8
"2123",23.0595315728801,6.52640926013772,12,8
"2124",31.6917709152003,6.23539301476981,12,8
"2125",21.7516473857933,4.9213993616125,12,8
"2126",31.7960033359381,6.66021169653763,12,8
"2127",22.9904842391151,10.3568665435465,12,8
"2128",21.4521902058818,7.09655125371145,12,8
"2129",19.6664181311472,9.99647728475098,12,8
"2130",13.1667190799299,4.77113156645408,12,8
"2131",24.1721009871759,9.03944449532809,12,8
"2132",25.3342760988377,5.35572200252068,12,8
"2133",23.4220941923715,4.70394147037841,12,8
"2134",21.551598219192,7.43490055403918,12,8
"2135",21.6335740724682,6.0065404250482,12,8
"2136",32.657562161453,3.50346091017674,12,8
"2137",20.369453062455,10.1521992219483,12,8
"2138",22.6562385177062,5.03662586152622,12,8
"2139",19.93344933315,7.60661488153481,12,8
"2140",27.3590831938938,5.63811433087738,12,8
"2141",24.4684769129024,3.77255603131132,12,8
"2142",14.257435573479,6.48842236702081,12,8
"2143",22.8272465737881,10.9850092937157,12,8
"2144",19.5491221277695,5.64531185608868,12,8
"2145",27.2563230724093,7.37288861069456,12,8
"2146",18.4238439941588,5.78590243435917,12,8
"2147",21.8629719135234,6.54709062366442,12,8
"2148",25.4392534134925,5.58989226104225,12,8
"2149",27.9479163795817,11.7737992609351,12,8
"2150",25.3643530147483,4.24870146737495,12,8
"2151",25.0101030028179,7.69376332791116,12,8
"2152",19.6766683320543,8.13365320759502,12,8
"2153",29.7258655794665,7.65814888395126,12,8
"2154",17.2057787700473,7.57106684949758,12,8
"2155",26.4617723703378,4.6879782293771,12,8
"2156",29.9534415249162,7.97781159012511,12,8
"2157",22.9772500932074,6.10086457357572,12,8
"2158",11.6987789555772,7.23376445606178,12,8
"2159",22.2819999990052,4.4064823627537,12,8
"2160",20.7457786609977,11.1624535326567,12,8
"2161",23.8500024028202,6.56720916029681,12,8
"2162",23.4667343570147,6.4285376443237,12,8
"2163",14.2004681467935,4.91936881349375,12,8
"2164",21.6421055258918,9.30569161006613,12,8
"2165",22.7729724066444,8.00711605877638,12,8
"2166",20.101795526865,6.32378904499947,12,8
"2167",18.2937592808075,5.76036362392626,12,8
"2168",22.4589166107454,6.35408563623428,12,8
"2169",20.5161301162465,6.45072736755075,12,8
"2170",18.2663197071604,7.02639291042816,12,8
"2171",21.7980519530228,4.89335369600433,12,8
"2172",22.6198218979555,6.15429929166965,12,8
"2173",22.6425124406079,4.50994231853914,12,8
"2174",26.3657000508294,8.03620960692745,12,8
"2175",21.3241102350206,5.84511514736325,12,8
"2176",27.245655760151,3.80494837159004,12,8
"2177",22.6930694945457,7.38384721548151,12,8
"2178",21.7367063810307,7.24437091904379,12,8
"2179",22.8006916128696,3.89653205250114,12,8
"2180",24.0266611789662,3.21964093740061,12,8
"2181",26.5041118142747,4.93426544509362,12,8
"2182",20.2022039170376,5.04015823926736,12,8
"2183",24.4022959326805,7.10192313238558,12,8
"2184",24.2611675872946,6.81935440251774,12,8
"2185",18.6909734956362,5.84051059629934,12,8
"2186",24.0552458027847,6.93984348577277,12,8
"2187",18.8854736821375,7.02088033523667,12,8
"2188",17.1098716266381,4.53471676045738,12,8
"2189",16.5540178082259,10.8367493177753,12,8
"2190",18.4397145073577,6.05764130505214,12,8
"2191",16.2153299885456,9.82766951885475,12,8
"2192",20.0814375362435,6.87058405553091,12,8
"2193",14.9970311983764,3.32219998917986,12,8
"2194",20.4285773329245,6.97869591891141,12,8
"2195",26.1574198346471,3.93340868565373,12,8
"2196",21.6854296660659,5.6074145971276,12,8
"2197",17.8133577083899,10.3099274257569,12,8
"2198",25.2050552159034,8.10625444694206,12,8
"2199",22.1375287310109,6.79763879822802,12,8
"2200",22.8490122712982,8.74163914829908,12,8
"2201",29.9396080715608,7.70225033995957,12,8
"2202",22.5073696263069,6.7978755424364,12,8
"2203",22.4174848944931,9.46231776780563,12,8
"2204",21.3070087838604,7.7059140824131,12,8
"2205",17.7700414288035,4.69775968529214,12,8
"2206",24.8166561338833,8.51212574413081,12,8
"2207",21.3020726293352,4.92730558472118,12,8
"2208",13.8333917442688,5.8844940297904,12,8
"2209",25.4368466452502,8.34549698765874,12,8
"2210",25.9334462368008,4.19786097411359,12,8
"2211",23.7370322493587,4.85178212435471,12,8
"2212",19.949088561659,7.1505258026735,12,8
"2213",14.9329914851863,7.24852175422132,12,8
"2214",26.0618769030867,5.47660122655701,12,8
"2215",18.3353441370379,4.91704318337878,12,8
"2216",20.4701970012719,4.23473792462123,12,8
"2217",20.6680353705837,6.94993755792975,12,8
"2218",30.6182147469961,6.66294102952781,12,8
"2219",23.6981477527942,5.84586823968771,12,8
"2220",22.5134286915031,6.560233006652,12,8
"2221",21.7851108195873,7.45562643413824,12,8
"2222",15.9748326261679,6.11970404076972,12,8
"2223",24.9747674970542,9.67562034999087,12,8
"2224",24.0395276859786,3.89397630647093,12,8
"2225",19.6466810674821,5.07961518114017,12,8
"2226",20.204350824721,6.87621720046246,12,8
"2227",28.8389047799609,8.50252265689861,12,8
"2228",20.5487700869163,9.39991563231831,12,8
"2229",22.6217095037681,6.61787491748871,12,8
"2230",20.8913590026366,6.82645366715216,12,8
"2231",23.8782622359527,5.49709191961495,12,8
"2232",27.7712058787124,7.29841965700443,12,8
"2233",22.9666353947897,5.15058659551433,12,8
"2234",21.2103066968095,6.70976176333145,12,8
"2235",25.1112811691514,5.70909161961139,12,8
"2236",27.244797057846,9.65432637041468,12,8
"2237",20.8823214853468,9.00358102978948,12,8
"2238",17.3638667048001,7.94246806800303,12,8
"2239",21.2966011990631,7.69265627611663,12,8
"2240",16.0133070627884,7.54509993788606,12,8
"2241",16.6094898960922,7.69263466577143,12,8
"2242",22.6364570832781,8.23572909794779,12,8
"2243",25.3197165494454,7.95267487472243,12,8
"2244",20.1448327302639,8.94255480244229,12,8
"2245",26.159980649452,6.82612843697165,12,8
"2246",23.7962863802885,7.88837880595288,12,8
"2247",19.8270034796445,7.35992769766889,12,8
"2248",24.0005203106481,6.39042203192937,12,8
"2249",15.3332541076577,5.7034716245614,12,8
"2250",28.2714782226339,8.2152030893654,12,8
"2251",21.0283738530501,7.69231531038073,12,8
"2252",17.4930526029062,3.95276363563827,12,8
"2253",22.1091083540941,7.03369832825066,12,8
"2254",21.5667692722865,7.9853835122173,12,8
"2255",24.8624541816824,4.34260788571692,12,8
"2256",18.1893941550351,8.06895686227032,12,8
"2257",21.7996880159116,7.3411178464234,12,8
"2258",19.814115308391,3.87296618942776,12,8
"2259",22.3749863854349,4.24393748788835,12,8
"2260",30.1882144783656,4.70065250008314,12,8
"2261",19.5402822408975,5.63021901114921,12,8
"2262",19.7296974043614,5.78679503582306,12,8
"2263",25.4875946717759,11.0539201420956,12,8
"2264",24.9857957316908,6.10232624322301,12,8
"2265",23.1759076672794,3.35607801915085,12,8
"2266",25.7456820253898,3.34922498896145,12,8
"2267",21.0935309810054,9.23990881072358,12,8
"2268",22.4482810879333,9.77358985887827,12,8
"2269",23.2999090962211,5.89126043024499,12,8
"2270",23.3089498343754,7.71350899375802,12,8
"2271",24.4623654434797,4.45180540512438,12,8
"2272",17.9278433273966,8.25296963365999,12,8
"2273",27.1743350687556,9.16349551642386,12,8
"2274",21.5037344013871,5.63762752316525,12,8
"2275",18.5867976400734,6.15964595858853,12,8
"2276",20.6147184899481,9.24097499612754,12,8
"2277",19.3715169735402,7.27073799769055,12,8
"2278",25.1256114238729,6.2887163981936,12,8
"2279",24.9982879266914,7.15467467278321,12,8
"2280",29.9253555544687,8.42515200387857,12,8
"2281",22.7603169715347,6.00637030656638,12,8
"2282",28.2221931589464,6.2355616580837,12,8
"2283",19.9527093854959,8.09283205932755,12,8
"2284",22.8890561790639,6.50260744137859,12,8
"2285",25.028560848202,7.53432102962119,12,8
"2286",21.2256803321379,5.76437107130473,12,8
"2287",25.8404102826044,7.20456225301211,12,8
"2288",24.2570519861113,2.36760190211889,12,8
"2289",20.457969701241,2.74217199556214,12,8
"2290",19.3385006460832,6.40803945864166,12,8
"2291",12.4958926545555,7.11812779056276,12,8
"2292",17.7098631118864,8.19152505540391,12,8
"2293",21.3717484836131,7.52513734936925,12,8
"2294",22.1831481034827,4.60123321223227,12,8
"2295",31.7120397524903,7.39328431099442,12,8
"2296",18.5589204920934,5.67193281918409,12,8
"2297",23.3630044430502,4.4593474900957,12,8
"2298",25.3127128384221,11.888820246815,12,8
"2299",26.8217330890257,6.54630063376049,12,8
"2300",23.9906369277435,7.8248961902586,12,8
"2301",16.4676813244332,5.83621672663358,12,8
"2302",18.6890413648936,7.10910292042454,12,8
"2303",22.9015334752293,10.5115965085699,12,8
"2304",23.7486204586779,5.40836944808915,12,8
"2305",22.9104008577693,6.09101522823219,12,8
"2306",27.6171867642792,6.99494235572957,12,8
"2307",23.2315712813655,5.9755754767993,12,8
"2308",23.9152947988797,3.17971011867061,12,8
"2309",24.1079789895844,6.35311031743483,12,8
"2310",20.7650112437144,3.43971408573968,12,8
"2311",27.6217348607744,5.5838999961836,12,8
"2312",18.9942763125404,8.44849857804874,12,8
"2313",20.6916563041924,7.03373364615626,12,8
"2314",24.3856498486992,8.94860334207779,12,8
"2315",28.0175813719024,8.40935231409395,12,8
"2316",21.3566258693802,7.0962469601373,12,8
"2317",23.483764123238,4.21113467011162,12,8
"2318",25.8239416365427,7.80214613797323,12,8
"2319",19.1739949844086,6.65430024977324,12,8
"2320",25.4390686115498,6.26074161530892,12,8
"2321",25.2905528172136,4.77174317684899,12,8
"2322",27.3744435178175,7.12121402701354,12,8
"2323",19.5828089301103,6.41400759851391,12,8
"2324",23.4437809083987,4.52265913289592,12,8
"2325",21.0388941513813,4.74547703510545,12,8
"2326",17.1370668172462,7.05652965903945,12,8
"2327",20.7273591445989,8.08747169074685,12,8
"2328",26.9792408851011,6.46199244805402,12,8
"2329",22.2062058464235,6.08038480136649,12,8
"2330",22.0493070408565,6.47565038525945,12,8
"2331",20.6273811995208,8.22535507959484,12,8
"2332",15.8078157971061,6.39602851319234,12,8
"2333",22.1085652556166,7.86245150444124,12,8
"2334",19.7524815585548,8.38118471370368,12,8
"2335",23.7116890654449,4.79979935792166,12,8
"2336",20.5984361381651,7.28620127658207,12,8
"2337",22.5170990709263,6.99467070299367,12,8
"2338",16.7654931272402,7.18235281395377,12,8
"2339",13.1706671855746,10.1588232234015,12,8
"2340",20.8574372719156,5.20097276905305,12,8
"2341",18.725468720446,10.0646213430361,12,8
"2342",23.1879708760085,5.54348464010112,12,8
"2343",14.6220223026653,5.65813646030168,12,8
"2344",17.5900359809151,6.36234094048663,12,8
"2345",19.6956258610893,3.87100262650725,12,8
"2346",26.2505058507396,7.90163385277424,12,8
"2347",17.8872591867892,3.88769320910262,12,8
"2348",23.2107662749595,7.82223865766501,12,8
"2349",24.7310558693532,5.81638995746525,12,8
"2350",20.8178746131432,7.40130439658863,12,8
"2351",18.9280694516979,5.68383356205103,12,8
"2352",21.7211542318246,5.71243058942311,12,8
"2353",20.2903632010934,6.47137734136348,12,8
"2354",24.1540201863984,3.80017200941036,12,8
"2355",25.8432905271846,7.38795209257179,12,8
"2356",18.3615965940915,6.33538755759712,12,8
"2357",18.1253881270139,4.53114785550111,12,8
"2358",23.9081795416291,6.53013112870054,12,8
"2359",22.426762820413,4.87236212766839,12,8
"2360",20.1056637828924,6.80796724784256,12,8
"2361",22.3343436114025,6.95168104504011,12,8
"2362",27.5455303962949,2.22820406056692,12,8
"2363",27.7818697385785,6.49846256443349,12,8
"2364",25.8214060308731,8.20326781619599,12,8
"2365",27.2161166860542,8.17665518447099,12,8
"2366",15.0623107967395,5.47201574363846,12,8
"2367",23.2278934583056,8.88654687022974,12,8
"2368",19.8916593206808,7.78935416102302,12,8
"2369",21.5031920972169,9.00606508547108,12,8
"2370",17.4357190336659,12.2510444451046,12,8
"2371",19.3967496445771,3.20898603601782,12,8
"2372",21.8234252432069,2.86893896869883,12,8
"2373",20.8104550544672,6.17667938064594,12,8
"2374",29.9734712898393,4.57767944324879,12,8
"2375",16.2224769358596,6.31152800277683,12,8
"2376",18.0004494599705,8.17380030634439,12,8
"2377",23.6031473251693,7.27245230347422,12,8
"2378",21.2579182040851,8.26937315173195,12,8
"2379",25.0379467862105,6.51056439455492,12,8
"2380",22.2843755848852,8.25348900631026,12,8
"2381",24.554132295686,5.80839600570144,12,8
"2382",20.0183549309561,3.12285980945788,12,8
"2383",15.5149664004702,2.79608366620124,12,8
"2384",28.2196144305523,6.90300648568305,12,8
"2385",24.0880453606067,5.17533040093514,12,8
"2386",21.2743445910436,5.62741345854173,12,8
"2387",24.051832459468,6.07824534824199,12,8
"2388",24.4436823637589,7.53639186089971,12,8
"2389",24.0965419625448,4.7550135897495,12,8
"2390",18.4569885858924,5.55772156529236,12,8
"2391",20.6302561635587,7.85209014867426,12,8
"2392",26.7687073486197,7.03822909288893,12,8
"2393",22.2525470093471,6.91839028025745,12,8
"2394",20.7273921789278,6.03163539151082,12,8
"2395",17.1586297919696,6.70173555644716,12,8
"2396",26.1382638733928,6.24099927112779,12,8
"2397",20.9306377923377,6.9686253069535,12,8
"2398",23.7005617413802,5.99728771415415,12,8
"2399",16.826528668449,6.68039354513716,12,8
"2400",21.226246827138,5.05950495757676,12,8
"2401",20.4727337424052,2.24804220868418,12,8
"2402",20.6281619880657,4.98455843395375,12,8
"2403",16.3407743092124,7.51797004161109,12,8
"2404",26.2084446172146,6.01315307737996,12,8
"2405",20.7330019494783,4.46903201398998,12,8
"2406",15.2900967680034,10.1036873315461,12,8
"2407",23.6213738800746,7.74783647841805,12,8
"2408",22.4908226567145,5.94715205627417,12,8
"2409",21.3741286087343,6.80472457022488,12,8
"2410",23.4756782539589,7.70136390173323,12,8
"2411",27.3930198518582,3.90186598776243,12,8
"2412",25.2461158157452,11.7491868018056,12,8
"2413",23.4515554506792,5.59600451340594,12,8
"2414",21.5801570416958,6.22350700837201,12,8
"2415",15.9966062368035,6.11652012251951,12,8
"2416",21.1706809790667,8.17662626092959,12,8
"2417",28.4231714592958,3.35306373390184,12,8
"2418",23.013919155562,6.91961340932061,12,8
"2419",23.6603404285991,5.92314548955102,12,8
"2420",19.0359447274206,6.40526789800001,12,8
"2421",22.0685515999195,7.26960151959468,12,8
"2422",19.0433666855539,7.49150911439565,12,8
"2423",20.4627679747918,5.31000026894538,12,8
"2424",20.3521147450229,10.1667888927934,12,8
"2425",27.6444595128617,8.94973507342617,12,8
"2426",21.7554968555109,4.81352457212718,12,8
"2427",21.3669398549123,3.98972140551567,12,8
"2428",25.1520550750598,6.45539485566682,12,8
"2429",24.0598595687041,5.13369407865448,12,8
"2430",19.2765001070877,5.29783721613219,12,8
"2431",24.3293081118421,4.33175072015897,12,8
"2432",22.4104868268563,8.81233474975333,12,8
"2433",17.5044211534343,2.21862047170301,12,8
"2434",26.6686149454598,6.00072047479147,12,8
"2435",26.1133434050357,4.75457074855689,12,8
"2436",24.0613103969433,7.14691234503576,12,8
"2437",25.222307934494,7.74110411662165,12,8
"2438",23.9811748330201,6.68346659736083,12,8
"2439",21.0098509393883,7.61133212089457,12,8
"2440",21.8653795676614,3.91030251203838,12,8
"2441",25.1545047502072,5.8545576461827,12,8
"2442",19.1471642454998,8.53879942072288,12,8
"2443",23.2432683262745,8.21684903646068,12,8
"2444",23.9160419084629,6.44173916172182,12,8
"2445",23.0489877690257,7.19751493318759,12,8
"2446",21.6193911756096,6.20363896456598,12,8
"2447",21.1313784798465,3.60218130682525,12,8
"2448",27.7619935588776,8.19024893931697,12,8
"2449",21.6457427874804,5.6442454142871,12,8
"2450",24.3780909394618,8.93562848584575,12,8
"2451",21.5221837611532,9.21305685027098,12,8
"2452",20.0280496018773,7.30176450854288,12,8
"2453",18.0136758139851,4.89701255959574,12,8
"2454",22.4636075049035,10.8901874693138,12,8
"2455",22.4781964362719,5.10406220320789,12,8
"2456",32.3911947875161,8.26095683518941,12,8
"2457",19.573344216292,6.43289525623174,12,8
"2458",21.0724793906716,7.47895580273019,12,8
"2459",18.307461178142,10.1194740727823,12,8
"2460",19.4257417814481,7.09336959512629,12,8
"2461",22.6434796492143,8.53527316443757,12,8
"2462",24.7474780167517,6.94097281705327,12,8
"2463",16.882291445904,11.1765625087807,12,8
"2464",19.9982443385205,7.32414151447659,12,8
"2465",24.8639018370914,4.24855430173152,12,8
"2466",25.3598202188352,5.62090886503376,12,8
"2467",22.9705970195767,7.84547096881913,12,8
"2468",25.9387704343582,7.65681206917624,12,8
"2469",25.7716118805459,2.75325660070101,12,8
"2470",19.6895174399876,7.177303274178,12,8
"2471",23.846216911016,4.90752001352561,12,8
"2472",20.5091599685131,5.56532874356043,12,8
"2473",18.8477247351621,7.46198584995212,12,8
"2474",22.1997976239488,7.36140082126393,12,8
"2475",23.5056534659118,7.74062961003307,12,8
"2476",25.1064936013942,4.80277632552653,12,8
"2477",18.7696958262152,5.47007184507957,12,8
"2478",19.76303784443,5.65590017998835,12,8
"2479",26.965175492632,6.25987679811461,12,8
"2480",18.315269618886,4.34846419354951,12,8
"2481",13.017258074822,5.0211150190573,12,8
"2482",26.0049795082029,7.79883633578238,12,8
"2483",21.4939257780042,7.87008860684433,12,8
"2484",19.1065568423516,5.88764761087934,12,8
"2485",24.6425262672628,7.05213261124367,12,8
"2486",24.6549150423037,4.64208570147387,12,8
"2487",24.0833302719548,6.85728004604593,12,8
"2488",15.0907311410252,8.86351793860322,12,8
"2489",26.0083096161437,10.4464083428705,12,8
"2490",21.2097614607993,6.76053976767394,12,8
"2491",20.1066958347671,3.79318507256492,12,8
"2492",27.3572047365357,7.81773900132444,12,8
"2493",22.7789100980895,4.55403606918386,12,8
"2494",23.0701799245603,4.31320955527521,12,8
"2495",22.0350389889813,4.13238842968668,12,8
"2496",24.2170681680059,7.73073377142113,12,8
"2497",23.4623906874054,6.46998151766835,12,8
"2498",19.7050417424985,9.19833563564156,12,8
"2499",26.3005903832411,3.1497741469245,12,8
"2500",20.8786765367186,8.17458747242838,12,8
"2501",26.3492432290656,4.51384067763565,12,8
"2502",21.6660774958328,5.65837462730776,12,8
"2503",18.7226857642484,11.0514846293044,12,8
"2504",22.7935997664831,3.54444674710092,12,8
"2505",20.3479889221266,5.24094601381379,12,8
"2506",27.9803372140426,7.00088130878252,12,8
"2507",24.6559205826102,5.87199983084597,12,8
"2508",20.8295279664155,2.22208578340024,12,8
"2509",20.8464162454931,5.0963562639903,12,8
"2510",22.5080202563762,5.47200814879968,12,8
"2511",13.6320774906356,9.52884142975762,12,8
"2512",21.3069257198116,4.41451752298445,12,8
"2513",18.809955899139,5.93669827829535,12,8
"2514",24.2168252087086,4.42549756813602,12,8
"2515",14.423948469815,6.70719077439575,12,8
"2516",22.9182659787457,2.7400855173392,12,8
"2517",24.3947060661096,4.78315671389967,12,8
"2518",19.8175755252806,11.1601088937863,12,8
"2519",24.8814361383925,5.1868652811986,12,8
"2520",27.0510705814451,5.13228815413268,12,8
"2521",23.6255356882531,2.52704040396627,12,8
"2522",26.2666815038299,5.22018634930731,12,8
"2523",23.6268506462109,6.0392362573335,12,8
"2524",20.4771402923279,7.74600736010606,12,8
"2525",21.1080586773417,7.59678736916625,12,8
"2526",24.0674805213238,7.70422649516498,12,8
"2527",22.5998649571116,9.32226783324928,12,8
"2528",28.9621241984204,4.90320035033928,12,8
"2529",29.2793747096231,6.28954664740759,12,8
"2530",24.7704520174933,6.3875112694911,12,8
"2531",27.7003588377127,6.70736650128071,12,8
"2532",31.1239058266413,5.99979984839718,12,8
"2533",16.8347610992696,5.89639926619636,12,8
"2534",19.4829214429982,12.0373252784666,12,8
"2535",22.1053429348409,7.1454067008186,12,8
"2536",21.167253446611,7.21612954164947,12,8
"2537",21.9010983446945,6.68659798991772,12,8
"2538",20.2301698939856,8.12273824663971,12,8
"2539",26.6732169228345,3.97773086149167,12,8
"2540",26.4654707457412,8.90030147183041,12,8
"2541",24.965828179071,7.39822030796248,12,8
"2542",23.835260602023,8.5702739610194,12,8
"2543",19.3612442508608,7.83486084210584,12,8
"2544",19.6318344471451,7.38799504165087,12,8
"2545",24.2982239679636,5.33652236207165,12,8
"2546",27.1783954793551,5.14594564982383,12,8
"2547",23.0571191604583,6.5052254931171,12,8
"2548",24.2438288989159,2.36864007614899,12,8
"2549",19.3243545916909,5.69557589356128,12,8
"2550",21.6973777869222,4.99810443894376,12,8
"2551",21.8404060125903,7.08885847317224,12,8
"2552",26.3177574542579,4.6845724507951,12,8
"2553",17.3117693772456,4.67622188482644,12,8
"2554",18.4905794355396,5.16891201239093,12,8
"2555",23.9391989451587,6.38808085250662,12,8
"2556",21.2339683685423,7.56033756556973,12,8
"2557",23.5950018615762,7.39286190905035,12,8
"2558",25.8363543775287,2.97216729018473,12,8
"2559",25.2412888826861,7.88174527470639,12,8
"2560",22.1337608174323,9.56343368516206,12,8
"2561",24.5632185888425,6.32524859846775,12,8
"2562",16.8128500045544,6.77983185709181,12,8
"2563",22.3644811393798,6.99092739535706,12,8
"2564",17.9431275495669,9.15775949746994,12,8
"2565",27.865015174982,7.03242993990022,12,8
"2566",26.3305666079684,8.11189421034961,12,8
"2567",26.7376425083984,7.58703424488266,12,8
"2568",20.1700005567164,5.70996023565298,12,8
"2569",25.5681320547985,6.36531642437759,12,8
"2570",22.7957371503086,7.30624813316082,12,8
"2571",16.1051843816024,2.56736359426599,12,8
"2572",23.729040187801,6.56016231599435,12,8
"2573",20.030559065224,2.61821492527423,12,8
"2574",20.3097889609082,6.145614869841,12,8
"2575",27.1355337377445,9.86325184248384,12,8
"2576",17.9827199026702,5.71310898166046,12,8
"2577",17.6343089178927,7.61685928591432,12,8
"2578",19.3148727890919,2.24212973384253,12,8
"2579",25.606154495462,4.53533630396461,12,8
"2580",21.5253844671909,3.72278453903448,12,8
"2581",21.7057055719725,5.34185560805354,12,8
"2582",20.2988232917155,7.41915233737113,12,8
"2583",23.182632104791,6.93488212449465,12,8
"2584",23.3613061184352,6.30370152673114,12,8
"2585",23.8209236867761,7.03415439510953,12,8
"2586",24.0252547861746,7.93196752956192,12,8
"2587",20.4676059504218,3.72215707791015,12,8
"2588",20.6776822226162,7.10357366061101,12,8
"2589",27.6154241398661,6.70015931183775,12,8
"2590",21.3906450197805,11.7101812847796,12,8
"2591",26.3000640776849,6.60946374264809,12,8
"2592",19.6116211119982,4.06365557922976,12,8
"2593",29.5094123927062,5.85160047489656,12,8
"2594",22.6446071062485,6.27763182582706,12,8
"2595",19.5957072875338,6.0721369096798,12,8
"2596",28.6176056919408,5.58039286368276,12,8
"2597",26.710004414586,9.54954751326049,12,8
"2598",21.8459062541129,5.60474839456969,12,8
"2599",24.6652102887655,7.15089130938921,12,8
"2600",27.2209017631458,7.1429750667113,12,8
"2601",27.9457401966378,5.2135723282548,12,8
"2602",20.2159283741371,6.89938993416599,12,8
"2603",26.9628758361126,6.61857393901668,12,8
"2604",24.9256064738981,3.76209361807925,12,8
"2605",19.6979584340769,7.00985949218182,12,8
"2606",19.8003204207712,5.82839686078967,12,8
"2607",26.1699460864898,6.86080194067884,12,8
"2608",21.2763539050889,5.89138245307423,12,8
"2609",26.7385024899697,9.53079264998368,12,8
"2610",19.6941304534269,8.92136990884583,12,8
"2611",27.6166076104441,7.27200624917036,12,8
"2612",14.3062784598718,1.58979401542856,12,8
"2613",18.9241177637651,7.1622509728791,12,8
"2614",22.9865097784338,6.07653125120012,12,8
"2615",14.9918997184965,7.23554297842915,12,8
"2616",27.6194581597464,7.39585883562399,12,8
"2617",22.7456006629778,7.47539684448506,12,8
"2618",20.8200871638513,8.49623814649725,12,8
"2619",23.4321180967598,4.62036022188047,12,8
"2620",18.9715792760516,7.12943757492907,12,8
"2621",25.1302307412442,6.04577221962412,12,8
"2622",19.3791321452668,9.50555737777476,12,8
"2623",27.3652356554237,4.53119627823636,12,8
"2624",22.9773426279606,6.70713315292598,12,8
"2625",20.3751141186972,2.11849637086563,12,8
"2626",22.8044964742108,9.56069587702058,12,8
"2627",16.6451918938459,6.39384747244274,12,8
"2628",23.8627916273176,4.60393252554535,12,8
"2629",19.4807046882652,5.51851199635703,12,8
"2630",23.4982454294085,4.71017692714543,12,8
"2631",23.0716555667939,3.30412077289466,12,8
"2632",15.2300272140799,5.38371349536483,12,8
"2633",19.6861009378962,8.94030775286538,12,8
"2634",21.6279865515223,8.42849683042656,12,8
"2635",23.6022925429901,6.2621822025676,12,8
"2636",22.431482177114,7.54790945127997,12,8
"2637",20.7613497026753,7.52621255646011,12,8
"2638",22.2463569176452,6.95476531408631,12,8
"2639",25.166598615624,8.19823311219156,12,8
"2640",21.3375982619197,6.96942846293644,12,8
"2641",19.2924556604592,9.03028626543909,12,8
"2642",20.6336196727955,8.3932124593414,12,8
"2643",21.2831930294268,9.25206644082061,12,8
"2644",16.5427210689424,7.56344654366478,12,8
"2645",22.0088547925363,7.969027135557,12,8
"2646",23.8262147607332,6.9299555815346,12,8
"2647",13.5841799650035,8.0063987576821,12,8
"2648",24.9320429801552,5.10040483802181,12,8
"2649",24.0223066025565,7.19544624026337,12,8
"2650",22.6304249488205,7.66425755542815,12,8
"2651",27.2796279510925,5.94730421479042,12,8
"2652",24.8449654099757,3.97137047922008,12,8
"2653",18.3528391810581,6.5299374219889,12,8
"2654",15.511364614518,5.41889246046715,12,8
"2655",20.0405742497258,9.51922154935311,12,8
"2656",22.9848043183948,6.97789500209194,12,8
"2657",16.5589110297215,4.82969973946937,12,8
"2658",18.9530884724823,8.15546108138263,12,8
"2659",19.4286843789297,7.18240186372403,12,8
"2660",20.6291689350075,8.12353052903752,12,8
"2661",20.8999085557201,5.98290397427334,12,8
"2662",19.4379242688204,6.53269655522415,12,8
"2663",23.0452107237162,9.62398487032309,12,8
"2664",19.4014605498098,8.94126772650475,12,8
"2665",25.0632126117446,9.16678378943669,12,8
"2666",20.4812424190342,4.13808859125961,12,8
"2667",24.9830443306639,7.95591416524859,12,8
"2668",17.6302610946209,6.79825300711467,12,8
"2669",19.1168817672152,5.29491562086751,12,8
"2670",21.7680993587138,8.13593789576736,12,8
"2671",23.0232091196323,6.81788523136536,12,8
"2672",18.4964930598945,3.56488067150245,12,8
"2673",14.5466544827541,5.49852865134635,12,8
"2674",26.090152726776,6.62233127103211,12,8
"2675",19.9187168689957,7.70299144260642,12,8
"2676",22.3362233418672,5.42048842600668,12,8
"2677",21.3636958672059,4.30079573240162,12,8
"2678",18.5059641488384,6.08105492723624,12,8
"2679",26.6843496920942,7.98702856299504,12,8
"2680",24.0877321044546,11.1192142181243,12,8
"2681",27.3966975543355,7.73415022196491,12,8
"2682",22.3885210481389,6.32384405005526,12,8
"2683",19.426162926368,7.84503886788895,12,8
"2684",19.6378601835719,8.90044153990273,12,8
"2685",16.684287313284,7.18418613537217,12,8
"2686",25.8845026267054,7.7934569358085,12,8
"2687",13.6688486208372,6.07204418626514,12,8
"2688",13.303791418585,5.2327233478532,12,8
"2689",23.3854912609121,7.18829512763075,12,8
"2690",24.284844755044,7.24512755256226,12,8
"2691",22.8186178351907,5.62573561932026,12,8
"2692",17.9147446701081,4.44399021732196,12,8
"2693",19.2455716775488,5.66090408360045,12,8
"2694",21.5748324151005,3.40582100081344,12,8
"2695",22.212376236519,4.26343466178522,12,8
"2696",20.07207867887,7.09963192471782,12,8
"2697",24.0815732311903,7.80131045964239,12,8
"2698",25.0233499562258,5.42374027046595,12,8
"2699",17.2481000876351,5.83445374377845,12,8
"2700",20.693666250919,6.12670361930277,12,8
"2701",26.9305015412945,7.3633363741097,12,8
"2702",20.5141761278418,5.58109230104614,12,8
"2703",16.9990129622771,3.79725305940347,12,8
"2704",27.426720265695,3.79530123297451,12,8
"2705",19.8366311143212,6.81758277738116,12,8
"2706",25.9451149868617,6.00241318423277,12,8
"2707",17.784641898942,4.40851750092132,12,8
"2708",17.7270953663553,8.34377711490915,12,8
"2709",27.8839351080935,8.04822392444424,12,8
"2710",25.1141726283425,7.49488283831915,12,8
"2711",26.6125481582022,5.58301737551973,12,8
"2712",18.6462424353779,8.20667405529882,12,8
"2713",12.9647097509585,4.6091070586742,12,8
"2714",21.5205447116754,6.96433429579088,12,8
"2715",22.0528809289805,9.01215310730352,12,8
"2716",17.1653258437158,9.12120307341101,12,8
"2717",22.6024835268854,6.56046827309107,12,8
"2718",17.9543485360225,3.98840170789787,12,8
"2719",22.6787994244139,7.0608339364804,12,8
"2720",20.4445372605257,5.48576536313105,12,8
"2721",18.244064900484,6.28503807060635,12,8
"2722",23.9860877114151,10.7096804306457,12,8
"2723",21.5088843409449,6.89843489990908,12,8
"2724",15.7827569015272,8.75895375762746,12,8
"2725",24.0645556477071,5.7519077218335,12,8
"2726",27.8563107418201,2.70805585239417,12,8
"2727",25.981021380077,9.37141360281328,12,8
"2728",28.0703311091526,3.52883286375993,12,8
"2729",23.6658402066221,5.30136599701421,12,8
"2730",28.5025847867307,5.85609412705452,12,8
"2731",23.9328593580168,7.22797837042433,12,8
"2732",20.593032161166,6.17724732496313,12,8
"2733",17.6827405664651,4.95569146921264,12,8
"2734",21.0159282209853,9.1406889850875,12,8
"2735",15.8382897747261,7.59919039640774,12,8
"2736",22.5533867324735,4.99581346839237,12,8
"2737",23.1397987784269,9.2846167925165,12,8
"2738",27.0982733679338,3.54113209573155,12,8
"2739",26.8215970966941,8.82952643075465,12,8
"2740",23.1517974996797,6.69484438327882,12,8
"2741",23.8483985218453,7.09945432128553,12,8
"2742",28.2832236465013,8.94020160004225,12,8
"2743",21.92230580934,8.79313300717374,12,8
"2744",26.3908598254226,7.20523588619022,12,8
"2745",25.2410311982358,7.14826204042589,12,8
"2746",20.431834769662,8.36038493032776,12,8
"2747",23.6103323562127,6.94126765657926,12,8
"2748",27.9162338683529,6.39886929152805,12,8
"2749",22.3478127459355,4.62883962449705,12,8
"2750",20.2706281684073,7.91813961215442,12,8
"2751",23.9937263474949,7.36477328361137,12,8
"2752",20.5493891321179,7.62341956237795,12,8
"2753",15.1809060594803,7.14802087154176,12,8
"2754",27.2695528941983,5.93148488470279,12,8
"2755",21.8229700363156,6.22026194836963,12,8
"2756",20.7286742018177,8.37789338907761,12,8
"2757",21.9840671643232,13.1529783507097,12,8
"2758",21.2692371293078,5.60272459790372,12,8
"2759",24.0930035255393,7.33943175626762,12,8
"2760",21.3595980721467,7.56724846167911,12,8
"2761",20.2111241488514,5.32009886055366,12,8
"2762",12.4236116046476,6.18401482843815,12,8
"2763",21.104790474523,5.7900760051431,12,8
"2764",18.8276668381955,9.57816563150854,12,8
"2765",15.584633259932,5.24738121843916,12,8
"2766",19.7749447668378,9.13159230214437,12,8
"2767",20.9935319723656,10.8878585665245,12,8
"2768",23.8726186235322,8.3996568220777,12,8
"2769",24.3411104547907,6.55911443137335,12,8
"2770",21.0462362979959,8.86299666565549,12,8
"2771",19.4265873735438,6.52854319667891,12,8
"2772",25.5597764407129,5.64590487403428,12,8
"2773",20.0643909630016,7.91956731276451,12,8
"2774",25.9742781484341,5.53917817354193,12,8
"2775",20.6917176207921,6.57899401050275,12,8
"2776",22.9513209759775,6.90632223909969,12,8
"2777",25.4291115824829,5.24158702712905,12,8
"2778",20.3335396307522,9.54934943634266,12,8
"2779",27.621163197428,9.43843301850358,12,8
"2780",23.9667819661313,5.63868343688843,12,8
"2781",21.8859879164737,6.58891759955778,12,8
"2782",20.5086069820693,3.55219878562145,12,8
"2783",18.3482682247535,5.23753222358419,12,8
"2784",19.2925665330758,6.80971750964121,12,8
"2785",19.380757966101,5.63794393512965,12,8
"2786",21.2845003081219,6.05447956594881,12,8
"2787",18.6444736701638,5.1540211448173,12,8
"2788",27.7658358433583,4.94573888528977,12,8
"2789",24.598196499939,9.19769023995316,12,8
"2790",22.568556004427,7.28541592603298,12,8
"2791",18.9837300970257,5.16873498923584,12,8
"2792",25.1520232899042,7.25763671158976,12,8
"2793",23.9645946248606,6.75632537787988,12,8
"2794",25.182615497051,5.33084240373925,12,8
"2795",30.0782102437767,3.84757597900445,12,8
"2796",16.3500176891857,7.49090369044005,12,8
"2797",14.7550872446223,6.47347843399834,12,8
"2798",18.5090207679679,5.94961992968088,12,8
"2799",23.3228262379446,6.89673151639084,12,8
"2800",19.7586862488472,7.18516766461463,12,8
"2801",22.9577611551196,7.30656545667953,12,8
"2802",17.4225752234926,4.66207922998351,12,8
"2803",17.3055281422173,4.87281558862474,12,8
"2804",18.6759467064375,8.87201687023646,12,8
"2805",24.9933337826249,8.80148282316634,12,8
"2806",21.6688679466239,8.74972713154535,12,8
"2807",27.5416902756514,6.03203452594338,12,8
"2808",27.0211167908861,7.58557026325617,12,8
"2809",25.0625984234972,7.56579603663801,12,8
"2810",18.5780650499596,5.57412786279447,12,8
"2811",25.2091127711805,2.96100328642314,12,8
"2812",23.375752388709,8.88189484447308,12,8
"2813",22.9779647547753,5.8174011169814,12,8
"2814",18.9940375929262,9.03247738329798,12,8
"2815",18.0452851195978,7.70538468731504,12,8
"2816",21.8187573959154,5.87829676675954,12,8
"2817",18.6657355613256,11.6835746488548,12,8
"2818",25.3994965931816,9.66300989315652,12,8
"2819",21.2137513782075,5.62465735383035,12,8
"2820",24.8402565755542,4.40232284047166,12,8
"2821",24.3892612445837,6.27830942254724,12,8
"2822",19.7069782505269,3.17857191794528,12,8
"2823",20.331717797615,2.59261124067778,12,8
"2824",20.7851672834761,4.94360179853473,12,8
"2825",26.9122082297983,5.81641057339615,12,8
"2826",12.5998139844993,6.95093818431075,12,8
"2827",16.7019113401272,7.45706465945397,12,8
"2828",15.6887710345093,7.73071160573149,12,8
"2829",25.2655889521516,4.15212493818848,12,8
"2830",28.8396279366988,7.7219319717607,12,8
"2831",25.1333884367147,4.36946440379497,12,8
"2832",23.8934164617418,6.20089811461133,12,8
"2833",21.5386402245004,6.6734406273784,12,8
"2834",16.523624026378,4.87353901889718,12,8
"2835",18.4526143423422,6.72068164781141,12,8
"2836",26.6793075600128,6.08442987257896,12,8
"2837",23.8737585991234,5.18148948740781,12,8
"2838",21.7825617054622,7.04576587552934,12,8
"2839",14.3870981406964,10.0917210759244,12,8
"2840",27.2848282456172,4.92613234001276,12,8
"2841",22.2833099819086,4.98483936611005,12,8
"2842",26.5062225390616,8.46123934970809,12,8
"2843",18.3749808908152,4.27432283940211,12,8
"2844",24.6176629698147,6.21875975180292,12,8
"2845",19.5768091564517,4.62535274658607,12,8
"2846",26.8552988395829,7.11561409288525,12,8
"2847",22.9211321368949,6.3758890471489,12,8
"2848",15.1385211893951,8.13591597930527,12,8
"2849",30.0644724435701,8.43108487634274,12,8
"2850",22.9218314303108,6.10682095197174,12,8
"2851",23.6856849971883,8.12800709222135,12,8
"2852",26.0554081728832,5.77491278192998,12,8
"2853",23.9171341509477,6.98791834984969,12,8
"2854",23.6654983614083,5.00070415422902,12,8
"2855",20.7793211303601,7.06106516764412,12,8
"2856",16.5333645588337,6.40257747828288,12,8
"2857",26.5302704335763,7.40105548805926,12,8
"2858",22.0396156903931,6.46502857345294,12,8
"2859",26.09467071148,3.52922427243589,12,8
"2860",22.7869196268921,5.77189774831921,12,8
"2861",19.2217220945896,4.43807846064735,12,8
"2862",28.3459350413402,4.17828985252604,12,8
"2863",24.0174374437606,2.00601142020303,12,8
"2864",20.2759713776018,5.3777169556807,12,8
"2865",24.2175273965954,5.3331617578321,12,8
"2866",28.8638400546492,7.84340259101855,12,8
"2867",25.8621580514466,8.0826450793715,12,8
"2868",21.3884127709439,5.81094997280513,12,8
"2869",23.4944920691103,6.39112482115547,12,8
"2870",21.2098379340221,4.41632746899096,12,8
"2871",20.7395196278826,6.10485016506885,12,8
"2872",18.6866054331502,6.163197120062,12,8
"2873",19.6904447317675,7.98746507665364,12,8
"2874",26.3930732941265,7.03116854605931,12,8
"2875",22.4533777563294,3.65236304427791,12,8
"2876",17.3244027151038,8.46301086934516,12,8
"2877",21.9943774670561,7.54264070195436,12,8
"2878",25.6638172635165,9.23645756550786,12,8
"2879",22.1119534400335,7.10377443513823,12,8
"2880",20.1202075507648,6.27193167462266,12,8
"2881",19.1846577845796,6.10781654713056,12,8
"2882",24.9120100932069,5.31793505530717,12,8
"2883",25.7852032239089,5.84734482261552,12,8
"2884",21.5839984536459,6.86042855685555,12,8
"2885",20.8553452189989,5.40263798683286,12,8
"2886",28.5482102822024,6.83566714750672,12,8
"2887",24.8055206563297,6.60665174032825,12,8
"2888",30.2795905608955,8.65274814157078,12,8
"2889",26.0712954240713,7.45285788649332,12,8
"2890",22.8349512241001,5.57952055310688,12,8
"2891",20.7774351764749,7.93626899963387,12,8
"2892",22.3398797259803,8.94582336102971,12,8
"2893",22.0951854768576,10.0519918335837,12,8
"2894",23.7126447610672,4.84747584939144,12,8
"2895",20.8320965002426,5.94341557290281,12,8
"2896",23.4457457210078,4.00885413144939,12,8
"2897",27.5626304290943,6.20936198399716,12,8
"2898",25.518712525021,8.13170009305991,12,8
"2899",22.4672572884751,5.55338162609868,12,8
"2900",21.4056116489662,6.39853672449118,12,8
"2901",24.8809373297298,8.03437578007214,12,8
"2902",21.6810079362107,9.36202104423284,12,8
"2903",19.1461122978882,1.37057013924634,12,8
"2904",23.584194670068,5.81220682132797,12,8
"2905",21.2819416667606,10.7222743138576,12,8
"2906",21.8501730799187,7.75375714982047,12,8
"2907",19.6597678015516,5.96607555578772,12,8
"2908",23.0114880189311,8.56020891143563,12,8
"2909",25.4729566467065,6.77888470795998,12,8
"2910",22.0947836945669,9.02775323354872,12,8
"2911",22.6344902203128,8.40778248196202,12,8
"2912",18.8884420842926,6.10250860245559,12,8
"2913",20.9847726447842,4.87199141224541,12,8
"2914",21.6743466647723,7.02970221374544,12,8
"2915",24.6884806570518,10.0214684805967,12,8
"2916",28.3184322025076,5.94688307784055,12,8
"2917",26.4335914755514,5.52350412803379,12,8
"2918",24.2945677451563,7.13002754259391,12,8
"2919",13.6328067918608,7.76366946822376,12,8
"2920",23.3521307398709,7.31465363345478,12,8
"2921",19.9324436097405,7.02246397933571,12,8
"2922",16.2703900057533,4.02665335829923,12,8
"2923",23.760033270792,8.7602491113527,12,8
"2924",28.865961355766,7.17084431999746,12,8
"2925",24.2820698380707,5.73368056535792,12,8
"2926",25.9194496577572,3.30560874769797,12,8
"2927",19.4631739687558,7.30406772306798,12,8
"2928",20.5888161864654,3.24682798414122,12,8
"2929",24.1339037509931,6.12436531782762,12,8
"2930",16.4161149448851,4.8622101850912,12,8
"2931",23.99387222055,3.19709632242574,12,8
"2932",22.9125666279609,7.28066833923179,12,8
"2933",24.6490723555432,5.39756982874826,12,8
"2934",23.5179384463822,4.33029679181656,12,8
"2935",25.4225437412033,7.45925080628526,12,8
"2936",19.342628378202,4.72600952919163,12,8
"2937",25.6165599420681,7.21128484245986,12,8
"2938",19.7122959560154,4.45630840697377,12,8
"2939",19.9105389821253,5.63200703366166,12,8
"2940",23.9777268930791,9.26867455779935,12,8
"2941",22.0851070142647,7.1209226067631,12,8
"2942",28.0873629274041,6.0955607105835,12,8
"2943",22.5384876641274,6.77506683796985,12,8
"2944",26.7669560661749,3.54307432577016,12,8
"2945",19.2661261775505,6.20125544033915,12,8
"2946",17.4230876821917,7.8457909778844,12,8
"2947",18.3843570129276,3.63931994159075,12,8
"2948",20.8897559383215,4.90483574121108,12,8
"2949",23.3212159349621,7.47662187333597,12,8
"2950",22.4594690456634,4.6292359914097,12,8
"2951",28.4447990158598,4.14661751435136,12,8
"2952",24.0417080998675,6.04997528057138,12,8
"2953",21.3674394167779,7.25146053158985,12,8
"2954",20.5496273054745,5.26255318614799,12,8
"2955",26.0492617850566,6.43422219114036,12,8
"2956",20.3591584608143,2.98748447990291,12,8
"2957",29.4262569230799,5.18179212655533,12,8
"2958",23.1101841426897,5.23493780224223,12,8
"2959",21.2836523972578,8.97112367921894,12,8
"2960",29.031398974844,3.74285027023206,12,8
"2961",22.8882389459379,4.6102847148048,12,8
"2962",25.0330867956067,7.59173325600565,12,8
"2963",24.1271831244241,6.78818370826778,12,8
"2964",15.8738595959762,7.32266531205847,12,8
"2965",22.4176787955811,5.96791636207224,12,8
"2966",21.7191741959223,5.91208785706872,12,8
"2967",22.3566450933244,8.28080976594548,12,8
"2968",24.5239846314526,6.18185228903186,12,8
"2969",20.920091168439,3.56351208082598,12,8
"2970",25.2773284160017,4.71847445937896,12,8
"2971",20.0020926339379,6.00390012871167,12,8
"2972",27.0504943143107,5.89721018497322,12,8
"2973",25.4257380931141,6.86319111074736,12,8
"2974",26.0565492806799,7.04534969222181,12,8
"2975",14.1543180726638,3.8351540374906,12,8
"2976",16.8450018932138,5.37486286489083,12,8
"2977",20.2971861036788,7.25371253035307,12,8
"2978",23.054173646464,7.4031195131665,12,8
"2979",20.1392780004077,4.91724136191054,12,8
"2980",23.9343149962783,3.00804118919358,12,8
"2981",15.6826872209846,7.81258807417256,12,8
"2982",19.2460965675104,9.99236896605318,12,8
"2983",23.4276073823187,6.90704115477158,12,8
"2984",18.4319359243125,3.86673476404507,12,8
"2985",22.1820547089529,7.02285227396908,12,8
"2986",20.5610306917136,8.46975380137568,12,8
"2987",22.2632399370042,9.33051883877581,12,8
"2988",22.1562355858501,8.53391453361212,12,8
"2989",23.8464606599868,7.38581193601449,12,8
"2990",22.7308234949845,7.63950474036585,12,8
"2991",17.8691759147727,7.58909079755021,12,8
"2992",20.3265267343917,5.68057138527018,12,8
"2993",23.5330303790779,7.97864245379764,12,8
"2994",28.2984759722369,5.81236624541202,12,8
"2995",23.5052157187442,4.29305335946466,12,8
"2996",23.5955201416334,5.79542992221437,12,8
"2997",21.8140193267894,7.8917028307883,12,8
"2998",17.5128744378293,4.96676398784981,12,8
"2999",21.9320534940176,5.94205477754475,12,8
"3000",24.0840521929866,4.50692359520547,12,8
