"X1","X2","component","subcomponent"
"2001",1.36219916089474,3.02959570008984,1,2
"2002",1.28584642631839,7.53665079736413,1,2
"2003",2.85086680237536,6.97468394106521,1,2
"2004",2.80561077181317,1.60165149415911,1,2
"2005",1.4777193629013,6.73934931458106,1,2
"2006",4.74455788933278,8.59927073908197,1,2
"2007",1.64652747886789,6.01379427405206,1,2
"2008",1.23292186820687,4.0758161361353,1,2
"2009",0.072239076313745,8.04525620162386,1,2
"2010",1.71662844523966,9.82954245493804,1,2
"2011",2.69505261766149,9.43911560083174,1,2
"2012",1.07842789291597,10.5722473393868,1,2
"2013",-0.572908170479607,3.924482887654,1,2
"2014",-1.40066005386448,9.21652402917235,1,2
"2015",3.92385047626502,1.95687909251149,1,2
"2016",-0.311366691085282,10.820908317129,1,2
"2017",3.71216163839315,7.82540903971431,1,2
"2018",3.4860335026065,4.34880930403186,1,2
"2019",4.14204471256429,4.81176283517848,1,2
"2020",1.94739301571221,2.50692439278567,1,2
"2021",-0.84427265382176,8.72365252346079,1,2
"2022",2.40918047089689,9.07227694888603,1,2
"2023",2.2049182709877,14.3386698383395,1,2
"2024",1.08876808162246,7.29246957523593,1,2
"2025",2.26525009348511,10.1223197659181,1,2
"2026",4.17213184358718,3.95466079127471,1,2
"2027",-0.291709318248077,5.04063934377757,1,2
"2028",0.878884545006321,7.29801129592646,1,2
"2029",3.12757074506273,-0.983975890501704,1,2
"2030",2.67862041345263,8.90690261735389,1,2
"2031",0.723255788962904,6.43363382638131,1,2
"2032",-0.817895714819425,6.61265427961765,1,2
"2033",-0.688023744473158,3.7386051299173,1,2
"2034",-0.907781223059139,2.62625327681485,1,2
"2035",-0.597248058568554,0.386570042982772,1,2
"2036",0.714484214912532,4.54130079626591,1,2
"2037",0.378215331238092,13.0518765767263,1,2
"2038",4.46319673215852,6.03536907725451,1,2
"2039",1.19270312195962,8.35929644052177,1,2
"2040",-0.0274255752995463,5.7598851531064,1,2
"2041",0.0433373389642782,0.701994843814194,1,2
"2042",0.676099911454851,8.22800904462223,1,2
"2043",0.96862360228747,4.51114402987844,1,2
"2044",4.55909407887173,7.09419697179842,1,2
"2045",-0.447039330156326,6.76682540718807,1,2
"2046",1.20743978546518,5.29809041424512,1,2
"2047",2.37006284456611,9.770170006968,1,2
"2048",2.31842387462083,8.91664464314444,1,2
"2049",2.89833769757484,14.2889207476462,1,2
"2050",2.09393823203302,2.38662715600894,1,2
"2051",0.814610297584992,1.67061202180625,1,2
"2052",3.76835549438476,6.37359107136373,1,2
"2053",1.69715692006414,7.4228280493476,1,2
"2054",-0.0524102911974611,3.1650123299302,1,2
"2055",0.680935196568631,8.4415771594694,1,2
"2056",4.83583766891018,8.08540356693172,1,2
"2057",-1.61063647433521,9.31610071285565,1,2
"2058",0.182504107653696,8.32094264206768,1,2
"2059",3.69618878285362,1.7387625674837,1,2
"2060",2.32847959641432,6.56862533802977,1,2
"2061",2.1166825521727,6.11291728920266,1,2
"2062",1.05043975723995,2.66451551021488,1,2
"2063",0.28912198950267,0.878680400690017,1,2
"2064",2.67094060663002,6.06587594053396,1,2
"2065",2.98191769582131,6.48978645338269,1,2
"2066",1.85039308536638,11.6400633057597,1,2
"2067",2.72778180496142,4.57002123733628,1,2
"2068",1.08989311988007,3.58891861571815,1,2
"2069",3.02619411862038,-3.61910154726849,1,2
"2070",0.620626033499179,5.88356497943574,1,2
"2071",-0.703360757682883,7.7825681655761,1,2
"2072",2.35076941605888,4.17548673552993,1,2
"2073",1.25949259342379,2.90233558965402,1,2
"2074",0.813475060356324,5.03458850985878,1,2
"2075",2.96857184339749,8.64849824552607,1,2
"2076",-1.38902948491047,0.51750102124148,1,2
"2077",2.70814901896275,-0.254950727534409,1,2
"2078",2.88830055385467,13.1759600450371,1,2
"2079",-0.0321642109268501,14.4838250072817,1,2
"2080",1.25592133929844,10.6201944073897,1,2
"2081",0.650399618080316,2.73987455755736,1,2
"2082",2.29247140924589,2.67162347222491,1,2
"2083",5.25702704866874,0.768402832055278,1,2
"2084",-0.674890774131197,1.51115175449486,1,2
"2085",3.07600288932132,1.98022938534946,1,2
"2086",5.21914152076069,7.6085450855034,1,2
"2087",2.22731667235293,-0.0540798504440154,1,2
"2088",1.38993153911879,7.94143392015763,1,2
"2089",-1.09049673273498,2.3070829753868,1,2
"2090",2.74481649906707,12.5774733416527,1,2
"2091",4.24882436693516,2.42005971108856,1,2
"2092",-1.49369661247182,6.76248625106266,1,2
"2093",2.20459403432958,6.32685778082759,1,2
"2094",1.98465818327055,10.7522302379688,1,2
"2095",2.41878778023891,7.99662119152209,1,2
"2096",3.94565407150196,8.21829989706946,1,2
"2097",3.55066297979713,11.5567531639093,1,2
"2098",-3.56286000566386,9.61592612220485,1,2
"2099",4.40879581814647,12.8721715728004,1,2
"2100",4.87136332801512,3.6513332196033,1,2
"2101",1.07320455729263,6.44929832874464,1,2
"2102",1.50570080675212,2.48967520553633,1,2
"2103",1.88957900616011,6.27903448603249,1,2
"2104",1.44618204673493,7.39095772486705,1,2
"2105",3.42822034566239,8.67468014756149,1,2
"2106",5.04933633334811,3.28419056931522,1,2
"2107",0.694372294487339,9.85571088530459,1,2
"2108",3.06625355764178,0.317284458707159,1,2
"2109",0.526830431149983,9.32802819103914,1,2
"2110",2.65864355750592,8.76023358909908,1,2
"2111",-0.588801052919812,13.0207179174702,1,2
"2112",2.78110462026683,3.60698986623202,1,2
"2113",0.420229347893263,4.58110613139422,1,2
"2114",-1.83548206364471,6.11889815297735,1,2
"2115",1.50821994481955,5.01141070383891,1,2
"2116",0.645547965460853,2.37355564475368,1,2
"2117",1.65062751906021,3.29985120291652,1,2
"2118",2.30307412858587,5.82986971464178,1,2
"2119",4.38940700901596,5.11927860679812,1,2
"2120",0.301375511835259,5.02148231701922,1,2
"2121",1.57933131116837,9.92412596953809,1,2
"2122",1.43269655416194,7.63674293209648,1,2
"2123",3.05333097291655,11.1419627959181,1,2
"2124",-0.985766994245973,17.0665187291347,1,2
"2125",2.98049830714781,5.07527145065307,1,2
"2126",-0.549611163721689,8.79481444773054,1,2
"2127",2.71580004190839,7.98114383564198,1,2
"2128",2.97809097305349,6.39010092977718,1,2
"2129",0.229179357220647,6.37162355977257,1,2
"2130",0.360767519093004,6.67551094155832,1,2
"2131",3.89153641692312,4.1951715287501,1,2
"2132",0.604629075195094,9.22929242293447,1,2
"2133",1.22756159190406,0.977108030840398,1,2
"2134",1.88199413650449,2.02883576403036,1,2
"2135",0.486851789975616,4.00477415823537,1,2
"2136",3.15563495469508,7.62552719680769,1,2
"2137",2.10480962434677,5.68156567070759,1,2
"2138",0.36944811078313,7.70537798115571,1,2
"2139",0.795842766158993,9.07968391163632,1,2
"2140",0.92132189665391,10.5448594903872,1,2
"2141",-0.703069103639725,0.565305095303847,1,2
"2142",1.883556707036,9.73234649617454,1,2
"2143",0.62138242347992,1.47139179469737,1,2
"2144",1.54940390599557,9.23950438262251,1,2
"2145",0.893863373360981,9.90282286163407,1,2
"2146",2.74281320505164,6.17758872551443,1,2
"2147",1.22001843785194,8.74254086951179,1,2
"2148",2.03635011189944,14.6477146346317,1,2
"2149",2.48037021468523,6.28451950231048,1,2
"2150",1.56074254490172,-0.540692486617968,1,2
"2151",2.58962874105953,9.01136974758937,1,2
"2152",3.96436637755299,2.89735660881404,1,2
"2153",1.25249937903934,9.59299096376963,1,2
"2154",2.48786730042635,8.16072631802272,1,2
"2155",0.720270749161277,10.1554570520116,1,2
"2156",1.88259265870628,9.78670031616826,1,2
"2157",5.21335277724297,7.23208759166758,1,2
"2158",0.268849604427347,7.63457022887036,1,2
"2159",2.37249809562957,3.19426068476575,1,2
"2160",0.495327047045555,4.48230512597642,1,2
"2161",0.0854230170180692,1.12954718953701,1,2
"2162",1.95224250243406,10.0740979484688,1,2
"2163",-0.790713278514262,9.84559935515408,1,2
"2164",2.47192935177294,8.14832530702054,1,2
"2165",1.59964126164322,4.0338590007763,1,2
"2166",0.0552464454956363,6.76651075179369,1,2
"2167",2.47058666878119,3.69111671115581,1,2
"2168",3.43658195887681,9.13838272107829,1,2
"2169",0.492976813904322,8.80771566020591,1,2
"2170",-1.13815433165598,10.7506502770739,1,2
"2171",2.97306975833768,13.2520316677489,1,2
"2172",1.35545185113747,4.61788432206486,1,2
"2173",2.32650036040891,12.2614044099211,1,2
"2174",-0.159158829844936,2.77186289692842,1,2
"2175",3.49648579346265,13.0622224600851,1,2
"2176",-2.38492833237915,3.15241989692259,1,2
"2177",1.86945534683048,7.92447513962677,1,2
"2178",3.47457367218824,5.60322874861083,1,2
"2179",2.79116048587569,5.43660086927159,1,2
"2180",0.501687670705872,4.25038024533226,1,2
"2181",1.03133373167295,4.85744595614321,1,2
"2182",3.25477006521111,5.96436635404383,1,2
"2183",2.77736638670994,3.87213576740504,1,2
"2184",3.22891158235713,8.52232576591681,1,2
"2185",1.28161623837755,7.04939669546386,1,2
"2186",0.940390766190992,5.3299237387986,1,2
"2187",2.86760828565059,3.26468652708106,1,2
"2188",-0.775719862871098,3.95198006967506,1,2
"2189",-1.44756675372137,6.97235486573912,1,2
"2190",4.37788228700565,7.83829622462066,1,2
"2191",0.468247535823797,8.16473190735517,1,2
"2192",0.681408961506216,5.36684096320696,1,2
"2193",0.277941548648937,6.13043863807297,1,2
"2194",-2.84673152641383,4.11277499994773,1,2
"2195",0.779485715975425,7.74063889726245,1,2
"2196",2.05074827477249,5.14984298199238,1,2
"2197",-1.19307374476183,-2.3009335958019,1,2
"2198",3.56596369741601,9.26882785627239,1,2
"2199",1.21272977628923,8.89219507205563,1,2
"2200",2.2119066439505,6.73660388443418,1,2
"2201",-0.90518597996993,5.62467710192261,1,2
"2202",3.30571976407,-0.954282810213452,1,2
"2203",0.629511484444704,-0.00921375944721614,1,2
"2204",2.28670744326447,7.38352994710485,1,2
"2205",1.88234687293226,6.88030635548521,1,2
"2206",2.67151335063646,5.05817423127481,1,2
"2207",2.98049934889919,12.3034093750892,1,2
"2208",-0.103445694320412,6.04735322174095,1,2
"2209",3.05211113868005,6.141092639052,1,2
"2210",2.98544826003156,8.97948293538347,1,2
"2211",3.86736223498042,3.76217862768999,1,2
"2212",3.61631838033736,6.14266998437841,1,2
"2213",3.74997410499486,3.27886744583836,1,2
"2214",2.36687163306594,12.247636324078,1,2
"2215",-1.81692638015853,1.56545637349428,1,2
"2216",0.892880814348441,2.60970573673882,1,2
"2217",-2.41175323547216,3.11808614054545,1,2
"2218",-0.531487307213391,9.16825270873414,1,2
"2219",2.72658069510519,7.96587812513983,1,2
"2220",0.157483781597876,10.8793414200549,1,2
"2221",3.35481413229971,2.00340532470726,1,2
"2222",-1.03746471300096,6.64128256927257,1,2
"2223",5.09438173947983,5.49264684313855,1,2
"2224",1.35103146502433,6.49540679769849,1,2
"2225",0.309827152337848,3.40748954787106,1,2
"2226",-0.18007621888689,8.27209950504919,1,2
"2227",-0.533473307778202,3.62301708694434,1,2
"2228",-0.169667311386063,8.58586212160051,1,2
"2229",1.10995000939078,1.63355349884618,1,2
"2230",-0.089520102025973,2.55158504854621,1,2
"2231",2.37260371111076,8.25500916310077,1,2
"2232",1.5645226179409,10.4160729048493,1,2
"2233",1.13638281198999,7.41743256974514,1,2
"2234",0.324560274416643,6.63242858919889,1,2
"2235",6.17660970496944,6.21914853401196,1,2
"2236",1.7358449376758,12.4876539553715,1,2
"2237",2.32397986447725,10.601968474906,1,2
"2238",-0.0922486616296043,6.55058694072472,1,2
"2239",2.96923084240381,3.32324795133951,1,2
"2240",1.85067362184218,12.995729314252,1,2
"2241",0.25291554483511,3.38138005192592,1,2
"2242",0.69706701436615,4.53184530002727,1,2
"2243",-0.495436993502853,7.18728917822733,1,2
"2244",1.2288414043501,7.22979587835083,1,2
"2245",1.68248691093203,7.11440980243976,1,2
"2246",5.24686625354621,4.77011082678239,1,2
"2247",2.7172218441987,9.13781086509231,1,2
"2248",2.68608400135612,6.0709103317912,1,2
"2249",1.98304696166373,5.95544383323352,1,2
"2250",1.37976665569936,1.71292905391847,1,2
"2251",0.795061337553285,8.51657286397668,1,2
"2252",3.05911603153113,3.58979853785882,1,2
"2253",2.33756654044643,-1.24005871712116,1,2
"2254",3.66872242455571,4.41243230028163,1,2
"2255",2.5920668827646,10.193274322611,1,2
"2256",1.61669466532689,9.82011461548848,1,2
"2257",2.62394936966758,4.47730596223315,1,2
"2258",1.45421816201197,5.55440578316953,1,2
"2259",1.4630939073276,5.72981568061715,1,2
"2260",-1.7628157590815,5.16255074746616,1,2
"2261",-0.930467428664985,9.10324698342342,1,2
"2262",1.81914896832086,-3.1472212084275,1,2
"2263",2.10236006101645,10.0216678417461,1,2
"2264",3.75089400270897,6.07059981288191,1,2
"2265",2.47967242779142,4.80108185377043,1,2
"2266",0.687556374202579,7.45665577183051,1,2
"2267",1.21329531936846,-2.02237106547505,1,2
"2268",0.973900050093959,9.04555832823101,1,2
"2269",2.14622066039568,6.89461764788885,1,2
"2270",4.06603795112652,4.95067752801591,1,2
"2271",3.46565119701549,1.16320673065315,1,2
"2272",3.05863448099968,11.0751170432765,1,2
"2273",-1.17356804746602,-0.722528908695423,1,2
"2274",0.280566424263936,4.1168508021479,1,2
"2275",-1.27381330187355,7.14195984993376,1,2
"2276",0.0460457133473866,7.26448425210826,1,2
"2277",1.77426555559866,4.30711848960697,1,2
"2278",2.82510099567062,10.8790515549136,1,2
"2279",0.512821977244601,9.66099716515403,1,2
"2280",0.326306249416479,10.6456656935265,1,2
"2281",2.42074777976302,6.47171249390312,1,2
"2282",1.9065472821124,0.0438794038843282,1,2
"2283",0.982013755581677,7.56609948207806,1,2
"2284",1.54727093413595,3.5057143961471,1,2
"2285",3.37713180436282,10.2191908376708,1,2
"2286",1.26645512027161,5.79814876711926,1,2
"2287",0.990251398577534,3.45388811491447,1,2
"2288",1.45636167328494,6.31232900819787,1,2
"2289",4.119459322861,4.81282653197082,1,2
"2290",1.50091633189462,4.72116200865226,1,2
"2291",-0.0177307026865876,1.72615489676432,1,2
"2292",1.71990761364792,8.78028673767824,1,2
"2293",2.22076653862024,3.46159452870816,1,2
"2294",2.31473071882659,0.420598247653136,1,2
"2295",2.7783211320814,6.24677755329934,1,2
"2296",1.06544513988145,4.32466892236007,1,2
"2297",-0.982639060247356,5.47081414108994,1,2
"2298",-1.66262163586678,0.986455760004314,1,2
"2299",-0.370669016778189,13.7391156069668,1,2
"2300",-0.634189777817232,6.91712872587813,1,2
"2301",2.29906265561241,3.25757987586988,1,2
"2302",2.23951072623106,4.88560514384782,1,2
"2303",3.06601334734121,3.2793944308827,1,2
"2304",1.33511678375707,6.61819652273935,1,2
"2305",0.732916212789162,6.09084804668135,1,2
"2306",5.70059914856313,12.6236698381762,1,2
"2307",-0.591598322052765,4.0047622303286,1,2
"2308",0.634215573923033,8.08697235706005,1,2
"2309",-2.17165800251943,11.1249712724677,1,2
"2310",2.47437088254885,4.4530055722345,1,2
"2311",2.58916471583654,4.17301761221932,1,2
"2312",-0.276141499999314,9.12126448320871,1,2
"2313",1.38571240646077,5.56764655233239,1,2
"2314",1.98689679046834,5.60670481309558,1,2
"2315",4.83358485431569,6.10011617974956,1,2
"2316",0.409402490010297,9.79024566323138,1,2
"2317",-2.68162976132832,8.2705980430231,1,2
"2318",1.3807600582556,7.56222096109544,1,2
"2319",-0.115585287975561,2.13746204257906,1,2
"2320",2.79388816584105,-0.144350756905435,1,2
"2321",-0.0755329637901465,4.36395800508312,1,2
"2322",2.96358378847857,12.3016364464116,1,2
"2323",1.59292635489691,5.2315004626605,1,2
"2324",0.216736671159007,3.88339056025874,1,2
"2325",0.516507328160752,8.12683683456807,1,2
"2326",-1.52126619851229,3.61112821460767,1,2
"2327",1.66404145584272,4.4040522212471,1,2
"2328",1.40267444728102,-0.889522299133351,1,2
"2329",5.95934311238626,-0.058416025023563,1,2
"2330",4.31530448652856,6.51464376649748,1,2
"2331",3.40344818530028,4.57831685598475,1,2
"2332",1.06402504751118,2.41320348661981,1,2
"2333",1.59245583868183,2.48858239129129,1,2
"2334",3.97275446698344,6.36737358567119,1,2
"2335",3.61345079150836,-0.929271918043272,1,2
"2336",2.43265696785061,0.938857069577568,1,2
"2337",2.66524959760529,13.838409029752,1,2
"2338",-0.544352467604889,2.2911622439248,1,2
"2339",2.30540129423846,7.09404483313397,1,2
"2340",2.71589301274872,9.88135237891354,1,2
"2341",2.19516829720266,7.69876846169623,1,2
"2342",3.71134132392103,0.129616618258263,1,2
"2343",-1.97246369611302,11.0446877574118,1,2
"2344",2.95155169423133,3.91232671951393,1,2
"2345",-1.33585221196337,4.99973059819541,1,2
"2346",0.40475607827069,11.186233978945,1,2
"2347",-0.213641321959669,7.90801735672782,1,2
"2348",2.85955424445013,4.47000611301045,1,2
"2349",-2.26962368086947,6.03320052750474,1,2
"2350",0.839941420476669,8.12069410707797,1,2
"2351",1.54957428906063,2.61000108271451,1,2
"2352",3.98305559386284,3.79909848640478,1,2
"2353",4.9429396091248,9.12630049480749,1,2
"2354",3.29034879317462,8.8824521871508,1,2
"2355",-0.998523273961406,0.357171792159344,1,2
"2356",3.23959302492837,0.434839846478617,1,2
"2357",1.1482492760754,5.1443534721067,1,2
"2358",3.73187026845478,5.24671128966206,1,2
"2359",2.57656769727395,8.00404938287762,1,2
"2360",2.15899366203233,6.75762447252664,1,2
"2361",-0.34013219840398,8.36404164349834,1,2
"2362",3.68771557055328,-0.0823473743891858,1,2
"2363",1.88970860769008,7.92369558745481,1,2
"2364",2.27534304077463,6.76590569644305,1,2
"2365",2.05636141709397,3.97950892602065,1,2
"2366",-1.81122478086908,9.1557344855406,1,2
"2367",1.81358522140499,2.67176840664446,1,2
"2368",4.7220049835192,8.40232933925972,1,2
"2369",1.63964164544108,2.70910118107785,1,2
"2370",1.60102315715947,5.5641015772897,1,2
"2371",5.88743627310584,5.17696135652371,1,2
"2372",2.36750646410917,10.7110820777578,1,2
"2373",0.689565752411596,9.97225229134987,1,2
"2374",-1.33488030049392,3.29611945717676,1,2
"2375",1.20872161025247,-0.841716160398197,1,2
"2376",0.881405022754024,1.80446912654886,1,2
"2377",-0.94252790248912,5.36002054677181,1,2
"2378",0.155035642912199,-0.173820271388713,1,2
"2379",0.906511187910688,8.02365704561848,1,2
"2380",1.02710008922215,2.61399752789275,1,2
"2381",3.64408046520689,6.150850735001,1,2
"2382",0.413654045886284,9.0832287373565,1,2
"2383",3.81218315223221,9.69783485300817,1,2
"2384",2.2347909640759,3.39995969090496,1,2
"2385",-0.889106193761191,8.98524131353375,1,2
"2386",-0.929960574966253,4.97951897868846,1,2
"2387",-1.54442153124957,12.7093876380464,1,2
"2388",1.96302134843875,-1.90416240373787,1,2
"2389",2.32011276773176,3.05706942047886,1,2
"2390",-0.975639145404271,13.8493866292556,1,2
"2391",3.646714369679,6.18677059145066,1,2
"2392",0.960654641906022,4.77044729539882,1,2
"2393",0.948021562709217,2.58715343274561,1,2
"2394",4.02906465616668,9.9782713866577,1,2
"2395",-0.171758313861037,2.52350041826336,1,2
"2396",1.82656339290983,9.09696019334712,1,2
"2397",1.99280214743711,8.45954705281595,1,2
"2398",5.32720434848122,0.392679856090515,1,2
"2399",-0.872104655815529,9.65383739581777,1,2
"2400",1.7223905144458,-1.93373194278873,1,2
"2401",1.13652096959899,10.7415807270174,1,2
"2402",2.73111123963769,6.02915087630436,1,2
"2403",4.33524147272935,4.21902812968575,1,2
"2404",-0.654332805886968,8.00588637837193,1,2
"2405",1.37820584785887,4.61928564736173,1,2
"2406",0.256803627657008,5.52582070424618,1,2
"2407",-0.136283482802533,5.08089712524128,1,2
"2408",6.05808090150714,6.8635878663668,1,2
"2409",0.43417060027298,11.5112837469503,1,2
"2410",2.63526776290619,8.64484769741908,1,2
"2411",4.33085226123861,8.00188128276023,1,2
"2412",-1.3137352696012,2.72973949538984,1,2
"2413",2.68256532679536,5.26926695831083,1,2
"2414",2.6390494684284,8.10129714350139,1,2
"2415",3.77489535721589,7.60527264176694,1,2
"2416",-0.0977541002745743,0.133748612041779,1,2
"2417",0.848298634283687,5.27200360857224,1,2
"2418",-1.52170412582038,7.60660235237573,1,2
"2419",1.75652927214594,8.17983898823314,1,2
"2420",4.17243699532096,3.15349237304853,1,2
"2421",1.90845467599036,1.86349023611887,1,2
"2422",1.8541533943749,-2.1849430676936,1,2
"2423",2.04331206053424,11.926000092429,1,2
"2424",0.28389518484434,2.68180051431129,1,2
"2425",1.21943366406163,6.68154316064363,1,2
"2426",2.54524225710152,9.50182425492853,1,2
"2427",1.75511584427931,9.70314147452939,1,2
"2428",0.542520617390225,7.07824350784092,1,2
"2429",0.221956282784098,7.77342188766154,1,2
"2430",-0.182453266967106,-4.64617485383434,1,2
"2431",6.10714360268248,3.2598905752789,1,2
"2432",-2.91603458591309,8.18754019935787,1,2
"2433",0.699964318331715,8.15359966403792,1,2
"2434",-0.373939876324376,8.44549070857346,1,2
"2435",0.789608567283861,-2.31294537699785,1,2
"2436",3.47122032989717,8.63433793899413,1,2
"2437",0.768657358308696,9.01877347625576,1,2
"2438",0.400776339945556,6.21986990661357,1,2
"2439",-0.415988388460255,10.8427059071799,1,2
"2440",1.67550055493159,3.48928492790252,1,2
"2441",1.61378003821544,0.0276079798001119,1,2
"2442",0.397530821252405,5.03641332828359,1,2
"2443",-1.31900001744573,9.47289701103651,1,2
"2444",-0.908079067836059,1.65489389651483,1,2
"2445",0.330377816676703,9.45478445870206,1,2
"2446",2.44091472097731,4.80094199954306,1,2
"2447",1.61735172781409,11.5757119972852,1,2
"2448",-1.53772909892687,6.2802858592881,1,2
"2449",4.37308357530051,8.53167451716464,1,2
"2450",-3.05507448694541,8.97910745660207,1,2
"2451",-0.582231441647353,4.65993467122669,1,2
"2452",-0.338377670209101,5.0815973703439,1,2
"2453",-0.66251858480489,13.050038866911,1,2
"2454",0.963283944217011,5.08619062769999,1,2
"2455",4.8986524091827,7.80165528969892,1,2
"2456",3.66621191834647,3.11905576546394,1,2
"2457",1.31466854091327,3.23461365660237,1,2
"2458",1.06337185836414,10.090039708774,1,2
"2459",4.81857994386905,3.71239785963618,1,2
"2460",4.06240561037425,5.73918554345645,1,2
"2461",1.60095395342297,3.03480667536636,1,2
"2462",3.14119919212175,6.71377232949069,1,2
"2463",1.10104320634711,2.50135943804369,1,2
"2464",2.63557807797453,6.79748333461767,1,2
"2465",2.74395890658737,7.53031222744863,1,2
"2466",2.24614233805084,7.34729144072168,1,2
"2467",2.16847010573018,6.28163706954621,1,2
"2468",-0.955423422470865,0.732976797740623,1,2
"2469",-1.27505117832075,8.30309113884542,1,2
"2470",-1.51470795779322,2.86666433406348,1,2
"2471",0.621200841064005,3.74954515067456,1,2
"2472",3.28037427211341,5.96402087044521,1,2
"2473",-1.82331622480696,3.00014943015517,1,2
"2474",3.79259949460136,2.77064515722827,1,2
"2475",-2.02546572236969,4.70980657389997,1,2
"2476",1.23783761790959,4.82169672326419,1,2
"2477",0.453556241925418,6.04272252410595,1,2
"2478",2.74359213116873,2.27298441454034,1,2
"2479",2.47687699373187,5.41494810301084,1,2
"2480",2.13076496729519,7.36296836352091,1,2
"2481",2.79528945667524,6.89265500018267,1,2
"2482",-2.35738869887223,10.0786654013326,1,2
"2483",2.75260698984535,7.69389315240276,1,2
"2484",0.373563771284004,8.3053621376902,1,2
"2485",1.65975296935081,6.98253043074872,1,2
"2486",1.24298901176554,7.58418964918268,1,2
"2487",-1.55837410066321,11.0357174567626,1,2
"2488",-1.65676051345191,8.33692979003831,1,2
"2489",-0.93638731932781,7.60118493212824,1,2
"2490",1.72198322115519,1.31463270876696,1,2
"2491",0.159777617063329,3.00426830192658,1,2
"2492",5.39311796906686,-2.32203202920141,1,2
"2493",2.44216586868984,3.05498032361089,1,2
"2494",-1.25252650514116,4.7157071852014,1,2
"2495",-0.502372935815369,11.9418102455811,1,2
"2496",-2.59767337704945,6.49669796731113,1,2
"2497",-2.01268609240799,3.01730953510521,1,2
"2498",2.28639514863858,3.62957205346139,1,2
"2499",5.47279605456413,3.86252988096294,1,2
"2500",1.93720683512642,12.7768966326081,1,2
"2501",1.08277562525011,5.71308943731206,1,2
"2502",-2.66304770697063,-1.94690178878217,1,2
"2503",1.7965211561269,6.60770120661639,1,2
"2504",0.0873562987578023,2.63495015145565,1,2
"2505",3.64910779783694,4.76468783035556,1,2
"2506",1.18153410886279,-2.08160203629872,1,2
"2507",1.89141612817277,4.06303168865903,1,2
"2508",1.60627119942388,0.038533731702568,1,2
"2509",1.4478123591925,8.27598144266642,1,2
"2510",0.479411510107288,4.24439919532658,1,2
"2511",-0.466743285521215,2.36524943579534,1,2
"2512",2.33587395676542,7.25601514720622,1,2
"2513",3.68094179497807,10.4875575112322,1,2
"2514",1.72038774859786,8.06184886794918,1,2
"2515",4.44705824587441,12.4508148700988,1,2
"2516",4.4042001715381,5.90918566437688,1,2
"2517",2.20732213033152,6.02019644343284,1,2
"2518",2.12346395925339,4.76405300002364,1,2
"2519",1.86352927079287,5.29295375872258,1,2
"2520",-0.770605531974868,10.1709292242245,1,2
"2521",4.7191971458361,11.4062251908958,1,2
"2522",-0.227617440751686,12.8530381830087,1,2
"2523",1.76658033134758,5.22335848702834,1,2
"2524",0.433041794155435,7.42382364567849,1,2
"2525",0.603559000952991,3.59360769412983,1,2
"2526",1.13073541084584,-4.89431768637957,1,2
"2527",4.14304340751715,5.03166925286387,1,2
"2528",2.27897903858135,1.40425152735837,1,2
"2529",1.18983372876769,12.5175162107206,1,2
"2530",0.65673805955469,4.62693520390504,1,2
"2531",3.51816746837384,3.07846956739014,1,2
"2532",2.08197103428175,7.7355512037485,1,2
"2533",-0.930817566945753,10.0476891898429,1,2
"2534",2.30916125815545,6.65805738604793,1,2
"2535",0.657140896132701,9.4361356689651,1,2
"2536",-1.41929810164396,5.68123573848272,1,2
"2537",2.00696583304339,-2.16579600209095,1,2
"2538",1.40435032921587,0.98915076761268,1,2
"2539",2.62749016893046,5.128565802479,1,2
"2540",2.4036472974888,5.76045815080621,1,2
"2541",1.71595382983857,7.8515793674982,1,2
"2542",2.18386381784794,10.4317706434242,1,2
"2543",0.279765968735653,5.60534652807853,1,2
"2544",1.26892809363622,1.81800615300753,1,2
"2545",1.28112658121964,1.38998132990298,1,2
"2546",1.92158364033983,10.0235556588674,1,2
"2547",2.51547778503978,2.55088292244269,1,2
"2548",2.06880152149654,0.986391075615466,1,2
"2549",0.437480107540016,5.81244862007916,1,2
"2550",3.95621723330645,3.3642970745347,1,2
"2551",1.6467072179428,4.64111440743893,1,2
"2552",-2.95166966896875,1.76778148852205,1,2
"2553",1.37026515380576,2.07332589364325,1,2
"2554",-0.733923034391224,9.35741252862962,1,2
"2555",1.26651000438713,5.71566954416422,1,2
"2556",-1.53375601270869,6.64296740131534,1,2
"2557",0.957841951204816,3.75774761933975,1,2
"2558",0.598321181306814,2.22770259658564,1,2
"2559",0.510990784875878,4.75638708710364,1,2
"2560",1.72205321883131,9.10297989891414,1,2
"2561",4.35007492870466,11.3383397539819,1,2
"2562",0.87232140819223,3.18501380815557,1,2
"2563",1.30603713736943,6.9672243145958,1,2
"2564",4.37249937891903,3.74283263393293,1,2
"2565",0.656897245184864,8.31847939365145,1,2
"2566",0.843073418478445,3.16881788835783,1,2
"2567",0.729197713554813,6.25916473050616,1,2
"2568",2.86162619403993,4.30103128601947,1,2
"2569",2.5943023775088,6.70946519743094,1,2
"2570",1.05073948173727,6.57466349647778,1,2
"2571",0.89623872026694,2.54701408358178,1,2
"2572",0.20681442195405,10.203532100473,1,2
"2573",2.83475948791353,5.94042429400681,1,2
"2574",0.707097504476445,0.682143549329691,1,2
"2575",3.39021565988686,8.30823214846992,1,2
"2576",2.74510110125755,7.38266521778069,1,2
"2577",0.409164993066763,7.83627875068472,1,2
"2578",-0.150169719604297,-0.148381894502122,1,2
"2579",1.19494112842364,5.94016742017904,1,2
"2580",1.88513650434414,1.79101990011501,1,2
"2581",-1.43213019367697,0.866043647683509,1,2
"2582",-2.22712602044468,13.3154441079158,1,2
"2583",-0.340330527205928,4.77665393144485,1,2
"2584",1.31093177830666,10.6643486048831,1,2
"2585",0.228986149613738,10.4828245280664,1,2
"2586",4.09115223411185,10.568697184327,1,2
"2587",0.168445156818573,5.99829304315912,1,2
"2588",2.51685848730509,0.7134151240528,1,2
"2589",1.37319667451988,6.52534745103571,1,2
"2590",0.595400654511801,5.91946656851733,1,2
"2591",1.73364043275303,4.98522604006463,1,2
"2592",1.09111200081564,5.40590485523547,1,2
"2593",3.98046099138097,8.87866096008098,1,2
"2594",-1.90133561179994,7.20255803573558,1,2
"2595",-0.832478626760106,7.43774728281845,1,2
"2596",0.573236185581591,7.53691873490723,1,2
"2597",1.56278391994242,3.329033036641,1,2
"2598",-0.551440316308711,11.3594739393668,1,2
"2599",0.361098118039899,9.021211987768,1,2
"2600",1.74019193914104,5.44574441979071,1,2
"2601",5.36590791354786,1.74234543274453,1,2
"2602",2.34941493228019,6.0381542111902,1,2
"2603",0.553087201605779,10.6955395521479,1,2
"2604",2.61128289621053,4.29654599424519,1,2
"2605",0.444869912580127,2.19677370224034,1,2
"2606",3.07585717140124,1.45299378203377,1,2
"2607",-0.118047337701683,9.64662859065264,1,2
"2608",1.74828400414043,12.1489151463461,1,2
"2609",0.461644907509488,-3.04920275282554,1,2
"2610",1.69437727763515,2.56942911870061,1,2
"2611",4.85750424397277,6.42913335566327,1,2
"2612",2.0444480571528,6.76782551363625,1,2
"2613",-0.0436620414846911,8.73690271049395,1,2
"2614",0.774969357795873,6.73373990356483,1,2
"2615",3.52164493322993,5.6990610724922,1,2
"2616",4.61797981835605,-1.0931012146172,1,2
"2617",3.52608632829689,6.12311620416783,1,2
"2618",0.23940276730182,9.82813490805463,1,2
"2619",0.679596529397061,12.9450085933961,1,2
"2620",0.646715670622992,8.89198782094203,1,2
"2621",3.05683878342466,4.41892965388596,1,2
"2622",2.31435601891195,7.11188586246997,1,2
"2623",1.34782265659989,9.23793355830099,1,2
"2624",-1.54680311343819,8.28771526473306,1,2
"2625",0.58205902075405,8.83498001326669,1,2
"2626",2.08137465450344,11.2651792552006,1,2
"2627",1.08991623950555,3.95535762952012,1,2
"2628",1.34030495983278,1.31254114064448,1,2
"2629",3.26525151732587,6.35627773935688,1,2
"2630",2.59825693408585,8.72728647723105,1,2
"2631",0.920961788224543,5.99684695952676,1,2
"2632",-0.903562389209301,5.35040382104036,1,2
"2633",4.20135309377896,3.38703957687697,1,2
"2634",0.527856853354686,7.67236559517359,1,2
"2635",0.754341853279727,9.54997261108042,1,2
"2636",3.79394630831088,9.14265312957662,1,2
"2637",3.88790690301937,4.42482875258652,1,2
"2638",2.91520218945163,2.45919872288665,1,2
"2639",1.30418556107208,2.94446410409901,1,2
"2640",2.39256381498964,5.48401785456528,1,2
"2641",0.0978451975957506,10.085468757716,1,2
"2642",0.0507151674911335,9.80749986717406,1,2
"2643",1.04250023729254,12.9948643055398,1,2
"2644",2.35261638049057,7.16930414126152,1,2
"2645",0.447000807675332,5.93749448657499,1,2
"2646",3.7508757710368,12.8804367443047,1,2
"2647",1.23212860577269,8.59598951322155,1,2
"2648",-2.06723747905522,0.949449535860264,1,2
"2649",4.57173962168943,7.46422531014573,1,2
"2650",6.8145619617197,1.32250304884279,1,2
"2651",1.20512062531572,9.20256495320038,1,2
"2652",3.76598571143358,4.90458139072639,1,2
"2653",0.729816373665626,2.92827010630384,1,2
"2654",3.75861880641781,1.44066062408802,1,2
"2655",0.354222061830904,6.43626071544495,1,2
"2656",1.05078439504093,5.7566742598298,1,2
"2657",1.56492800602501,3.72226543152502,1,2
"2658",-1.02554992122089,7.07278287337025,1,2
"2659",-0.83899226163598,2.8010817240891,1,2
"2660",0.0290792815293897,5.72558885608144,1,2
"2661",-0.492284492140353,1.84813736829053,1,2
"2662",0.172325945327975,6.06561304723044,1,2
"2663",1.43291951538125,10.6954967506594,1,2
"2664",2.16467684647141,12.4446665736433,1,2
"2665",-2.75296234561162,-2.8594549581604,1,2
"2666",2.94851199269725,6.48038297978189,1,2
"2667",1.9097203413073,4.34750521542292,1,2
"2668",0.191447290663338,8.54677419451585,1,2
"2669",-0.296568901259148,6.98335209970015,1,2
"2670",0.170693070950787,2.61647484817548,1,2
"2671",0.61751528673866,6.75192776161332,1,2
"2672",3.14905983578316,5.42195780940109,1,2
"2673",-0.0761749951013189,9.24815391040029,1,2
"2674",4.93156147399949,2.57451662880122,1,2
"2675",2.25932812673426,5.77479922739104,1,2
"2676",0.653147280246182,8.93978014377039,1,2
"2677",1.7441605695112,9.15334778303554,1,2
"2678",2.93223785736832,0.662035409555978,1,2
"2679",3.66428657215668,6.13126470570489,1,2
"2680",-0.659243652673114,9.87972245322784,1,2
"2681",3.50409600227774,0.653594357865898,1,2
"2682",-1.19628333586447,6.97199786448893,1,2
"2683",3.31032831948091,9.91621977338905,1,2
"2684",3.0133308697142,8.50684291936294,1,2
"2685",3.27318027668695,9.05284341737793,1,2
"2686",2.54187487475502,1.39836298134223,1,2
"2687",3.24766959072248,5.57037926617045,1,2
"2688",2.81410912765899,9.0646949914753,1,2
"2689",2.19532253888341,6.51698857036562,1,2
"2690",5.20636675095816,5.06236584727634,1,2
"2691",1.51054342717927,3.85140440721794,1,2
"2692",5.56920135365342,5.47030963064759,1,2
"2693",4.04486066898809,4.50361291890379,1,2
"2694",0.260877680034399,8.54118053902597,1,2
"2695",0.956418196236756,7.51603458544606,1,2
"2696",1.1478058605393,2.76512677644174,1,2
"2697",-0.346232041017723,5.31560295654355,1,2
"2698",3.99548575655361,5.61626967276338,1,2
"2699",4.19681961633125,8.26371053555469,1,2
"2700",1.23393636749331,5.97608444322044,1,2
"2701",2.7356883524262,2.80617308891805,1,2
"2702",2.39727541509226,9.46407562742601,1,2
"2703",-1.03784183300082,1.65803479992676,1,2
"2704",1.50808488145596,8.2678921265234,1,2
"2705",0.460866640505213,7.06069824017508,1,2
"2706",1.16363000164063,5.68249057173163,1,2
"2707",0.490567447599615,4.28983768900503,1,2
"2708",2.02247724939888,2.284504507368,1,2
"2709",0.552846820461664,3.61991446124591,1,2
"2710",-1.31731621689492,6.92296412420594,1,2
"2711",3.80093903552034,6.35388963298858,1,2
"2712",5.4971659568378,1.62840897795129,1,2
"2713",-2.43527581924689,3.16253412308601,1,2
"2714",-2.61445904389362,3.8935964495822,1,2
"2715",-0.618915219854797,6.92573065688596,1,2
"2716",3.23634230023575,5.4708547895467,1,2
"2717",3.54301975032856,13.5521702507119,1,2
"2718",1.4518511359273,14.1296064508713,1,2
"2719",1.41377902842706,1.40400892440075,1,2
"2720",0.687249278936316,7.71003394813098,1,2
"2721",1.20585315712826,6.92615510852433,1,2
"2722",4.53860926150116,5.61775578018046,1,2
"2723",-0.561261032011953,7.68910923585534,1,2
"2724",1.59319563158971,5.39388832322191,1,2
"2725",2.89661883549421,0.821128346063013,1,2
"2726",1.87601677104957,6.89919441491503,1,2
"2727",3.20457810204016,16.8939737517622,1,2
"2728",-1.20358303927941,6.11615903447824,1,2
"2729",1.89331900351338,1.27231211634144,1,2
"2730",1.27950461231336,1.84406527611709,1,2
"2731",-0.853939528040192,5.456989949033,1,2
"2732",-0.0856829769572378,8.48163160880281,1,2
"2733",2.02358844573492,10.0436213123991,1,2
"2734",2.51332636884652,2.06301783327271,1,2
"2735",0.899477769475243,11.4617042234006,1,2
"2736",3.33564449615518,-0.22727952892776,1,2
"2737",2.46268199311086,8.9784346834628,1,2
"2738",2.44144663406661,0.0837714322415737,1,2
"2739",0.959020475904781,5.60061671639405,1,2
"2740",1.50911531503751,12.0593149996219,1,2
"2741",3.23719099704601,-0.931131981717715,1,2
"2742",0.58097876421817,5.49601381855823,1,2
"2743",3.50668014451642,3.9900820550563,1,2
"2744",2.97202353782122,12.3475668782945,1,2
"2745",3.26098467136963,9.82983932961509,1,2
"2746",1.12189496814617,2.02392458208194,1,2
"2747",2.48874425777385,2.8005062386232,1,2
"2748",-2.34499897313827,8.38390023852037,1,2
"2749",-1.06575890412572,7.32633276120663,1,2
"2750",-2.74746422423582,7.29477008378175,1,2
"2751",3.88636727985184,5.37708323462295,1,2
"2752",1.01998238608212,10.3711253369018,1,2
"2753",2.8704911761656,3.27616697357579,1,2
"2754",4.297857681713,0.123290815484629,1,2
"2755",0.727522174845408,2.06571777068444,1,2
"2756",1.98122080467901,5.47015828040508,1,2
"2757",4.5368336217936,5.32045965045923,1,2
"2758",2.90143450441349,8.05992212851563,1,2
"2759",4.03877451845019,1.73356065483193,1,2
"2760",-1.82150205761623,11.4871831969075,1,2
"2761",0.860090086919272,12.3617121178165,1,2
"2762",-0.0568227698252215,3.012553135534,1,2
"2763",-0.161265292369878,7.88309181661796,1,2
"2764",1.85706063062438,10.1728750839493,1,2
"2765",0.703189463774335,5.47464287294118,1,2
"2766",2.14608320982008,7.0088811179687,1,2
"2767",1.16880362023776,4.04908180194547,1,2
"2768",4.22830170875386,-3.50618244286259,1,2
"2769",0.136276665906019,4.40213590696412,1,2
"2770",0.229148254694642,6.53695203196027,1,2
"2771",-1.85151453002546,4.00507045762503,1,2
"2772",1.08976639501374,14.1151943329497,1,2
"2773",4.44832728188132,12.3679116982684,1,2
"2774",-0.613725887935221,14.8313836918056,1,2
"2775",1.70201889307865,6.56070960778383,1,2
"2776",4.0162326069142,5.05010138128918,1,2
"2777",3.33051095058962,3.39622019608575,1,2
"2778",1.82547054281109,-0.330989163459243,1,2
"2779",3.13702375271028,4.86894076845301,1,2
"2780",0.663787488024833,8.73723972782258,1,2
"2781",1.50048532266531,11.8442664882704,1,2
"2782",-1.45028061515717,4.26799982668358,1,2
"2783",1.78804564452945,8.39855605111829,1,2
"2784",0.27581784608351,3.39534735993394,1,2
"2785",0.500631741527055,7.50420253862258,1,2
"2786",2.25045924577964,5.25277153751683,1,2
"2787",3.22638805316713,2.53899550967253,1,2
"2788",0.604971329022414,7.2380786670288,1,2
"2789",1.53972233764199,6.11196541091799,1,2
"2790",-0.147579385169171,12.8889312562872,1,2
"2791",3.65884795589825,6.1939525586136,1,2
"2792",1.92332627059994,8.02443302705727,1,2
"2793",0.0769455796139524,0.180784068419625,1,2
"2794",1.88965284647526,4.80511186831211,1,2
"2795",-2.78744202183734,0.64628159855525,1,2
"2796",2.77636474779982,5.86853807053718,1,2
"2797",1.37868764602464,9.30079079713848,1,2
"2798",2.30736181554763,8.29683208757545,1,2
"2799",-1.0302794800947,3.93983546727301,1,2
"2800",0.544297319079266,-0.189904737889755,1,2
"2801",2.88218616415589,7.60340389258216,1,2
"2802",3.89224568380225,8.26446264394309,1,2
"2803",1.07791747763617,5.60764827921831,1,2
"2804",-0.830897121615171,7.0703590033262,1,2
"2805",0.781507515365652,10.2766447273255,1,2
"2806",3.38431001617061,4.78256318749611,1,2
"2807",-0.2584634998032,7.16647651249124,1,2
"2808",0.989033622688549,11.0457086787495,1,2
"2809",1.81748336444319,6.96903210480255,1,2
"2810",1.46013289762975,6.29503334992657,1,2
"2811",2.90789417584389,0.873361059689142,1,2
"2812",3.41732955500145,6.27367224769177,1,2
"2813",-1.14708391234621,10.8697068514934,1,2
"2814",0.565121769616653,5.44665255675113,1,2
"2815",1.62908896281754,4.38854723345451,1,2
"2816",4.72105692694296,2.60084052329422,1,2
"2817",1.31976061160348,2.89133683699097,1,2
"2818",1.95232388031842,7.53017206457488,1,2
"2819",3.32601692011434,8.95686858697057,1,2
"2820",5.50226379357515,7.53048712141493,1,2
"2821",1.7751828942663,5.41343440672359,1,2
"2822",-1.42502101815569,1.96662264312195,1,2
"2823",0.627487230611035,6.09151008446219,1,2
"2824",-0.773943325335653,1.61748765556409,1,2
"2825",1.4404536341635,8.01098330700803,1,2
"2826",2.99702595252844,2.36624223393336,1,2
"2827",3.42983868413074,2.90893769975569,1,2
"2828",-1.82350906036909,8.55727628061186,1,2
"2829",1.6891261393864,3.93286462293176,1,2
"2830",-1.68216576153429,0.999809233705278,1,2
"2831",0.676521387081752,5.23740072638486,1,2
"2832",1.24286246252697,-1.30909665071714,1,2
"2833",0.550149147427302,8.34747901661634,1,2
"2834",3.60557213734886,-5.05336105301525,1,2
"2835",2.12230081116458,9.63301196633446,1,2
"2836",4.1005022789022,4.57538822694823,1,2
"2837",1.16389854871174,5.65539639987464,1,2
"2838",2.5400911757263,1.28668339121037,1,2
"2839",0.48482897317373,3.0778343642009,1,2
"2840",-1.34422644520466,3.07622123829829,1,2
"2841",1.32757868991276,2.04038315596033,1,2
"2842",1.09542323227031,11.4842160477828,1,2
"2843",2.50264666527535,4.40112524649066,1,2
"2844",3.0611957427824,9.06627672662346,1,2
"2845",-2.15447558751478,7.57334658219979,1,2
"2846",5.0561810614352,0.508985930365213,1,2
"2847",0.618223188332282,3.03860808987126,1,2
"2848",-1.83624671074973,10.3748689136342,1,2
"2849",2.81539067776172,1.81729926955841,1,2
"2850",1.38289529204692,7.35783525581717,1,2
"2851",3.81798156788599,2.44007780315761,1,2
"2852",2.40325209509869,4.25236504623379,1,2
"2853",-1.87556898445077,3.44113603535494,1,2
"2854",3.06566359041999,3.59469854672493,1,2
"2855",1.19213540153463,3.66704871666201,1,2
"2856",5.72275061884215,11.0785503429951,1,2
"2857",-1.60529161235473,7.07359707502905,1,2
"2858",0.119853937114354,8.47468883996625,1,2
"2859",-1.12699751649092,8.97283829260307,1,2
"2860",3.31022455162164,5.06451401096955,1,2
"2861",0.995014539751574,7.70274668516558,1,2
"2862",0.754967110525964,6.04925813717775,1,2
"2863",0.235484571916493,9.84783432677344,1,2
"2864",-0.209119898906609,9.44012009525735,1,2
"2865",2.10813693759173,2.53532951519563,1,2
"2866",5.07736005826488,11.9270247269824,1,2
"2867",-0.461847739102617,6.82301103411423,1,2
"2868",-1.04153186254137,12.3005788262479,1,2
"2869",3.04867734017976,8.72075837735612,1,2
"2870",1.5932417149601,8.88435433018178,1,2
"2871",2.28295103011977,4.90975954866828,1,2
"2872",-0.585466917308665,0.0985061308449851,1,2
"2873",0.603096985170377,10.0833678755221,1,2
"2874",0.117022481036867,2.35575545228343,1,2
"2875",1.65874173559646,8.07216835180818,1,2
"2876",1.02881809726807,3.35203763316525,1,2
"2877",0.589093077811216,3.99001892829372,1,2
"2878",0.699299346894862,9.29165582210945,1,2
"2879",5.19437021811374,6.59858855948247,1,2
"2880",3.36696254751629,6.71225808975487,1,2
"2881",2.75433474015515,10.0868689223357,1,2
"2882",4.67546386970636,9.6512521736015,1,2
"2883",-2.55168982779906,6.4279927537928,1,2
"2884",0.944461231064372,7.12310650384929,1,2
"2885",1.4939539396769,10.4654681962886,1,2
"2886",6.91747237208889,8.40759733535753,1,2
"2887",3.87414688887345,1.82176203513145,1,2
"2888",0.281486432795289,8.42537813639361,1,2
"2889",-0.766060004203676,9.49828618784593,1,2
"2890",0.943342750897262,10.3138011943309,1,2
"2891",-0.169911746246014,1.94123295137557,1,2
"2892",-0.0246306167836217,-3.92875842601156,1,2
"2893",-0.31526802036619,4.9509441380617,1,2
"2894",1.66126113666793,10.0888979077494,1,2
"2895",2.42312622352712,0.233563630702411,1,2
"2896",-0.0988705642961007,5.27831311652982,1,2
"2897",2.66494190437621,5.16654935708046,1,2
"2898",3.44108037143015,6.19637196733737,1,2
"2899",-0.0328228994051052,10.5914739290602,1,2
"2900",1.91323977664528,6.2503544235025,1,2
"2901",4.7830139658954,5.47541690092428,1,2
"2902",3.29224922327095,9.51917589098381,1,2
"2903",0.880922534770571,3.80596551117822,1,2
"2904",3.71280685544407,3.89494043083064,1,2
"2905",0.611019231123768,5.24423904540732,1,2
"2906",3.71602382045632,10.4272372178903,1,2
"2907",2.25808839674737,7.39320417184151,1,2
"2908",2.55261509903253,-1.9727342674352,1,2
"2909",0.738518496413698,8.42145120248857,1,2
"2910",6.38065557986639,6.06277916486806,1,2
"2911",2.49127435695286,6.29362227516128,1,2
"2912",3.70320804224236,1.61700363959898,1,2
"2913",2.93868429776223,6.72788913657375,1,2
"2914",3.37208531894846,-1.55491484120621,1,2
"2915",1.43394796287483,7.2024533908123,1,2
"2916",2.76125014951135,6.89938724639532,1,2
"2917",-1.46657640202374,8.77045025877776,1,2
"2918",5.49664761570616,2.82293036617751,1,2
"2919",-0.127411362466021,2.81820747321464,1,2
"2920",2.42410963927289,3.80778249006695,1,2
"2921",0.42271845267323,5.97205676499885,1,2
"2922",4.8018278794266,2.2748648549216,1,2
"2923",0.432045524856004,2.4598693885523,1,2
"2924",2.59947347396197,10.3541991645639,1,2
"2925",2.37253727444054,4.79859812229698,1,2
"2926",1.99804400048163,6.03799108282334,1,2
"2927",2.543351207636,2.66051638494844,1,2
"2928",1.84892611110033,4.72721944737571,1,2
"2929",1.52698982458934,7.47699616290962,1,2
"2930",1.91955542954049,8.63260828416881,1,2
"2931",1.6667223893127,10.3204553137432,1,2
"2932",2.27594966533608,1.63508071781447,1,2
"2933",2.66271390982366,4.46355810919968,1,2
"2934",2.20817235346744,5.99876666618333,1,2
"2935",0.157674112732144,3.90704518864858,1,2
"2936",2.56699243861632,4.80616837705577,1,2
"2937",1.33071737006285,5.55311361966438,1,2
"2938",2.82141028846615,6.25543849834428,1,2
"2939",4.03704230598315,3.03917329716873,1,2
"2940",0.812503132975882,7.58997750880445,1,2
"2941",0.364653529338833,8.58994188007566,1,2
"2942",-0.392477895525106,7.3916353996918,1,2
"2943",3.45201394813648,7.59238195097791,1,2
"2944",1.87910527260964,9.20022515488448,1,2
"2945",4.11147335070818,3.11265167286722,1,2
"2946",3.492730481694,7.16862555960722,1,2
"2947",1.43811469179301,6.80487139372114,1,2
"2948",4.58512345469708,1.7877084346265,1,2
"2949",3.32329478884353,5.70915803640156,1,2
"2950",-0.726927644190731,8.99599515401756,1,2
"2951",3.98692672329154,2.55848026674557,1,2
"2952",2.00247335463418,6.01809599549087,1,2
"2953",1.93322586787763,6.7571176361161,1,2
"2954",1.90855106134102,2.55938663752175,1,2
"2955",-0.831893660151698,3.97951151118844,1,2
"2956",1.09205155788917,7.21327178153766,1,2
"2957",1.66442959141247,6.21955557603154,1,2
"2958",2.62857940611947,13.3454099173856,1,2
"2959",0.730458616886591,4.34801329726641,1,2
"2960",5.48008738016023,3.35925361501402,1,2
"2961",0.992370121665016,7.9927898851975,1,2
"2962",-2.36064314521517,7.96030618164003,1,2
"2963",0.578454450999179,12.3096319877789,1,2
"2964",0.0726922496741063,9.67628206806896,1,2
"2965",-0.828790878775765,9.97829155250792,1,2
"2966",3.70740918022045,5.88320857760986,1,2
"2967",3.85005546162719,7.61145721534065,1,2
"2968",2.16910496750412,6.71348611592103,1,2
"2969",3.27457225417711,1.73136559898637,1,2
"2970",1.45722994044037,6.74246124408332,1,2
"2971",1.88794674304805,4.32575454354127,1,2
"2972",2.36006881090194,3.04719076667032,1,2
"2973",0.517387408707698,0.640094086979206,1,2
"2974",-0.629678037375494,6.84750099433365,1,2
"2975",-1.23744446187719,3.19527604480858,1,2
"2976",4.57992982706753,3.75312617147477,1,2
"2977",0.128945167931101,5.59421125440034,1,2
"2978",-1.48713000703772,7.99099235286008,1,2
"2979",0.764610359783794,3.19680367264482,1,2
"2980",4.51509841343548,5.18615170315105,1,2
"2981",1.92580864720685,6.68186236641507,1,2
"2982",1.34079812346272,5.76523654213339,1,2
"2983",-0.00654979973497705,8.25051626289162,1,2
"2984",2.42000316858438,2.33999284070149,1,2
"2985",2.97986259741631,6.55418140782689,1,2
"2986",-0.982150086586655,3.6888858444771,1,2
"2987",-0.0194582714651179,0.943198973120886,1,2
"2988",-0.685121621647198,3.37333678607317,1,2
"2989",0.435676824980275,9.43547575296293,1,2
"2990",4.29496682104129,10.9795298888377,1,2
"2991",3.11405354289214,4.86957575659448,1,2
"2992",4.40949308754316,8.72234882518364,1,2
"2993",-0.306919789866305,7.00170338062316,1,2
"2994",1.81749421253222,7.41232156236529,1,2
"2995",3.2564414945387,7.43093208062341,1,2
"2996",2.51449244678694,4.02060644322586,1,2
"2997",1.17671311830845,8.97625140041889,1,2
"2998",3.32305773907181,0.621328591014382,1,2
"2999",0.939111520187225,10.2941966970972,1,2
"3000",3.68039804927633,9.6586192177213,1,2
