"X1","X2","component","subcomponent"
"2001",8.62454802124987,23.1682129062507,8,6
"2002",6.18346667279376,19.211518420657,8,6
"2003",8.99693017540276,25.854621711279,8,6
"2004",9.08568431298154,22.739644152366,8,6
"2005",9.23914289375135,26.7353370864926,8,6
"2006",7.82693354727563,24.231936015306,8,6
"2007",6.69707635575178,20.8825002939203,8,6
"2008",8.79567258828697,25.7118004741412,8,6
"2009",11.1175063563253,30.1318252272824,8,6
"2010",6.90847213856431,17.2410244092943,8,6
"2011",5.40294424090767,22.6210690000966,8,6
"2012",7.17892842921291,23.5751860587638,8,6
"2013",10.8579585632772,23.3970168934189,8,6
"2014",11.4848848124241,25.3271658104483,8,6
"2015",6.00979921020638,19.1038542160508,8,6
"2016",9.21358121204441,27.6976784932964,8,6
"2017",9.77030075287476,22.6309109689158,8,6
"2018",8.02650218853131,19.0124536689356,8,6
"2019",8.6852455419498,22.0007319055393,8,6
"2020",8.58873480716626,21.8682548152206,8,6
"2021",7.19842978159314,21.0714777922758,8,6
"2022",8.9593020891229,17.2153755072129,8,6
"2023",9.65384029670567,23.3145639045063,8,6
"2024",9.53256541556592,23.7318452001286,8,6
"2025",5.53501979960002,18.4832009237805,8,6
"2026",5.96198591000528,22.0735416409543,8,6
"2027",7.95197685490115,24.5425914662675,8,6
"2028",10.1773074944331,27.609541936062,8,6
"2029",8.82624231404917,26.7266002764085,8,6
"2030",8.99493343294472,27.8648487106813,8,6
"2031",10.6186762249593,24.3299976181534,8,6
"2032",7.71885517610038,28.4333313536844,8,6
"2033",8.80422351470844,20.9872221117127,8,6
"2034",6.88669609214346,17.8544535557682,8,6
"2035",7.71363948901892,16.7963516378112,8,6
"2036",8.41202670509139,23.7239514642155,8,6
"2037",8.21050726557116,21.8344285891908,8,6
"2038",9.13371931563543,21.2759829592461,8,6
"2039",4.66913789419549,13.9943161614159,8,6
"2040",7.41070240478546,23.1558014157146,8,6
"2041",10.7431997548133,27.3515793427173,8,6
"2042",8.09728218359775,23.2524281879431,8,6
"2043",6.48602975440915,22.1134683915314,8,6
"2044",9.45951889207132,25.9150667996189,8,6
"2045",7.12651598390876,24.9785379344602,8,6
"2046",10.1927331828831,21.4259029470176,8,6
"2047",8.02695404109584,24.8703012728438,8,6
"2048",9.8452562962537,24.2734125856863,8,6
"2049",8.29039094532463,27.1522844906259,8,6
"2050",5.54542677193097,20.7247843405751,8,6
"2051",7.55836983308985,21.3725325911655,8,6
"2052",7.97198982111031,29.5064149076113,8,6
"2053",8.02326420816827,25.2178760660166,8,6
"2054",8.12126140213847,22.3793094274379,8,6
"2055",8.69067679761412,25.6835249653255,8,6
"2056",8.7919264106802,22.5556319229026,8,6
"2057",6.36464441058511,24.5538692987137,8,6
"2058",3.8885390793374,16.6739116505936,8,6
"2059",5.5940968341776,14.4663216367607,8,6
"2060",5.02987753710232,18.0890162696554,8,6
"2061",4.47410835398541,18.6637253714348,8,6
"2062",6.46477753711786,16.239226548402,8,6
"2063",9.78732848098557,25.7825244967935,8,6
"2064",7.89252733074525,20.9687753526755,8,6
"2065",8.30030281232188,29.2036461090971,8,6
"2066",9.43959801263648,22.6991929346522,8,6
"2067",7.66691231918692,23.2729337658328,8,6
"2068",9.06685630518459,21.8526824841324,8,6
"2069",8.67042626606071,27.3855723329156,8,6
"2070",10.4845533235931,26.0455245010631,8,6
"2071",5.14043943838322,19.5976674397011,8,6
"2072",8.38954076682953,16.9381676808662,8,6
"2073",7.32468589792696,22.2232039566525,8,6
"2074",6.92636913092292,17.6529140751074,8,6
"2075",10.0901829476847,24.917197410679,8,6
"2076",8.32518309451327,22.9726408966679,8,6
"2077",9.02166449911592,24.2078379910018,8,6
"2078",9.16676659380724,17.503498018312,8,6
"2079",6.29997664163213,16.4970462319325,8,6
"2080",9.77112826495184,27.1157805007331,8,6
"2081",7.33844613383981,22.7619643074111,8,6
"2082",5.70476752450908,17.6877106916974,8,6
"2083",4.94763593849,19.9558269664291,8,6
"2084",6.9571500135883,16.516522333957,8,6
"2085",10.0486338566639,25.0020896617757,8,6
"2086",7.10070482770277,23.4361893923527,8,6
"2087",6.3898445470619,22.1307974276541,8,6
"2088",9.42400803512061,21.8122990384759,8,6
"2089",9.20370773693268,24.8596517318402,8,6
"2090",7.90727790636338,23.2880477776048,8,6
"2091",7.06273862472873,25.8504027684986,8,6
"2092",8.81336915701803,22.41315053729,8,6
"2093",6.84030432986589,17.6157912189715,8,6
"2094",7.49623396142919,25.2244011126872,8,6
"2095",7.77751353326948,27.8982321164115,8,6
"2096",7.32394795821218,24.3701882518151,8,6
"2097",4.01699954211682,19.4805547148924,8,6
"2098",7.21182775502176,22.7921456362821,8,6
"2099",9.43243990772533,25.7918457874456,8,6
"2100",8.33257731539787,22.7841358895855,8,6
"2101",6.35696532465282,21.9921517912659,8,6
"2102",6.58549549502785,24.3809249465987,8,6
"2103",8.18258514137598,25.3996956917768,8,6
"2104",8.20605537375845,22.0137085357241,8,6
"2105",8.58172008382129,15.0290543996748,8,6
"2106",9.56031813949181,25.2914287591185,8,6
"2107",9.4796278782133,22.1840532816968,8,6
"2108",10.2870405273474,25.2447535645026,8,6
"2109",9.81362246358519,24.3357255508985,8,6
"2110",7.67509819187474,23.8245783736881,8,6
"2111",8.70666346665438,22.6562598682051,8,6
"2112",9.81543728916526,24.2697971021833,8,6
"2113",5.17940885928437,18.7152443507483,8,6
"2114",10.5305200758801,28.3751069687552,8,6
"2115",5.85984600116883,19.7800290053762,8,6
"2116",10.3917004943489,23.105518252443,8,6
"2117",6.39681760000257,18.5491925359984,8,6
"2118",9.5448104285132,26.8608741171253,8,6
"2119",7.33049189501538,18.9579666919752,8,6
"2120",8.66418985165643,22.0968324705516,8,6
"2121",6.00892822350999,17.2118121320162,8,6
"2122",14.4189577984558,31.424324607212,8,6
"2123",8.555596333678,23.7048523516625,8,6
"2124",7.9265584533651,17.9807569322419,8,6
"2125",8.75827228915356,22.0739349234502,8,6
"2126",10.0563170756283,21.7309834748153,8,6
"2127",6.56951438445828,23.132452866943,8,6
"2128",10.3475299480398,25.0791822107513,8,6
"2129",6.95096714913226,22.8389913269422,8,6
"2130",8.90591663542975,23.4856535572892,8,6
"2131",10.7521038715006,31.9318573632572,8,6
"2132",8.43676080258368,20.4787324760184,8,6
"2133",6.42860779030022,19.0339562754001,8,6
"2134",9.91715869105003,20.3446777289945,8,6
"2135",7.09085850744087,22.2017173432648,8,6
"2136",8.61907628084532,25.5494771227947,8,6
"2137",5.00678140291503,16.6794607585928,8,6
"2138",7.66190982200342,22.6173009478455,8,6
"2139",8.87945330512099,24.4225399480221,8,6
"2140",7.70211461524528,22.4284729617497,8,6
"2141",7.55837613148869,20.6984873039787,8,6
"2142",8.21313063595366,17.9863891600397,8,6
"2143",2.58556493213186,19.8658290809081,8,6
"2144",4.94952366996981,19.4415000029878,8,6
"2145",6.02950392564886,18.1536551083275,8,6
"2146",10.608699319192,25.9704431736317,8,6
"2147",3.69644640191506,18.388893890448,8,6
"2148",7.49914755427799,27.3077352124037,8,6
"2149",8.0326716056142,18.2943658311443,8,6
"2150",7.04152739958571,26.3882533672224,8,6
"2151",8.75393978804183,24.3338970136334,8,6
"2152",7.89580594023663,20.2037005205078,8,6
"2153",8.96251292172541,21.5442857097006,8,6
"2154",7.17201404106206,21.5125409722956,8,6
"2155",7.61513532488356,21.5440065296635,8,6
"2156",2.7587702670653,13.7269251103761,8,6
"2157",7.14529620858385,18.6791200067942,8,6
"2158",8.44968512223939,20.1403329629825,8,6
"2159",8.26012451798932,25.8715256405279,8,6
"2160",7.97275435231828,24.4244132894547,8,6
"2161",3.08202501303793,12.9459041046154,8,6
"2162",10.0925120800832,21.9392936383278,8,6
"2163",8.61368635437904,27.2987636975227,8,6
"2164",10.0014443768984,23.2769998579586,8,6
"2165",11.3101300252057,26.4678697546663,8,6
"2166",9.08420034538007,26.6924646338587,8,6
"2167",11.5134783400093,27.2888519448964,8,6
"2168",8.84575265085435,28.6861259961883,8,6
"2169",11.0053971925482,25.983081326982,8,6
"2170",8.58450696176002,25.0932475434701,8,6
"2171",6.90360409993318,21.1526679510008,8,6
"2172",7.73272841644366,22.5644897201778,8,6
"2173",8.19260718976292,19.7644481831525,8,6
"2174",5.28406616838002,17.2038154449437,8,6
"2175",7.2195114072811,21.2392972068682,8,6
"2176",7.78795155116765,22.1347242897242,8,6
"2177",4.67530012760234,14.0423876497157,8,6
"2178",10.6414698193449,24.784445513399,8,6
"2179",8.37365827818223,23.5502574273277,8,6
"2180",6.84888223919651,24.9317645840949,8,6
"2181",5.57201149498788,20.92498758812,8,6
"2182",9.43681662996817,24.338513674201,8,6
"2183",11.4573847786091,28.0882857797296,8,6
"2184",9.90383759448692,19.2212609967559,8,6
"2185",7.11144968273913,17.7625694549109,8,6
"2186",11.6022678660752,31.0427119826805,8,6
"2187",7.77393012105253,19.4408531819186,8,6
"2188",6.33645548772945,20.8749573860178,8,6
"2189",6.89623395338792,19.9657668261429,8,6
"2190",6.59270374251444,19.4987449278399,8,6
"2191",7.45378513884252,21.6851319443948,8,6
"2192",8.92646589638826,22.0658872483214,8,6
"2193",8.46412166467554,26.0010939225672,8,6
"2194",6.59006755498987,18.3718191435612,8,6
"2195",4.82494977942028,17.5803980872217,8,6
"2196",11.6743387868173,26.9508130945471,8,6
"2197",9.25824876736067,24.6412634228484,8,6
"2198",7.29040346863842,17.2873412615722,8,6
"2199",9.59815409515218,21.6128871173037,8,6
"2200",11.4026044851757,28.4584899864045,8,6
"2201",4.36524055683684,16.4737554827428,8,6
"2202",6.36780278472999,19.203932289074,8,6
"2203",5.83859476013241,20.9944930441646,8,6
"2204",6.69924198289148,22.471036172138,8,6
"2205",4.66368860624004,17.7586202491673,8,6
"2206",7.69058015924181,24.9678537126891,8,6
"2207",6.89421098378961,15.7744214586981,8,6
"2208",6.99612915552212,18.1348485904463,8,6
"2209",1.47430639153221,12.6459387198243,8,6
"2210",11.207840894647,24.695631864427,8,6
"2211",6.85690710910672,23.5597694211891,8,6
"2212",11.3984663133724,28.7230110493526,8,6
"2213",8.1666571620212,19.3550142582115,8,6
"2214",9.95459345741752,21.2966334933477,8,6
"2215",5.34030326791918,19.2872181141979,8,6
"2216",3.75759947687009,18.5769443701328,8,6
"2217",10.2182521439292,26.8484734008195,8,6
"2218",9.82819473491566,25.0587080657749,8,6
"2219",7.10300355797032,23.9752254713312,8,6
"2220",9.94479462579805,21.5769876115888,8,6
"2221",8.55644183429271,27.9017178124988,8,6
"2222",9.31912946872464,18.7512644693843,8,6
"2223",9.75723895901894,26.1402371592397,8,6
"2224",6.98112682684952,20.7355194504869,8,6
"2225",6.46643435728407,20.8744807401367,8,6
"2226",8.67445480951971,24.5863172968649,8,6
"2227",6.5773412232254,21.2729058333221,8,6
"2228",9.1522360699751,22.9591405408217,8,6
"2229",8.18643967503319,20.1008024064849,8,6
"2230",6.72141908289022,21.38093215901,8,6
"2231",7.82259957462141,19.9659417028026,8,6
"2232",7.20809545231614,20.6581762306211,8,6
"2233",6.54983205549447,13.6952133795437,8,6
"2234",9.77506668732302,21.8380219152452,8,6
"2235",8.79437367810751,21.6348624067956,8,6
"2236",6.57380248258796,22.1642610911334,8,6
"2237",4.94365306958141,15.6011011535567,8,6
"2238",8.51486274497542,25.8624212734553,8,6
"2239",8.57146855991905,24.6223976567685,8,6
"2240",8.10799160068913,19.9554791029687,8,6
"2241",8.97640104545426,25.0588441070443,8,6
"2242",8.36724014703024,23.5200007294898,8,6
"2243",7.4978428030788,19.2372040300759,8,6
"2244",11.4441910904492,29.2767415825964,8,6
"2245",7.13081541839474,20.9487999458814,8,6
"2246",12.6459833483277,30.4744929255647,8,6
"2247",4.73769442866154,18.1403728041928,8,6
"2248",8.61364954744836,24.0602900607668,8,6
"2249",10.7838100509806,28.6245779645059,8,6
"2250",6.9519623579708,19.9418861092264,8,6
"2251",12.7077440308846,28.3859601052716,8,6
"2252",9.42429536487379,24.0203844244127,8,6
"2253",9.32172860620274,25.8985851503917,8,6
"2254",5.84339533580857,18.8361956974056,8,6
"2255",5.8072758168964,20.9911371259837,8,6
"2256",11.2984263950798,27.0878167412069,8,6
"2257",8.88205875017133,25.5215009161549,8,6
"2258",6.43284825513935,28.2689747798539,8,6
"2259",10.4383504115312,18.0556847419158,8,6
"2260",7.26301661625801,17.3856619317908,8,6
"2261",11.2674379154045,28.5662335136493,8,6
"2262",7.7550496794827,23.2042807574809,8,6
"2263",8.89899490241903,27.7857412112125,8,6
"2264",6.57738729213195,19.8109536428294,8,6
"2265",9.94634069078126,27.1667274402857,8,6
"2266",8.19590635374321,23.9581151560571,8,6
"2267",6.39345111241738,20.0148608404144,8,6
"2268",8.00021013110081,26.488541696652,8,6
"2269",8.70965453533301,22.6619759494535,8,6
"2270",12.7497510938882,26.4923535499022,8,6
"2271",6.33286175605588,20.7896213920887,8,6
"2272",8.53431541664971,20.9756831096299,8,6
"2273",8.4119216483558,25.2007067206217,8,6
"2274",8.05900408993597,22.8732648140672,8,6
"2275",8.98808966925368,24.1820488336185,8,6
"2276",9.4904490240377,21.3427699903661,8,6
"2277",6.75320981345097,23.4283383991316,8,6
"2278",9.53865113374225,25.1576431299802,8,6
"2279",8.36504084924805,25.6525654034134,8,6
"2280",6.4627712049401,23.3027776559506,8,6
"2281",8.73003917638877,20.3739922480243,8,6
"2282",5.9065786102973,16.2686258001136,8,6
"2283",10.4208162900997,22.5853746338968,8,6
"2284",8.18681487199952,19.9511675035049,8,6
"2285",5.34565809790949,14.9838858886995,8,6
"2286",5.38916252896986,17.5055471654491,8,6
"2287",7.67250543767045,22.5623170916683,8,6
"2288",8.68981970580874,22.7112408758986,8,6
"2289",7.06084715980936,13.0348813082947,8,6
"2290",7.04521871905668,21.938138805636,8,6
"2291",5.33637752460238,17.0617748026627,8,6
"2292",9.1288599675042,27.5713390557597,8,6
"2293",8.87757643110773,22.244246739899,8,6
"2294",4.95696728475978,19.4266939158856,8,6
"2295",8.28195531039047,27.1624018895913,8,6
"2296",6.65548967172796,21.5294075495501,8,6
"2297",7.39480100752979,19.1412995011581,8,6
"2298",7.30357240563668,22.1403949433942,8,6
"2299",4.6343172221424,15.4175560497399,8,6
"2300",9.13366785620661,27.3679985110595,8,6
"2301",8.41026468427329,24.9393701499731,8,6
"2302",9.60303975912619,27.2577566272092,8,6
"2303",4.65666446998768,11.4660988567208,8,6
"2304",7.83992416224646,23.7622261806744,8,6
"2305",4.80022412416222,21.4803420907928,8,6
"2306",9.25846804073834,22.4350835578216,8,6
"2307",11.0190471539199,28.2670619933512,8,6
"2308",8.80940452630943,23.3799638763617,8,6
"2309",8.15625881053191,21.0993486945514,8,6
"2310",8.03592595837648,23.6542888431821,8,6
"2311",8.92938954795707,22.816962024852,8,6
"2312",7.64871364438015,26.3043651298126,8,6
"2313",6.04162071324189,21.4402111190882,8,6
"2314",4.59769314492674,19.8844669402958,8,6
"2315",10.5792954745082,22.4307002406386,8,6
"2316",5.07576651589273,18.8198842945116,8,6
"2317",5.63750220607508,19.1286623647464,8,6
"2318",7.76003925880939,20.5724434757254,8,6
"2319",9.64148247833092,26.7710917131705,8,6
"2320",4.9057722176159,16.2490542699861,8,6
"2321",7.59608508818604,23.8866138404225,8,6
"2322",9.76404104173111,23.5404060831297,8,6
"2323",9.73379123582674,26.0477640328486,8,6
"2324",6.07600441966702,25.2915640304377,8,6
"2325",8.3606698108594,19.397816424185,8,6
"2326",6.94706077203661,20.8524562876964,8,6
"2327",9.69428451981375,25.9351812514978,8,6
"2328",7.52825818162175,22.301523927683,8,6
"2329",8.57462857572378,27.9342507036565,8,6
"2330",8.09565946110831,22.9928280094621,8,6
"2331",7.99140771355224,21.6400868278197,8,6
"2332",8.52477190585911,23.1256175572858,8,6
"2333",6.31432948828403,20.811398541894,8,6
"2334",8.31328882757877,23.6500450305171,8,6
"2335",9.28207239383255,22.3562056873109,8,6
"2336",9.13447692401449,27.6519072663034,8,6
"2337",8.91429446427145,24.3818914599665,8,6
"2338",8.07257461735536,21.4797955291522,8,6
"2339",9.78086176778515,23.2601685374195,8,6
"2340",5.47273891631735,16.5898391658264,8,6
"2341",7.77513550515496,24.343988905845,8,6
"2342",7.92294522839679,24.381754165623,8,6
"2343",8.96629531811832,25.8306674020858,8,6
"2344",7.36768085484223,26.0560988862785,8,6
"2345",9.34361550259184,20.0101839857025,8,6
"2346",8.00895359395348,23.1818623496988,8,6
"2347",7.08952778129143,20.5085437758888,8,6
"2348",5.86101043366856,16.0196316896644,8,6
"2349",7.14478840135608,25.3021008061737,8,6
"2350",4.31272900308365,18.6526561343037,8,6
"2351",5.87501819297359,20.9416515532879,8,6
"2352",8.11905078576347,25.1358388964185,8,6
"2353",8.91334734169914,28.7204543118859,8,6
"2354",9.25589912751496,26.2162031565726,8,6
"2355",8.58773208851843,23.6276784969474,8,6
"2356",8.14749735074083,20.9445948858891,8,6
"2357",10.0101710284734,23.8044078801299,8,6
"2358",10.2516107116736,24.5180914476036,8,6
"2359",6.22070353615385,19.5041122325956,8,6
"2360",9.5654978160142,22.6969437669184,8,6
"2361",9.96397296316976,27.3629574935283,8,6
"2362",8.67080092252019,27.4605332500541,8,6
"2363",5.74950553789517,20.4096030298642,8,6
"2364",9.26767876582147,25.7027852052183,8,6
"2365",8.89317346639356,18.6532701703886,8,6
"2366",7.51601513018122,18.2593272475946,8,6
"2367",8.79626764006058,23.8783501937087,8,6
"2368",6.11690974826391,22.6224263144247,8,6
"2369",6.23274501246341,18.5930378004321,8,6
"2370",7.06506866715611,19.5244615971818,8,6
"2371",6.65239414878757,20.6575496624674,8,6
"2372",4.36846756775668,12.2304199002184,8,6
"2373",5.39089326895692,18.7122948058023,8,6
"2374",6.23613823428228,18.4098407728908,8,6
"2375",9.04207431717744,23.840138427404,8,6
"2376",5.6215999750595,24.1107673453728,8,6
"2377",6.88207695291949,20.389301227071,8,6
"2378",7.57955970212851,23.5755251195119,8,6
"2379",7.64278625537773,23.9776833395204,8,6
"2380",7.88296833762354,21.4983959813868,8,6
"2381",8.18131521195874,22.1459875285998,8,6
"2382",7.8618546612871,28.4205408057606,8,6
"2383",7.99398697428104,19.3767982703918,8,6
"2384",5.09877829165466,18.6677840213707,8,6
"2385",5.75919550374669,19.1872351917887,8,6
"2386",10.4282152032314,24.6820660307838,8,6
"2387",2.44501521228837,15.155636963067,8,6
"2388",7.38017204010976,20.3220739067758,8,6
"2389",9.22650336596401,22.1348719371358,8,6
"2390",8.30037181005837,22.033147981692,8,6
"2391",10.1477178362685,21.6546793919807,8,6
"2392",6.75273559117866,20.1475199540492,8,6
"2393",4.55544004529245,20.2933459520581,8,6
"2394",5.61608764585762,16.2787849040951,8,6
"2395",5.81176043249678,15.5139951810876,8,6
"2396",9.12816556180236,23.3669354041176,8,6
"2397",8.4854936912357,26.0205303200327,8,6
"2398",12.1955842692731,27.3353445640075,8,6
"2399",8.17513017911102,18.286558438056,8,6
"2400",7.91828937746904,19.8806690623709,8,6
"2401",10.015873982319,25.7643898705432,8,6
"2402",5.5041102206535,19.0796513848843,8,6
"2403",7.91023040825104,20.789527805415,8,6
"2404",8.46711774021306,20.0595241999128,8,6
"2405",10.6986170893578,28.4119970064866,8,6
"2406",9.14930163482227,22.661833547054,8,6
"2407",7.8738337817533,25.7568052579908,8,6
"2408",8.56832186818899,22.1607513766446,8,6
"2409",8.55566187492698,24.1515615484468,8,6
"2410",9.83951943164423,25.1103138735572,8,6
"2411",7.39655481343295,24.3772943659384,8,6
"2412",11.3976782323011,28.3611122566122,8,6
"2413",7.41962633761616,22.4993861351892,8,6
"2414",8.56849036324982,22.5430217490757,8,6
"2415",6.64038900268298,18.8738592370154,8,6
"2416",6.66197250497113,21.958017662528,8,6
"2417",8.03162410663269,25.2783550581528,8,6
"2418",7.68043588712885,25.5290855372188,8,6
"2419",8.89661719277486,25.5559477167221,8,6
"2420",10.1159856442079,24.6252729552264,8,6
"2421",11.0291907573195,23.070141614062,8,6
"2422",7.51136351648851,23.5773201715607,8,6
"2423",8.19951317317882,25.2566496449867,8,6
"2424",8.41873095972647,24.9098773194858,8,6
"2425",11.4902235838039,27.8875728232734,8,6
"2426",7.96069828103759,21.4216698605789,8,6
"2427",8.00431130707374,21.0822085233783,8,6
"2428",7.02871592060189,23.5839132986819,8,6
"2429",9.73308556841425,30.0415622362236,8,6
"2430",10.0150312519198,21.8421740813902,8,6
"2431",8.30531525040105,25.6611539909526,8,6
"2432",9.25523629694733,21.7331713246009,8,6
"2433",11.545241366448,28.5900034373698,8,6
"2434",4.56048210070231,19.6730124639178,8,6
"2435",7.47892305383466,21.4870855799965,8,6
"2436",6.54795984104053,20.2459489572604,8,6
"2437",3.902513152414,17.9093558341823,8,6
"2438",8.45812925434376,23.1310198062135,8,6
"2439",9.89814666653983,23.9701696929884,8,6
"2440",9.22096564056895,26.7516849427737,8,6
"2441",8.63376262359092,26.1039710643979,8,6
"2442",9.83606639501177,24.0325304625714,8,6
"2443",8.30166534635968,18.4524342655206,8,6
"2444",11.9241889495089,27.0555373119469,8,6
"2445",5.88941483864144,22.1070092051961,8,6
"2446",5.79928159100423,19.2309415776959,8,6
"2447",3.56421711976575,17.2143144862905,8,6
"2448",8.64312509207051,26.9974471629171,8,6
"2449",6.16682808561945,17.1120879738841,8,6
"2450",7.582415996481,21.9140997996833,8,6
"2451",6.11985131789223,21.1439874128066,8,6
"2452",10.5125913002144,27.398046433223,8,6
"2453",11.1261665608214,33.56913267108,8,6
"2454",9.37344829006051,26.6097582495339,8,6
"2455",7.23606013804714,24.4211914653846,8,6
"2456",9.87926502231717,21.0811943204862,8,6
"2457",8.98647983461105,19.9211049031235,8,6
"2458",7.10009450939576,25.2491480495573,8,6
"2459",9.5083301861291,27.8420352785696,8,6
"2460",4.13026053826393,20.7208194659363,8,6
"2461",11.0740674508643,30.4239425542384,8,6
"2462",11.4697379847269,25.127710877648,8,6
"2463",5.58221055860349,17.1815001911649,8,6
"2464",4.10036300771977,22.7915549778162,8,6
"2465",11.343996807111,24.1523848548487,8,6
"2466",8.46283509018737,24.4331594513309,8,6
"2467",5.26229896923953,15.8939415703164,8,6
"2468",7.76373110553191,20.5430352396176,8,6
"2469",8.25795005362695,23.7418030359479,8,6
"2470",8.32299302497417,16.2279220175081,8,6
"2471",7.63870760468624,27.4856899662529,8,6
"2472",3.51843399099232,17.4720025126825,8,6
"2473",9.97916490327355,28.3239955453266,8,6
"2474",7.26493644950205,19.773839981567,8,6
"2475",6.28280006289256,16.1964786713627,8,6
"2476",9.0238388769069,22.9199893830971,8,6
"2477",8.45710354682312,28.5461487986038,8,6
"2478",7.91242878524761,16.7757822241174,8,6
"2479",11.0443653507009,26.9284227920574,8,6
"2480",6.99670067358947,19.6840591205583,8,6
"2481",7.66089762836445,27.7689130500438,8,6
"2482",8.8651826970826,29.1399269142551,8,6
"2483",6.76724263399705,23.8454048691273,8,6
"2484",8.67074028359982,21.7783409628453,8,6
"2485",8.53894640663972,27.4197170486114,8,6
"2486",7.63381474580384,22.2378632533694,8,6
"2487",6.11822226830027,22.9185116058734,8,6
"2488",7.81889585750599,19.448296417421,8,6
"2489",8.62415396679032,24.5905196217393,8,6
"2490",8.32480191628111,24.6952148730815,8,6
"2491",5.83853164138879,18.5331723521497,8,6
"2492",6.7589574515875,19.3106132568534,8,6
"2493",12.4884969755978,26.0355411554609,8,6
"2494",8.45375173718722,24.3147931704743,8,6
"2495",6.92365708366086,20.0758661627352,8,6
"2496",9.67610613501927,23.8822100715178,8,6
"2497",5.64500583914855,23.2196735341037,8,6
"2498",9.81027867739773,22.4797657798837,8,6
"2499",3.29967210419205,16.8203966428742,8,6
"2500",11.0160978094373,22.5293842133532,8,6
"2501",10.0458704459163,25.3510180049712,8,6
"2502",9.26326106658089,23.3716664844746,8,6
"2503",7.30541423671792,20.2734436865987,8,6
"2504",5.42864766559486,23.1779588093404,8,6
"2505",10.2321340375818,25.6025508654238,8,6
"2506",9.29973152872057,22.5884221470627,8,6
"2507",6.58570521371046,17.9914789753673,8,6
"2508",8.06421811240201,21.5239356044455,8,6
"2509",8.57437648382288,26.8231770948119,8,6
"2510",7.93252585223314,23.7808452529705,8,6
"2511",6.1406349798063,21.5122982652613,8,6
"2512",8.36078599939387,24.7412629611924,8,6
"2513",9.21844044595887,18.8364485988337,8,6
"2514",8.85869069113536,22.7490467594261,8,6
"2515",7.44239380768494,24.1147428766323,8,6
"2516",9.5434986299145,24.453925805835,8,6
"2517",7.33757083339111,19.1648052553447,8,6
"2518",9.15475499963057,23.7175383711874,8,6
"2519",8.10755339888411,19.2464443458053,8,6
"2520",4.63868861631723,16.9453869024377,8,6
"2521",14.8372019355354,32.8681708702625,8,6
"2522",9.33207915880531,21.6251186623179,8,6
"2523",5.72817157719212,16.8929290870345,8,6
"2524",13.0036294398585,24.8319032741384,8,6
"2525",8.15045959819863,21.8883111229586,8,6
"2526",8.3603270180422,21.6925027981768,8,6
"2527",6.88778814760603,23.5843655673691,8,6
"2528",9.59828465605083,26.8337125964615,8,6
"2529",8.49322146528668,22.2068441367416,8,6
"2530",9.26972891454919,19.2307215265401,8,6
"2531",7.50395952107503,20.6165639572985,8,6
"2532",8.60585556932848,21.5817828903917,8,6
"2533",7.59410506810261,23.7484474608233,8,6
"2534",9.3719318572225,25.4949441224784,8,6
"2535",12.4657637160163,26.3867037475682,8,6
"2536",8.31283858476128,26.4038778108604,8,6
"2537",9.06257307819092,26.1669779911804,8,6
"2538",10.2754020728021,23.1083112543415,8,6
"2539",6.26741459737526,17.9593380511565,8,6
"2540",10.3498809642328,21.794635280772,8,6
"2541",6.48517622379271,18.159226985905,8,6
"2542",7.61944957184688,22.4120576808373,8,6
"2543",5.26087944114071,20.3172273064707,8,6
"2544",8.19716669682822,21.1109376003985,8,6
"2545",11.1671182093019,30.8648707156828,8,6
"2546",11.4240404900805,28.3795518034117,8,6
"2547",6.86000975910177,18.0546067736196,8,6
"2548",5.37578784931709,19.5153939279579,8,6
"2549",5.35507556479151,23.8414267687333,8,6
"2550",8.34027005721398,26.8700758946708,8,6
"2551",10.6469504311227,24.0240144641348,8,6
"2552",7.60530898490849,23.2427631219788,8,6
"2553",7.48980953796579,18.8989506588865,8,6
"2554",8.75283215262181,24.9513276533225,8,6
"2555",7.71746629230844,21.7566665520964,8,6
"2556",6.85365069707505,21.741590324375,8,6
"2557",13.1749288044227,32.2804246366549,8,6
"2558",12.4091352748002,30.9794536211683,8,6
"2559",10.0028005349536,22.2215844545503,8,6
"2560",8.67020742562456,24.1074274559804,8,6
"2561",10.3127724007045,23.6964893926379,8,6
"2562",8.95358152623175,24.9904038586449,8,6
"2563",10.2409092692591,24.0556631895894,8,6
"2564",3.8629378628146,17.0592902409662,8,6
"2565",5.96989175459585,19.58111153122,8,6
"2566",8.57280416237449,20.5661538822189,8,6
"2567",9.84892900846602,23.5469445897455,8,6
"2568",5.20651094319521,18.44026653349,8,6
"2569",5.93140851065439,19.6423452980945,8,6
"2570",8.76599431709837,23.8814692197298,8,6
"2571",6.38421619849274,21.5170148242303,8,6
"2572",7.80580995757702,22.4056386969792,8,6
"2573",5.38294508670149,21.1684328210877,8,6
"2574",10.7583387332241,22.8925088682569,8,6
"2575",5.27180712181525,12.6747716614288,8,6
"2576",9.08757663642795,29.0814822387083,8,6
"2577",9.24188856514552,21.9606527808954,8,6
"2578",10.7803020229901,20.2214459504629,8,6
"2579",11.3013245901821,29.2135692460981,8,6
"2580",8.05083916161115,23.0308981006609,8,6
"2581",9.36052317796649,24.5108193848879,8,6
"2582",6.51799143367829,22.288116843226,8,6
"2583",6.28340442618734,24.8584472279085,8,6
"2584",10.8358994096474,25.1120897858505,8,6
"2585",7.74582452886778,26.4383075108453,8,6
"2586",7.55040993642544,22.2217405451228,8,6
"2587",9.0146701075035,23.7295539730918,8,6
"2588",7.7613197374797,28.0431967747267,8,6
"2589",7.89406106138258,21.9590237505325,8,6
"2590",5.75173547164186,18.998013103363,8,6
"2591",10.1938723531712,22.1396916644604,8,6
"2592",9.11878425338693,22.8597212403051,8,6
"2593",11.9831069422733,30.3971226098371,8,6
"2594",6.35933048044923,20.3221655949887,8,6
"2595",8.38021654280083,23.3149209575707,8,6
"2596",7.6949198386658,15.6042067311729,8,6
"2597",8.73382857209607,20.8684429261298,8,6
"2598",9.79637161713948,27.7268397464162,8,6
"2599",7.25965506467835,22.7696489637539,8,6
"2600",5.57883970085606,21.0028281179119,8,6
"2601",8.02006931478294,21.5448707584319,8,6
"2602",8.59050038617209,21.5844106223762,8,6
"2603",8.35165836891507,23.5271996034708,8,6
"2604",5.80508877774138,19.628888215416,8,6
"2605",12.1925286102539,27.1996975572398,8,6
"2606",7.34665030748924,20.6916820739176,8,6
"2607",8.03456543064527,20.8168633544967,8,6
"2608",7.11252254071285,20.247260605861,8,6
"2609",8.46119843270811,18.4894882035592,8,6
"2610",5.63614742337677,22.9006504752114,8,6
"2611",5.47318161207903,19.8546761142385,8,6
"2612",5.24116584197358,18.5778596203186,8,6
"2613",10.6716877532485,27.3594783127137,8,6
"2614",7.51349781341652,20.1751826009277,8,6
"2615",8.99767944241632,23.2185328177893,8,6
"2616",9.56850681483576,25.2758847516899,8,6
"2617",11.0576468608894,25.2016194670246,8,6
"2618",7.19279135669542,16.5854658884864,8,6
"2619",12.8635077127557,29.6566434601095,8,6
"2620",12.3225499342352,29.5366381790293,8,6
"2621",6.96215580180712,20.0626946804658,8,6
"2622",6.56561363920669,19.9950366510503,8,6
"2623",6.57808290746756,17.7127749874789,8,6
"2624",4.8076260840689,16.6500491541376,8,6
"2625",5.10339844426104,19.7331409999635,8,6
"2626",8.33690981213792,21.9510010661061,8,6
"2627",8.54593964022187,25.956652246108,8,6
"2628",2.89244729745191,14.2652992065922,8,6
"2629",8.61322339685216,23.2830202396878,8,6
"2630",4.28064066106008,16.1655734964184,8,6
"2631",8.77255729373146,23.4435021416515,8,6
"2632",5.0100414035022,20.5031634566583,8,6
"2633",7.22218197892833,27.5740365964463,8,6
"2634",5.63660622212112,18.6879276555711,8,6
"2635",9.8407388271701,20.1159190944661,8,6
"2636",8.96208370517529,22.8946395604764,8,6
"2637",8.06693513778549,20.9022080533275,8,6
"2638",10.9007244290966,28.1447885036625,8,6
"2639",10.6687513887216,21.2792370380924,8,6
"2640",6.03857529710119,17.1799694686733,8,6
"2641",9.56208223387704,25.4961572629476,8,6
"2642",6.76713071505819,24.1589558976681,8,6
"2643",9.61988185472433,19.23450873077,8,6
"2644",9.22853394669533,23.5859174700675,8,6
"2645",9.43452886910633,23.0624735524091,8,6
"2646",4.95745248886293,18.2423485144888,8,6
"2647",10.3725803161861,30.0104725417002,8,6
"2648",7.63271696289318,20.6642973343657,8,6
"2649",8.55735115433205,22.5217530391157,8,6
"2650",9.69842226965308,25.6153800093848,8,6
"2651",9.15659367490239,28.7094286976332,8,6
"2652",4.82266617073973,19.2415237445859,8,6
"2653",6.40067922209293,21.5646664000966,8,6
"2654",7.86469243921986,20.5734509678368,8,6
"2655",3.62126360508723,18.1822768318511,8,6
"2656",10.8205655276999,24.677893534374,8,6
"2657",9.77148677248849,30.3324336884656,8,6
"2658",10.7990053874435,22.0075929005528,8,6
"2659",5.27525177622974,19.0842319433991,8,6
"2660",8.34290326379827,18.9430308604681,8,6
"2661",6.23629627510702,21.8537134075174,8,6
"2662",9.53360790751134,25.6715123372057,8,6
"2663",7.59770109715091,26.0117893615307,8,6
"2664",10.7808052079168,29.6485356318853,8,6
"2665",8.74325401895306,26.7122571643745,8,6
"2666",8.92056888578064,25.6708614160642,8,6
"2667",10.0468793120263,27.619855954929,8,6
"2668",8.62732554256888,27.2911745582007,8,6
"2669",9.21823834111293,22.2770802126165,8,6
"2670",7.9294152942609,24.1753818604114,8,6
"2671",9.37009124968304,23.9067669362435,8,6
"2672",8.27428121396165,23.513003709687,8,6
"2673",11.8434492674664,30.2118577245424,8,6
"2674",12.4051332667632,29.0164013783453,8,6
"2675",13.0115627076366,31.8056488055459,8,6
"2676",6.91329280032036,21.4324591253466,8,6
"2677",6.95471795100449,16.180363068552,8,6
"2678",12.4687392227872,27.2041758350886,8,6
"2679",9.30795122563548,23.183873473594,8,6
"2680",10.3680611044891,26.5456509353768,8,6
"2681",5.31956568872047,18.5917287419336,8,6
"2682",3.53257368560641,21.0190454474458,8,6
"2683",10.8873470111902,32.0855816119978,8,6
"2684",10.3600964597265,23.60178060305,8,6
"2685",9.28179601496094,24.1615233603694,8,6
"2686",5.41703492218902,19.6517097154827,8,6
"2687",8.97409885357285,25.0297248133108,8,6
"2688",8.92019897312533,21.5171419439071,8,6
"2689",7.32518343106298,26.1283513301951,8,6
"2690",12.30260717516,31.2542671533079,8,6
"2691",7.29190844534271,18.2538850492716,8,6
"2692",8.27953122617235,30.1021047790363,8,6
"2693",9.44753168913284,24.4036052585798,8,6
"2694",6.46822559316818,22.9457643051026,8,6
"2695",5.86209953906222,21.3763342638906,8,6
"2696",8.01725033872038,17.2557315501157,8,6
"2697",7.59585327503887,26.077821993047,8,6
"2698",7.87510289923322,21.3332041846543,8,6
"2699",7.95972988390845,30.3796161603211,8,6
"2700",8.35960368710151,26.1428726993013,8,6
"2701",10.2340347745228,23.7908856504638,8,6
"2702",7.36951530728207,22.1081324315944,8,6
"2703",6.64439420613772,18.5779096332988,8,6
"2704",7.64101576265436,22.0074460661804,8,6
"2705",9.23103447990504,20.1632787802014,8,6
"2706",6.82710311844653,18.0846281040645,8,6
"2707",6.81021270773488,23.0749085164636,8,6
"2708",7.79532732196161,24.3576400888849,8,6
"2709",8.5425868631171,22.2377439707755,8,6
"2710",7.10431528578732,21.9473134705357,8,6
"2711",6.55915516612375,17.1241806558492,8,6
"2712",9.456781566115,22.4032485222487,8,6
"2713",9.56463767820484,28.2137198118347,8,6
"2714",4.24703764062104,18.2731503599665,8,6
"2715",9.7553272999908,24.1644872401132,8,6
"2716",11.088714450768,29.9379395298032,8,6
"2717",4.74586744383466,19.450961637103,8,6
"2718",11.0348909302007,30.0846195366587,8,6
"2719",4.93901327449018,16.2274459797639,8,6
"2720",5.9026088752908,24.5383687355617,8,6
"2721",7.60132052936577,21.2058294383953,8,6
"2722",8.61687942805394,25.7743581001043,8,6
"2723",5.38287853246497,14.9750907848456,8,6
"2724",7.00950912748756,19.1774189286405,8,6
"2725",6.1618568184719,22.5724874962912,8,6
"2726",5.46760062501602,23.464826763259,8,6
"2727",11.5166897943867,27.5161663957734,8,6
"2728",6.55111172885691,23.8256671993628,8,6
"2729",5.68093672469717,19.5740010433304,8,6
"2730",10.538181720695,25.7375868281951,8,6
"2731",9.16188821424909,22.3463557169093,8,6
"2732",5.15976609126273,14.7205833035942,8,6
"2733",10.932953138458,27.748326335885,8,6
"2734",7.55542462987807,28.8745192457561,8,6
"2735",9.40829637674023,24.7574127262404,8,6
"2736",9.35370568253122,22.7528560403268,8,6
"2737",5.82628310728589,22.6001711254545,8,6
"2738",10.9929332105895,24.3871658422371,8,6
"2739",6.51204058852391,19.9424966601487,8,6
"2740",11.3537466331968,21.436562531957,8,6
"2741",9.50080305287749,23.3266912587785,8,6
"2742",7.09237773656891,19.6400325267155,8,6
"2743",10.3487510954776,21.2136792699351,8,6
"2744",8.83899634071292,25.1603872867152,8,6
"2745",9.21623178006181,25.3512843710355,8,6
"2746",5.65877840598193,19.1094448739218,8,6
"2747",7.7617103346233,16.7126464271759,8,6
"2748",9.40949548430723,26.627617301628,8,6
"2749",8.34438302106243,20.2476869859971,8,6
"2750",9.58141878056747,25.7947621409376,8,6
"2751",6.26824006027367,14.9074147609765,8,6
"2752",8.51244594044424,22.588935148695,8,6
"2753",9.31910113959925,27.7511171886444,8,6
"2754",8.71743154743816,27.1473637623972,8,6
"2755",7.3531190255597,20.4689341018221,8,6
"2756",7.50357709868551,21.1196394274194,8,6
"2757",8.12951545224295,21.2944636994128,8,6
"2758",5.5053559876172,18.480176273519,8,6
"2759",4.08912472223997,16.0349600580324,8,6
"2760",10.3683722433255,24.8049576530558,8,6
"2761",10.3102764246185,25.195323994438,8,6
"2762",11.3439061876683,26.8819669047887,8,6
"2763",7.52616219494091,19.1917116781405,8,6
"2764",8.76857298491866,27.6032667522287,8,6
"2765",7.9202972903999,20.5708872305266,8,6
"2766",7.25103096527144,18.1956266731055,8,6
"2767",8.45078115451378,21.9883661862589,8,6
"2768",6.86144675796206,24.8575079874525,8,6
"2769",7.91016093101392,22.1126973804496,8,6
"2770",8.64988005420269,23.9012385050389,8,6
"2771",7.79005233492694,20.6611918997859,8,6
"2772",8.28804433503931,21.2408731917438,8,6
"2773",9.58052504760554,16.697614324298,8,6
"2774",6.51168773999414,17.3748059992048,8,6
"2775",4.14874280099927,15.8543845791129,8,6
"2776",6.71885463938035,20.5325971600628,8,6
"2777",7.00737391079269,23.6447540111602,8,6
"2778",7.74647939519311,18.8111605195674,8,6
"2779",5.27929512623432,18.5060651857434,8,6
"2780",7.50706243179431,26.1781049756643,8,6
"2781",9.84363469164829,24.7424070727415,8,6
"2782",9.66481232029666,30.1713980517332,8,6
"2783",3.81186911114549,12.2574199663503,8,6
"2784",10.1076523029876,28.7792122301578,8,6
"2785",11.3544231855048,22.71422867688,8,6
"2786",6.0176913696826,20.0483343202547,8,6
"2787",9.46590096064936,25.4184941567067,8,6
"2788",7.79825040203899,22.9263477124757,8,6
"2789",4.7746584756837,22.6535948355155,8,6
"2790",7.33257186167111,19.6657232007339,8,6
"2791",6.14407566026284,21.3101772572579,8,6
"2792",7.09853918892002,22.6642768074137,8,6
"2793",7.07748946266554,23.6872540908967,8,6
"2794",8.21545749897267,25.6139324569027,8,6
"2795",4.16426506374575,16.538325779345,8,6
"2796",7.9772584404586,25.2513137050229,8,6
"2797",9.22298279386889,26.1504126744577,8,6
"2798",8.60098001794698,23.6404817689755,8,6
"2799",5.5388157962408,15.0957799053764,8,6
"2800",7.94417781725568,19.0041087098432,8,6
"2801",10.1125852061733,21.9296738223273,8,6
"2802",5.00180798376371,18.2938263216967,8,6
"2803",7.97500269165535,24.8714375859119,8,6
"2804",9.10011379730419,24.5469519894268,8,6
"2805",9.08885056381002,21.9533154790792,8,6
"2806",9.94564612545886,28.6396041412509,8,6
"2807",8.94342224985206,20.7845466528598,8,6
"2808",9.49267369744258,24.4773160203119,8,6
"2809",10.0743671732116,25.0435522066245,8,6
"2810",9.68452821367467,21.8695857990085,8,6
"2811",6.63918503430938,21.8223682114832,8,6
"2812",4.35531311380718,17.081387239112,8,6
"2813",10.0967715352698,26.7068438429744,8,6
"2814",7.98246483729936,24.5500879058313,8,6
"2815",7.85696497358172,23.4264731034485,8,6
"2816",8.91021846623382,24.262090691257,8,6
"2817",8.6800029568933,23.5900795290278,8,6
"2818",8.28291916758032,21.9125603958999,8,6
"2819",7.26867538736481,23.8614347813451,8,6
"2820",6.55291452606273,19.8139756362976,8,6
"2821",7.30340127207644,24.748806101524,8,6
"2822",9.76338911118592,26.5001281062333,8,6
"2823",9.50074124101966,29.3412971798189,8,6
"2824",6.78675842242364,16.0369246241696,8,6
"2825",6.76084771697381,18.2357005852403,8,6
"2826",11.3099454941394,30.419270384098,8,6
"2827",9.16524204813223,20.5735801446496,8,6
"2828",7.52042777984823,17.9025557423413,8,6
"2829",8.42190754463531,25.3315340221834,8,6
"2830",8.61552357599248,25.0135142995471,8,6
"2831",5.47577189554713,15.3633323886488,8,6
"2832",6.97784039523598,22.1893242414531,8,6
"2833",9.59527501107589,29.3896541849576,8,6
"2834",8.23055345097336,20.1048234094895,8,6
"2835",7.43755485596865,18.3673130172579,8,6
"2836",7.19358328307981,15.7044639986419,8,6
"2837",6.65869844519472,17.5634867027447,8,6
"2838",10.1448896732884,28.0029085861975,8,6
"2839",7.73884778718811,17.7677220199661,8,6
"2840",7.62203223673094,20.959217773482,8,6
"2841",9.02371608796439,23.4195499574754,8,6
"2842",4.8160472948557,11.1008867985568,8,6
"2843",7.00052968240918,25.0059267875405,8,6
"2844",4.82044752014536,23.6743425791543,8,6
"2845",9.00517194112586,24.6183257264198,8,6
"2846",8.96370838550563,23.9595160601282,8,6
"2847",7.60581619783845,21.1384894488958,8,6
"2848",7.00704270162858,20.1815487953355,8,6
"2849",11.6321719255114,26.7329539726984,8,6
"2850",10.2129531083757,25.9527635377531,8,6
"2851",12.0299899853501,30.4671050744214,8,6
"2852",9.42295476903263,28.9160479331072,8,6
"2853",9.05390476903349,28.0864367937141,8,6
"2854",9.43432858846973,21.5997708863997,8,6
"2855",5.29315549213092,19.7025604990201,8,6
"2856",8.62299670430407,28.033766558858,8,6
"2857",5.88328483531669,19.6825073492365,8,6
"2858",8.85974601584029,23.4338463007821,8,6
"2859",7.67679241385105,23.5469758173396,8,6
"2860",9.2909798306426,22.3523530133344,8,6
"2861",8.54013185092121,23.8722724221352,8,6
"2862",5.92246380035298,17.5309131814657,8,6
"2863",9.03769796230758,27.7746892344489,8,6
"2864",7.98365541948498,28.4176163314791,8,6
"2865",9.53341419779298,26.2214143819188,8,6
"2866",11.415986565044,25.7354953459318,8,6
"2867",8.77071045718265,23.4334653155108,8,6
"2868",6.02681236707642,18.0882478157898,8,6
"2869",10.1471735130855,24.9299044635362,8,6
"2870",8.69094766710507,21.1706425598676,8,6
"2871",8.87423877894374,22.6006207261466,8,6
"2872",5.34189066306416,17.2380117353536,8,6
"2873",5.74945797380528,16.6068441226275,8,6
"2874",8.34645345700916,21.8730496162433,8,6
"2875",6.3937482644253,18.9310455709887,8,6
"2876",8.65407670111516,25.7898647853064,8,6
"2877",9.34854942405966,28.0201113673431,8,6
"2878",5.15957497054982,21.7157065323272,8,6
"2879",9.46534982911532,23.2857539519499,8,6
"2880",6.2484849863781,19.2590977045323,8,6
"2881",6.08945904632441,15.1447782142123,8,6
"2882",7.15375451759659,24.0602770002176,8,6
"2883",9.91840224774784,25.9247306290038,8,6
"2884",8.21795492120345,22.4547349487714,8,6
"2885",8.97614365377859,27.1842217002569,8,6
"2886",6.58788041374673,22.3127144213615,8,6
"2887",8.08255464248364,21.7477714031545,8,6
"2888",7.65351688020007,24.215925982709,8,6
"2889",8.72621259225333,22.3887555678649,8,6
"2890",6.35009551624847,19.5952169738159,8,6
"2891",8.4127719172622,25.5207895815781,8,6
"2892",3.07537090377919,16.0831556763505,8,6
"2893",7.5784272127079,27.447759963419,8,6
"2894",8.15804387874754,23.8632156823706,8,6
"2895",10.243094432725,26.4119608626321,8,6
"2896",10.642713097673,20.6984182220715,8,6
"2897",10.4856131008955,27.095453505787,8,6
"2898",10.0371858786074,24.6502011581541,8,6
"2899",5.31191604723654,16.9896550964397,8,6
"2900",7.34178565903149,22.056132822051,8,6
"2901",6.66560875020332,19.2676163786499,8,6
"2902",8.62839626298922,21.4384400873691,8,6
"2903",4.97641204581439,22.4490285147844,8,6
"2904",8.58680071125006,17.3147395255791,8,6
"2905",11.3757227904665,24.4469801696934,8,6
"2906",9.74494433801678,24.8017661194303,8,6
"2907",7.52601406806371,20.9961382542162,8,6
"2908",6.62814166653818,22.2311263830293,8,6
"2909",11.959490829808,29.7921439247903,8,6
"2910",7.13320251069618,16.8052076002668,8,6
"2911",8.89397109587928,23.9381386079234,8,6
"2912",9.75880570475175,22.2858967574056,8,6
"2913",7.99230649767929,25.8760196280642,8,6
"2914",10.2069699031683,23.1066612193363,8,6
"2915",7.24951170539135,22.8260594470462,8,6
"2916",4.84329207114304,19.4459641998811,8,6
"2917",9.94720643075742,25.0808133213981,8,6
"2918",12.4105689097772,26.6971124508495,8,6
"2919",6.3453154033418,18.3430206487888,8,6
"2920",6.97259548060912,26.3255855439666,8,6
"2921",8.25116404806185,22.9068409205221,8,6
"2922",6.38486973796642,19.7499577115878,8,6
"2923",5.14360295151084,17.0405022689372,8,6
"2924",4.75666220676709,17.9135393448251,8,6
"2925",9.60017284784065,26.0561365024657,8,6
"2926",11.0835861988788,30.4076458108717,8,6
"2927",9.12071279495188,24.2313989679787,8,6
"2928",10.0110736673214,27.4902730548625,8,6
"2929",9.13526848277104,23.5711167067638,8,6
"2930",7.90843006672581,25.9118135833735,8,6
"2931",12.0223185487214,27.4047179683169,8,6
"2932",10.3751493127259,24.1249361242142,8,6
"2933",8.91992028310951,27.4413551909501,8,6
"2934",5.79894448040325,16.8336404885247,8,6
"2935",5.77031215804796,17.7166176935894,8,6
"2936",8.57015856393951,22.8038076697869,8,6
"2937",10.1141379226555,24.81290232734,8,6
"2938",8.77718095442759,22.188845757106,8,6
"2939",6.59466858020819,17.2881847702155,8,6
"2940",7.55240611149958,22.4035679882454,8,6
"2941",7.10350415838096,24.4973189580513,8,6
"2942",4.58522037189502,15.8169712081076,8,6
"2943",5.81845558968935,22.8150879984091,8,6
"2944",7.64661301313196,22.282070199659,8,6
"2945",8.45384568993808,20.6017213376965,8,6
"2946",8.01094973193808,23.7233832570519,8,6
"2947",7.08354646884006,22.5228324237929,8,6
"2948",7.81624256077869,21.4489220246223,8,6
"2949",7.77744323987065,26.8356996941203,8,6
"2950",10.3081267491508,22.6965023848722,8,6
"2951",6.60171547896133,19.4962198289256,8,6
"2952",7.84283456652032,22.6139293827659,8,6
"2953",8.04591640614557,21.8738574962309,8,6
"2954",6.22299092863294,21.5856067729893,8,6
"2955",8.46783009833408,24.2040143223144,8,6
"2956",8.49350110540835,23.2681996557891,8,6
"2957",9.82455105331348,24.076364173694,8,6
"2958",7.14460019309047,27.0338417661721,8,6
"2959",6.31598898871925,23.5043956870969,8,6
"2960",8.70136454137299,24.5239370993268,8,6
"2961",7.72834234336927,23.7673125656717,8,6
"2962",9.84384498273168,23.1665725961034,8,6
"2963",6.13875194530951,23.3853127940005,8,6
"2964",7.43958859906302,24.2191989522358,8,6
"2965",10.2978548542318,21.1899262254674,8,6
"2966",6.2769643921991,20.9377161089007,8,6
"2967",8.68215178632478,24.3169103142111,8,6
"2968",9.15033137320018,22.4252084936884,8,6
"2969",6.92353581218334,17.1254127602306,8,6
"2970",7.41626327017554,25.8454664599673,8,6
"2971",11.436329699465,25.6921564593521,8,6
"2972",7.33013815021872,27.0110570843053,8,6
"2973",5.47169342026228,17.4202215625866,8,6
"2974",7.09276030513946,25.6758905434694,8,6
"2975",9.08354206269139,16.6967038476383,8,6
"2976",10.2972064370254,26.3487610334355,8,6
"2977",7.13690987085849,19.8280777545853,8,6
"2978",7.56350830319296,20.6122506153171,8,6
"2979",6.98842757395782,16.6352728682655,8,6
"2980",6.96584107230324,23.0357417228038,8,6
"2981",10.7996551631617,21.9150884176386,8,6
"2982",6.74167129379058,19.3328820659106,8,6
"2983",8.9173470565097,24.5746375449326,8,6
"2984",8.2688576471394,19.8214744450594,8,6
"2985",8.03154082081974,20.3896532200535,8,6
"2986",7.95108590980381,23.994654417935,8,6
"2987",10.2445124574802,24.31860302147,8,6
"2988",10.1834642499704,25.2171211181072,8,6
"2989",8.73485222944844,25.4116548189794,8,6
"2990",3.81936398514371,12.1745078473587,8,6
"2991",12.2952477280809,26.6419851969444,8,6
"2992",5.40874320955912,16.7754307675333,8,6
"2993",5.97610949426861,19.1264929193913,8,6
"2994",10.8248320374132,25.7254017160064,8,6
"2995",7.39176482151538,23.9104108153091,8,6
"2996",5.9338296222813,18.5065963800288,8,6
"2997",9.06558355958875,30.1974020045334,8,6
"2998",12.1420828896092,26.4034547788583,8,6
"2999",8.82353756485918,19.4536620900796,8,6
"3000",6.8368846656545,24.8002954875709,8,6
