"X1","X2","component","subcomponent"
"2001",7.1093775724682,30.6158955276298,8,7
"2002",7.40270768770857,28.9668797290837,8,7
"2003",8.05080952150348,32.8864242010806,8,7
"2004",10.0677102760713,38.4074061672457,8,7
"2005",8.5423737577583,38.2147163455153,8,7
"2006",8.90910107389803,34.4507887529611,8,7
"2007",8.07446731905445,30.0645414294322,8,7
"2008",5.47611389823545,30.3129078759475,8,7
"2009",7.09466055251466,34.0728673699001,8,7
"2010",7.20033105196584,42.9088836967133,8,7
"2011",8.20456459368041,32.7008521374147,8,7
"2012",8.23628282369399,28.1841608636456,8,7
"2013",6.88971616840313,31.5928402929367,8,7
"2014",7.3513804298424,31.7809619693246,8,7
"2015",8.71482565386322,27.6610693740951,8,7
"2016",8.35873612846704,32.1296081413631,8,7
"2017",9.23713857542551,32.6943450380113,8,7
"2018",9.18821279743608,28.9415849427674,8,7
"2019",7.78504305931045,31.7259681792319,8,7
"2020",7.73996726035073,29.0668513835614,8,7
"2021",8.25093838002133,28.179246676727,8,7
"2022",8.8490222714839,30.9380821635271,8,7
"2023",8.06940353253237,35.738176850353,8,7
"2024",8.15411154810258,37.3983134024901,8,7
"2025",5.36561664365524,28.9166288507561,8,7
"2026",8.86784680447465,30.1761034561979,8,7
"2027",9.3061176605661,32.2386610808263,8,7
"2028",9.60631391261367,31.8308595566466,8,7
"2029",4.15847282789886,36.005420237852,8,7
"2030",7.96236584878489,31.8689042082914,8,7
"2031",7.73690283771467,34.9781032489307,8,7
"2032",8.70367617881906,32.9347737428827,8,7
"2033",8.3112838930611,29.944178229815,8,7
"2034",5.14671700800383,30.3224950044757,8,7
"2035",6.151924174553,27.8792605620972,8,7
"2036",10.8489527211953,39.3255895764008,8,7
"2037",9.1283987049087,34.0345895854432,8,7
"2038",8.15500199491568,35.7886567035661,8,7
"2039",7.55957120509151,37.8181162353932,8,7
"2040",4.88203724433739,38.0278855869248,8,7
"2041",8.25308226097359,25.5120732145938,8,7
"2042",6.88373184699859,27.6652047676355,8,7
"2043",7.0835219137516,26.9922201999031,8,7
"2044",9.21723941632163,31.9270828385723,8,7
"2045",9.63336633664566,25.2707605682643,8,7
"2046",5.41988596728285,26.0724291277638,8,7
"2047",9.87375859832291,35.1676262255235,8,7
"2048",10.3520169532603,31.6964217619426,8,7
"2049",9.78906692337419,34.8597477875064,8,7
"2050",8.90726556827146,38.0279822174975,8,7
"2051",9.02756554348739,26.6352295163463,8,7
"2052",7.58027897722821,37.5965213878462,8,7
"2053",8.12052198520254,28.9826120073553,8,7
"2054",7.49362645357388,29.6769184111707,8,7
"2055",6.75075539529868,31.5449936719166,8,7
"2056",11.2469068108974,32.4217795218483,8,7
"2057",6.38037504202315,34.0985188589399,8,7
"2058",5.8431418357972,26.7129591285435,8,7
"2059",9.98548571942426,28.4755235208985,8,7
"2060",8.43326804221516,30.8159662989093,8,7
"2061",3.87686426829515,35.2561742797431,8,7
"2062",8.54203509508585,27.3559589572531,8,7
"2063",8.89600508776076,25.9344863977472,8,7
"2064",6.87453602559499,32.2226321806277,8,7
"2065",7.22614954682865,27.3103330061304,8,7
"2066",8.45529559452654,30.1163478203065,8,7
"2067",7.28881128041861,27.7124879994924,8,7
"2068",7.28725702817042,41.151075477285,8,7
"2069",8.6306057943759,34.2807266430754,8,7
"2070",9.90634223877104,25.847964304942,8,7
"2071",8.19330935271541,28.0550667369539,8,7
"2072",10.2376821519686,21.6533601958999,8,7
"2073",8.09462762128596,36.1917868822851,8,7
"2074",10.4587912164561,28.0460846365451,8,7
"2075",9.8817120954262,42.1307037598236,8,7
"2076",11.7074141924741,26.6725275996191,8,7
"2077",7.57898306310972,32.751461187007,8,7
"2078",7.43553768914761,33.5778108667803,8,7
"2079",7.74271891781502,32.7568088348745,8,7
"2080",7.92720722530181,27.9598285260242,8,7
"2081",7.19684431238748,28.3928311568894,8,7
"2082",9.37776776211066,32.4266836202827,8,7
"2083",5.78257199112692,28.0575755430192,8,7
"2084",7.83746582748938,31.0444351845904,8,7
"2085",8.46497473666258,31.2242273741827,8,7
"2086",7.6285448015364,34.3573353048524,8,7
"2087",7.9894948225669,29.641532930299,8,7
"2088",6.89958562232245,31.9159253553751,8,7
"2089",7.8725310380456,38.9296515510616,8,7
"2090",7.38049357764551,30.8642740895043,8,7
"2091",9.90782359094624,41.7522480302454,8,7
"2092",6.07203847514215,33.8009558642965,8,7
"2093",6.37140800447198,36.9178534613527,8,7
"2094",6.84474301209248,31.1754014736419,8,7
"2095",6.45469450651468,29.7460177856352,8,7
"2096",9.03402940773759,30.6820658318935,8,7
"2097",5.5841612590591,32.4896144075028,8,7
"2098",8.79877514506019,31.9478785794791,8,7
"2099",7.90327703247029,28.2574436299754,8,7
"2100",9.44501427239702,34.7140027380312,8,7
"2101",6.97111909820848,35.0377774500411,8,7
"2102",7.15172201337819,30.4816088448888,8,7
"2103",5.25051626747965,29.9701654415163,8,7
"2104",5.40816021230507,26.7547717924023,8,7
"2105",6.16316801023199,31.5499148727756,8,7
"2106",6.56746958335143,26.7321376110295,8,7
"2107",7.50107102510863,31.3621334385352,8,7
"2108",8.53588271619354,27.6358201958487,8,7
"2109",7.66562278984986,17.3118729063961,8,7
"2110",6.02100197796569,29.4289594885692,8,7
"2111",6.86178019342536,39.9346601104627,8,7
"2112",7.64635175019635,28.5374870642349,8,7
"2113",10.380481820004,27.0548880559758,8,7
"2114",6.9006461874774,29.257616791863,8,7
"2115",9.42817658073528,25.4811518594901,8,7
"2116",9.65849754786121,32.5520082991555,8,7
"2117",9.58742799778896,30.7903396239012,8,7
"2118",7.77883422970428,29.0006404287663,8,7
"2119",8.31958044276321,32.1475052949679,8,7
"2120",8.65461509527139,29.1298449691741,8,7
"2121",7.26606837278732,32.9130643817563,8,7
"2122",10.9192618296198,29.4616978774069,8,7
"2123",8.63674760187097,25.47150463285,8,7
"2124",11.1265751336552,36.1915892367072,8,7
"2125",8.72631409984308,35.3795209614226,8,7
"2126",4.71939034802052,27.0019080088574,8,7
"2127",9.93659151726982,26.5428146624648,8,7
"2128",8.3896309559817,31.230288458361,8,7
"2129",7.69878423834721,26.0216279639974,8,7
"2130",6.4309571497036,32.8776004078522,8,7
"2131",5.56496794584969,38.0159816650551,8,7
"2132",6.41627386615992,36.2405537707007,8,7
"2133",7.57727069046683,35.2819221309939,8,7
"2134",5.40266784026591,29.3707454864855,8,7
"2135",8.92961654261877,32.2122852170488,8,7
"2136",6.76826512898722,26.1423349074281,8,7
"2137",9.30789997579705,30.3957540269466,8,7
"2138",9.64377682339559,31.3974944588889,8,7
"2139",5.4365246685537,31.076517763184,8,7
"2140",8.27897302776219,29.836914954738,8,7
"2141",9.17951012391666,29.7222545041048,8,7
"2142",8.99633306575353,27.3492840610899,8,7
"2143",8.46259682524899,33.3871805155306,8,7
"2144",8.74487317814425,32.8860006540871,8,7
"2145",9.08705492286786,26.427846374397,8,7
"2146",9.63183809074022,38.6702638613071,8,7
"2147",5.55213127516794,33.6071308642613,8,7
"2148",8.25160241335828,31.3354936442588,8,7
"2149",8.32789091617153,33.551439946819,8,7
"2150",8.94756831122323,28.6934520318364,8,7
"2151",8.99918431251123,30.1238849229951,8,7
"2152",6.1428471521498,34.9065430609786,8,7
"2153",7.59471170085115,33.1046422736862,8,7
"2154",5.83441110100833,30.6456601894235,8,7
"2155",11.0280065325344,30.7869656685231,8,7
"2156",7.43121764329956,27.0268119634596,8,7
"2157",8.30872859938088,39.8098398705325,8,7
"2158",9.66683927498344,28.0945516714528,8,7
"2159",7.13967947115383,40.6701280913685,8,7
"2160",6.45435180976572,22.9387784629228,8,7
"2161",7.10509001084313,26.7262595818133,8,7
"2162",11.0264432407725,36.7360906085545,8,7
"2163",10.8057193807934,34.9476489724673,8,7
"2164",9.07984705632806,31.9823957037854,8,7
"2165",9.05472899655014,32.3050683660507,8,7
"2166",5.78315610602576,25.3004613075651,8,7
"2167",7.42304517502324,27.2180932299862,8,7
"2168",7.90421327651137,30.9600268706917,8,7
"2169",6.24267226257977,33.1907436657669,8,7
"2170",4.88953783361281,32.9595115556682,8,7
"2171",7.12528679694466,33.4770796410677,8,7
"2172",8.24861505506405,33.4823508403554,8,7
"2173",7.24881151612294,31.2603344319888,8,7
"2174",8.72779525438533,31.4655701464171,8,7
"2175",6.96757514397674,40.443994956779,8,7
"2176",7.01050512239289,28.3989358621385,8,7
"2177",8.21614736474046,29.5483835682791,8,7
"2178",8.05990028361451,33.0650819261276,8,7
"2179",7.5170178119465,32.0323168329541,8,7
"2180",8.6772308634928,32.9215181233682,8,7
"2181",10.8040532916541,29.0651033063569,8,7
"2182",8.86296318635945,31.4207543088583,8,7
"2183",7.66827727546088,34.220954797566,8,7
"2184",8.75509696334915,30.9926262159306,8,7
"2185",9.26967303863687,37.1857064203703,8,7
"2186",8.87304235361856,34.0408595067384,8,7
"2187",3.80171253413206,20.2262039975866,8,7
"2188",7.07296101441969,33.6684323359981,8,7
"2189",10.2382125396636,30.9287256808653,8,7
"2190",9.40369252851258,28.1364156846555,8,7
"2191",9.81435715585397,27.1212741143054,8,7
"2192",9.24520459296594,36.289526492463,8,7
"2193",7.80519851939532,36.1308106312437,8,7
"2194",5.84722935343524,37.5144549272576,8,7
"2195",8.03663413987515,32.7609471214656,8,7
"2196",7.88239212006061,27.2686017856201,8,7
"2197",6.1388871469393,31.3490145314193,8,7
"2198",9.74737346682053,35.9490625084918,8,7
"2199",6.6540842463216,29.0363736597045,8,7
"2200",8.69890280631144,35.7747666181078,8,7
"2201",10.8612942245482,34.1445936414203,8,7
"2202",9.09365415184444,26.3670068712204,8,7
"2203",5.55764079968366,28.0552428096974,8,7
"2204",8.55405966959836,31.6619214681276,8,7
"2205",7.31437858682558,31.2081532829436,8,7
"2206",7.54110085356798,28.0894200987268,8,7
"2207",10.3735283670519,31.5790875581322,8,7
"2208",9.22218551345728,33.0889675919616,8,7
"2209",5.20576911732755,24.5528159571947,8,7
"2210",8.80351661065858,32.3313266190907,8,7
"2211",8.55480176046061,34.9396231904769,8,7
"2212",8.46416880413929,28.3875409268649,8,7
"2213",7.11435221967514,31.068142439994,8,7
"2214",9.08048608111723,34.122665935395,8,7
"2215",7.5377033746957,37.1534343247533,8,7
"2216",6.32726722938929,30.4225194381704,8,7
"2217",6.55241700954283,26.1827094459495,8,7
"2218",7.01199531911123,34.0974464469912,8,7
"2219",7.63345455711471,33.0500129755581,8,7
"2220",11.6208666811574,29.8774270755107,8,7
"2221",6.82510717309253,28.4510504588289,8,7
"2222",5.50396588217356,27.9229975887778,8,7
"2223",10.3000901523816,25.755689809879,8,7
"2224",3.9914692205968,32.1591483822415,8,7
"2225",10.5730019456115,34.8175989104222,8,7
"2226",7.70523077500064,28.0608652466906,8,7
"2227",9.54505523744211,30.0681693682536,8,7
"2228",8.61827036284083,29.6944758823533,8,7
"2229",7.25689500084384,30.5485224175849,8,7
"2230",7.26246948042876,28.841923581931,8,7
"2231",9.45909181015746,23.6364411978129,8,7
"2232",9.00392715335079,31.2610164927408,8,7
"2233",7.94715379977741,32.7923260467297,8,7
"2234",8.28266362778322,34.350628229611,8,7
"2235",11.0176678414012,34.1552873010804,8,7
"2236",6.31806053639945,32.4376028057361,8,7
"2237",9.57942898495944,40.6461608130405,8,7
"2238",7.85970543300411,28.4724121788885,8,7
"2239",7.42294261760645,28.4293208973197,8,7
"2240",11.0740181536353,29.920801776453,8,7
"2241",6.80842514228623,31.3422731115766,8,7
"2242",7.52738928083317,28.1498359721275,8,7
"2243",5.57270184247138,30.8816894605692,8,7
"2244",6.66414498683946,34.1945388428681,8,7
"2245",9.20501794715128,33.1551527217441,8,7
"2246",8.3383894939917,37.0133283884887,8,7
"2247",8.10197494963089,35.2565035879596,8,7
"2248",9.72069118061995,35.9377034684963,8,7
"2249",9.44128039766955,32.4082089281068,8,7
"2250",9.17370820316893,28.5959462897224,8,7
"2251",9.31707173191761,25.6786951120066,8,7
"2252",8.52339897371209,31.2401178190572,8,7
"2253",8.77354954251797,39.0250052132164,8,7
"2254",7.39726830738984,33.9714972553256,8,7
"2255",8.6226003995149,31.3379403964052,8,7
"2256",11.1533087979153,29.6061571713998,8,7
"2257",7.11314868205575,30.9257172093024,8,7
"2258",9.70508656411969,34.3785520668554,8,7
"2259",6.58684245978612,31.7233196511801,8,7
"2260",8.99690638159122,19.7863437787674,8,7
"2261",6.25720915917005,28.270186537223,8,7
"2262",7.47768210776133,31.9348684935567,8,7
"2263",7.55912622250328,28.6434105459148,8,7
"2264",5.56508285101333,37.7954718170932,8,7
"2265",8.08822099342613,29.381179924229,8,7
"2266",8.72817727793413,39.272597684374,8,7
"2267",6.3920356981281,30.9097393785475,8,7
"2268",10.1366376166547,37.0884330196003,8,7
"2269",8.28264439453327,33.1290464585262,8,7
"2270",8.8841199729673,28.9642479362889,8,7
"2271",7.54535538402211,32.1827224627926,8,7
"2272",7.00033683552276,30.7125420492457,8,7
"2273",6.23896041762769,29.068804958212,8,7
"2274",7.3060435559307,35.9873910613471,8,7
"2275",8.83524257770245,31.2830009842538,8,7
"2276",7.86256090452825,30.0903751923999,8,7
"2277",5.92767468036639,27.8166860353681,8,7
"2278",7.11193322072545,35.5863800781542,8,7
"2279",9.33264622252384,30.5604429695847,8,7
"2280",10.7075710167964,35.1361361557332,8,7
"2281",10.53262291273,29.361126725212,8,7
"2282",9.80695197886088,38.4575864466284,8,7
"2283",6.25373009988642,25.9637877146427,8,7
"2284",7.5553809930297,37.2109454624044,8,7
"2285",8.72260000390824,28.7208012309612,8,7
"2286",8.45584653874828,32.479707626315,8,7
"2287",5.62702764173572,25.4239711341797,8,7
"2288",8.69973252346279,34.1426693422632,8,7
"2289",10.3796722275325,34.9817051783013,8,7
"2290",9.9189901725111,30.3745702669198,8,7
"2291",7.91116103335812,35.7908902107613,8,7
"2292",9.37880808743966,35.8215543379033,8,7
"2293",5.64688703876182,33.5682695799174,8,7
"2294",7.02305087539363,22.933242153418,8,7
"2295",8.03823696824871,28.5695772707722,8,7
"2296",8.02924762922688,31.5313563889082,8,7
"2297",7.35495053090157,30.0276667770094,8,7
"2298",6.20807731680821,36.6294145974415,8,7
"2299",7.32305752148497,37.2252635024964,8,7
"2300",7.38405813741762,36.9703308976189,8,7
"2301",8.07432792361652,33.3464395085247,8,7
"2302",6.27275700788045,38.5874163487268,8,7
"2303",8.65095591995087,31.3507001303276,8,7
"2304",9.22743184908149,23.261285451485,8,7
"2305",8.30315907917125,30.6935500052084,8,7
"2306",6.13730646874505,30.658999764264,8,7
"2307",6.85431500140465,24.8135050701907,8,7
"2308",7.40781730286834,39.0019792028447,8,7
"2309",7.55174476811793,30.4761815596589,8,7
"2310",9.33554513053872,32.1927492654647,8,7
"2311",7.17389291423151,35.6430475421719,8,7
"2312",7.77269301351693,33.7525059058904,8,7
"2313",7.72382455283511,33.6270139500888,8,7
"2314",9.55271768480895,29.7971549114206,8,7
"2315",9.41253008873513,27.1854291831696,8,7
"2316",5.67202519875954,31.0541467056509,8,7
"2317",9.20120679860615,25.7122581085074,8,7
"2318",8.53901336023493,36.7177869458479,8,7
"2319",7.47882133087403,29.772683719758,8,7
"2320",8.64808033371344,34.073750676942,8,7
"2321",9.3884250349117,31.6224765881624,8,7
"2322",9.01703058850893,29.5694886669018,8,7
"2323",8.19027803901212,29.6183002405021,8,7
"2324",11.2985538696076,31.2213840312576,8,7
"2325",9.11056427030481,25.5302407750883,8,7
"2326",7.87228127847036,32.4767472057473,8,7
"2327",9.32001041639709,27.190653056509,8,7
"2328",8.17319720706983,24.6274723775197,8,7
"2329",6.77165895237229,31.5271054674518,8,7
"2330",8.07058567944332,33.9695120518145,8,7
"2331",7.4980802381428,35.5725642585226,8,7
"2332",7.5765683906655,27.2092199956236,8,7
"2333",6.30662251792746,21.3970204584521,8,7
"2334",7.69563038375996,40.4069957583093,8,7
"2335",10.8372442443902,27.7587966849585,8,7
"2336",8.49207606324113,31.4614497827632,8,7
"2337",8.61336902910882,35.3147046336915,8,7
"2338",4.19184496119609,35.1076951514937,8,7
"2339",8.95059619867274,33.007319237925,8,7
"2340",5.9894709428011,26.5339858884183,8,7
"2341",8.99654355065089,28.1609756379373,8,7
"2342",7.86403336292547,27.2819456707132,8,7
"2343",7.59701525620049,31.8581607174995,8,7
"2344",8.47832614993527,29.515691029193,8,7
"2345",7.72340664151237,29.3090369176284,8,7
"2346",7.76694851184757,33.7928866503889,8,7
"2347",6.64666380626207,19.8666344084453,8,7
"2348",8.11812308998024,32.5925938955797,8,7
"2349",8.90790870111978,26.9318300525083,8,7
"2350",7.52134387969948,33.0541722159023,8,7
"2351",10.2832894359752,32.037576916608,8,7
"2352",7.17244113528522,27.0826960615287,8,7
"2353",8.33197869179005,27.7885710200448,8,7
"2354",10.2980306431525,30.9809270333327,8,7
"2355",5.4595972093917,38.4219532700366,8,7
"2356",6.73202905268936,23.1790676467041,8,7
"2357",9.62130193213759,31.2293070003171,8,7
"2358",6.81071466286779,26.4800024984965,8,7
"2359",8.48379551567748,30.7907922972777,8,7
"2360",10.3656010160509,33.8417680176562,8,7
"2361",9.63791024222741,32.7549379703345,8,7
"2362",6.7726668499019,32.0574308532606,8,7
"2363",9.32953206510649,32.1228544306384,8,7
"2364",8.76180552924757,32.03749094359,8,7
"2365",8.6655640124365,33.9894545469443,8,7
"2366",7.71465580824364,27.2539399601113,8,7
"2367",8.43623157052121,32.778273529165,8,7
"2368",7.83957385255648,24.6323619002379,8,7
"2369",7.90703412776897,27.8491426341335,8,7
"2370",7.63545462526228,29.2972920615779,8,7
"2371",6.83958391869935,29.2992840163134,8,7
"2372",4.95738403366302,30.1004663482639,8,7
"2373",8.62626255068307,28.5556769362422,8,7
"2374",6.40805106832978,41.6705655051625,8,7
"2375",6.38286281518895,22.6033527614779,8,7
"2376",11.5380417981132,29.2156444564649,8,7
"2377",8.7334221549286,35.5934457904952,8,7
"2378",8.25504559340301,29.8136569246218,8,7
"2379",7.22506015337574,40.9131679301998,8,7
"2380",6.59358092421136,23.7996985081016,8,7
"2381",7.80405605487607,26.9881281693288,8,7
"2382",7.34483527212813,25.2516147393345,8,7
"2383",5.13670642443163,25.9842652947347,8,7
"2384",7.47937285971056,32.3656296071676,8,7
"2385",7.63429972133497,36.0810042422019,8,7
"2386",8.5834188631593,34.2887496928464,8,7
"2387",7.4802771247653,25.9585872925476,8,7
"2388",5.92964910461271,33.2037883385104,8,7
"2389",6.12501923471645,37.9055105408547,8,7
"2390",7.03158056453485,30.7201442516033,8,7
"2391",9.44216535744148,25.2285635142383,8,7
"2392",6.78420044061936,28.0079309666873,8,7
"2393",10.016517457898,29.5217730595093,8,7
"2394",7.57110230278903,32.6855699831995,8,7
"2395",7.96603380602101,31.5484516533231,8,7
"2396",9.98096457627003,32.0861290572761,8,7
"2397",11.1940204751543,36.2853981888754,8,7
"2398",6.13329897828079,27.7649897828305,8,7
"2399",9.52058943085826,32.1556896564682,8,7
"2400",8.70786728806848,26.9210354312217,8,7
"2401",7.05880164169157,25.6019240639421,8,7
"2402",9.64990679962942,30.6524013793449,8,7
"2403",10.0208947216108,33.490048184639,8,7
"2404",7.88307767728745,34.5101401384431,8,7
"2405",8.05941911522462,28.0799981103947,8,7
"2406",9.252296725304,35.5150260157389,8,7
"2407",6.3767630409347,35.9490783050649,8,7
"2408",7.66245583641194,27.2658194543607,8,7
"2409",7.0275452553728,25.4720667911037,8,7
"2410",7.91478412569669,27.3092349558714,8,7
"2411",9.02320647707303,31.3216957336237,8,7
"2412",7.33443344413218,26.9426349065141,8,7
"2413",7.0320549701762,36.5400170844283,8,7
"2414",6.87022990689027,26.6575660615878,8,7
"2415",8.5702223458468,31.0409112885158,8,7
"2416",7.41499297198573,24.512111605275,8,7
"2417",9.85628155714338,36.2321197745728,8,7
"2418",9.58734553382113,33.8190614500486,8,7
"2419",7.50747699272013,36.2827361390307,8,7
"2420",7.04467740661898,31.0032488590264,8,7
"2421",10.1259158508036,22.8060149557554,8,7
"2422",6.59203558778289,28.0641524282323,8,7
"2423",8.84761262812661,28.3461290614039,8,7
"2424",7.02687360660536,28.9720820454504,8,7
"2425",8.32058615716873,27.2167790694187,8,7
"2426",7.3094539016099,29.6355702274794,8,7
"2427",9.66622017300694,34.205012661883,8,7
"2428",8.84197039999844,21.4708251208391,8,7
"2429",11.909240133673,29.0714924952235,8,7
"2430",8.11437471476605,34.1967201286279,8,7
"2431",8.02879090723183,29.9547418082528,8,7
"2432",7.14505418240397,25.208562856632,8,7
"2433",7.45460375046109,29.0986634009289,8,7
"2434",6.75247895548029,28.1906523135984,8,7
"2435",10.1316452515686,31.4361232017364,8,7
"2436",6.77830606064884,29.262234549067,8,7
"2437",7.54437179136728,27.6831541330466,8,7
"2438",8.07471782553341,33.9007757648822,8,7
"2439",7.59959867053696,40.1785365820867,8,7
"2440",7.06730636395557,30.7589080656884,8,7
"2441",9.14239146436079,32.9255399427835,8,7
"2442",5.4729127127995,37.4274677241158,8,7
"2443",9.87602680011801,35.2868948172444,8,7
"2444",5.80425066746117,28.8626196031443,8,7
"2445",8.10655767494103,22.3186729548035,8,7
"2446",9.12423241944299,34.4265264914848,8,7
"2447",6.67076882088377,29.0668846900833,8,7
"2448",8.23647454171922,32.6716469919046,8,7
"2449",6.19207550720388,26.7605048127619,8,7
"2450",8.96967777183548,33.153343913091,8,7
"2451",8.91204477161081,33.475553566822,8,7
"2452",7.65851711990086,26.5402014353987,8,7
"2453",12.472141462268,29.117927100891,8,7
"2454",7.70423741930167,29.7407869545748,8,7
"2455",8.09988543903456,40.1270030239218,8,7
"2456",7.83872174658364,32.9825689282644,8,7
"2457",8.26242978362554,29.2146990728048,8,7
"2458",10.5647371653686,28.4003867012323,8,7
"2459",9.86641536520601,27.375382923416,8,7
"2460",11.1947456821438,28.5210776804913,8,7
"2461",8.00078501173892,36.5237319253821,8,7
"2462",2.91451455065388,27.9133024044512,8,7
"2463",6.39885291926142,31.8172545147364,8,7
"2464",7.50047334453387,34.9361513442128,8,7
"2465",6.23835227381185,36.7040345221499,8,7
"2466",8.2371229908487,26.1318103971057,8,7
"2467",8.98495362764541,32.8367005648571,8,7
"2468",8.30533016505649,38.8503613277284,8,7
"2469",4.60537947513886,26.3788332859767,8,7
"2470",6.27311891794566,23.5729454431633,8,7
"2471",5.6425105276158,29.101697039427,8,7
"2472",7.0529344991044,29.6598726948676,8,7
"2473",8.14824533776259,30.6240900113568,8,7
"2474",8.91797683109323,32.6293367813635,8,7
"2475",7.64423376980224,39.9231238122976,8,7
"2476",10.5751208343863,33.5752360014711,8,7
"2477",7.08281923202296,31.6756335217893,8,7
"2478",9.75209619444195,29.1215994072223,8,7
"2479",10.5383096532895,32.4622226576231,8,7
"2480",9.4304982626205,36.8020052092279,8,7
"2481",8.00990469656538,24.6708545791956,8,7
"2482",7.40507666092344,34.5166545504118,8,7
"2483",7.30300504607162,33.1377030697408,8,7
"2484",9.06717527569476,22.8644079105565,8,7
"2485",5.11192201523497,31.7278081298783,8,7
"2486",6.63538075642399,23.1046953240372,8,7
"2487",7.52387295583423,28.6662648485538,8,7
"2488",10.8932461012503,25.5168574734473,8,7
"2489",11.2962382257107,29.2274605043496,8,7
"2490",8.36760069380062,35.9261748522743,8,7
"2491",8.40423010019823,30.2371638129857,8,7
"2492",9.23824882456676,32.5409032074847,8,7
"2493",8.55834294760066,28.7764308895923,8,7
"2494",8.31471699416293,37.6930378251548,8,7
"2495",10.4228011172173,30.9481005938281,8,7
"2496",8.87489164835458,34.0426077832767,8,7
"2497",10.4304042347272,35.7259316787885,8,7
"2498",9.97736234798433,27.0542780652898,8,7
"2499",7.75745580108554,24.4492330796074,8,7
"2500",6.47314912268891,35.0529327002446,8,7
"2501",6.83779567509838,25.4842978164775,8,7
"2502",7.950195869954,24.9264132639453,8,7
"2503",6.77765431840576,33.1445474286279,8,7
"2504",6.64906794100825,32.4055292816773,8,7
"2505",8.22555658274511,36.1021358777571,8,7
"2506",9.13654019858182,30.8783534789863,8,7
"2507",9.2205289439073,28.5486213753634,8,7
"2508",7.36132419860955,27.9641926426795,8,7
"2509",7.81583078897064,33.2459626642062,8,7
"2510",11.7114268286009,29.9912227840351,8,7
"2511",7.4713049327825,34.7042330464122,8,7
"2512",7.75063221296686,31.1335695906773,8,7
"2513",7.80536701793567,31.8288108583305,8,7
"2514",8.47580585951426,31.9045291689023,8,7
"2515",5.33487456379292,33.1195836388741,8,7
"2516",7.26702411015732,30.3560247579072,8,7
"2517",10.5276180337231,28.4509324560308,8,7
"2518",9.30896625236803,29.8971226382721,8,7
"2519",8.13184301266,31.1756987829182,8,7
"2520",6.83442343738923,23.722539825777,8,7
"2521",5.17006885641589,29.2893790283326,8,7
"2522",7.88701135839763,32.8688380544915,8,7
"2523",4.97767178903135,25.7431387340763,8,7
"2524",8.9625704926503,32.1645090913978,8,7
"2525",8.72315203542464,30.6242537938539,8,7
"2526",9.48740832383292,31.942235255264,8,7
"2527",7.02474246268593,26.5911683451906,8,7
"2528",6.28988168090251,30.4576917732631,8,7
"2529",9.83415173798497,29.7312643179908,8,7
"2530",8.50532287916144,38.0701183110821,8,7
"2531",7.24142353812266,27.4950980277501,8,7
"2532",9.52656295118533,31.961197034722,8,7
"2533",7.50214481399098,29.6855059064282,8,7
"2534",8.4386696363416,32.1301411216324,8,7
"2535",9.65585944911415,31.4747157661734,8,7
"2536",7.71674260421189,27.6027346218859,8,7
"2537",5.26077081803074,25.8696951484508,8,7
"2538",7.98004915356992,26.3483554253634,8,7
"2539",9.87996881824835,33.838265069689,8,7
"2540",9.19199300497983,34.6408066532806,8,7
"2541",6.37313892917886,32.7559530328868,8,7
"2542",7.39168533553481,33.9759570301292,8,7
"2543",6.91673685248294,27.7518938679728,8,7
"2544",8.15228717744745,35.3391320098557,8,7
"2545",7.28767228433377,31.8668628564363,8,7
"2546",10.0613430622046,24.6585636978106,8,7
"2547",8.09054058095187,22.4819300262596,8,7
"2548",9.93387823843049,27.59943681838,8,7
"2549",8.22013352914666,29.049896108264,8,7
"2550",8.09553664132118,34.0414067572535,8,7
"2551",9.5323258284487,27.5191188062671,8,7
"2552",8.12525102574611,36.872071190889,8,7
"2553",7.07995425815442,27.7305666977416,8,7
"2554",8.66551012944562,27.6159969106227,8,7
"2555",8.13638807569583,30.769305540575,8,7
"2556",8.71553880936419,39.0251224530967,8,7
"2557",8.34535391268408,35.4005644135299,8,7
"2558",6.3668883066703,26.7183090019537,8,7
"2559",4.14912430921585,21.2329301535377,8,7
"2560",6.21096979635443,27.2067879598337,8,7
"2561",7.52802862989952,26.8468330718484,8,7
"2562",7.56381368607985,31.2614515343783,8,7
"2563",7.0520902333724,31.9600664281215,8,7
"2564",7.83090168644164,33.758544538655,8,7
"2565",6.90397421678425,38.1417049334568,8,7
"2566",9.45388569303736,34.5160634193404,8,7
"2567",9.20850108439849,36.2784059613895,8,7
"2568",6.66830164813152,26.9953067480063,8,7
"2569",6.25704672333547,29.2603914263629,8,7
"2570",11.1803693771669,24.9401049583537,8,7
"2571",6.72694475902082,31.8833935761638,8,7
"2572",7.28476855733517,40.2471616047848,8,7
"2573",4.90681070505436,32.296708758774,8,7
"2574",5.6522454129889,32.9849235383848,8,7
"2575",6.17735686891575,26.6684895603647,8,7
"2576",9.29086682849348,28.9275667363225,8,7
"2577",5.16473136980993,36.6079555955732,8,7
"2578",7.04811501704292,31.4916979853461,8,7
"2579",6.53514132940658,31.0860995292456,8,7
"2580",4.9165668501256,31.8171848061829,8,7
"2581",8.95429779366038,26.7051635179209,8,7
"2582",9.90006676110169,22.9937181261006,8,7
"2583",8.87199618502308,26.9584919745303,8,7
"2584",7.3448000379593,29.0669519406367,8,7
"2585",8.35616222983404,33.7937014470458,8,7
"2586",9.96366509792899,29.4698760743637,8,7
"2587",7.40051265580013,30.968645486299,8,7
"2588",6.09056277694537,28.5619742728963,8,7
"2589",7.35542760602363,31.6022276733869,8,7
"2590",9.6044904498807,34.1611276594816,8,7
"2591",5.73464357858021,24.5158157480769,8,7
"2592",7.32631904793416,29.9705793699455,8,7
"2593",8.11528959244494,38.4165664474671,8,7
"2594",8.07311852385588,30.0856902397046,8,7
"2595",5.84995269655945,23.9213225798489,8,7
"2596",8.8895853332464,31.7227055368053,8,7
"2597",7.19607312542866,31.8321495443797,8,7
"2598",10.1949495716753,32.6421808537756,8,7
"2599",6.90469208915265,27.5076743166971,8,7
"2600",6.52622315108149,31.7937549548935,8,7
"2601",9.16849383063183,29.1288990300959,8,7
"2602",8.32266677209274,34.2742009676652,8,7
"2603",10.0362923019295,37.1014149859244,8,7
"2604",8.00462488635565,30.5331777626511,8,7
"2605",8.28365279599569,29.7157731853738,8,7
"2606",7.43846189663097,28.5630445650344,8,7
"2607",6.6135758529498,24.9346600455477,8,7
"2608",7.80944967835605,28.974688068526,8,7
"2609",7.78018621572105,32.245649100132,8,7
"2610",5.54759256962315,27.1814985576746,8,7
"2611",9.35562924891226,27.9335473691842,8,7
"2612",6.94667770761968,34.7866114849253,8,7
"2613",8.44027276783443,27.2568891233693,8,7
"2614",6.78589679351733,39.6136774399136,8,7
"2615",8.92052964581642,41.6556300931915,8,7
"2616",6.96651692151434,31.9561628928827,8,7
"2617",6.5065780705185,28.9011440242632,8,7
"2618",10.2313647246876,35.3277023180757,8,7
"2619",8.19169375325669,36.9606388288833,8,7
"2620",9.11677021569697,23.5075059639453,8,7
"2621",8.78255380490507,34.4307749966366,8,7
"2622",9.64670259249234,22.6621545890999,8,7
"2623",9.25937197991776,37.4560223235266,8,7
"2624",10.1522236054402,30.9616084627745,8,7
"2625",5.3288690029859,27.4461295729486,8,7
"2626",7.86917572708188,27.241070495856,8,7
"2627",8.74576274774143,30.3445358267069,8,7
"2628",8.53854885388047,27.4241306896028,8,7
"2629",6.10028214494305,29.9578460854428,8,7
"2630",8.85915481500406,31.4272189309939,8,7
"2631",9.7951403073783,26.5393686184309,8,7
"2632",7.28910859008458,38.0847861392642,8,7
"2633",10.9232436667848,30.8534404392559,8,7
"2634",6.96030181104942,24.5371452839785,8,7
"2635",5.1038440692089,27.6934417377097,8,7
"2636",6.76227125524951,31.0838390967314,8,7
"2637",9.47161655581707,28.9131645951594,8,7
"2638",7.40543523413687,34.7277884184142,8,7
"2639",6.13599524428256,31.3662183220609,8,7
"2640",6.50714471357526,30.788358513491,8,7
"2641",7.0047844526979,24.4679160687237,8,7
"2642",9.24803849471798,25.4107607260455,8,7
"2643",7.83204267297466,28.6546593336647,8,7
"2644",8.89633040025545,31.2743425287839,8,7
"2645",10.0737188706718,26.8367723880199,8,7
"2646",3.95645833359345,33.0381331452844,8,7
"2647",6.50605285045834,22.9373565767572,8,7
"2648",9.30757198545201,36.5829920320242,8,7
"2649",6.23589174217332,24.3275575209236,8,7
"2650",8.14433684199426,37.0255479485899,8,7
"2651",9.42413234877729,31.9544913116645,8,7
"2652",8.06014448359922,30.3098321102651,8,7
"2653",5.44153880288772,31.1434629926858,8,7
"2654",8.82028963602041,31.6637406595403,8,7
"2655",7.53545162940058,36.2339842002229,8,7
"2656",9.88011547697349,29.7331581925114,8,7
"2657",8.68410769624766,34.7604032299338,8,7
"2658",5.54293949727676,30.4968099290002,8,7
"2659",6.09575109590275,22.8733381932503,8,7
"2660",6.88348806206257,33.5953798522788,8,7
"2661",8.0145540386945,23.6336747729592,8,7
"2662",6.38757814753853,34.6072091954977,8,7
"2663",7.83952056323022,30.0415610599042,8,7
"2664",5.98320115268735,32.976374780826,8,7
"2665",8.05860307010623,31.5422560246233,8,7
"2666",11.6068897364132,36.0933699358785,8,7
"2667",5.29336610170815,32.5225108088304,8,7
"2668",8.35207196928919,30.0170950884741,8,7
"2669",6.82354648948015,36.7123532761516,8,7
"2670",9.05285947010479,36.4098399323601,8,7
"2671",11.1853287360549,23.6498712991621,8,7
"2672",6.06675186473024,31.9585097172574,8,7
"2673",10.0276411832547,25.2019343892184,8,7
"2674",6.35541215832261,33.0059403114093,8,7
"2675",5.07318824007215,29.2562753746974,8,7
"2676",7.65384272639126,26.5555423435235,8,7
"2677",8.16779196740774,31.7753124590872,8,7
"2678",8.4066358203603,25.5029043463859,8,7
"2679",8.06302200829331,34.1686973952267,8,7
"2680",8.49889369763566,29.5389022149384,8,7
"2681",8.22559340927716,29.6218009784226,8,7
"2682",9.58636660552108,27.8147402590659,8,7
"2683",8.57913026165663,38.0754601136599,8,7
"2684",9.06016547517962,29.5258433478367,8,7
"2685",12.0782314836072,29.178676246958,8,7
"2686",6.8638325984932,33.6838376926679,8,7
"2687",10.0693915163913,29.3216495348916,8,7
"2688",7.40357090926777,25.4246560687472,8,7
"2689",7.08601628574774,29.2011690367192,8,7
"2690",6.28677852801064,30.2439600317502,8,7
"2691",11.9476560191216,30.5221565523747,8,7
"2692",6.13060545778263,35.1130704127684,8,7
"2693",7.00861790532816,28.6654812172806,8,7
"2694",7.84264997506776,37.9820768772284,8,7
"2695",10.5176547614283,29.243579024406,8,7
"2696",6.63926945487526,32.823196395384,8,7
"2697",9.05223963011283,31.7166175288715,8,7
"2698",9.29270816497796,34.7339766349352,8,7
"2699",7.55134527268537,31.0048260969015,8,7
"2700",7.72087922505618,35.0416152854785,8,7
"2701",9.93599880536432,26.9047232541565,8,7
"2702",7.84870234041059,32.495612554438,8,7
"2703",7.8079194491508,35.0207866003383,8,7
"2704",10.5315995082072,36.0121607138443,8,7
"2705",9.94906987189587,32.0724118934445,8,7
"2706",8.53183250228714,28.539242628098,8,7
"2707",6.22819985435569,32.9869511205013,8,7
"2708",8.72784928356728,29.0384288714329,8,7
"2709",9.22569386819351,32.3709004483723,8,7
"2710",5.20613574043295,29.804552581439,8,7
"2711",8.73918770841395,30.5054544771048,8,7
"2712",11.2886004590517,30.1593783678326,8,7
"2713",8.38059577060777,33.8462189094218,8,7
"2714",8.14534663780022,39.9336303521935,8,7
"2715",6.89029770721771,39.7981999497142,8,7
"2716",8.41870222292097,27.4224148724498,8,7
"2717",7.48757986545569,21.2890402226451,8,7
"2718",7.32688854316003,30.7322701864302,8,7
"2719",9.42366931682105,34.1683505615584,8,7
"2720",8.38469045277854,32.2972252498623,8,7
"2721",6.87626510037256,25.9623444957285,8,7
"2722",10.5090516609239,30.7098266452557,8,7
"2723",8.25060560806535,31.404088645348,8,7
"2724",7.71100501213903,25.9433592670897,8,7
"2725",10.6626182988596,24.2829492715472,8,7
"2726",8.84936639128205,25.8466957573941,8,7
"2727",10.9352743178056,41.0948017075668,8,7
"2728",8.56494119845693,26.3861517196114,8,7
"2729",10.062578549104,26.8170382971446,8,7
"2730",7.55018570830555,25.6784102643963,8,7
"2731",9.60871142346883,25.5528095519866,8,7
"2732",8.2271118815958,23.2875635183593,8,7
"2733",5.88352262759131,29.0038391759305,8,7
"2734",9.97241095172597,27.8004726985171,8,7
"2735",7.68369342871846,32.1314618521203,8,7
"2736",11.1613561418818,30.8813207677817,8,7
"2737",6.24608512031834,22.1329355335892,8,7
"2738",6.6616547068434,28.0596419377857,8,7
"2739",8.39775848897069,32.5856122281126,8,7
"2740",7.38641631247379,31.3677410733555,8,7
"2741",8.00081003507144,27.8993694577682,8,7
"2742",7.70566060926993,30.6147736896622,8,7
"2743",7.84556741781907,33.4686283691251,8,7
"2744",3.10916093696565,32.0966565868044,8,7
"2745",7.13982434956554,33.482532337796,8,7
"2746",7.91180205279128,34.7094609136598,8,7
"2747",5.79492316129204,32.0491381275313,8,7
"2748",6.26786917466061,22.7652281474884,8,7
"2749",7.35028203358241,30.324226137204,8,7
"2750",8.01602224138727,27.8152132888337,8,7
"2751",9.72573701616918,29.5505024951966,8,7
"2752",10.6405327165555,30.4765880637385,8,7
"2753",11.0285995619045,26.1363816054604,8,7
"2754",7.9039705235532,34.7581991378728,8,7
"2755",6.42043332001243,27.344114042417,8,7
"2756",7.32495294202589,28.6291699461787,8,7
"2757",8.57508249067718,29.580211875544,8,7
"2758",7.38732772050052,33.7118118629092,8,7
"2759",6.11461710390748,37.3279808065726,8,7
"2760",8.343772155454,34.9443029599033,8,7
"2761",7.20687755682131,32.8638289293616,8,7
"2762",9.59446962943837,31.6313251616732,8,7
"2763",9.36328439951302,28.3229449694993,8,7
"2764",9.83393071299336,28.1253769484991,8,7
"2765",11.6355434986171,27.7246803091604,8,7
"2766",5.75815799440845,29.3603677828693,8,7
"2767",7.74514813137599,35.0816456148902,8,7
"2768",6.04029585007571,33.5267651789709,8,7
"2769",8.37047004051243,37.5294243536761,8,7
"2770",9.2841942864816,32.1359443183768,8,7
"2771",7.44424095433518,31.1845134277998,8,7
"2772",8.5964659093777,26.5523582010822,8,7
"2773",8.96065006843878,26.4379087388557,8,7
"2774",7.01215154370441,33.2123345604918,8,7
"2775",7.40181912196796,34.5576912150024,8,7
"2776",6.79189252590723,35.843729968071,8,7
"2777",8.10760165727029,36.9535222478704,8,7
"2778",7.4925256216491,27.2967440992423,8,7
"2779",5.46150875990124,32.8853763640534,8,7
"2780",5.89420626810401,25.8661896434507,8,7
"2781",7.77804162436235,39.4773658365309,8,7
"2782",8.79437530195044,30.0605609406854,8,7
"2783",7.9274431534475,31.5244961046472,8,7
"2784",9.48939580662828,36.5811127252206,8,7
"2785",7.67681647004232,29.912502124226,8,7
"2786",7.404067784295,26.2915100397612,8,7
"2787",9.30238070064444,26.3242209666247,8,7
"2788",8.20689551294815,25.9212632184789,8,7
"2789",6.88364479661826,31.8432616442693,8,7
"2790",9.35249619761436,34.9168919786856,8,7
"2791",10.4217155016966,32.107496521593,8,7
"2792",7.47665241410009,31.5445352624529,8,7
"2793",7.60492915345946,27.2930740086949,8,7
"2794",8.29644415992388,23.7981619021963,8,7
"2795",5.00125254831361,30.4105443047821,8,7
"2796",8.00218036171485,32.0260779776947,8,7
"2797",5.06777067609367,27.1758797676502,8,7
"2798",6.22026744326722,26.7249464804709,8,7
"2799",5.6479587330671,33.7812054735444,8,7
"2800",8.5491438703789,35.869264485345,8,7
"2801",6.22716147805011,30.3233557891448,8,7
"2802",6.81696626331995,29.8969812415757,8,7
"2803",12.1666581228926,40.2313155343061,8,7
"2804",7.4262120825445,32.4531719707686,8,7
"2805",7.5261823895375,29.2978389908601,8,7
"2806",6.80906249703359,25.5611182006202,8,7
"2807",7.51495252711829,27.8798688681263,8,7
"2808",7.93662070960051,27.3974330737864,8,7
"2809",8.59860864800756,34.4167442603255,8,7
"2810",9.67104051816724,32.01054722691,8,7
"2811",8.47469445986179,35.2923178953772,8,7
"2812",6.02355996255896,25.1903560959557,8,7
"2813",8.50766566851189,36.0858273156466,8,7
"2814",8.35951869798544,21.6711091778152,8,7
"2815",9.2643265699562,30.8826652122606,8,7
"2816",3.18047591160814,34.0483530091193,8,7
"2817",7.73788343600992,33.2624915105915,8,7
"2818",8.30487358161645,35.746033220386,8,7
"2819",8.41439442423555,34.6119828903417,8,7
"2820",6.92223489135011,33.9423351445878,8,7
"2821",6.19070134096572,31.0543541672215,8,7
"2822",9.31152498736352,29.0849097478243,8,7
"2823",9.11151478764027,29.5938041068007,8,7
"2824",8.0291456124367,29.9333239707779,8,7
"2825",10.6718920127141,25.2789850644824,8,7
"2826",5.5141146692605,20.9295831984115,8,7
"2827",7.49086006577007,29.4023837027218,8,7
"2828",5.52392496240222,29.525808914261,8,7
"2829",6.64453400014735,40.3406708838979,8,7
"2830",8.62977339714572,30.67139657702,8,7
"2831",7.49801569375272,29.1804795361904,8,7
"2832",7.52461617919527,27.3823216099366,8,7
"2833",7.91622214468142,29.8576312156291,8,7
"2834",7.86293020233837,37.6602020089092,8,7
"2835",7.89978060028111,35.9524423173265,8,7
"2836",10.6892178360771,32.0804124948015,8,7
"2837",9.21522233850976,25.7428358859804,8,7
"2838",7.94778854640448,41.0312092908499,8,7
"2839",10.3426839602573,32.4752094718576,8,7
"2840",7.12445610352303,37.1296457646894,8,7
"2841",7.76080666225958,28.3224122139349,8,7
"2842",7.27997508930481,32.7811536763623,8,7
"2843",8.64854673003501,35.3398452478049,8,7
"2844",8.4129043229173,33.2042673220272,8,7
"2845",9.36553058066077,30.416608326608,8,7
"2846",7.33217449481683,34.1911603017943,8,7
"2847",8.35617185599799,39.9504798865439,8,7
"2848",6.14062611643674,35.7052042957068,8,7
"2849",10.3471448151738,27.0080115025785,8,7
"2850",9.21714633686147,33.804775810758,8,7
"2851",9.42518509447433,28.8601813311733,8,7
"2852",9.32049026657968,38.2495315202447,8,7
"2853",6.08987145856517,32.8345889583497,8,7
"2854",7.78009731515854,34.6931697394014,8,7
"2855",6.03439314902335,31.565480508625,8,7
"2856",8.28951732546137,30.116362255074,8,7
"2857",8.06651651310521,23.5451604504795,8,7
"2858",8.21683512310428,33.2888712866176,8,7
"2859",5.99607808868718,32.7525573351927,8,7
"2860",9.39479746909794,31.0682281284913,8,7
"2861",8.60227070738386,28.7926744906494,8,7
"2862",10.3194079310679,34.4710340708738,8,7
"2863",10.1416817300941,32.8758468266363,8,7
"2864",7.08506610151226,28.8795595759144,8,7
"2865",10.5881321580148,26.7407799589949,8,7
"2866",10.2544584306835,32.6747289008843,8,7
"2867",7.56170673096478,31.1299717648437,8,7
"2868",7.61184008484305,30.3892810635722,8,7
"2869",9.15135571324197,31.5490365553834,8,7
"2870",7.5379291340709,33.5385663262268,8,7
"2871",7.59212414589085,30.4879967884943,8,7
"2872",8.4232656886814,32.5679726013907,8,7
"2873",10.1995140873596,29.026682639176,8,7
"2874",7.45273800119326,29.87785440806,8,7
"2875",8.6597245479263,28.2262376790946,8,7
"2876",6.81244646774578,38.7839596966671,8,7
"2877",8.63685673352932,40.0301369920048,8,7
"2878",8.19843728959676,30.817739833157,8,7
"2879",8.7216839929872,23.268519194191,8,7
"2880",9.19091366033067,33.9251780781981,8,7
"2881",11.8815637256146,31.5999533708662,8,7
"2882",9.41702764324672,25.2368091361046,8,7
"2883",8.16236026138347,28.977225002505,8,7
"2884",6.77255346733889,34.0724241495265,8,7
"2885",6.08740655425647,36.6177060488478,8,7
"2886",7.40897292218076,33.7786703181673,8,7
"2887",9.62771904283013,27.4384024075235,8,7
"2888",4.94064006666988,28.0853410436234,8,7
"2889",6.07383973905707,31.4374720932425,8,7
"2890",7.70290681881827,25.0468171346009,8,7
"2891",8.89700639666781,36.1187560549837,8,7
"2892",7.2375699689304,38.9738802089025,8,7
"2893",8.48294108711334,26.1801400996106,8,7
"2894",6.32053794220812,29.9384815322446,8,7
"2895",8.6802061493982,38.1145149274683,8,7
"2896",6.86782428038006,32.2321239642918,8,7
"2897",7.76016531203066,32.3560698690927,8,7
"2898",7.58644608135823,35.6001548409219,8,7
"2899",8.5477876427337,33.0942272117908,8,7
"2900",6.11019165678558,31.4655559226294,8,7
"2901",8.95942363833435,30.8916708642998,8,7
"2902",10.5800061363524,22.6490898362006,8,7
"2903",6.23575538800657,33.5392983541427,8,7
"2904",6.02834893211912,32.286630794473,8,7
"2905",6.87847260833283,26.6206882395013,8,7
"2906",7.67438833725989,29.0380169019211,8,7
"2907",7.39607099309161,35.0671533845209,8,7
"2908",3.74147314904781,31.0950985197347,8,7
"2909",11.8316716913731,21.3126922319623,8,7
"2910",8.80900054603301,30.1897863440702,8,7
"2911",10.0180583469576,25.6479222221335,8,7
"2912",9.25177002034244,32.4475245728661,8,7
"2913",7.33254060078951,33.261327584143,8,7
"2914",8.37166951578915,28.6681613078775,8,7
"2915",10.4922914418586,33.0573974453659,8,7
"2916",10.2682698825542,28.6466127545384,8,7
"2917",7.27920263338645,27.8676032166275,8,7
"2918",8.72633821075083,33.4685344486606,8,7
"2919",6.5571323281111,34.1304459614879,8,7
"2920",8.97240918193993,33.0957262149865,8,7
"2921",11.5384823453829,32.1469514459729,8,7
"2922",7.91379305066773,29.2261050801649,8,7
"2923",7.54566289965642,34.6212886663805,8,7
"2924",9.54069666014225,23.9349139100195,8,7
"2925",10.8205138543304,36.7395134721429,8,7
"2926",8.90711607698806,25.2178391862749,8,7
"2927",6.62546286578319,30.357471342288,8,7
"2928",7.89216286455025,26.813634553725,8,7
"2929",7.58397380123819,27.7003803239941,8,7
"2930",8.63981334241996,35.834372557596,8,7
"2931",9.22779739157029,31.6881841295921,8,7
"2932",9.37119383543019,39.9813040199832,8,7
"2933",8.19855634465341,25.8526197707259,8,7
"2934",8.39655607366734,33.3258169278472,8,7
"2935",9.77162878092799,35.9786440082168,8,7
"2936",7.03388720990186,28.2037186697262,8,7
"2937",6.48218218809991,25.3932265476912,8,7
"2938",11.5841278374849,29.0608452806216,8,7
"2939",6.53996037040955,32.3058211166012,8,7
"2940",8.15764660167119,32.0046905875031,8,7
"2941",8.65993934210529,25.3638532274146,8,7
"2942",8.62637659711826,24.166597317723,8,7
"2943",6.97512249799723,35.9903398250703,8,7
"2944",7.65141744058487,33.0843735081917,8,7
"2945",9.28615570562026,41.3252029249905,8,7
"2946",5.98272103024906,32.2431584730157,8,7
"2947",8.0836323165958,30.6383119888068,8,7
"2948",7.5470115524544,28.4328043763984,8,7
"2949",10.235728649314,31.37140692929,8,7
"2950",9.75101728525497,31.9606043170234,8,7
"2951",7.82680799616747,28.647207355715,8,7
"2952",5.80215818471353,27.3240805890359,8,7
"2953",7.63449045246668,25.2559956656675,8,7
"2954",9.31123543811563,29.0834534836541,8,7
"2955",8.66620374964274,35.6677279570224,8,7
"2956",8.27576586758544,36.2559907830517,8,7
"2957",6.33962066209102,37.6525047950832,8,7
"2958",8.26770582152642,32.7732694915885,8,7
"2959",8.28066657929205,29.1135697983096,8,7
"2960",6.4879164681638,35.8572957597631,8,7
"2961",7.59931681938535,27.9407368307163,8,7
"2962",7.53614626288075,28.3163754702809,8,7
"2963",8.48972601881234,34.6453652381149,8,7
"2964",8.64434241604183,35.3878823767324,8,7
"2965",7.02218114522043,32.4264247594673,8,7
"2966",8.05125003533408,34.3914231939007,8,7
"2967",6.84539868013312,32.4239176448806,8,7
"2968",8.89707760447352,21.9899249486275,8,7
"2969",9.30068808815847,26.1485671478961,8,7
"2970",8.57066005345763,28.7642816515954,8,7
"2971",7.56410910091388,27.6542381886972,8,7
"2972",8.81346909451781,35.0596846975001,8,7
"2973",4.97606218492492,33.9755302180281,8,7
"2974",7.54838868471623,27.6705426722246,8,7
"2975",7.47895907728885,33.3465915930955,8,7
"2976",8.24590889250738,24.4829530713121,8,7
"2977",5.59186340959859,28.1445148176793,8,7
"2978",7.97081730640471,30.697050724567,8,7
"2979",7.63971418911972,29.2504794891511,8,7
"2980",9.55380436353385,25.4848818248686,8,7
"2981",6.07709929384716,28.3447474535095,8,7
"2982",6.96920542423304,30.4005381787785,8,7
"2983",8.34914838424431,31.3573046680201,8,7
"2984",8.72260355786795,29.2983063244539,8,7
"2985",7.76137085599852,26.4806778965819,8,7
"2986",7.87059287617439,32.8445167479925,8,7
"2987",7.01993169264417,33.877458117725,8,7
"2988",8.92237453040011,32.4880857260192,8,7
"2989",6.36628499064189,27.7433795084868,8,7
"2990",5.06200543681252,28.5690068111472,8,7
"2991",6.22298740456174,31.6450036954396,8,7
"2992",6.4658227129166,31.141145489893,8,7
"2993",9.123186068748,15.6689733792949,8,7
"2994",7.79190937486792,22.2763896877965,8,7
"2995",8.72730951420754,40.6361871098528,8,7
"2996",9.98390882971053,33.4913397222004,8,7
"2997",6.13454764835171,28.9287854946465,8,7
"2998",7.46801284225984,25.5997685922684,8,7
"2999",7.33233949215686,35.2134858520171,8,7
"3000",8.6899355607875,30.3662813731505,8,7
