"X1","X2","component","subcomponent"
"2001",23.5460416965351,8.89604305185823,12,8
"2002",26.2976644980374,6.48310432761172,12,8
"2003",27.4738606382055,5.51568207681806,12,8
"2004",25.6427363316564,4.02742469885793,12,8
"2005",20.5558935728502,6.31334329054779,12,8
"2006",26.7811969348599,5.09919969454325,12,8
"2007",21.8566803388894,3.75637676846699,12,8
"2008",21.7424595607244,6.8169095708256,12,8
"2009",23.6282247889644,5.31027990512008,12,8
"2010",26.3970515309361,4.09483972030211,12,8
"2011",23.235713012734,6.80190457597952,12,8
"2012",17.4436295920879,6.52729518517553,12,8
"2013",24.8932587161837,6.40850800926042,12,8
"2014",17.8111971213226,7.05531652285772,12,8
"2015",24.4958632453275,6.65983242357079,12,8
"2016",24.027447676802,4.20929498120019,12,8
"2017",17.9564792204095,6.94073097311278,12,8
"2018",22.6103499595298,4.80301770090301,12,8
"2019",22.599088850322,5.79601650913415,12,8
"2020",22.9958015656167,8.06574842412237,12,8
"2021",20.9987526157819,6.42478386529302,12,8
"2022",30.288511772176,7.61133713865243,12,8
"2023",22.0361270325524,6.3317496312711,12,8
"2024",16.9388541509908,6.23690124937429,12,8
"2025",23.7264270969613,5.84843407510176,12,8
"2026",18.6415655923087,6.40038054228614,12,8
"2027",25.6715301444121,3.54588922010765,12,8
"2028",30.6265253138524,7.19622689075646,12,8
"2029",22.2712906853051,7.07858702663103,12,8
"2030",23.2246801972592,5.6210575804166,12,8
"2031",21.6105616631289,6.84718630571738,12,8
"2032",19.9740052534803,6.03458090535191,12,8
"2033",26.2753373612948,6.52162864676114,12,8
"2034",19.1330648759506,4.29491126113475,12,8
"2035",19.0790207914484,6.89455786513925,12,8
"2036",16.4027327584245,5.95699011360375,12,8
"2037",16.3459874733971,7.07423024952577,12,8
"2038",18.8342458550464,6.90457627579038,12,8
"2039",21.3604967891242,4.07964543391114,12,8
"2040",20.0654954580812,5.66744250900714,12,8
"2041",23.3603663502847,4.57726391665657,12,8
"2042",25.0059503706769,4.57480431935173,12,8
"2043",19.922861804493,6.26194272088906,12,8
"2044",23.8106049586354,5.25534265447682,12,8
"2045",20.2237489111871,5.54247219223271,12,8
"2046",20.0256678380979,6.58604690983989,12,8
"2047",20.4670535899756,7.2739728231285,12,8
"2048",18.8710624207579,7.66189509213355,12,8
"2049",23.2803595084951,7.66950134070807,12,8
"2050",24.8096611386586,5.62799436197126,12,8
"2051",19.9066619733397,6.01794920910517,12,8
"2052",24.3355886604254,7.33542720431379,12,8
"2053",15.3971410047987,7.2371347643867,12,8
"2054",15.8653146652104,8.19491030021188,12,8
"2055",19.584772220822,5.14254834037983,12,8
"2056",21.176244857531,8.37017473711904,12,8
"2057",17.3499984310437,6.2332791680387,12,8
"2058",17.5425534412295,8.55697875497778,12,8
"2059",24.9852379082634,6.44475536107917,12,8
"2060",21.77701533159,5.46586942270633,12,8
"2061",17.5080097973709,5.05185427681359,12,8
"2062",22.6343484806998,6.30649266142887,12,8
"2063",23.2969037820343,7.1621037536837,12,8
"2064",18.9703876887914,8.57034595876674,12,8
"2065",19.3179881255925,4.51108103049288,12,8
"2066",21.4127988002257,4.63987810071423,12,8
"2067",19.1443732385472,4.88168219799961,12,8
"2068",19.6472766887756,7.75361632664443,12,8
"2069",25.3066130982255,8.13069672371628,12,8
"2070",16.894053034473,5.28475827971554,12,8
"2071",20.3292304450704,5.92350484464081,12,8
"2072",21.2005428722741,4.74872850304388,12,8
"2073",18.0753291617954,10.7094053556332,12,8
"2074",23.8203939156327,8.06611203899837,12,8
"2075",20.5601070620675,7.53564074493433,12,8
"2076",27.7100216456728,7.72664006820279,12,8
"2077",19.1196743379845,1.97106411065905,12,8
"2078",22.7955223355594,8.23792745213457,12,8
"2079",18.7586719321463,5.76138045492428,12,8
"2080",21.0100109494088,5.55830577397091,12,8
"2081",22.3959047883039,4.52152489934353,12,8
"2082",16.4872789439718,8.07289643474088,12,8
"2083",23.7189179487098,8.52312610742164,12,8
"2084",29.909871000985,7.31492958885318,12,8
"2085",25.8373102322879,6.28163025523861,12,8
"2086",18.8350164430213,6.47393027872482,12,8
"2087",23.3481502256067,5.27328258893612,12,8
"2088",20.2407623096089,9.51136208689187,12,8
"2089",18.872286227072,4.69571048762783,12,8
"2090",26.2659776901621,4.42946461706865,12,8
"2091",20.6871013659652,5.24167475003822,12,8
"2092",19.7670982440258,4.47958262321539,12,8
"2093",16.7978124135721,8.94540932292849,12,8
"2094",15.8598921012666,8.406165246286,12,8
"2095",23.9694113650425,7.24744305978035,12,8
"2096",21.8271058454368,6.62129904947646,12,8
"2097",26.1681125632223,5.92609442541636,12,8
"2098",25.9337124906896,9.55432722473748,12,8
"2099",31.0577827561388,6.02956410983967,12,8
"2100",24.6038042303002,4.18096362779317,12,8
"2101",14.368948938482,7.55445031410469,12,8
"2102",23.5809646176639,7.8128336993091,12,8
"2103",18.4997995817271,9.57334581495472,12,8
"2104",21.8160609343408,6.91735156937929,12,8
"2105",21.1690194188054,2.83210707916443,12,8
"2106",23.5904734163292,7.22931862655676,12,8
"2107",19.6652270910668,4.55162945911408,12,8
"2108",25.3515826574616,2.41716507151757,12,8
"2109",20.7174050617906,9.29819901571221,12,8
"2110",23.849474368038,6.59079501326914,12,8
"2111",29.0455636636711,5.58244442649464,12,8
"2112",21.1062959794827,7.63648224972802,12,8
"2113",13.2795028563198,6.8785853919163,12,8
"2114",24.9943824493536,6.05278729039064,12,8
"2115",22.3480738901942,5.53765306775011,12,8
"2116",20.6353862919439,2.87553428796774,12,8
"2117",27.525533485743,6.89630274107698,12,8
"2118",23.549657230723,4.72820247948797,12,8
"2119",25.6483717257822,8.17215387078063,12,8
"2120",25.3240067777945,4.71393821736563,12,8
"2121",24.8249558570918,5.25789741634776,12,8
"2122",19.2550193467662,4.80414385361397,12,8
"2123",22.4594787676823,7.40004627889692,12,8
"2124",26.7278993000954,6.73834454839121,12,8
"2125",22.2525578406959,7.43713422725038,12,8
"2126",21.7930818495892,7.83150013832033,12,8
"2127",23.3376542609434,6.66076170754458,12,8
"2128",18.07836054724,6.81669627718807,12,8
"2129",19.4371309914014,8.24597954344952,12,8
"2130",24.0648991603193,5.63580954654565,12,8
"2131",19.7060548511329,6.23741844798503,12,8
"2132",23.4738626528219,8.67004960685836,12,8
"2133",17.8993829310613,4.80165262089593,12,8
"2134",21.4276604868894,7.93633064502361,12,8
"2135",20.1508551746289,4.10970445760205,12,8
"2136",20.9180003376211,5.33405606405058,12,8
"2137",22.5881857477108,5.82873307214826,12,8
"2138",30.4384827716491,5.59370897381126,12,8
"2139",18.2768349100644,4.05040934972598,12,8
"2140",17.2618401153706,9.29189141018049,12,8
"2141",20.0083144593307,6.709642341154,12,8
"2142",19.7882768070517,8.67223043391202,12,8
"2143",21.8162697984732,5.23396822245358,12,8
"2144",18.9822414842068,5.36272529445912,12,8
"2145",22.2751305782971,4.5757389192581,12,8
"2146",21.1119646707364,8.01447634023536,12,8
"2147",26.5706253065303,6.55033253588781,12,8
"2148",26.0745518348128,4.89117865141687,12,8
"2149",23.0534774683817,7.12482918790123,12,8
"2150",21.6610222541141,6.7006231578277,12,8
"2151",26.30260466222,9.74783787964638,12,8
"2152",23.7357385650187,6.46976627692112,12,8
"2153",21.9095859093652,6.47758498426796,12,8
"2154",15.8736474313307,7.5040672295076,12,8
"2155",24.3783654746438,8.04152576024126,12,8
"2156",16.7316351708209,8.97648514216632,12,8
"2157",25.5936955631437,6.79886817138722,12,8
"2158",20.3549446267985,6.80001951978351,12,8
"2159",20.9142251011075,5.86142137140731,12,8
"2160",28.0676718312109,8.65533066562544,12,8
"2161",18.0079569147991,5.56264808300272,12,8
"2162",22.0321166091652,5.94979909062381,12,8
"2163",25.0333569041403,7.36881836907962,12,8
"2164",16.8566989111037,8.36141707949164,12,8
"2165",26.4554643847546,5.40184716545109,12,8
"2166",21.4868664315295,7.28553892688693,12,8
"2167",18.9656169099613,7.30884585939876,12,8
"2168",25.0815768533311,5.07189912646358,12,8
"2169",23.0716661164869,5.97086368902035,12,8
"2170",23.6022817623094,11.1195048616958,12,8
"2171",21.9071046842193,8.11275373243971,12,8
"2172",21.6121545461412,5.16537965952058,12,8
"2173",18.2712457304613,8.10436500188495,12,8
"2174",29.8579519155029,7.40066859049511,12,8
"2175",21.2378830932929,9.19901938244558,12,8
"2176",16.4779298036221,4.89210303117685,12,8
"2177",25.9813205786931,5.09432660156893,12,8
"2178",24.2899986385552,7.48446316966522,12,8
"2179",21.7841845244384,6.09177711624793,12,8
"2180",18.0638576210239,3.37514010517634,12,8
"2181",19.8133468546591,6.4538331893173,12,8
"2182",25.9670172171389,8.34579707434617,12,8
"2183",19.2484197092818,5.45838330243622,12,8
"2184",27.052740581548,6.60193047954712,12,8
"2185",24.7367362447354,7.91242033272546,12,8
"2186",16.5684106491021,6.9210583283357,12,8
"2187",11.6343171214046,6.29949722418102,12,8
"2188",21.557423479771,7.00848429848146,12,8
"2189",20.1784426359786,6.1907116428235,12,8
"2190",21.0002368813698,7.01765930689364,12,8
"2191",25.2382252418662,6.59385476508985,12,8
"2192",20.3831178805711,6.37277405114663,12,8
"2193",11.6478796290082,3.61579882027011,12,8
"2194",26.165677699242,10.5374818202565,12,8
"2195",19.7757054047507,8.12291592419926,12,8
"2196",14.5691433629858,8.69687259392149,12,8
"2197",16.0030124559414,10.25722883776,12,8
"2198",27.7021356528954,10.8771563360675,12,8
"2199",19.546795026578,3.78490320317369,12,8
"2200",24.2994508724091,5.47553093699914,12,8
"2201",14.9819179618414,7.54295623761674,12,8
"2202",26.4427673445256,2.72929266459644,12,8
"2203",23.903130153036,4.75495765283902,12,8
"2204",24.929199085818,7.22338377800658,12,8
"2205",18.3223950205256,5.42838640340237,12,8
"2206",23.6613289837908,5.33597062409752,12,8
"2207",27.6978294274888,10.0213402070237,12,8
"2208",20.2033776810058,8.41522896979393,12,8
"2209",28.7973333900841,8.29680175517815,12,8
"2210",21.6108922314638,4.41164168810515,12,8
"2211",18.359183381238,7.18554166136025,12,8
"2212",19.8338667274633,5.51533946673074,12,8
"2213",18.4720709738559,7.75344575742693,12,8
"2214",20.0077045348296,8.69453730852248,12,8
"2215",24.5314141144458,6.26621415737579,12,8
"2216",22.3384664282041,5.17923180826671,12,8
"2217",20.4702480518724,3.93685016552472,12,8
"2218",24.1294892375504,8.5235980473048,12,8
"2219",21.686038938321,3.83457098693878,12,8
"2220",25.247076771213,3.90383252838727,12,8
"2221",20.9308040586877,6.86604059334217,12,8
"2222",23.2321673160528,7.3918714660967,12,8
"2223",23.023370887625,10.2867713418453,12,8
"2224",21.1441280450557,8.48148426879598,12,8
"2225",25.4628366981233,5.56858273038086,12,8
"2226",19.2846412175794,9.55828610499705,12,8
"2227",21.0292933074836,7.79692764463147,12,8
"2228",27.8410255347574,7.53294274872484,12,8
"2229",22.8454884075262,9.27370003019042,12,8
"2230",20.8474025283692,6.15844791999052,12,8
"2231",21.9268185272156,6.05815755435855,12,8
"2232",25.8651809435143,4.0470105888622,12,8
"2233",16.4386697415393,7.45104446706039,12,8
"2234",21.8429363696897,7.66956746575756,12,8
"2235",20.9764369001037,8.32728620332217,12,8
"2236",18.748994066458,6.75378347780202,12,8
"2237",17.8037641345476,5.73353375632406,12,8
"2238",23.763695289826,4.67762587876238,12,8
"2239",22.0423860786473,6.81777625665132,12,8
"2240",22.1029439837447,6.16213625587653,12,8
"2241",28.6329015636812,6.64857335332343,12,8
"2242",26.452006638744,8.2574515776489,12,8
"2243",24.6109692088347,5.05292806986622,12,8
"2244",19.9547162202888,6.47088250201799,12,8
"2245",19.4110482164547,4.09409524594875,12,8
"2246",17.2952046350814,6.95658323999847,12,8
"2247",24.129116380026,5.70292624069607,12,8
"2248",20.2008859127854,6.86775590310527,12,8
"2249",25.6103681788147,4.61277643368731,12,8
"2250",16.2172311663647,5.80980186468719,12,8
"2251",15.6987004741361,5.62532195519698,12,8
"2252",25.2012324836442,6.21018019613974,12,8
"2253",28.2477957836578,5.27789194108614,12,8
"2254",21.1854020688062,8.0256384111765,12,8
"2255",15.6766900761563,6.21140697714943,12,8
"2256",9.97305739969361,4.20378440076945,12,8
"2257",16.9136715292474,4.93349613605191,12,8
"2258",26.328625128332,5.71117371885223,12,8
"2259",25.4628086546051,8.20667188747015,12,8
"2260",21.0811404419956,5.4585575552295,12,8
"2261",17.3476166521379,7.17261576935756,12,8
"2262",19.6482683247152,4.63477816744727,12,8
"2263",21.3923543027427,8.33856745117573,12,8
"2264",23.7756516265172,7.11668938786693,12,8
"2265",22.9747470297949,8.13670145216899,12,8
"2266",20.0675710824404,5.85976193547205,12,8
"2267",24.209990054182,3.33359270607676,12,8
"2268",17.6378968811826,4.54205599792423,12,8
"2269",19.1048050517613,9.33831231309085,12,8
"2270",18.243248502116,7.02850518667231,12,8
"2271",20.9953715628495,6.39300356372542,12,8
"2272",13.2864190894998,5.23572828415468,12,8
"2273",19.4468420168056,6.82897731005727,12,8
"2274",22.6236461611853,7.24284362973717,12,8
"2275",21.8936244629473,5.97146096561103,12,8
"2276",19.2162132623549,7.49571556073758,12,8
"2277",25.5372795917211,6.77328067072491,12,8
"2278",26.9213157010809,8.34652482300825,12,8
"2279",26.1066455527199,2.98896000232389,12,8
"2280",18.4799795485318,5.85715159423603,12,8
"2281",14.7977996022609,6.37628849457654,12,8
"2282",16.5657176403253,5.18375738673109,12,8
"2283",16.4143424946562,5.74496149848674,12,8
"2284",16.417666849668,7.4892811707551,12,8
"2285",25.239625455965,3.5790259153858,12,8
"2286",20.9132154786185,10.3347939859669,12,8
"2287",19.7767868701988,7.36560801426158,12,8
"2288",21.8341478872372,3.28423186190806,12,8
"2289",19.1465065416606,6.92213409958854,12,8
"2290",28.1559893723703,7.47425506243025,12,8
"2291",28.6948598391413,3.6702053707564,12,8
"2292",23.7706328536289,6.75090529834267,12,8
"2293",24.8122428682783,6.27413356029924,12,8
"2294",23.1194995637661,8.45137369668694,12,8
"2295",26.0341658017195,6.03608677762857,12,8
"2296",25.3055950534624,4.96183806727502,12,8
"2297",17.5891399620811,6.01653251817713,12,8
"2298",30.0274468784768,7.01263210957209,12,8
"2299",22.2935843986264,9.2412084067827,12,8
"2300",21.9280974374011,9.11015873357667,12,8
"2301",20.2750531838476,4.74062805977642,12,8
"2302",23.3173385157137,4.39336973479509,12,8
"2303",21.7705875800232,9.69612759105835,12,8
"2304",23.2541853124316,6.73000095610495,12,8
"2305",21.153720890528,8.07124702378899,12,8
"2306",20.4142376407055,8.06843830114241,12,8
"2307",10.510744716029,8.48218813506923,12,8
"2308",32.1650559804518,7.84072871561442,12,8
"2309",29.2190878263224,8.80614763122566,12,8
"2310",18.048006468705,2.83743684019918,12,8
"2311",21.9203283185422,6.02937281669626,12,8
"2312",13.8364179323314,2.84635982301554,12,8
"2313",21.5827715741968,4.43594903687104,12,8
"2314",22.3033011868211,6.61187709631529,12,8
"2315",22.367114870312,5.76268756543151,12,8
"2316",20.1013521307678,7.19804078908025,12,8
"2317",19.8477630358061,7.31098097753901,12,8
"2318",26.6537454633429,3.80726121116787,12,8
"2319",27.8950472865033,7.15710646845287,12,8
"2320",26.4794396602402,5.39503240101747,12,8
"2321",18.0255377575936,6.75259303795628,12,8
"2322",22.6728913404801,8.36423455105355,12,8
"2323",22.3924955656489,6.23178987869758,12,8
"2324",17.4741429515957,7.59485607783836,12,8
"2325",23.5347988200366,7.84369367640356,12,8
"2326",19.7878887806036,5.25184969920769,12,8
"2327",19.0925810425283,7.83552075945327,12,8
"2328",25.9966625104314,6.87997897537244,12,8
"2329",23.6749381011676,6.66873313492548,12,8
"2330",17.7479614011768,7.33190431630639,12,8
"2331",23.0191306920706,4.89660999010633,12,8
"2332",21.3905250765859,7.02148970873187,12,8
"2333",20.9934958951058,6.68260182611217,12,8
"2334",18.4418411182211,6.01230350947956,12,8
"2335",22.5848823947006,6.5610655920829,12,8
"2336",23.1788932054657,3.99260743787948,12,8
"2337",23.0819464180305,7.13645578947014,12,8
"2338",25.1142747852338,4.95624694110823,12,8
"2339",24.666998791321,7.60124609358724,12,8
"2340",20.2748311831321,7.13554986854109,12,8
"2341",21.0928455663311,8.36245908540927,12,8
"2342",24.9598007058438,6.06936829325895,12,8
"2343",25.013400645989,7.27946958556794,12,8
"2344",22.5474708149533,3.62636639125702,12,8
"2345",28.5338117934267,8.23557765581418,12,8
"2346",21.7898530846747,8.97518565636789,12,8
"2347",24.9957943634868,7.33271847145923,12,8
"2348",18.4575817533566,6.70529298621505,12,8
"2349",23.273870973791,9.13783837859323,12,8
"2350",17.2569316708545,8.29468513760124,12,8
"2351",23.5946176353252,7.52463482371492,12,8
"2352",24.3972737642755,7.4244846762161,12,8
"2353",24.0199924709347,8.82601278994229,12,8
"2354",21.0674833862996,7.88007699928047,12,8
"2355",21.3201217255503,9.85317516848955,12,8
"2356",17.4745531463425,6.56846992832106,12,8
"2357",20.2774775859922,7.61771641467486,12,8
"2358",22.5416648945426,4.63295992590224,12,8
"2359",22.9363967598488,10.148800004075,12,8
"2360",25.5075837759333,6.48153884556372,12,8
"2361",24.3708246596326,3.94671831928102,12,8
"2362",14.1913813705056,5.36223345578757,12,8
"2363",17.7578230053859,5.96014812780231,12,8
"2364",24.6107792277869,7.00641485840172,12,8
"2365",19.9407073998,8.04617278557408,12,8
"2366",28.4453761275375,8.18664275097801,12,8
"2367",17.9557211038445,7.34466471027349,12,8
"2368",26.3498067993795,6.22943070260438,12,8
"2369",24.2623120575996,8.35841096182211,12,8
"2370",17.1413419472167,5.16592560556016,12,8
"2371",24.4061443776797,6.5172878869498,12,8
"2372",16.9540439689995,7.04697271528145,12,8
"2373",21.0211979045962,8.15705687913248,12,8
"2374",16.9937054247783,3.49520721560048,12,8
"2375",23.0275797326999,9.46760262151332,12,8
"2376",23.6061948726842,10.2258220717641,12,8
"2377",21.5930263648794,6.12548120385994,12,8
"2378",29.281648652368,5.93817491797553,12,8
"2379",23.2434561728777,7.25209960955066,12,8
"2380",30.7299286142703,4.79483814490781,12,8
"2381",20.4515228448871,5.76151862578645,12,8
"2382",24.7329295314782,1.7757790438283,12,8
"2383",20.0079754848764,6.10295736070953,12,8
"2384",26.5161228651194,6.72840159628098,12,8
"2385",20.6479071155679,9.14171780755094,12,8
"2386",21.4168780634876,4.84322295816422,12,8
"2387",20.6961233334604,4.39246434514147,12,8
"2388",24.2838531196595,7.34505541761893,12,8
"2389",22.0071795044402,7.01393555361811,12,8
"2390",25.5430820922375,6.82610650758048,12,8
"2391",23.4544337593772,4.81231538774323,12,8
"2392",17.2373380577023,7.44445444411035,12,8
"2393",21.2426496283453,5.84248577901543,12,8
"2394",20.6665746987762,7.02497380598545,12,8
"2395",17.5747925472209,6.24128359700326,12,8
"2396",21.3183867744423,6.18220267909017,12,8
"2397",23.985605111267,8.49162137269426,12,8
"2398",24.5650214763147,6.71289278588495,12,8
"2399",22.2119367049192,4.0777920291807,12,8
"2400",15.8516859694285,6.91686468413843,12,8
"2401",22.8944089401338,8.88209014464355,12,8
"2402",25.2982990633125,5.9007744731387,12,8
"2403",21.7136782846633,6.39603700162395,12,8
"2404",24.8549239444078,8.71716524328969,12,8
"2405",18.2610863640209,7.6788573727208,12,8
"2406",21.2859751732903,7.23350350867382,12,8
"2407",19.7947770124226,5.9087883809573,12,8
"2408",24.7685719365582,6.64300831011378,12,8
"2409",21.9794403684368,6.84738855287265,12,8
"2410",18.3016880702248,5.2131600412438,12,8
"2411",20.8054866501281,5.7377650895446,12,8
"2412",23.4465240122737,6.96306566916882,12,8
"2413",20.2568300741236,5.2073742185102,12,8
"2414",24.2472950510825,5.79211252044677,12,8
"2415",17.7440072642164,3.20246208884089,12,8
"2416",12.7006029224857,5.82095133508713,12,8
"2417",16.6205283449466,7.92395594087931,12,8
"2418",28.5958378689658,7.42672175344025,12,8
"2419",17.7530910384714,7.90773395398372,12,8
"2420",17.7269445236111,2.88369817315577,12,8
"2421",17.2345047141782,8.16670462342553,12,8
"2422",18.9873271771599,7.15871640621328,12,8
"2423",27.2848760596617,5.75248197604887,12,8
"2424",24.3273246440269,5.36410336572752,12,8
"2425",24.6766858303228,6.3475057854101,12,8
"2426",25.512740278538,7.31830801456631,12,8
"2427",24.4516475574581,4.64651568862107,12,8
"2428",19.3492088357839,9.69365598975455,12,8
"2429",20.4048064590162,5.28197532646603,12,8
"2430",26.3771781790138,9.07328081191412,12,8
"2431",29.2587962562648,7.81943160776763,12,8
"2432",15.6063821353136,8.48473006533698,12,8
"2433",27.2572271697486,4.66609949544492,12,8
"2434",18.1135421459929,8.20686870825183,12,8
"2435",27.5773498022161,4.66455247312092,12,8
"2436",23.4686948059379,2.83890239598082,12,8
"2437",18.2871260288875,6.43504932265076,12,8
"2438",22.4387050774321,6.00716567769345,12,8
"2439",14.425915627436,7.75397322410454,12,8
"2440",24.1106816070268,8.61544423211496,12,8
"2441",24.81962482352,4.34244441962473,12,8
"2442",27.4006212489807,5.61056308609811,12,8
"2443",13.5724810020149,6.80328129868622,12,8
"2444",25.566505141549,3.28031963069281,12,8
"2445",19.6054866513616,7.26507319167939,12,8
"2446",19.9468597962211,5.20573572122629,12,8
"2447",21.4402383661302,7.97341065487386,12,8
"2448",26.1615057369676,9.29979715913758,12,8
"2449",22.0619808066086,4.38954933636055,12,8
"2450",24.043137401419,9.15567542285515,12,8
"2451",23.0124260978413,9.06991339034221,12,8
"2452",16.6395069640541,8.79295275611313,12,8
"2453",27.3487782637229,5.56556466858318,12,8
"2454",27.7967753081765,7.54260876083648,12,8
"2455",21.6806812972467,5.96918034532428,12,8
"2456",27.6976471210497,6.49275188110053,12,8
"2457",16.9693982452914,6.57036455338849,12,8
"2458",28.4986833968799,9.32234209646566,12,8
"2459",20.7748777832727,5.72295707930512,12,8
"2460",23.5999492407771,7.55049122081752,12,8
"2461",17.1622504879955,8.12628312373984,12,8
"2462",25.7413907429143,7.53848586774714,12,8
"2463",20.1538565279028,8.69062275574704,12,8
"2464",25.0419163196646,6.70952313641674,12,8
"2465",24.2155529161076,5.37041761871521,12,8
"2466",21.4883434211315,5.51067568085626,12,8
"2467",22.5260170722491,8.12091766049839,12,8
"2468",18.697348780136,2.62864778570917,12,8
"2469",16.0234635157107,9.28049458208637,12,8
"2470",25.3367654861875,4.79341842284441,12,8
"2471",18.3926183998283,2.34778439952958,12,8
"2472",18.1661219590031,7.81572417350123,12,8
"2473",24.0414972515096,3.62244797013602,12,8
"2474",20.666057115897,4.16773135761258,12,8
"2475",18.2535855921228,5.00460511401865,12,8
"2476",19.7322415497618,5.4502321120024,12,8
"2477",26.6066735919654,8.17815771164069,12,8
"2478",23.9450784723553,7.82262786324228,12,8
"2479",23.0568520375436,6.27281179673657,12,8
"2480",27.7600522919477,7.78429788123119,12,8
"2481",24.6737796717628,2.33430417015036,12,8
"2482",19.2393565751581,8.75775567627057,12,8
"2483",26.1074102050021,4.79411978857021,12,8
"2484",21.5235323104722,8.8866703609351,12,8
"2485",17.3575333182169,6.11921284500735,12,8
"2486",19.3147488779984,7.24162106857823,12,8
"2487",21.7312484086286,7.99936307384871,12,8
"2488",18.7249801721707,5.58531221693646,12,8
"2489",23.2537825387297,6.34196607244141,12,8
"2490",19.940617383806,7.09840197126635,12,8
"2491",19.0800212492582,6.9203764485166,12,8
"2492",19.0824850936585,8.80383033964965,12,8
"2493",22.4349835860256,10.1063824531802,12,8
"2494",18.9080290752219,7.17833625974303,12,8
"2495",21.2005288723835,3.21887078892288,12,8
"2496",27.9690852131465,6.62870138070382,12,8
"2497",20.3990509591616,3.55346228007552,12,8
"2498",26.3689279360786,6.8414509796908,12,8
"2499",20.4683986007233,4.21138019199559,12,8
"2500",26.8461292447686,7.06935459762789,12,8
"2501",22.0921856136222,5.68425983869422,12,8
"2502",15.1975798536194,7.86497520635412,12,8
"2503",19.7228759840155,7.52771258962119,12,8
"2504",28.4870594674815,7.06306419903289,12,8
"2505",19.0595865527999,7.62724218256187,12,8
"2506",23.0229100249826,3.56558420904078,12,8
"2507",24.1141695797663,8.23769727025591,12,8
"2508",22.1174444666548,4.27025024818348,12,8
"2509",27.3870701364439,6.57929966391499,12,8
"2510",26.6986388235037,4.57877971149656,12,8
"2511",20.5080926963759,3.92069336384698,12,8
"2512",25.2436567435457,5.79021879605029,12,8
"2513",21.1385055908557,3.90279831956362,12,8
"2514",23.7843361068641,7.02107501969127,12,8
"2515",24.8462469895454,8.24103352074199,12,8
"2516",21.7543374576113,9.55995550817474,12,8
"2517",22.8147969730134,7.22204715473373,12,8
"2518",22.271136802191,3.5046766860417,12,8
"2519",23.0302271039812,5.70018841073107,12,8
"2520",22.0918937935852,7.95514588680807,12,8
"2521",23.3465686557138,6.90528320756964,12,8
"2522",24.5152646203041,6.61208687337293,12,8
"2523",23.0292867550742,4.78034429057354,12,8
"2524",21.9488592112474,3.99384663624521,12,8
"2525",23.25996177776,7.41612032501181,12,8
"2526",16.6606888789956,3.47179244556278,12,8
"2527",19.1335534599956,7.40053634164131,12,8
"2528",26.1896480006135,9.59469876735647,12,8
"2529",21.6257380161617,5.83067411343206,12,8
"2530",22.277544844452,7.78402354964148,12,8
"2531",20.4915718544107,7.15390243240878,12,8
"2532",19.3456005644239,6.1808756956385,12,8
"2533",17.3345588818997,6.53973171346545,12,8
"2534",21.4039640807018,8.31021025624981,12,8
"2535",11.1027083078778,5.44784832120027,12,8
"2536",28.219530637271,7.95720209996483,12,8
"2537",24.001356910607,3.30525913786532,12,8
"2538",19.1935159507069,4.88324532473977,12,8
"2539",24.3267291653929,4.29452372045786,12,8
"2540",18.5835198402186,7.20833122036117,12,8
"2541",18.4048417895073,7.2889559982469,12,8
"2542",15.0098076585607,5.85840902449628,12,8
"2543",22.781797756333,5.40757070335589,12,8
"2544",20.6819505860064,5.9451405165658,12,8
"2545",26.5316205082168,4.4542920543807,12,8
"2546",15.4014590638024,8.50752926159678,12,8
"2547",17.3304538548544,6.35758530530484,12,8
"2548",21.3674776912903,10.0457438701944,12,8
"2549",23.5030257453292,6.17226210853072,12,8
"2550",25.5658910715671,3.19668985474969,12,8
"2551",22.7279526028517,4.24838666005906,12,8
"2552",23.3053431244597,7.46044153754762,12,8
"2553",19.2966235164054,5.71120398512592,12,8
"2554",21.7465523711188,7.85752405990299,12,8
"2555",20.1113576019071,4.15664130500086,12,8
"2556",26.6407030447733,10.2000143221037,12,8
"2557",20.1754995022506,7.00676322331376,12,8
"2558",20.9580400529994,4.22851513935271,12,8
"2559",19.5113403276564,7.38241867017285,12,8
"2560",18.8369566881767,4.57313427316256,12,8
"2561",25.4602320235398,5.44594755613912,12,8
"2562",20.9896051451887,7.53762571627592,12,8
"2563",17.79146539255,10.9579331866451,12,8
"2564",17.3414154405631,6.53332781580922,12,8
"2565",23.7644372925417,8.4876024503158,12,8
"2566",17.5523316262194,6.5924933717052,12,8
"2567",26.2581593571614,8.2801502645255,12,8
"2568",19.8838736502354,8.26235896505723,12,8
"2569",23.0813461392727,4.84943367529353,12,8
"2570",25.4434082776837,5.39665846966258,12,8
"2571",21.1252752799975,7.37988798164748,12,8
"2572",28.9321148300964,8.20239973208489,12,8
"2573",13.4681436444334,6.05777003833842,12,8
"2574",16.048500436289,5.66396269776927,12,8
"2575",22.196013361867,5.94585558045923,12,8
"2576",21.6256935720381,6.64552894757966,12,8
"2577",22.653021929886,7.91135569557356,12,8
"2578",21.8012298496963,5.5388580171221,12,8
"2579",19.1788113228309,5.73489348843878,12,8
"2580",25.9568104234963,6.09444364227708,12,8
"2581",19.0488606341361,3.92280738532172,12,8
"2582",26.2325936957813,6.30749622496822,12,8
"2583",27.6172906939473,8.20865159469605,12,8
"2584",25.6441644824303,6.00683664451734,12,8
"2585",24.4547967571002,8.28208227162908,12,8
"2586",15.6995969875446,6.51174375737668,12,8
"2587",21.4820172688363,8.89318172362833,12,8
"2588",17.2916711477699,5.1415767812934,12,8
"2589",20.1656126516742,10.7047968271455,12,8
"2590",25.5339614044565,7.01049216407707,12,8
"2591",22.3326302598845,8.72526095695544,12,8
"2592",23.155921771197,3.80618663376923,12,8
"2593",31.5285143056918,8.55012483010319,12,8
"2594",18.307203928773,4.75554721063113,12,8
"2595",25.560999998424,10.4169847998322,12,8
"2596",24.022246194349,8.14436216559884,12,8
"2597",19.2897438504372,9.33455586190164,12,8
"2598",20.1235923654243,2.83138378733451,12,8
"2599",25.8286722080575,0.41072632289311,12,8
"2600",24.4299514745861,6.23047812419669,12,8
"2601",19.3176357462447,8.69341709694506,12,8
"2602",25.5927955117942,12.8041760975027,12,8
"2603",18.1154979100596,5.44956596274119,12,8
"2604",22.2740709893405,5.50339156969788,12,8
"2605",23.3761214539596,8.26782142577775,12,8
"2606",26.2233519034984,6.25111080455493,12,8
"2607",24.7451048245964,7.19343804536272,12,8
"2608",27.6841940610386,5.2188490501966,12,8
"2609",24.6100322210292,5.5382205543111,12,8
"2610",22.2357577250139,7.21757734883773,12,8
"2611",21.0068992532759,4.34923529324696,12,8
"2612",22.4064749760618,6.04562652333083,12,8
"2613",22.1342428897914,4.94221707317787,12,8
"2614",21.9902499039623,5.55365569389425,12,8
"2615",27.7976769253831,7.42522873540265,12,8
"2616",24.9896186970904,5.83702934808205,12,8
"2617",16.288012210919,6.24486413888393,12,8
"2618",20.0497305150737,9.42302018207893,12,8
"2619",25.8565900268766,7.33391313588522,12,8
"2620",17.5310798357349,8.05025151560377,12,8
"2621",29.5544105505788,4.34289050283854,12,8
"2622",19.9336462824316,10.5522878053503,12,8
"2623",30.0356998984336,5.58953801390096,12,8
"2624",23.4359697676414,6.77240020291121,12,8
"2625",19.16723951974,6.92173306991505,12,8
"2626",28.3822374805169,7.25253507074283,12,8
"2627",23.5870090590067,6.2593474329631,12,8
"2628",24.6983659419494,5.85608531328211,12,8
"2629",20.830714669425,3.59339888583229,12,8
"2630",19.9815876935443,4.35723182850241,12,8
"2631",26.7220629063402,7.07467354954375,12,8
"2632",25.6354704062356,5.3363633170328,12,8
"2633",20.1974357384038,5.83590126942104,12,8
"2634",23.3221446810144,7.75598157101112,12,8
"2635",21.4458970028881,4.45816801609912,12,8
"2636",18.9078164386197,5.90102830129149,12,8
"2637",20.1311839062432,7.14440638111673,12,8
"2638",19.0596634851953,8.47306040280915,12,8
"2639",19.233754488891,8.01786793783445,12,8
"2640",24.3176920392698,7.44035556186354,12,8
"2641",23.915257586047,8.21198237693651,12,8
"2642",28.0570837405245,6.11823534298313,12,8
"2643",24.6986813980482,4.94452707888277,12,8
"2644",23.0349944925097,4.48967683880296,12,8
"2645",23.3503581245662,6.43463617804242,12,8
"2646",18.5549386327329,6.52179503666291,12,8
"2647",19.8820784548189,7.69588461360196,12,8
"2648",19.9477564160351,7.47713342593665,12,8
"2649",16.7073976768887,3.73818258392584,12,8
"2650",19.6090504080154,4.81054693153096,12,8
"2651",25.6421698649029,6.98859693759482,12,8
"2652",27.8512693826311,5.17005254243625,12,8
"2653",22.2683071905753,6.07457046109701,12,8
"2654",21.1937510871605,7.30229582181069,12,8
"2655",16.7782038136631,7.90931963851428,12,8
"2656",19.6102775063496,8.2839922521958,12,8
"2657",20.6440715932925,6.4433889503038,12,8
"2658",19.9716148822479,7.2608380076458,12,8
"2659",20.4158853984392,7.54194703955978,12,8
"2660",22.2961003132369,6.24927435518699,12,8
"2661",20.0778529317129,6.38061776194719,12,8
"2662",25.6580662986248,9.34816296619723,12,8
"2663",22.4119141952618,9.5853801729869,12,8
"2664",23.1454291418453,9.37564233067636,12,8
"2665",23.8781968172311,6.38239643263752,12,8
"2666",20.1104644196228,3.05866847504267,12,8
"2667",25.3601562013646,4.38030875170475,12,8
"2668",26.7586121901251,4.44722137420353,12,8
"2669",28.12536035351,6.17181314370916,12,8
"2670",24.6304089164139,3.69941577525467,12,8
"2671",25.8122593960411,6.19070621089532,12,8
"2672",14.6393132809496,7.64352000442747,12,8
"2673",18.8918495848362,7.5943329520478,12,8
"2674",20.4221306840264,6.92720131075467,12,8
"2675",17.725604901553,8.56040034083679,12,8
"2676",23.7871793514814,3.09896666197715,12,8
"2677",19.4023168527945,11.2424256090188,12,8
"2678",26.8060884376191,5.91914734415846,12,8
"2679",19.5647230869027,5.9674782854172,12,8
"2680",20.7369917107658,9.01235656545083,12,8
"2681",20.6597269343004,7.68059564971805,12,8
"2682",21.7003127102323,9.15389282274013,12,8
"2683",17.9806288708509,5.7755100531535,12,8
"2684",23.8398693892057,4.53146857062278,12,8
"2685",24.9923529608872,7.05271863413252,12,8
"2686",23.8231151104334,5.16744685623593,12,8
"2687",21.1345107485123,8.48297399148918,12,8
"2688",19.8168970952439,8.02398735938834,12,8
"2689",17.0949005333725,7.66746145977864,12,8
"2690",27.8746191459759,7.4082303932077,12,8
"2691",16.0704354239553,4.64490924085686,12,8
"2692",20.6901671958254,5.01039126173492,12,8
"2693",19.4516828576827,8.66321821569564,12,8
"2694",23.2712170559571,5.20572993001921,12,8
"2695",25.5303435778516,6.86188531293326,12,8
"2696",25.0916053816337,5.23656671993778,12,8
"2697",23.0951833011874,3.29498013078347,12,8
"2698",20.9615039816661,6.65964826106433,12,8
"2699",17.1283381470075,9.67704826758425,12,8
"2700",21.0771290559445,8.14875668383679,12,8
"2701",23.1638044199266,4.61708176871544,12,8
"2702",27.0785839378914,7.80526987059315,12,8
"2703",22.9481864703414,4.79608945325083,12,8
"2704",28.1365218831933,5.75499256485758,12,8
"2705",15.9052781879056,7.80119173060064,12,8
"2706",26.0029527836797,7.31129070294991,12,8
"2707",21.4530860367102,6.93513238795234,12,8
"2708",20.6167426692043,6.31078096654068,12,8
"2709",20.2220913936685,6.27060739404033,12,8
"2710",21.7312348214576,9.08590377808422,12,8
"2711",24.6770120769955,7.32751865764613,12,8
"2712",22.9540128137194,10.5913255355791,12,8
"2713",17.4237018908654,6.78148228490746,12,8
"2714",17.3775985533883,6.88762164126148,12,8
"2715",20.657083834717,6.62542813911484,12,8
"2716",19.3563621554568,5.12877034207237,12,8
"2717",15.8696446012436,7.77124324229837,12,8
"2718",26.5996662975905,8.01669733670027,12,8
"2719",23.9368083500839,6.75349918925681,12,8
"2720",20.708411935428,7.73834143551709,12,8
"2721",23.7531913266464,5.38782276169135,12,8
"2722",22.4971893053088,3.98388444942899,12,8
"2723",30.6919670924426,4.62488446040991,12,8
"2724",19.6387358277222,3.10818573762356,12,8
"2725",22.0322234393933,5.95414724011074,12,8
"2726",24.6928200362663,8.40171023099574,12,8
"2727",23.7890752808477,7.51719036196505,12,8
"2728",17.2459798305719,6.23443478520825,12,8
"2729",23.6132554451616,6.12077985586942,12,8
"2730",23.2987674577303,5.33310445034642,12,8
"2731",22.3300536719557,3.23899717036303,12,8
"2732",21.5955074134319,2.91528073211867,12,8
"2733",23.3139913934588,7.22663110691814,12,8
"2734",20.7309355417514,4.23210599548382,12,8
"2735",22.1430650275363,5.21864426234469,12,8
"2736",26.4137438017376,4.6489233407911,12,8
"2737",25.8699647524055,5.49743098052569,12,8
"2738",19.1416453393496,6.3981711536297,12,8
"2739",22.6658685916447,5.34054235117943,12,8
"2740",22.1960950439213,4.34957677074145,12,8
"2741",20.5511488883521,3.25430650195548,12,8
"2742",16.0852401057986,6.38871417894753,12,8
"2743",23.6010461627377,4.50006594381059,12,8
"2744",29.8135179257389,5.4241508080536,12,8
"2745",22.1333873248884,4.85382451876621,12,8
"2746",22.677113889071,2.81400351334773,12,8
"2747",31.1067732706135,9.38575218902991,12,8
"2748",26.8466670808154,5.26596097509403,12,8
"2749",20.8014898772223,6.45311530178477,12,8
"2750",19.5941155147373,8.04611888987338,12,8
"2751",20.9995773792605,7.73127916807025,12,8
"2752",20.7773565153337,10.3982258018305,12,8
"2753",24.9904890996981,6.06780882228576,12,8
"2754",19.5566447469619,1.64749365441993,12,8
"2755",26.3881070908213,4.32780215502289,12,8
"2756",14.9943722296547,4.93796626541193,12,8
"2757",21.6656415144587,5.57708672476406,12,8
"2758",21.7901978963936,8.8142370246407,12,8
"2759",23.6191061483916,5.93525179814321,12,8
"2760",23.9991582821395,3.91636867758301,12,8
"2761",22.5446153932485,2.27515061979496,12,8
"2762",21.8127436666547,5.51694421246714,12,8
"2763",21.3842055202995,3.22998154362597,12,8
"2764",21.7172868155398,7.40613846812863,12,8
"2765",20.6827657523506,8.61024243202631,12,8
"2766",17.4531647229719,6.08656844982138,12,8
"2767",21.7551330860824,4.20978031517885,12,8
"2768",23.9669109832208,7.30988837928483,12,8
"2769",20.698665977728,9.56046672057571,12,8
"2770",18.1351381194489,6.40230654236489,12,8
"2771",19.4651855618058,9.84076088031916,12,8
"2772",22.2279062399625,6.74573360900625,12,8
"2773",17.6318595726443,7.9403651002217,12,8
"2774",19.7025775974204,6.76528651231199,12,8
"2775",19.3583291288574,6.75373885933038,12,8
"2776",24.8364511848153,8.97311428002299,12,8
"2777",29.8092559103259,8.38917160681156,12,8
"2778",24.9049143168024,5.2823309970833,12,8
"2779",15.3152729142974,7.99151915390172,12,8
"2780",19.8867617518611,7.60327543627087,12,8
"2781",26.1512914645386,8.83464064826695,12,8
"2782",25.0971999621146,5.73712540694998,12,8
"2783",22.3513610278592,5.71043399610905,12,8
"2784",27.0439257268054,5.55935078050217,12,8
"2785",27.7424856411691,8.14672469187829,12,8
"2786",22.1709003669842,7.62097383014282,12,8
"2787",21.7313332512071,6.79638199920716,12,8
"2788",19.1062273705663,6.15417437339849,12,8
"2789",15.7641151857143,5.41091691149852,12,8
"2790",24.8219261329014,8.67184781518739,12,8
"2791",17.8694949535039,7.68255451502557,12,8
"2792",24.2987287367726,6.61401111427813,12,8
"2793",21.233835642368,4.67308072066639,12,8
"2794",18.1641092378037,5.41926958867332,12,8
"2795",20.6846674990315,5.67632427474116,12,8
"2796",19.7906986949068,7.64387410312613,12,8
"2797",21.232114947396,6.77694232272221,12,8
"2798",15.2351916140027,6.33972930836659,12,8
"2799",30.2267690798252,6.00968336536508,12,8
"2800",25.1936808105177,3.75427516093311,12,8
"2801",20.6210165789894,0.551371470631308,12,8
"2802",16.5219942894124,6.60636336248746,12,8
"2803",24.3464318704194,11.3927535872792,12,8
"2804",19.3495919139191,6.06452275241356,12,8
"2805",22.2738092806055,8.33433535093782,12,8
"2806",25.8061756709437,6.73134061344623,12,8
"2807",21.2165778482241,8.21602910370401,12,8
"2808",18.9029593942074,10.46853814821,12,8
"2809",20.0847428429177,4.48992198212989,12,8
"2810",17.54514970263,8.67309110441275,12,8
"2811",25.2184767472283,7.99145526122832,12,8
"2812",21.027070671638,3.19444237239681,12,8
"2813",18.0321310501648,5.40118584026286,12,8
"2814",25.0846148465936,7.06662147462223,12,8
"2815",22.4882497378401,4.8812583177591,12,8
"2816",24.5183428393857,8.43418291447735,12,8
"2817",17.8913654266463,9.5831745890717,12,8
"2818",15.0623261586043,8.97621044613864,12,8
"2819",13.2756914890155,5.67602800779517,12,8
"2820",19.1486260518811,5.42871527004535,12,8
"2821",21.3259653446143,5.29125667362861,12,8
"2822",18.5815022675307,8.64360919126185,12,8
"2823",20.9126348806917,4.27327105059,12,8
"2824",26.9382876154875,6.15060545957031,12,8
"2825",13.9271809969442,8.8483807827502,12,8
"2826",32.4603128181414,9.49731168704734,12,8
"2827",18.7309233337958,5.88359371749034,12,8
"2828",24.7292148068726,6.04598162461046,12,8
"2829",22.3359994560796,8.92794160315022,12,8
"2830",23.7955592953802,8.19305996970594,12,8
"2831",18.2828684985027,3.60580964758475,12,8
"2832",25.8535645079569,7.5242299922947,12,8
"2833",21.8130779054534,5.04104537531108,12,8
"2834",23.1921366627518,5.40350571435728,12,8
"2835",23.3279701351938,4.9461477620696,12,8
"2836",21.2349571989214,9.21084024431297,12,8
"2837",23.8280875294909,5.70895753232883,12,8
"2838",24.7305632723176,6.32353776364903,12,8
"2839",26.861117270124,4.99846023673683,12,8
"2840",26.7329752927903,8.36276269132725,12,8
"2841",23.1921912319888,4.96471606608651,12,8
"2842",17.2453555282934,6.7365222627379,12,8
"2843",28.4452424541303,7.4012451306026,12,8
"2844",22.2224538160405,10.087275402061,12,8
"2845",17.4198507746133,9.1260594039986,12,8
"2846",24.1557341453003,4.35518970542709,12,8
"2847",16.4971224193579,5.1564503165967,12,8
"2848",19.4464614030349,9.11358978254571,12,8
"2849",21.6758280386124,6.19082026077868,12,8
"2850",20.2911131868608,6.57621569307708,12,8
"2851",20.0102421350405,5.0751784982484,12,8
"2852",25.2846148887673,9.12653202271898,12,8
"2853",14.3972595781673,7.59193886443671,12,8
"2854",26.5888210544586,5.66333067473786,12,8
"2855",21.2819453026815,7.11718414796863,12,8
"2856",23.5757402164636,4.42994340338349,12,8
"2857",23.0471826591511,5.25019177565887,12,8
"2858",27.7895859317048,2.80101582940171,12,8
"2859",30.5283455882706,6.54116046112655,12,8
"2860",22.8952277558314,7.52541480424095,12,8
"2861",18.8286985289784,3.45406089214531,12,8
"2862",19.9821373251209,8.58009156302147,12,8
"2863",23.1915185239853,5.42273972642133,12,8
"2864",22.4505310025748,5.09904950365676,12,8
"2865",19.6512794569948,4.97728259079502,12,8
"2866",24.0962054059444,8.83923645751831,12,8
"2867",24.915788664033,3.93763116391926,12,8
"2868",29.7870693274672,5.2046651405023,12,8
"2869",15.3728813067986,7.05633144342573,12,8
"2870",20.5211448648125,8.77710487952357,12,8
"2871",23.4904517825853,7.83277938845692,12,8
"2872",23.8872901357611,7.52151945510532,12,8
"2873",21.867331608274,8.56922620604761,12,8
"2874",20.4702025419329,1.7251542249776,12,8
"2875",21.4620883352279,5.95124749394876,12,8
"2876",16.259783228852,5.21532011054579,12,8
"2877",19.3199450454509,3.56879248430527,12,8
"2878",15.996404772185,4.42160964806316,12,8
"2879",21.2500296881909,8.63781492988015,12,8
"2880",21.9956191844619,6.48413030370092,12,8
"2881",29.6513260669438,7.88078123604517,12,8
"2882",21.6784383487859,5.99985054611904,12,8
"2883",17.9050301410433,7.57555615034157,12,8
"2884",22.569040156658,5.33159680166579,12,8
"2885",25.9673422362308,8.25145416444513,12,8
"2886",22.7736191575818,6.36469991554933,12,8
"2887",25.8358962234938,5.08722984875397,12,8
"2888",16.9777277543626,6.42749913063001,12,8
"2889",16.3557706625839,7.24701304451123,12,8
"2890",19.0877607748324,3.28743103313562,12,8
"2891",27.4265642008332,9.40149290615932,12,8
"2892",18.7918316131266,4.8998595371913,12,8
"2893",24.2125560972444,9.09690829897454,12,8
"2894",23.0267684773405,7.45531532668334,12,8
"2895",19.5854952551343,7.21251046932883,12,8
"2896",24.2187987639953,7.00697536517217,12,8
"2897",17.9755676005879,4.13791659450323,12,8
"2898",24.9574413178042,6.53001419644331,12,8
"2899",25.0142718858506,8.53004666423053,12,8
"2900",21.5784797942546,6.39079789725571,12,8
"2901",22.2216176205044,5.8184794776207,12,8
"2902",18.4876948284415,6.96213921753892,12,8
"2903",29.5493096814905,6.41034831953539,12,8
"2904",24.6654726354233,6.28323005670341,12,8
"2905",25.9976263093431,6.09231395198098,12,8
"2906",17.0844427919561,3.96767834863759,12,8
"2907",23.2195925699778,6.21116604919806,12,8
"2908",13.8642516317279,7.13544398357644,12,8
"2909",17.34691777012,5.7396574986946,12,8
"2910",24.5653997494636,7.9106911336786,12,8
"2911",16.0517335696406,8.20440813493864,12,8
"2912",25.5343553183936,7.45889312460931,12,8
"2913",25.3146879841825,8.50421944481706,12,8
"2914",20.8908370953319,4.956930146551,12,8
"2915",22.8586158361232,5.33838588451119,12,8
"2916",18.9097653390678,9.59310250136943,12,8
"2917",20.841748528039,7.15504023989259,12,8
"2918",20.4274488058049,3.80051047248905,12,8
"2919",16.2000233103864,6.55492080943702,12,8
"2920",24.5229169509235,10.3931747070566,12,8
"2921",17.7213530806103,5.89373071082893,12,8
"2922",21.4662044972216,6.21970075034405,12,8
"2923",22.4063994309302,6.83664212627295,12,8
"2924",18.5087486934907,5.94074318711554,12,8
"2925",19.8472762087731,9.42239213083986,12,8
"2926",20.2124762602952,4.12060554522709,12,8
"2927",23.6811578172665,3.81672648314355,12,8
"2928",19.0306132646877,5.54961223305523,12,8
"2929",16.8289549322223,9.01934441734788,12,8
"2930",28.3744646516933,11.0882619531385,12,8
"2931",26.7823485718445,8.13306398360886,12,8
"2932",18.8480129988466,7.90079888267505,12,8
"2933",21.9061156765354,9.14382466399317,12,8
"2934",26.5006247405209,8.03246487451077,12,8
"2935",26.0260223817369,5.84994155895315,12,8
"2936",21.232821330669,6.6893560185291,12,8
"2937",22.0740923020352,6.80492706893312,12,8
"2938",21.4551629344106,3.67563113836292,12,8
"2939",21.9507294186148,5.9652356100687,12,8
"2940",16.6429016738512,6.57456435310615,12,8
"2941",24.7072198986893,5.79174079354667,12,8
"2942",23.4266112620711,7.58975130917111,12,8
"2943",24.6262754243048,8.56818661347027,12,8
"2944",27.2578228367796,6.52599008660204,12,8
"2945",12.5812042795896,4.56387404752303,12,8
"2946",22.9827055703131,5.31127969364791,12,8
"2947",23.1921309253713,7.40926612987616,12,8
"2948",22.7638349391238,4.72807438052675,12,8
"2949",30.5000914218917,7.30512817828138,12,8
"2950",26.5443051030454,9.85938938282212,12,8
"2951",16.1046419233749,3.94871565011968,12,8
"2952",18.8986467991829,5.82976812939633,12,8
"2953",25.1143384820248,10.4303274252898,12,8
"2954",14.3190802302896,6.12430652296422,12,8
"2955",21.0842714995571,4.42042286116414,12,8
"2956",23.5952861024993,6.09932133098166,12,8
"2957",27.1272136188609,6.76307463311879,12,8
"2958",15.8576640391905,4.47881482718625,12,8
"2959",25.5363661614332,8.84216514497265,12,8
"2960",15.7256179883124,6.64865043390083,12,8
"2961",21.5681755824541,8.64626853470465,12,8
"2962",18.218304671359,8.86738343314848,12,8
"2963",25.8775219709206,7.67756337907931,12,8
"2964",20.0329411533061,3.27173289996878,12,8
"2965",23.7154835935299,8.3799042455558,12,8
"2966",24.9226754519609,5.09826928806336,12,8
"2967",23.2605921306226,6.33794645266357,12,8
"2968",12.7463327382087,5.9873482235482,12,8
"2969",17.4117591442579,6.35692798922865,12,8
"2970",22.6770375592502,8.3751668957652,12,8
"2971",17.5058392935398,6.86117050803933,12,8
"2972",25.5838933668506,5.56061161145348,12,8
"2973",24.1096584875907,7.82521067059898,12,8
"2974",22.4542500466224,6.98135811321794,12,8
"2975",16.0869408637956,5.69707959591759,12,8
"2976",24.9107087853076,7.22278157073787,12,8
"2977",16.2785339587435,7.75941166157766,12,8
"2978",26.6244962880823,7.29144472537867,12,8
"2979",23.7710433063768,8.52050094380262,12,8
"2980",22.0325154384626,8.95591908935624,12,8
"2981",26.0033473351144,3.09995157169609,12,8
"2982",22.8156122957415,5.29150569382707,12,8
"2983",22.4597466603253,8.65246502163574,12,8
"2984",22.314765789186,5.05582634038899,12,8
"2985",25.2481751375705,4.71471816568356,12,8
"2986",23.9540836730276,7.45749062762657,12,8
"2987",21.7652407427017,7.71734121397989,12,8
"2988",23.5362985568549,6.04695088032745,12,8
"2989",25.2314086278287,5.52197753202732,12,8
"2990",19.5650183671151,7.1229715197911,12,8
"2991",20.162399868193,8.828750487204,12,8
"2992",21.3835939224608,5.68659029692279,12,8
"2993",11.4083929423709,4.73836532608592,12,8
"2994",19.7694530738395,3.4461939652155,12,8
"2995",29.9031686330037,5.91309527552906,12,8
"2996",20.3692088647263,7.83079637878723,12,8
"2997",26.6628462255883,8.46844447802138,12,8
"2998",25.0971330864455,9.91484390189869,12,8
"2999",25.5557603255506,6.77888877378588,12,8
"3000",27.157489724914,6.33589854651371,12,8
