"X1","X2","component","subcomponent"
"3001",7.23229550714742,20.897471839822,8,6.5
"3002",9.29596467400328,27.4276279457935,8,6.5
"3003",5.5282339164529,26.9161677358212,8,6.5
"3004",6.83338894911258,24.8405060120379,8,6.5
"3005",8.92242586632572,30.5777685314789,8,6.5
"3006",5.70827628356034,24.2958956386618,8,6.5
"3007",7.19007242515056,25.1909004098713,8,6.5
"3008",9.16404532433059,25.3862381638648,8,6.5
"3009",8.04769686271455,25.242955123295,8,6.5
"3010",6.9695933476844,22.9912235458166,8,6.5
"3011",8.28641641832608,26.4286631591647,8,6.5
"3012",9.01319793539129,26.6836740521927,8,6.5
"3013",7.91701213885206,25.4511856346729,8,6.5
"3014",6.73857924342224,27.6453649520609,8,6.5
"3015",8.7038701695136,30.9954531063515,8,6.5
"3016",8.34586326861175,29.4534648986517,8,6.5
"3017",9.20398076257833,27.6853256991011,8,6.5
"3018",8.66110460962401,31.2448680313992,8,6.5
"3019",9.92589138444125,22.9093838596388,8,6.5
"3020",7.25485710833939,22.8116716061234,8,6.5
"3021",9.03360671446854,22.153393597519,8,6.5
"3022",9.85310159664018,30.9927080337394,8,6.5
"3023",6.97956190539965,21.2517902160595,8,6.5
"3024",7.70647476327661,30.0619262392736,8,6.5
"3025",8.23391904219593,25.5206706329245,8,6.5
"3026",7.76968045819405,28.5976456635485,8,6.5
"3027",8.16718007201604,25.9226639267831,8,6.5
"3028",8.23307691743023,26.0731754614979,8,6.5
"3029",6.67782929899636,26.814258163655,8,6.5
"3030",10.8990341744803,33.1454471246688,8,6.5
"3031",5.78299191394518,29.1045640560187,8,6.5
"3032",10.4296335925468,28.7693543381007,8,6.5
"3033",8.36902800232017,29.5283778349593,8,6.5
"3034",7.00922594811972,28.6280511022116,8,6.5
"3035",6.26855247348417,21.4534821331394,8,6.5
"3036",5.22520345833645,24.1927964087877,8,6.5
"3037",8.25929109416587,23.1171285921672,8,6.5
"3038",6.51218285241611,24.0049795993284,8,6.5
"3039",9.04384514365138,19.3921682578139,8,6.5
"3040",8.26278281414859,24.7029244684046,8,6.5
"3041",7.03658893614038,23.3750908346488,8,6.5
"3042",6.64840225189754,24.1247444321003,8,6.5
"3043",9.44357631102425,27.6528604977322,8,6.5
"3044",7.75407117715282,24.9271583586669,8,6.5
"3045",5.74003260649836,24.5510638783577,8,6.5
"3046",7.05771917669042,23.1064692888442,8,6.5
"3047",8.19575789762864,27.161175701837,8,6.5
"3048",9.61487090911366,25.1472450462464,8,6.5
"3049",8.17008679345094,25.112401558182,8,6.5
"3050",7.01655147708291,25.8115248275909,8,6.5
"3051",7.49294942878363,22.7962577409137,8,6.5
"3052",5.14174339213348,22.1544420464167,8,6.5
"3053",10.1909668985934,32.0729182864987,8,6.5
"3054",8.5370210891347,27.9384077036379,8,6.5
"3055",7.93200302747363,25.5711970607951,8,6.5
"3056",7.61110773089024,23.8057245830316,8,6.5
"3057",7.9080463496641,31.757158029711,8,6.5
"3058",7.32364349339557,29.0399014615852,8,6.5
"3059",7.64367359691112,28.432791880532,8,6.5
"3060",7.59697962815654,27.4055648072143,8,6.5
"3061",7.95645895594492,26.958265722316,8,6.5
"3062",8.05039217708478,23.8135456778204,8,6.5
"3063",8.73110477018996,26.4182767312306,8,6.5
"3064",7.32330365464028,27.5681243559429,8,6.5
"3065",6.96195739763784,26.5394873220647,8,6.5
"3066",8.09197852176263,23.195254507582,8,6.5
"3067",7.81373936979549,28.8354045797684,8,6.5
"3068",8.96455377788876,26.1368367523406,8,6.5
"3069",6.88289538918712,25.8728651054457,8,6.5
"3070",5.87808362780521,26.9000553333251,8,6.5
"3071",9.30001571653878,30.8363479934238,8,6.5
"3072",7.32917959566448,29.7649366488346,8,6.5
"3073",9.80483889519777,22.7155393245888,8,6.5
"3074",7.14169813954395,27.0016962671517,8,6.5
"3075",7.76764250071543,28.7928800098974,8,6.5
"3076",10.3450154289218,24.4382413138302,8,6.5
"3077",8.33261984486217,27.7028521023538,8,6.5
"3078",7.33535741816411,22.6575621764598,8,6.5
"3079",6.78440335446454,25.2478363134322,8,6.5
"3080",9.14441434320623,26.983748071029,8,6.5
"3081",7.7026384997769,29.3122973865518,8,6.5
"3082",8.98149817285281,29.167631832671,8,6.5
"3083",8.75246361972968,25.9618267572651,8,6.5
"3084",7.29695206264084,30.968272264246,8,6.5
"3085",7.38440332666218,24.0777663398816,8,6.5
"3086",7.79299511986044,26.7562172541865,8,6.5
"3087",9.0432679033391,28.3120821938474,8,6.5
"3088",9.07456710024683,30.7111544603321,8,6.5
"3089",7.60973795076074,26.199810903811,8,6.5
"3090",8.51307305563152,26.2813738139438,8,6.5
"3091",6.03985158794679,25.3016117669078,8,6.5
"3092",8.1639979473506,25.771929728523,8,6.5
"3093",10.0288088153309,27.6916119365015,8,6.5
"3094",7.65960737914861,30.4020367922179,8,6.5
"3095",7.84959551883621,30.9452666566868,8,6.5
"3096",9.2081343339986,26.2701499822235,8,6.5
"3097",7.57862122930456,25.753338455522,8,6.5
"3098",8.52258918416817,30.3243538509425,8,6.5
"3099",8.01568989940344,24.2734099429915,8,6.5
"3100",7.4493520288909,27.908342727779,8,6.5
"3101",7.89452147500452,26.5685569188762,8,6.5
"3102",6.25605803293394,24.2334793748784,8,6.5
"3103",7.20199426002481,26.4637670112194,8,6.5
"3104",7.42537788877433,27.5311016199697,8,6.5
"3105",7.08207777987856,23.4243867627316,8,6.5
"3106",7.53387925845966,24.9321444773547,8,6.5
"3107",7.96636328370513,26.0446331699018,8,6.5
"3108",6.89148270128736,21.7965694343311,8,6.5
"3109",7.55913958786696,23.0781940682536,8,6.5
"3110",8.20795314837738,26.4104961069711,8,6.5
"3111",9.11148219628249,25.4530456006097,8,6.5
"3112",8.53508293353909,26.6799576392232,8,6.5
"3113",7.38161185590208,23.4453863827236,8,6.5
"3114",8.34339926213173,23.5383411789569,8,6.5
"3115",8.90745313578317,32.0013264149787,8,6.5
"3116",7.0243394748589,29.1885802909539,8,6.5
"3117",7.88591473661989,26.5700030742705,8,6.5
"3118",6.71923860331735,30.724578017636,8,6.5
"3119",7.97104115493846,20.5176475861513,8,6.5
"3120",8.71968564510619,25.7665857305622,8,6.5
"3121",9.73190230519563,26.8254509028395,8,6.5
"3122",9.20990217846793,30.7468470724346,8,6.5
"3123",7.64250699054629,29.2340983757901,8,6.5
"3124",9.26347803885646,29.4372937012002,8,6.5
"3125",7.26802844913225,28.0168321298707,8,6.5
"3126",8.30905506300374,25.2589533097128,8,6.5
"3127",7.33418495939747,29.3441796731287,8,6.5
"3128",8.76190986724896,29.9452316136105,8,6.5
"3129",6.70327835481313,25.9860185614223,8,6.5
"3130",8.01998138773228,31.8625470263323,8,6.5
"3131",6.1711958581877,19.7407659503137,8,6.5
"3132",8.80604964492002,27.1133448309104,8,6.5
"3133",6.09263652426852,28.6087735829568,8,6.5
"3134",5.93794727622452,24.975380146645,8,6.5
"3135",7.07636803561386,27.0152210669323,8,6.5
"3136",8.09788183206975,24.7817082453864,8,6.5
"3137",7.45999997729881,22.9693297003476,8,6.5
"3138",9.7072631075904,29.2895337812894,8,6.5
"3139",6.5085523930847,24.4970533176554,8,6.5
"3140",7.11438023570726,23.4027659379601,8,6.5
"3141",7.70605613115082,25.4351163207412,8,6.5
"3142",7.08438373224764,23.1967671752453,8,6.5
"3143",4.7420585236583,23.1177573505284,8,6.5
"3144",8.28950518821903,24.6843795390134,8,6.5
"3145",7.99222050077326,29.0291946455294,8,6.5
"3146",7.92752409466576,25.2625509218735,8,6.5
"3147",7.85788508116075,26.1112815023519,8,6.5
"3148",7.22329174086457,24.4950058947216,8,6.5
"3149",8.0742365246391,31.135898235371,8,6.5
"3150",8.73075505450383,32.7023343273029,8,6.5
"3151",10.0205045042106,29.5019084357806,8,6.5
"3152",7.60434526998401,27.2509034221084,8,6.5
"3153",6.95062706530801,27.8403376044814,8,6.5
"3154",7.6718487413074,28.1049763101168,8,6.5
"3155",7.69188671524164,27.545249495497,8,6.5
"3156",8.98711530883639,27.571088186271,8,6.5
"3157",7.9278074343213,28.3534999842664,8,6.5
"3158",6.67176716624799,20.6223285066409,8,6.5
"3159",7.81203741688807,23.4789350040399,8,6.5
"3160",7.78897845056636,27.191516394564,8,6.5
"3161",6.36285366364832,26.2210439770279,8,6.5
"3162",8.68333954572391,28.0029437643598,8,6.5
"3163",7.46558835811937,20.4002803171097,8,6.5
"3164",8.36653687926796,24.4458187696273,8,6.5
"3165",7.85651227341796,30.1059138027695,8,6.5
"3166",6.59859995547427,26.9230688439991,8,6.5
"3167",5.50805883424525,23.8673258965061,8,6.5
"3168",8.23205282868681,30.6416297583318,8,6.5
"3169",9.52943140933909,33.304403410003,8,6.5
"3170",8.1905021355595,24.1111496819488,8,6.5
"3171",6.93289819409009,22.3318144219617,8,6.5
"3172",8.33808466308023,25.9355108676593,8,6.5
"3173",7.45398540370099,25.86685432571,8,6.5
"3174",7.98892155817405,21.7378601515114,8,6.5
"3175",8.26598745639554,27.54839476648,8,6.5
"3176",8.80057346887848,25.1931836727369,8,6.5
"3177",8.89679562098141,26.8882303708851,8,6.5
"3178",9.80127064959277,32.8219067397062,8,6.5
"3179",7.67398235651331,27.1096832391061,8,6.5
"3180",7.5896803745822,33.7395410195795,8,6.5
"3181",6.79422862402546,25.9622538894333,8,6.5
"3182",9.26071364917459,28.0169621514682,8,6.5
"3183",10.7335955505966,26.083493085925,8,6.5
"3184",6.1634017399531,27.2109961009491,8,6.5
"3185",5.68311873785992,22.3556963114324,8,6.5
"3186",7.11195016045683,27.821533742054,8,6.5
"3187",7.31481151656454,28.6466714642087,8,6.5
"3188",8.94765504192959,31.0558890885234,8,6.5
"3189",9.10027251161627,29.4535563069153,8,6.5
"3190",7.84192148394468,21.4580492248841,8,6.5
"3191",7.40598453709392,25.7664670518867,8,6.5
"3192",6.25862649398594,26.9038245171091,8,6.5
"3193",6.42988003430338,27.1552779328236,8,6.5
"3194",9.01177890772236,30.602054129174,8,6.5
"3195",8.17139914949456,25.4691175587251,8,6.5
"3196",8.96488391944163,30.3873898395917,8,6.5
"3197",6.49297489207743,25.7532472961415,8,6.5
"3198",6.62488981528442,25.2600724925731,8,6.5
"3199",10.3237839871281,25.4361364640519,8,6.5
"3200",9.49795612693597,29.2362760845254,8,6.5
"3201",7.89678135827586,27.1444857042933,8,6.5
"3202",7.94762492767912,24.4080876958954,8,6.5
"3203",8.74564169847347,31.2084826040354,8,6.5
"3204",6.12960304343598,24.5281503167037,8,6.5
"3205",8.89626783417778,26.333861309573,8,6.5
"3206",7.37029275593462,23.5145531529726,8,6.5
"3207",11.0596905422779,27.7687465369634,8,6.5
"3208",6.33885989053627,25.4893752539148,8,6.5
"3209",6.17361929773172,24.1571481646157,8,6.5
"3210",6.40010754311625,25.694182357374,8,6.5
"3211",6.67852362807466,18.5650454859782,8,6.5
"3212",8.46673299163885,26.0379747334211,8,6.5
"3213",6.39375381722579,25.6038317533035,8,6.5
"3214",8.36538708680204,28.8227927930857,8,6.5
"3215",9.14361048709119,27.5423588490695,8,6.5
"3216",7.0746846187823,25.7401309608996,8,6.5
"3217",7.76205283481451,21.2582622241931,8,6.5
"3218",10.4908197254572,27.9919523072244,8,6.5
"3219",7.09500431411672,23.638475132807,8,6.5
"3220",7.28727019546314,26.0073607497721,8,6.5
"3221",8.63900646370893,23.8838449142427,8,6.5
"3222",7.72358570871787,26.1097104999661,8,6.5
"3223",8.80024187682889,22.934392897439,8,6.5
"3224",10.0669518750314,28.5822997498717,8,6.5
"3225",5.51559008951433,27.745877438353,8,6.5
"3226",5.69054465754121,24.4472727265979,8,6.5
"3227",5.20238643846452,25.5537230360082,8,6.5
"3228",7.61208602361943,28.3384835817353,8,6.5
"3229",7.66355965868548,22.7862526972632,8,6.5
"3230",7.66225226469574,28.507843606838,8,6.5
"3231",9.13909782725264,28.2351047245895,8,6.5
"3232",6.53191828339601,26.6890086328648,8,6.5
"3233",7.58681639085913,27.6029189999964,8,6.5
"3234",8.1723569441181,26.2225035233004,8,6.5
"3235",8.20213226393732,27.5569491861349,8,6.5
"3236",7.86576212850864,31.7205204743387,8,6.5
"3237",7.59106243995789,26.5161515471735,8,6.5
"3238",5.79621328887208,26.1383878527577,8,6.5
"3239",9.62362070960582,31.0274027646502,8,6.5
"3240",10.0033673317487,29.0073091823706,8,6.5
"3241",8.94683750310896,29.661287083652,8,6.5
"3242",6.01938799955304,22.5813486720253,8,6.5
"3243",8.65384069494919,29.8234191535516,8,6.5
"3244",6.80937164554467,27.2644007281915,8,6.5
"3245",6.63494645662979,23.1489970020487,8,6.5
"3246",9.61009498309271,29.8485456168304,8,6.5
"3247",10.9105842341529,29.7723351980701,8,6.5
"3248",7.04214296203874,29.1175449390602,8,6.5
"3249",7.00007355796908,27.9144239350287,8,6.5
"3250",9.29596850440555,27.9923150426768,8,6.5
"3251",8.28934343448086,27.5004847299612,8,6.5
"3252",7.63365237641606,26.7161529856334,8,6.5
"3253",9.71647232035367,25.799442597414,8,6.5
"3254",8.90470651664672,32.3825294417326,8,6.5
"3255",9.93757364268298,26.6154166826354,8,6.5
"3256",9.23784762951743,28.7771488832704,8,6.5
"3257",7.79369355785849,27.9039720934853,8,6.5
"3258",7.77207707062687,23.9926085079172,8,6.5
"3259",6.86243978364843,27.2018413800687,8,6.5
"3260",9.20172411944253,27.4023504771318,8,6.5
"3261",8.12193615728209,24.8312665835337,8,6.5
"3262",8.07118833667992,28.7075628960225,8,6.5
"3263",7.55675922546615,22.5404187487593,8,6.5
"3264",7.71204524028806,21.9147747794806,8,6.5
"3265",7.93800639175417,27.3028046928633,8,6.5
"3266",6.79991558366438,28.5879860556071,8,6.5
"3267",9.00668947020061,29.7349339264423,8,6.5
"3268",10.2907218990723,28.8341899377386,8,6.5
"3269",9.09657353254403,24.941867594834,8,6.5
"3270",6.91514551251755,24.4729198215383,8,6.5
"3271",8.37665151963662,27.5153643616008,8,6.5
"3272",8.07115051192414,23.7867932394837,8,6.5
"3273",7.24066056461209,27.7696607798507,8,6.5
"3274",8.44082388777432,23.6955802241029,8,6.5
"3275",6.69657584027973,20.4710419793167,8,6.5
"3276",7.25209385750883,30.0487553394507,8,6.5
"3277",7.91958364713962,28.7111492765387,8,6.5
"3278",9.23469094891914,27.2494754011679,8,6.5
"3279",8.4074459988991,23.365153336332,8,6.5
"3280",9.74150182273789,29.7921155396097,8,6.5
"3281",6.68802725278882,22.4581500009584,8,6.5
"3282",7.96227375786414,30.333020573481,8,6.5
"3283",10.5758804676657,30.1010007407784,8,6.5
"3284",8.43640593049643,29.2488684326701,8,6.5
"3285",7.30894893254115,23.0098420360705,8,6.5
"3286",7.1121416469004,23.44171285556,8,6.5
"3287",7.76656585195642,28.3464266358747,8,6.5
"3288",8.85112705911086,22.0985794061313,8,6.5
"3289",5.98575105417794,29.5975177973289,8,6.5
"3290",5.91675728759209,23.2016747648816,8,6.5
"3291",8.35792372798701,26.0768857494357,8,6.5
"3292",7.41608089393212,22.3599881969622,8,6.5
"3293",9.24358936566683,25.8577172228713,8,6.5
"3294",7.85278969483486,24.1395364869054,8,6.5
"3295",9.03671418719806,26.346169745968,8,6.5
"3296",9.03013520220532,29.4161600102478,8,6.5
"3297",8.87883081925496,25.5857424943583,8,6.5
"3298",7.97906903207361,25.872646287482,8,6.5
"3299",7.59880394878691,27.7950768064997,8,6.5
"3300",7.37130751674289,26.633416543257,8,6.5
"3301",8.46369595029577,24.3285613162584,8,6.5
"3302",8.38266558265664,22.2916343557019,8,6.5
"3303",6.60791007962795,25.4002371136412,8,6.5
"3304",7.41990457333838,25.8556149230725,8,6.5
"3305",9.52109393703627,28.6386479249302,8,6.5
"3306",7.15192506831233,27.0726567349524,8,6.5
"3307",6.38293736598663,29.6034700768068,8,6.5
"3308",4.58505817521753,26.1772296986086,8,6.5
"3309",8.27534393927291,27.4031220380829,8,6.5
"3310",8.40284503410666,23.3717689248296,8,6.5
"3311",7.07464197315977,31.6873152654908,8,6.5
"3312",9.44308484774821,22.6238715132557,8,6.5
"3313",6.22928191740528,26.5054724585429,8,6.5
"3314",6.24695200517051,23.7547976275287,8,6.5
"3315",5.84214369925983,20.7134896069835,8,6.5
"3316",7.56400709662384,26.1286160275487,8,6.5
"3317",9.24606253330312,30.986360916193,8,6.5
"3318",9.17448865766996,29.862682492115,8,6.5
"3319",4.89702385764039,24.9492634040118,8,6.5
"3320",9.63129181934247,32.4366910896031,8,6.5
"3321",7.77685460444189,26.8448796666291,8,6.5
"3322",6.91008959282775,24.3741150501054,8,6.5
"3323",9.06801289053858,32.3333602584684,8,6.5
"3324",7.5116117467695,23.9278230547489,8,6.5
"3325",6.88387865292042,24.7193218433076,8,6.5
"3326",10.2810802511861,31.0177549508781,8,6.5
"3327",7.2488904497586,26.8943724754329,8,6.5
"3328",7.41485097858648,28.3085346163024,8,6.5
"3329",8.37173738025145,28.1002198396726,8,6.5
"3330",8.70692608049601,25.7510481791396,8,6.5
"3331",7.371898786525,29.1831646718004,8,6.5
"3332",7.99934431125737,25.9947209690593,8,6.5
"3333",7.32735450628223,29.3554045603574,8,6.5
"3334",7.37419821269123,29.5106942433072,8,6.5
"3335",8.43574941599807,27.8302848555922,8,6.5
"3336",8.45075393415781,27.4709485721725,8,6.5
"3337",7.52662156474846,26.3462964436975,8,6.5
"3338",7.52498994439188,25.2278587476012,8,6.5
"3339",5.76820839869084,28.6025487868878,8,6.5
"3340",7.37083989365946,22.6835510580457,8,6.5
"3341",6.4494044233405,21.8210304422876,8,6.5
"3342",8.03194326637875,30.9055126008579,8,6.5
"3343",8.47837854189784,25.4339278052246,8,6.5
"3344",7.48305221387267,25.366002100679,8,6.5
"3345",6.91857518200136,28.5995684241787,8,6.5
"3346",6.94248313491432,26.9264316527445,8,6.5
"3347",8.00810157375057,25.7988337502019,8,6.5
"3348",8.11285836305733,23.0445533421923,8,6.5
"3349",8.94106910387431,30.3091407310384,8,6.5
"3350",7.28757991670517,27.5013727729638,8,6.5
"3351",7.02599782823992,28.2484384210559,8,6.5
"3352",9.7521158419883,27.4496126510793,8,6.5
"3353",4.99263236758797,25.1796560095354,8,6.5
"3354",7.99529085545057,26.7367121951358,8,6.5
"3355",7.87350846018842,32.4580336071867,8,6.5
"3356",6.90728135627203,27.2321231246532,8,6.5
"3357",8.5271451009911,25.7635720549134,8,6.5
"3358",8.40488471903625,26.7636181318759,8,6.5
"3359",8.87612721306115,30.1128721601845,8,6.5
"3360",6.52234952898124,23.145250046017,8,6.5
"3361",8.58765777313284,30.6388559796851,8,6.5
"3362",10.8063985780673,25.4069262657321,8,6.5
"3363",8.43289033531793,27.248628202418,8,6.5
"3364",8.10026248594051,25.9622354088585,8,6.5
"3365",7.38345996445523,22.7405858481597,8,6.5
"3366",9.48145362425786,30.5626065376319,8,6.5
"3367",9.43504196252503,28.4180012085474,8,6.5
"3368",9.40322707384707,26.4944650865279,8,6.5
"3369",5.31386373636163,22.3673067472829,8,6.5
"3370",9.3151526455231,28.0498792187187,8,6.5
"3371",8.92528523413793,23.4562614467904,8,6.5
"3372",7.80291693838952,21.5584345517365,8,6.5
"3373",6.77838837938241,20.9797773598567,8,6.5
"3374",8.12093403982466,26.7952066786382,8,6.5
"3375",8.65144587803173,31.3966754885978,8,6.5
"3376",7.84015690942463,26.6664413053388,8,6.5
"3377",7.04468156276345,23.4128448909584,8,6.5
"3378",9.20995106704967,33.1396671031326,8,6.5
"3379",9.78562364435405,28.1817052624951,8,6.5
"3380",5.78100302335001,24.8844859332797,8,6.5
"3381",9.99507611727413,32.2831495131672,8,6.5
"3382",8.39499765901151,29.6348574932621,8,6.5
"3383",7.84777811546993,23.5405357596768,8,6.5
"3384",7.5089470199294,30.3219938107428,8,6.5
"3385",7.94772230272393,27.5162319183594,8,6.5
"3386",8.46941234427274,25.3556819872768,8,6.5
"3387",7.78318102703404,29.2286195518865,8,6.5
"3388",8.82094094310498,25.2611041290511,8,6.5
"3389",7.90223333290928,27.4526948092907,8,6.5
"3390",7.62140407705256,28.1758466136917,8,6.5
"3391",6.86148405189031,23.6434724422129,8,6.5
"3392",8.68041033658095,27.1852409457703,8,6.5
"3393",9.59238483588043,24.4087610315257,8,6.5
"3394",5.828460195058,26.7065466638241,8,6.5
"3395",8.28974616572496,29.6633318992225,8,6.5
"3396",7.6026848407466,21.7774356848906,8,6.5
"3397",9.51049172008677,28.1278771939096,8,6.5
"3398",6.10533618423711,27.254399159009,8,6.5
"3399",7.23452960912966,27.4918842678112,8,6.5
"3400",7.59099365824701,26.9501030300729,8,6.5
"3401",8.81961470096776,27.9383214645065,8,6.5
"3402",8.18118286628003,24.7383868057188,8,6.5
"3403",7.35387611484353,28.9923014637725,8,6.5
"3404",8.22837755433302,28.0699763974952,8,6.5
"3405",6.69082866352733,25.8080851045658,8,6.5
"3406",8.50427673432104,26.2619497335503,8,6.5
"3407",8.1301888958842,27.8852128324336,8,6.5
"3408",8.68784349609054,27.5891897183927,8,6.5
"3409",6.0800870040925,21.9765324222777,8,6.5
"3410",5.84842247031652,27.6248106786103,8,6.5
"3411",8.45770322101766,24.6543029819413,8,6.5
"3412",8.13822735310226,28.13100602292,8,6.5
"3413",8.40334683223993,26.3493428199019,8,6.5
"3414",5.66282580623226,26.410286472584,8,6.5
"3415",10.6846735141745,31.435120769119,8,6.5
"3416",6.92745801073178,25.9244473484441,8,6.5
"3417",8.61550277561643,26.5372550635361,8,6.5
"3418",8.31469894630508,25.61477475866,8,6.5
"3419",7.14391950131987,25.8391093168402,8,6.5
"3420",10.2384243997794,24.598275071675,8,6.5
"3421",9.06337701674146,29.9129098094873,8,6.5
"3422",7.72098586350891,27.352485554546,8,6.5
"3423",8.33289693042745,21.9496913805346,8,6.5
"3424",6.93810831110083,28.6619777032552,8,6.5
"3425",8.07063743539308,28.9321409482729,8,6.5
"3426",8.10735786524502,31.2851544536782,8,6.5
"3427",6.15333844041095,21.9151308476705,8,6.5
"3428",7.35024361778182,27.577765790588,8,6.5
"3429",6.95772704781953,28.1032370982472,8,6.5
"3430",9.33235349964485,29.673366101682,8,6.5
"3431",9.00764631753136,26.2654369018406,8,6.5
"3432",9.28314045199537,28.8803930892078,8,6.5
"3433",5.51335880775479,21.9500578736607,8,6.5
"3434",9.71242461608845,28.1267157852828,8,6.5
"3435",8.99011970408807,28.4972422533645,8,6.5
"3436",7.13020674543807,26.854688396992,8,6.5
"3437",7.64321139720237,29.4040932476248,8,6.5
"3438",6.16637495478436,24.0223940155056,8,6.5
"3439",8.2212332037993,21.2029215921047,8,6.5
"3440",7.94359568051115,26.3227742389745,8,6.5
"3441",7.06165774313758,28.985188481251,8,6.5
"3442",9.47966642254596,28.4633402429381,8,6.5
"3443",8.3308849328569,29.0464864944855,8,6.5
"3444",7.82183561012389,27.7217702917024,8,6.5
"3445",6.4827350422261,24.3454541538971,8,6.5
"3446",9.29290645027516,27.1842304543191,8,6.5
"3447",7.64269766336064,29.4637739047027,8,6.5
"3448",6.60759975941713,23.8390716370684,8,6.5
"3449",8.62365355628101,27.7229852496065,8,6.5
"3450",8.47630139548172,23.593540405406,8,6.5
"3451",7.99163326114599,22.7625208216914,8,6.5
"3452",5.83860444838907,33.9600524160302,8,6.5
"3453",8.40614674720898,28.269718122876,8,6.5
"3454",7.15399982998751,24.962964323479,8,6.5
"3455",7.42078871519244,23.7972322325574,8,6.5
"3456",8.6159090848171,36.2048630609287,8,6.5
"3457",6.92506439834064,29.6405261420039,8,6.5
"3458",8.8170508408499,29.4720254907754,8,6.5
"3459",8.95492040830062,27.9129152770085,8,6.5
"3460",8.17520946897971,22.4740656135867,8,6.5
"3461",6.64997269056548,32.0950591284201,8,6.5
"3462",6.96835168907753,20.8675573815924,8,6.5
"3463",9.89718366367626,28.8926651896196,8,6.5
"3464",10.5590984878228,28.4370142264389,8,6.5
"3465",8.10467060687875,22.6041003255902,8,6.5
"3466",8.03590971627273,27.4700460081145,8,6.5
"3467",9.09573419441567,29.3522932354682,8,6.5
"3468",5.69060205476333,26.0853735236365,8,6.5
"3469",7.18489293128922,28.6901645974629,8,6.5
"3470",8.6418087566395,27.0293211873821,8,6.5
"3471",9.06965228343017,29.3000024550836,8,6.5
"3472",7.80966880300594,22.7277809718667,8,6.5
"3473",7.43118903689301,23.2044668922698,8,6.5
"3474",6.42682380293045,27.2554536397012,8,6.5
"3475",9.76836099971084,29.1727753097748,8,6.5
"3476",8.68757487730251,28.2834517070691,8,6.5
"3477",6.83697552904597,29.6115848815358,8,6.5
"3478",9.02107691469094,27.4848417109996,8,6.5
"3479",9.00059955374985,27.9034761516504,8,6.5
"3480",7.06084205324456,23.5776168249469,8,6.5
"3481",7.93877815371241,27.510217521405,8,6.5
"3482",5.96012247673648,23.7790186339742,8,6.5
"3483",7.4888220270489,24.8459804438244,8,6.5
"3484",9.75189986584345,28.831202081686,8,6.5
"3485",7.27047837577509,31.1039807286774,8,6.5
"3486",10.2733654586963,26.8208599365147,8,6.5
"3487",7.34026162825904,30.7057216609767,8,6.5
"3488",7.93927651409215,28.7227864317257,8,6.5
"3489",6.76530427220733,20.4205881502209,8,6.5
"3490",6.60391648702108,29.4217550308535,8,6.5
"3491",8.55549196909974,27.9035605827485,8,6.5
"3492",8.0930893308256,26.6234836897706,8,6.5
"3493",7.87750424239228,25.4856482595847,8,6.5
"3494",9.30504821264808,28.2785272476024,8,6.5
"3495",7.85892521784694,29.3506967235802,8,6.5
"3496",6.93656661066097,27.1238857723045,8,6.5
"3497",10.2126831467969,29.2184805714417,8,6.5
"3498",8.44917369551148,28.5924095144456,8,6.5
"3499",9.63559311411416,30.6060547658263,8,6.5
"3500",7.6399472786514,20.836290371588,8,6.5
"3501",7.52902811921207,28.2305633439393,8,6.5
"3502",8.43230021131672,21.5358832694792,8,6.5
"3503",7.22768325639071,21.9272779890977,8,6.5
"3504",7.50475808865869,25.0742833729868,8,6.5
"3505",6.74195083717803,25.1628324575081,8,6.5
"3506",5.84263153131842,26.6430313945886,8,6.5
"3507",7.65958653699501,23.6664547990057,8,6.5
"3508",7.76386593623678,26.0190424348103,8,6.5
"3509",7.95249536199249,25.8875776387069,8,6.5
"3510",8.84731138069245,27.990921649878,8,6.5
"3511",7.29632680516207,30.0948092134053,8,6.5
"3512",8.01245790982263,23.9114275282689,8,6.5
"3513",7.41085024838287,26.8024216686262,8,6.5
"3514",7.67665643030312,27.0370444596028,8,6.5
"3515",8.11989475572057,30.0076620402649,8,6.5
"3516",8.25963278496695,24.4470269847541,8,6.5
"3517",8.51378313734076,27.4811734366874,8,6.5
"3518",7.47740414512354,24.3396236895751,8,6.5
"3519",10.5195073109319,28.6781287856657,8,6.5
"3520",6.12546038189166,27.1853085392961,8,6.5
"3521",7.95891035917492,22.1031223529254,8,6.5
"3522",8.62329540763517,26.2211380841446,8,6.5
"3523",6.30433736114474,26.7330616779068,8,6.5
"3524",6.72890082320212,25.2909005462944,8,6.5
"3525",7.61841306202924,27.6420175940202,8,6.5
"3526",6.53318395251635,29.2408442513207,8,6.5
"3527",6.78080972246507,26.8795887836999,8,6.5
"3528",7.71591757025054,30.1100252700652,8,6.5
"3529",9.54339227971774,27.100995167117,8,6.5
"3530",8.04165337029126,23.3075625812406,8,6.5
"3531",7.93270538579287,29.7706367688437,8,6.5
"3532",7.88445128535851,31.1797257186396,8,6.5
"3533",8.84138265141782,28.983174704273,8,6.5
"3534",8.407960260654,29.6079759321516,8,6.5
"3535",8.57241010843444,29.5332176444616,8,6.5
"3536",6.00224471641867,29.01464056561,8,6.5
"3537",7.56655719963919,28.0447968950408,8,6.5
"3538",7.82302741473243,23.4127705882979,8,6.5
"3539",6.45035378094174,30.4720027834603,8,6.5
"3540",6.88645061499335,27.3843853046038,8,6.5
"3541",9.83883341955073,34.5348066256239,8,6.5
"3542",5.6332162898648,28.1992696615375,8,6.5
"3543",9.36562394830441,31.8668013867514,8,6.5
"3544",8.35622499524069,27.3484314046409,8,6.5
"3545",7.19594558899225,25.6355894146534,8,6.5
"3546",6.59000821007575,25.1024018740934,8,6.5
"3547",7.87543872888675,28.0648462934597,8,6.5
"3548",7.12682804657063,26.0220661354862,8,6.5
"3549",6.78685191403687,28.7492361093616,8,6.5
"3550",9.57186878747994,26.4080227656619,8,6.5
"3551",8.52033295425974,29.9057526137924,8,6.5
"3552",7.54183156909355,26.2902968408249,8,6.5
"3553",6.76915603140565,29.6202827592289,8,6.5
"3554",8.5750622623413,28.859743584419,8,6.5
"3555",9.22444797004381,25.1306673084222,8,6.5
"3556",8.54664830261149,28.6903408403584,8,6.5
"3557",8.10942257538353,21.1006766372667,8,6.5
"3558",7.06070997518859,29.6664078705231,8,6.5
"3559",7.39506011184128,21.5591171050201,8,6.5
"3560",5.8173229138535,27.8356206915454,8,6.5
"3561",9.69547345941602,29.0407296402319,8,6.5
"3562",5.65305643471088,23.1296613014877,8,6.5
"3563",7.11321418459483,29.5907969740503,8,6.5
"3564",6.56671742425398,24.1279130214349,8,6.5
"3565",8.57915980276709,25.6466842252048,8,6.5
"3566",8.38056355667705,30.1184525898134,8,6.5
"3567",5.50176466573322,25.2561189768758,8,6.5
"3568",5.66744873395264,23.5100812059345,8,6.5
"3569",7.99197730225805,27.4651714875093,8,6.5
"3570",7.93004224040464,30.5241702552163,8,6.5
"3571",9.29639624658276,23.345243784429,8,6.5
"3572",7.30159280632426,25.381960421499,8,6.5
"3573",9.37948939207212,24.6469900411615,8,6.5
"3574",9.94860929453717,23.6621184664382,8,6.5
"3575",8.2851267733553,25.4397386194149,8,6.5
"3576",6.18515397579052,23.6659099917607,8,6.5
"3577",9.81953281658703,29.1849897250774,8,6.5
"3578",10.6195186031335,31.6204362084485,8,6.5
"3579",6.84939484529584,27.0010460348768,8,6.5
"3580",7.23073488454052,27.4405941745186,8,6.5
"3581",8.87392372115922,24.2504143021364,8,6.5
"3582",6.62658526701392,25.5098208200237,8,6.5
"3583",6.68547471794978,23.6193380482235,8,6.5
"3584",7.55788561225109,27.8100876267652,8,6.5
"3585",6.82834869728281,26.8736922451773,8,6.5
"3586",4.60324240690628,27.9830826463043,8,6.5
"3587",9.49888392800849,23.6282731631101,8,6.5
"3588",6.48125312173571,24.0372990317025,8,6.5
"3589",7.78847711041378,20.2427495520422,8,6.5
"3590",7.88011864097678,29.585315282017,8,6.5
"3591",6.63510697785791,25.9843497288153,8,6.5
"3592",7.11576956951434,25.058972346526,8,6.5
"3593",11.4803953136085,32.8616907755522,8,6.5
"3594",7.80290516826421,23.5617761998987,8,6.5
"3595",8.6398237517759,27.8010184349338,8,6.5
"3596",9.646504879099,22.3225233406825,8,6.5
"3597",6.45697672980843,32.2288626430006,8,6.5
"3598",9.44188218813811,25.7492951118012,8,6.5
"3599",9.62849329888095,26.8265768141984,8,6.5
"3600",11.2317143305576,32.1336868326704,8,6.5
"3601",7.06630280879596,30.279270800819,8,6.5
"3602",7.14286083982578,24.4474139651291,8,6.5
"3603",10.3390168178555,30.4045716804775,8,6.5
"3604",9.84724729736406,23.9921074375504,8,6.5
"3605",7.24180246562585,23.6245231110623,8,6.5
"3606",8.4889914864051,26.4114064510978,8,6.5
"3607",9.13838414346985,22.3120802765709,8,6.5
"3608",8.6609620860118,25.9185450283094,8,6.5
"3609",6.76108487314404,27.3547671572235,8,6.5
"3610",8.54219569289298,26.2309522592963,8,6.5
"3611",8.23388776790465,26.0881956977872,8,6.5
"3612",7.4827292447475,31.479040108696,8,6.5
"3613",9.1081228653326,29.1899985696323,8,6.5
"3614",8.45247709514149,29.0482456229808,8,6.5
"3615",6.93005466419647,27.3544017780281,8,6.5
"3616",9.11718803824807,28.7974197918979,8,6.5
"3617",9.06915711621629,29.2642892173283,8,6.5
"3618",8.47337437934509,26.9203852718679,8,6.5
"3619",8.09977522611702,27.6647514794347,8,6.5
"3620",7.20814694252644,27.2203275804742,8,6.5
"3621",7.02396941157445,27.3867259082846,8,6.5
"3622",6.43041337992493,27.9295932990434,8,6.5
"3623",8.7394456736721,31.1478952565201,8,6.5
"3624",7.68676412818875,29.6742269924395,8,6.5
"3625",8.4402846154205,24.9889209765782,8,6.5
"3626",8.53005063225602,24.4627727772265,8,6.5
"3627",6.59708356472719,22.7090462006595,8,6.5
"3628",7.0181191437938,26.9246972211534,8,6.5
"3629",9.33248794520542,26.9067335618879,8,6.5
"3630",5.87788758784102,28.0821013340052,8,6.5
"3631",5.6254076572481,29.2700309610396,8,6.5
"3632",8.13746120261929,27.3061508852873,8,6.5
"3633",8.25863034793907,25.3178025708303,8,6.5
"3634",8.86999806253148,31.759062248609,8,6.5
"3635",8.66263381728831,26.9761236487357,8,6.5
"3636",9.41057755805537,27.9100849449794,8,6.5
"3637",7.34508735338145,29.8619371902078,8,6.5
"3638",10.2531739112138,26.9855471313511,8,6.5
"3639",6.6758251685958,29.4141402743042,8,6.5
"3640",8.71486987774567,24.0286500065541,8,6.5
"3641",8.91675502626588,25.6475907026585,8,6.5
"3642",8.22158692768452,27.7635914990288,8,6.5
"3643",4.76676873694781,28.1437803295325,8,6.5
"3644",6.90895186226396,23.2417101655359,8,6.5
"3645",6.76940287204109,17.5538433748859,8,6.5
"3646",6.00708542587587,26.6199905122486,8,6.5
"3647",7.82673962440031,30.1845107759652,8,6.5
"3648",8.91604866098013,30.5459358045368,8,6.5
"3649",7.55403967258779,25.6101166134721,8,6.5
"3650",8.34698990782076,28.2049912702162,8,6.5
"3651",8.67818395859973,31.1887223810633,8,6.5
"3652",9.49693033263839,26.3915479640501,8,6.5
"3653",8.91815674447554,30.9855354834462,8,6.5
"3654",9.25375019592425,29.8667026111718,8,6.5
"3655",11.0824733966608,25.6953672244143,8,6.5
"3656",9.04234784070296,28.300976570275,8,6.5
"3657",8.06762580763105,29.7558833221761,8,6.5
"3658",9.29425942791544,26.7321165301666,8,6.5
"3659",7.25925289393128,20.6053628515257,8,6.5
"3660",8.53221353315031,24.9161826984375,8,6.5
"3661",9.23554751581784,30.6017919674532,8,6.5
"3662",7.36143144432655,31.6484019400146,8,6.5
"3663",8.21501418231678,26.6165294356973,8,6.5
"3664",7.16864194248747,23.6780150590752,8,6.5
"3665",7.618380801984,27.2225967859643,8,6.5
"3666",8.6731600311139,26.826885947429,8,6.5
"3667",6.57244050986613,23.8100873038071,8,6.5
"3668",6.75782156369823,25.1674423131048,8,6.5
"3669",7.73021030728957,29.6057115356487,8,6.5
"3670",10.1770920503955,30.3877256164913,8,6.5
"3671",7.49407078156498,27.4140685787955,8,6.5
"3672",8.30200800697128,28.5383796665163,8,6.5
"3673",8.3314064090487,31.5586761845546,8,6.5
"3674",6.45634659780504,26.1216029053177,8,6.5
"3675",8.77134375962736,24.6679425962815,8,6.5
"3676",9.20609493780291,23.7023982623651,8,6.5
"3677",8.74450567343042,27.6228556609711,8,6.5
"3678",8.00861144382234,28.6690137106287,8,6.5
"3679",9.40374736987691,25.1850150941286,8,6.5
"3680",6.8120805756641,23.8126030106034,8,6.5
"3681",9.08861397365218,29.655661178913,8,6.5
"3682",7.79540523654523,26.1305146091575,8,6.5
"3683",5.56220784223755,27.3029570645399,8,6.5
"3684",9.05715574145265,28.4180865238323,8,6.5
"3685",8.48977867072665,22.169226077345,8,6.5
"3686",8.82370384084918,25.3460037631607,8,6.5
"3687",7.48700663740004,27.9544109949955,8,6.5
"3688",7.0870001804924,26.2762438839256,8,6.5
"3689",7.02976244088394,22.1551127438469,8,6.5
"3690",8.42108627203159,25.814136426928,8,6.5
"3691",7.56895148930314,25.7936228107691,8,6.5
"3692",8.39232535418351,27.03316149125,8,6.5
"3693",9.28075946090076,27.9871242527777,8,6.5
"3694",7.56890164994353,28.075124330166,8,6.5
"3695",7.34731538450308,28.5212468698852,8,6.5
"3696",9.16836559129088,30.9457847950935,8,6.5
"3697",3.78663091536123,22.9955078301729,8,6.5
"3698",7.50670359742951,25.7679323489132,8,6.5
"3699",7.9106522189194,29.1493636559765,8,6.5
"3700",8.63653069377559,28.1460829962964,8,6.5
"3701",7.63834086909924,24.5270404911129,8,6.5
"3702",6.93201145793115,23.4586383258162,8,6.5
"3703",8.93648766227541,26.7326680210749,8,6.5
"3704",9.05156325075869,26.9460338596484,8,6.5
"3705",8.77243454069648,23.1832544587203,8,6.5
"3706",8.59340192854327,33.2094696056475,8,6.5
"3707",8.08391486356546,31.0210732040248,8,6.5
"3708",6.60639803461228,27.6437380315179,8,6.5
"3709",9.72025837471064,30.7196230254398,8,6.5
"3710",6.3690376199886,22.8548216041823,8,6.5
"3711",5.84366483684395,21.9621662893417,8,6.5
"3712",8.23788214413748,30.9994071605448,8,6.5
"3713",9.2168328584181,33.6157705536973,8,6.5
"3714",9.18769328468324,28.0706005313434,8,6.5
"3715",7.57112757503028,27.1777843118881,8,6.5
"3716",8.20841442326643,23.6798847568308,8,6.5
"3717",9.01075073685004,31.404776794966,8,6.5
"3718",7.89898866270013,23.3548337439194,8,6.5
"3719",5.63948756753887,24.1253982605533,8,6.5
"3720",9.51778429548195,28.3848848505356,8,6.5
"3721",7.57339404553651,33.1892308067534,8,6.5
"3722",6.68478564706358,29.6315615021737,8,6.5
"3723",7.43080531048509,26.1177600496804,8,6.5
"3724",9.22299726634772,23.4260835680989,8,6.5
"3725",7.01519891695814,27.5588208849521,8,6.5
"3726",7.60051300442771,26.8982564174871,8,6.5
"3727",5.91554790643315,30.743720245069,8,6.5
"3728",7.99570677232408,29.6437053319508,8,6.5
"3729",8.13307960203796,25.8801132893455,8,6.5
"3730",7.33381497922226,24.2669794740629,8,6.5
"3731",8.05797460610458,27.1645903575289,8,6.5
"3732",7.30064206729553,29.8167999619794,8,6.5
"3733",9.86294544822466,30.180508376116,8,6.5
"3734",7.68831732702644,22.704231274646,8,6.5
"3735",10.0996401918005,26.9175016587923,8,6.5
"3736",9.36353067101229,28.917555529909,8,6.5
"3737",8.33713399400214,23.9894836981919,8,6.5
"3738",6.58930338167893,24.3358123908426,8,6.5
"3739",6.61249151910621,29.3979478591674,8,6.5
"3740",8.80486698782347,27.0950959035265,8,6.5
"3741",11.9023590605502,34.6114920779738,8,6.5
"3742",7.84835308179558,24.59836638628,8,6.5
"3743",7.05845169999509,26.7579201687802,8,6.5
"3744",6.45818404434159,24.2431844834733,8,6.5
"3745",7.15682788234885,18.9819451463037,8,6.5
"3746",8.06330208398272,27.5786591073627,8,6.5
"3747",7.87373912115959,24.8809545111921,8,6.5
"3748",6.23584887876437,24.6570820251123,8,6.5
"3749",6.93275653940448,29.6758161382626,8,6.5
"3750",8.22649634325322,22.3564165321051,8,6.5
"3751",7.30425516070094,25.6590285351613,8,6.5
"3752",6.23350177556096,28.724919892313,8,6.5
"3753",8.3687440830122,25.8284139306188,8,6.5
"3754",8.97744273960092,27.5544032363659,8,6.5
"3755",6.92865571498689,23.6893821315225,8,6.5
"3756",9.60688174512322,29.3377018615876,8,6.5
"3757",6.87709458753172,28.1975768218595,8,6.5
"3758",7.30894244954431,29.2292401205979,8,6.5
"3759",8.71466216445644,27.7773344210033,8,6.5
"3760",7.38384137895619,26.0892235464017,8,6.5
"3761",8.96773212862691,27.0398928040628,8,6.5
"3762",8.67603735981405,26.512986151998,8,6.5
"3763",6.33941719577981,19.155332636406,8,6.5
"3764",9.70288039346314,28.3838096288913,8,6.5
"3765",8.55869870519676,29.2359004943607,8,6.5
"3766",8.00607674994768,23.4764673152293,8,6.5
"3767",7.6970185197655,29.4337872570592,8,6.5
"3768",8.14068401119069,24.0897472539919,8,6.5
"3769",8.78375859482502,27.4031108669039,8,6.5
"3770",10.8518455400683,33.3607041467195,8,6.5
"3771",8.68852984313748,29.0428145263547,8,6.5
"3772",7.18133608223373,29.4081636360373,8,6.5
"3773",8.24571749884832,29.5403853798422,8,6.5
"3774",7.62852099907309,22.7565129063182,8,6.5
"3775",6.61649345827621,19.9786589284373,8,6.5
"3776",6.99997444692573,29.7511409391668,8,6.5
"3777",6.36748538186577,23.7088596969754,8,6.5
"3778",8.07313782684622,25.2377437867893,8,6.5
"3779",8.55537814118487,24.233124490854,8,6.5
"3780",7.14864429429441,27.358377440503,8,6.5
"3781",8.65649066894046,30.4176142124004,8,6.5
"3782",7.68649872593761,25.5870499523025,8,6.5
"3783",6.56011511196061,18.8025250380612,8,6.5
"3784",7.2278572187842,21.24741359063,8,6.5
"3785",9.71780045873923,29.5615049166725,8,6.5
"3786",9.07878462474709,28.7244705404353,8,6.5
"3787",9.35528596359675,26.5413886665773,8,6.5
"3788",6.99453347341684,25.9130580690529,8,6.5
"3789",8.21663793459659,27.5866649834839,8,6.5
"3790",7.97185860956275,31.6341293913235,8,6.5
"3791",10.1544087280416,25.9558116698573,8,6.5
"3792",8.44899080650198,29.1183362772878,8,6.5
"3793",8.44149589178056,27.905760580273,8,6.5
"3794",7.23279126447453,27.2461471068239,8,6.5
"3795",6.74809200799071,29.7003046593802,8,6.5
"3796",7.5270861476677,23.0869442660047,8,6.5
"3797",8.44654587387318,23.488719050257,8,6.5
"3798",8.85052072210017,23.3411210524243,8,6.5
"3799",7.06742052125179,22.3481514204638,8,6.5
"3800",8.3430578666715,28.4997801618546,8,6.5
"3801",9.04070760359781,26.642135297151,8,6.5
"3802",5.97902344139335,28.066093150161,8,6.5
"3803",7.07102738132808,22.368483706095,8,6.5
"3804",9.7053866418059,27.7912363813518,8,6.5
"3805",8.82541859018522,29.4565516112711,8,6.5
"3806",7.58794334041362,31.3123820328632,8,6.5
"3807",7.13982551065828,27.8387116196522,8,6.5
"3808",7.74464180689368,24.861619753792,8,6.5
"3809",10.4197419933166,32.1649433342743,8,6.5
"3810",8.11192588660961,26.3054204701278,8,6.5
"3811",7.68230010761033,27.6267998146411,8,6.5
"3812",9.44472669412046,24.8031931268975,8,6.5
"3813",6.90379549588225,26.5157852287551,8,6.5
"3814",8.43129820427628,26.6527220286155,8,6.5
"3815",8.04494432154776,30.6534111998804,8,6.5
"3816",7.4619076419175,24.0713704745281,8,6.5
"3817",7.97573662515983,22.6439950435172,8,6.5
"3818",6.12210968851982,26.7873328566964,8,6.5
"3819",8.68222650046647,29.6643367127738,8,6.5
"3820",10.0776630361787,21.6611768424371,8,6.5
"3821",10.6192396004757,32.7643650169535,8,6.5
"3822",6.02219409445535,22.619607815569,8,6.5
"3823",7.04973488536945,27.6916592486777,8,6.5
"3824",7.67582442834367,25.5887318215632,8,6.5
"3825",8.02090898729477,26.928249441937,8,6.5
"3826",8.29834334722554,21.6570771474632,8,6.5
"3827",9.26620835412649,31.0503374265277,8,6.5
"3828",6.86796472887805,29.7541029220595,8,6.5
"3829",9.57499638385314,30.6380915150928,8,6.5
"3830",9.28356053598637,26.4561686192736,8,6.5
"3831",7.55148135916855,29.6512193184208,8,6.5
"3832",9.00736008125343,29.9008126218798,8,6.5
"3833",6.56430404933158,20.0046732654244,8,6.5
"3834",8.97090289459097,23.95085591532,8,6.5
"3835",8.19158857658289,25.2083366087237,8,6.5
"3836",6.6937722160927,25.2781308574082,8,6.5
"3837",9.32379964150876,25.6217221640601,8,6.5
"3838",9.14554825524929,29.4745768260076,8,6.5
"3839",5.41161245366089,31.0339436114315,8,6.5
"3840",7.07727637451254,23.8139165768608,8,6.5
"3841",9.02679431948779,23.9961844354868,8,6.5
"3842",8.65863316542044,26.0716835025613,8,6.5
"3843",7.77232253715348,29.3027763911422,8,6.5
"3844",9.02924556312627,27.8806513089155,8,6.5
"3845",6.93001821263089,27.5194734639685,8,6.5
"3846",8.17285469894175,24.2973825430297,8,6.5
"3847",7.30042850369274,23.9721713449185,8,6.5
"3848",6.83341704870589,28.3450620737829,8,6.5
"3849",8.2419420678201,22.330598121399,8,6.5
"3850",9.06833645081456,21.7561678488674,8,6.5
"3851",7.95916706250468,32.7404713612903,8,6.5
"3852",7.72240229217329,30.1573988590891,8,6.5
"3853",7.75095947007789,27.5343065311736,8,6.5
"3854",7.6060217226238,30.5304373225379,8,6.5
"3855",7.54649609358841,25.0467227126782,8,6.5
"3856",6.57606449158711,23.6517816387993,8,6.5
"3857",7.32771246287994,29.0026970521811,8,6.5
"3858",8.13842062211476,27.541979596769,8,6.5
"3859",8.20931014424995,29.1675196824287,8,6.5
"3860",9.58647328596566,26.055625489147,8,6.5
"3861",8.00443164159788,30.1120488231673,8,6.5
"3862",7.54108046377229,32.0249693347268,8,6.5
"3863",7.87680378082982,27.4340199920132,8,6.5
"3864",5.83826301797782,26.6734082223804,8,6.5
"3865",7.01210028612846,22.8004608239624,8,6.5
"3866",6.61128683672992,30.077448492781,8,6.5
"3867",9.10937170243504,27.7000781796885,8,6.5
"3868",8.03813904396243,23.7925304059909,8,6.5
"3869",7.61625623325842,25.063953156348,8,6.5
"3870",8.19071606109676,26.6234929726342,8,6.5
"3871",8.84840735098274,25.4798128855939,8,6.5
"3872",6.13911849502361,21.817119672064,8,6.5
"3873",8.23506177611335,26.8911681390816,8,6.5
"3874",9.4867641865251,32.0505636114507,8,6.5
"3875",7.67345695707461,26.081908293042,8,6.5
"3876",7.75558373518211,27.3239573239777,8,6.5
"3877",8.5596162290189,29.8146856763675,8,6.5
"3878",9.61966474668725,27.119433699027,8,6.5
"3879",8.3446681217525,24.7355897556224,8,6.5
"3880",6.80177322244474,26.1177067692706,8,6.5
"3881",8.00577026696327,27.454545252252,8,6.5
"3882",8.60678452476863,27.2498917282848,8,6.5
"3883",8.33790645938135,25.7705918528503,8,6.5
"3884",6.36237742792272,22.6663739067814,8,6.5
"3885",8.08983922863194,26.6544747005377,8,6.5
"3886",8.67546398316485,29.1263350272797,8,6.5
"3887",6.08064821673992,24.5706512509712,8,6.5
"3888",11.0444326110291,31.4260109298846,8,6.5
"3889",6.22112087931077,26.2093614128341,8,6.5
"3890",9.00709344122654,26.5864030247381,8,6.5
"3891",8.80962899088315,31.7730080642599,8,6.5
"3892",8.76955305830543,23.814771872534,8,6.5
"3893",9.25096301557134,28.2368816821267,8,6.5
"3894",7.4895171460839,27.4073647999583,8,6.5
"3895",7.81141572338875,28.238403416438,8,6.5
"3896",7.08568674383011,27.0085757892766,8,6.5
"3897",9.72170288053,27.3694076924842,8,6.5
"3898",6.87152931138932,24.4227399515664,8,6.5
"3899",7.01033288148285,27.9816625780597,8,6.5
"3900",6.96622967229716,26.9622274094025,8,6.5
"3901",9.00547785355995,28.5053904013402,8,6.5
"3902",8.65789688037103,26.9425986039633,8,6.5
"3903",8.76749086162366,29.6103796467995,8,6.5
"3904",6.37474980891573,24.7036976063074,8,6.5
"3905",5.99600337157803,24.6297160291231,8,6.5
"3906",7.87016450610174,29.7194997547716,8,6.5
"3907",10.3861652881613,29.1530029980614,8,6.5
"3908",5.88155133775064,29.7020582836849,8,6.5
"3909",8.22480337441307,29.3944005999753,8,6.5
"3910",7.40764329248958,25.7671863349825,8,6.5
"3911",8.78763739546011,28.9562865299655,8,6.5
"3912",9.58182862109024,26.0098439014786,8,6.5
"3913",7.96771968447478,29.0905883342418,8,6.5
"3914",9.08579001179401,26.9128280308757,8,6.5
"3915",7.65758356837508,32.2940627192402,8,6.5
"3916",7.15807222901731,28.8071107569485,8,6.5
"3917",8.85431947160325,31.3321847104441,8,6.5
"3918",10.0703186559847,31.6063139863924,8,6.5
"3919",7.26637651440369,26.8505679521615,8,6.5
"3920",5.82131925788296,26.7292292426352,8,6.5
"3921",8.94465725405542,30.8595338095353,8,6.5
"3922",9.03760619183923,27.6665618172853,8,6.5
"3923",8.21404737669697,22.4517956605507,8,6.5
"3924",7.0792196199221,26.8225256253117,8,6.5
"3925",7.2255754957756,29.7823483243664,8,6.5
"3926",7.87837049189099,27.0156982741121,8,6.5
"3927",9.13117788825628,32.763908806252,8,6.5
"3928",7.88973246671812,22.7134725795326,8,6.5
"3929",6.69164411988164,21.7308448298515,8,6.5
"3930",8.0435159773993,26.0726892530834,8,6.5
"3931",7.07659338415879,24.1153218418703,8,6.5
"3932",7.69860602285182,26.9950208955086,8,6.5
"3933",6.94632268393928,26.3252825682302,8,6.5
"3934",7.00141759784157,21.9389466817176,8,6.5
"3935",8.23775255578685,29.4720120693771,8,6.5
"3936",4.03765302851043,21.369708928655,8,6.5
"3937",8.05638948482578,28.2940130904608,8,6.5
"3938",9.87271223823409,31.6182500097027,8,6.5
"3939",8.25836861904646,23.708018226357,8,6.5
"3940",6.44424773485712,27.2821861003869,8,6.5
"3941",7.62228520192783,28.6406468176468,8,6.5
"3942",8.60687704636102,24.0617437446285,8,6.5
"3943",7.91498814391179,29.3391684982112,8,6.5
"3944",7.59190314169996,23.7401994027211,8,6.5
"3945",7.15779942508726,28.2382165824654,8,6.5
"3946",6.74681089329544,25.5428773249302,8,6.5
"3947",5.62218748987312,23.8121694131085,8,6.5
"3948",8.70303855024062,24.7956880012097,8,6.5
"3949",7.24939786466727,24.9007954045176,8,6.5
"3950",8.03041384771458,26.6379293877341,8,6.5
"3951",6.69133150977036,24.8828349534154,8,6.5
"3952",8.80951399627112,26.0459874249365,8,6.5
"3953",7.66909095954367,26.4990513846723,8,6.5
"3954",7.4951212911475,21.8388523527963,8,6.5
"3955",9.44406105263491,31.1295675133542,8,6.5
"3956",8.73235827249588,29.8841641679524,8,6.5
"3957",5.27677544305731,25.1509786832663,8,6.5
"3958",7.53645150489199,28.6260331069279,8,6.5
"3959",5.9013166626595,26.3943724250315,8,6.5
"3960",7.50162159966625,22.693180318075,8,6.5
"3961",8.7349336632503,25.4428217222033,8,6.5
"3962",8.56082841246392,24.1990338628094,8,6.5
"3963",10.3448849832607,28.35598750253,8,6.5
"3964",10.3201740849166,28.1721117645683,8,6.5
"3965",11.0480840354762,30.8165824114446,8,6.5
"3966",7.20367784381245,29.4503054520865,8,6.5
"3967",5.97508322198881,24.5121228968765,8,6.5
"3968",8.48425755477669,29.6579780748324,8,6.5
"3969",9.74869691319198,22.8012227743889,8,6.5
"3970",7.92040542314346,28.3281564201464,8,6.5
"3971",8.45765636432139,27.1408517270767,8,6.5
"3972",7.66251016961834,26.8942867169826,8,6.5
"3973",10.6895865932286,24.3555112400476,8,6.5
"3974",8.4792968403007,31.3114623956456,8,6.5
"3975",8.6138032547464,30.2050249456572,8,6.5
"3976",9.54795879309972,24.4737925581057,8,6.5
"3977",6.58308666958996,26.6654035520661,8,6.5
"3978",9.60796033914364,23.8462182831659,8,6.5
"3979",8.23582557418036,25.1400920283657,8,6.5
"3980",8.27686993460281,29.4618773975613,8,6.5
"3981",7.37595855010961,21.3250672287508,8,6.5
"3982",8.58111965943516,31.2471874309669,8,6.5
"3983",9.42198886387448,24.2350784726327,8,6.5
"3984",8.31653142094782,25.0853153731227,8,6.5
"3985",8.33025097691494,24.9623188122269,8,6.5
"3986",8.69764997842431,27.6916271554557,8,6.5
"3987",7.12886633413307,23.5282358668871,8,6.5
"3988",9.58436717805714,28.9381645144268,8,6.5
"3989",9.5931212737882,30.5134599617642,8,6.5
"3990",7.4012781287945,24.7202870674413,8,6.5
"3991",7.89048445406042,24.0131689998059,8,6.5
"3992",7.33170866936106,24.9517883236292,8,6.5
"3993",5.15217766776979,25.7777326043622,8,6.5
"3994",7.63206102893585,30.580624171981,8,6.5
"3995",8.12221591912705,26.3042408629895,8,6.5
"3996",6.50813346131099,21.5985367158505,8,6.5
"3997",8.28788237890102,30.1038918407093,8,6.5
"3998",5.58783943481597,21.83555429163,8,6.5
"3999",7.22381751804834,23.5683247659535,8,6.5
"4000",8.19202204192997,28.2018106323341,8,6.5
