"X1","X2","component","subcomponent"
"3001",22.7556461926006,26.1870142883226,4,4.5
"3002",20.0639391750945,23.5581897063423,4,4.5
"3003",20.5321697358261,22.7576119473275,4,4.5
"3004",20.0564938387948,23.2597298565134,4,4.5
"3005",19.6507758427523,23.4654141310561,4,4.5
"3006",19.1167110335721,28.3773911759242,4,4.5
"3007",21.6090155123826,31.075777151651,4,4.5
"3008",17.520621316606,25.6545724282972,4,4.5
"3009",19.771030657276,23.7678637329697,4,4.5
"3010",19.5549123757793,27.3637145731016,4,4.5
"3011",21.3449629816362,23.2391226247066,4,4.5
"3012",20.5990170707849,25.3195316425341,4,4.5
"3013",19.7033888571417,24.4525795110947,4,4.5
"3014",19.633672111369,28.3332427024121,4,4.5
"3015",19.8749921949238,26.5739643782248,4,4.5
"3016",20.2990130007086,27.7108923164667,4,4.5
"3017",20.4498078749427,26.6332147596948,4,4.5
"3018",21.5104823409349,22.3332837627449,4,4.5
"3019",21.9960682422,23.9799791420965,4,4.5
"3020",20.526545604374,24.5350338752229,4,4.5
"3021",21.1668993745447,27.6619851466562,4,4.5
"3022",21.2098703972822,25.0424019477683,4,4.5
"3023",21.3962430826836,23.4354984989222,4,4.5
"3024",21.9832209380407,21.7091621093955,4,4.5
"3025",21.9678850602834,24.3701583280558,4,4.5
"3026",20.8915096939063,24.3182071895716,4,4.5
"3027",19.306355495558,22.6313855928648,4,4.5
"3028",22.1273201622206,21.8607867547968,4,4.5
"3029",21.2638313062506,27.4505604356449,4,4.5
"3030",21.9559132399288,22.1441513439652,4,4.5
"3031",20.5478772267409,28.2460341571697,4,4.5
"3032",21.2409557547777,24.592966842563,4,4.5
"3033",20.9630805619845,25.551367570694,4,4.5
"3034",20.3819753496639,21.6689522266812,4,4.5
"3035",22.2679114529819,26.7823537065334,4,4.5
"3036",20.2700995829573,27.0209472822525,4,4.5
"3037",18.8531402182323,26.5189730858367,4,4.5
"3038",18.8161558637784,23.3522001486254,4,4.5
"3039",19.7425796754165,25.5611081734827,4,4.5
"3040",21.4030205380252,28.4571449304349,4,4.5
"3041",21.1320618156976,26.0632043604186,4,4.5
"3042",19.6951813298308,26.2685894063831,4,4.5
"3043",21.5641550749715,25.0734890210809,4,4.5
"3044",19.2251371338026,26.1211046228309,4,4.5
"3045",20.9475598166986,28.7366127959115,4,4.5
"3046",19.8053777440644,24.0064564391297,4,4.5
"3047",21.4071243254396,25.1710174732278,4,4.5
"3048",21.355795605431,26.0053859542234,4,4.5
"3049",21.6273204883936,30.805858549917,4,4.5
"3050",20.0722331045671,24.4591683977882,4,4.5
"3051",20.398374044626,26.485918023965,4,4.5
"3052",22.078394785645,27.0684932002527,4,4.5
"3053",19.3487201809002,23.5932110733257,4,4.5
"3054",22.3141315953882,23.9234757546125,4,4.5
"3055",20.0318005843219,29.573382005815,4,4.5
"3056",19.406851704571,26.3897622601876,4,4.5
"3057",23.1464013603172,18.3025936837176,4,4.5
"3058",21.4041264403095,23.1584093423716,4,4.5
"3059",22.0809071724338,26.1729223559956,4,4.5
"3060",20.8956547199831,24.2520862193623,4,4.5
"3061",20.5239701724842,26.7160479010929,4,4.5
"3062",21.6224629462302,23.3612223985677,4,4.5
"3063",19.4770363659422,24.26833907575,4,4.5
"3064",20.6363591894509,26.0586017058908,4,4.5
"3065",20.3772476409755,27.6010858349849,4,4.5
"3066",20.0280698266135,26.9799014090461,4,4.5
"3067",20.5743080151866,24.39765413567,4,4.5
"3068",18.8735868797436,24.189082966888,4,4.5
"3069",21.9393527885951,26.8136161780306,4,4.5
"3070",21.3296924227337,31.9998378300291,4,4.5
"3071",20.5599761165639,26.2737139922676,4,4.5
"3072",20.1629013726909,25.5120202508014,4,4.5
"3073",19.8363862660775,26.7300555479457,4,4.5
"3074",21.4394736699558,23.4115991480863,4,4.5
"3075",20.5343048716813,32.1580299937187,4,4.5
"3076",23.9062821105326,27.816565273218,4,4.5
"3077",18.8176960563952,29.2251220110103,4,4.5
"3078",20.7153782515837,23.3027297182283,4,4.5
"3079",21.2624617007396,22.052560540482,4,4.5
"3080",20.7030523601539,27.5573299064012,4,4.5
"3081",20.8577339175097,25.5196361454668,4,4.5
"3082",21.0404677797709,27.3933405960809,4,4.5
"3083",21.2153332840138,27.6542438264551,4,4.5
"3084",20.1851365884027,31.0452631960809,4,4.5
"3085",20.1922877192623,23.7970314010227,4,4.5
"3086",20.431541857598,25.7325902025065,4,4.5
"3087",20.7670821545774,19.3738772919213,4,4.5
"3088",19.6354484593153,26.6036200177989,4,4.5
"3089",20.9571044535159,24.8098858284848,4,4.5
"3090",20.104704008675,25.6239857901528,4,4.5
"3091",20.558805326964,27.8035172284012,4,4.5
"3092",20.8576443182752,25.4092990820344,4,4.5
"3093",21.9105724947849,28.9144781679474,4,4.5
"3094",20.7826421098103,24.7117959735521,4,4.5
"3095",21.9433813953148,21.5062177414513,4,4.5
"3096",20.8694748831764,28.8884569283543,4,4.5
"3097",18.6489942320902,27.2532987858721,4,4.5
"3098",19.912375061406,28.0462452863255,4,4.5
"3099",20.9977968122847,21.0294563851148,4,4.5
"3100",23.2147461309201,27.7688146360627,4,4.5
"3101",19.2159304733488,27.268963984115,4,4.5
"3102",20.714199423066,25.0500266318081,4,4.5
"3103",19.6617703852052,28.2024446493673,4,4.5
"3104",19.1623181698561,28.3998357791549,4,4.5
"3105",21.0235243516452,30.5347456641304,4,4.5
"3106",21.8389182401001,20.6042326969338,4,4.5
"3107",22.7790344335175,24.3768447320026,4,4.5
"3108",18.2487730263803,25.0282193065709,4,4.5
"3109",18.8184934895693,26.7318251719923,4,4.5
"3110",18.6869093418269,30.0742824736913,4,4.5
"3111",19.5103189567912,29.3807233837791,4,4.5
"3112",20.6499976106449,26.6109057794382,4,4.5
"3113",21.9211613496369,20.3157817238125,4,4.5
"3114",21.1528998823042,27.6836231364423,4,4.5
"3115",20.3034474318946,29.7946869844411,4,4.5
"3116",22.8542345677828,29.2068994051644,4,4.5
"3117",21.7167131330513,26.3479907094068,4,4.5
"3118",21.3284368163619,28.9975307490802,4,4.5
"3119",19.731366812857,28.9474145503922,4,4.5
"3120",19.973103364055,25.9855143184566,4,4.5
"3121",21.7442550608206,24.4934405476735,4,4.5
"3122",21.6106755369682,27.6547609599678,4,4.5
"3123",19.5146261071228,22.6907792067055,4,4.5
"3124",19.5355484441842,27.5727112566326,4,4.5
"3125",21.8444698760165,29.4083399253653,4,4.5
"3126",19.623843636188,28.265994975482,4,4.5
"3127",22.1421797496788,23.9679156070106,4,4.5
"3128",21.0590857001913,30.1836870571721,4,4.5
"3129",20.3217258686756,26.0211816347141,4,4.5
"3130",19.7778800320191,22.8371324088183,4,4.5
"3131",21.7311830983809,29.6903478224009,4,4.5
"3132",21.8741738230881,24.9801933513655,4,4.5
"3133",20.523512660972,25.4233997873629,4,4.5
"3134",17.3762051120762,26.3704248368411,4,4.5
"3135",20.6243584394677,27.9598913659222,4,4.5
"3136",18.4685427460364,30.1503183030668,4,4.5
"3137",20.1157035867043,23.7136808988464,4,4.5
"3138",21.2882395967429,16.0991373355211,4,4.5
"3139",19.8668715535502,25.8581811732679,4,4.5
"3140",21.3570236312757,30.7762112764662,4,4.5
"3141",22.8022601839848,17.6251197835021,4,4.5
"3142",20.1280179940069,27.4399171083119,4,4.5
"3143",19.6850560638539,25.0845470340426,4,4.5
"3144",21.2421244293486,26.4179261632496,4,4.5
"3145",20.7721750928508,20.229088549368,4,4.5
"3146",20.3918756742412,27.806092665828,4,4.5
"3147",19.6679201658437,25.5214323415043,4,4.5
"3148",20.1996653363581,25.0654231689118,4,4.5
"3149",19.2740727757463,29.1761182347455,4,4.5
"3150",19.3259993454841,22.8568681968258,4,4.5
"3151",18.4995141807995,23.4735888047325,4,4.5
"3152",19.4467667421288,27.9400239288114,4,4.5
"3153",20.9583468653108,27.67635716425,4,4.5
"3154",20.1796677108281,23.333206237218,4,4.5
"3155",20.0179092007409,24.236479998187,4,4.5
"3156",20.5096974326894,26.502950696561,4,4.5
"3157",21.0228367892353,21.4230592806658,4,4.5
"3158",21.2539373218922,21.131603740624,4,4.5
"3159",20.1315980920698,28.3065026131834,4,4.5
"3160",19.9093141549932,26.2315566101683,4,4.5
"3161",18.7304750064173,25.3887172198231,4,4.5
"3162",20.1708331482431,23.0358272658402,4,4.5
"3163",20.5784727375088,29.5083539386504,4,4.5
"3164",20.875744542065,30.676325631538,4,4.5
"3165",19.7838551043374,30.3983990048488,4,4.5
"3166",18.9615204583574,26.095513525706,4,4.5
"3167",19.5621313168359,24.572761273423,4,4.5
"3168",21.4219905944618,30.3736571334737,4,4.5
"3169",18.5277544732566,25.4256029384277,4,4.5
"3170",21.1928023621976,25.4053763269591,4,4.5
"3171",21.3464129642299,26.0509952950146,4,4.5
"3172",21.4168701736322,23.2184116195009,4,4.5
"3173",21.2242043686812,22.8713825755,4,4.5
"3174",20.4823696101539,23.5128390641359,4,4.5
"3175",20.4406556465479,30.7316405965785,4,4.5
"3176",20.3312730750153,26.9369183972437,4,4.5
"3177",20.7357008672238,24.7509004072051,4,4.5
"3178",19.1182265986226,24.4563383126264,4,4.5
"3179",19.4745649443821,26.8132709299956,4,4.5
"3180",21.029800198739,23.2044243414567,4,4.5
"3181",24.2994759851494,28.176117129151,4,4.5
"3182",19.9113364338542,27.2895975178948,4,4.5
"3183",20.5180863838279,25.7835895164264,4,4.5
"3184",20.8180689913956,29.1436261100889,4,4.5
"3185",19.6877950102147,23.3852006180525,4,4.5
"3186",20.5428726222116,27.0252393380741,4,4.5
"3187",20.0698560543965,28.657774972388,4,4.5
"3188",18.8428243336962,22.63520342338,4,4.5
"3189",21.1072961446129,23.8478708029807,4,4.5
"3190",20.1809461979461,21.359448462716,4,4.5
"3191",21.1999600061707,29.0738792917311,4,4.5
"3192",20.830307343352,23.004462773183,4,4.5
"3193",17.7759494552697,26.6812719341249,4,4.5
"3194",22.463729858827,26.7317430590356,4,4.5
"3195",20.4684228471145,25.6680096095978,4,4.5
"3196",20.1975585051369,26.0043914406919,4,4.5
"3197",19.5619886176718,26.7831741980402,4,4.5
"3198",21.9168461931228,21.822834508147,4,4.5
"3199",21.2330445044392,29.1591706057903,4,4.5
"3200",20.6433853338019,29.8441411948269,4,4.5
"3201",20.4716813214123,24.6585132541377,4,4.5
"3202",19.3642051160732,24.9512467925548,4,4.5
"3203",19.7209218032139,29.3984046766279,4,4.5
"3204",20.0463297635863,22.8752377691035,4,4.5
"3205",21.6095782292027,27.0810149863792,4,4.5
"3206",19.9669498993992,19.23471590616,4,4.5
"3207",20.3656732270897,26.25743276222,4,4.5
"3208",22.6420644267696,23.0556601392091,4,4.5
"3209",21.8544796481097,27.8245814852986,4,4.5
"3210",21.5883568647702,21.277967453855,4,4.5
"3211",20.0151081705071,29.621637137341,4,4.5
"3212",19.5052653449127,29.8287481167245,4,4.5
"3213",20.9788867266417,29.4941568008585,4,4.5
"3214",21.1583629203562,26.3450646158603,4,4.5
"3215",20.9066130661362,25.3259246257297,4,4.5
"3216",21.3102038354421,23.0002967212291,4,4.5
"3217",19.531507556972,27.1531437155002,4,4.5
"3218",21.7443805144006,25.1893275298371,4,4.5
"3219",20.5898728964168,20.5831346239605,4,4.5
"3220",22.425876855498,22.0405462680347,4,4.5
"3221",21.1152248685193,28.7399517546681,4,4.5
"3222",19.3591777629324,27.0853430937652,4,4.5
"3223",21.6667496172873,27.0604708094985,4,4.5
"3224",19.0386069010351,25.7834292868093,4,4.5
"3225",22.4972709389944,24.044823201619,4,4.5
"3226",19.8945786633428,27.8403761704106,4,4.5
"3227",18.7229881417211,26.984785813664,4,4.5
"3228",19.5042091440327,19.8329471297786,4,4.5
"3229",20.4222450995631,29.2498283810809,4,4.5
"3230",20.5950846282299,26.4892877598916,4,4.5
"3231",20.6779293654111,24.8283811945231,4,4.5
"3232",20.7442420215169,26.1639205310466,4,4.5
"3233",18.6249541657417,25.2231005339614,4,4.5
"3234",19.4070184649608,19.1822320437293,4,4.5
"3235",20.8095553268771,29.6246346768036,4,4.5
"3236",20.6819641234461,28.0938810570339,4,4.5
"3237",21.4912999706927,26.9892722225305,4,4.5
"3238",20.020782032964,22.5036184396083,4,4.5
"3239",22.3035855042578,27.4332839225404,4,4.5
"3240",21.007879452254,26.0767054183287,4,4.5
"3241",18.9099189600963,25.4312364074112,4,4.5
"3242",22.3477747583263,26.199092864989,4,4.5
"3243",19.964944577442,29.098177445101,4,4.5
"3244",18.6838782912429,27.5030307136307,4,4.5
"3245",20.4765163630885,26.5430004270893,4,4.5
"3246",20.625924984471,18.3214707860588,4,4.5
"3247",19.7467409608974,25.40211944057,4,4.5
"3248",20.5057004406676,28.1536027336695,4,4.5
"3249",20.7941899931882,21.275236162446,4,4.5
"3250",22.0253829004477,20.8519630028516,4,4.5
"3251",22.0619786611267,25.0495255035107,4,4.5
"3252",21.1022860904265,27.9209784283021,4,4.5
"3253",21.2088167409911,26.9441320673061,4,4.5
"3254",20.6595346919111,23.1083992285913,4,4.5
"3255",20.0730636025857,32.0567217161729,4,4.5
"3256",18.9586801910511,27.7284667551569,4,4.5
"3257",20.4503970063081,28.0453979777963,4,4.5
"3258",22.0392231340901,24.7907560824823,4,4.5
"3259",19.5895260579391,25.6566590027071,4,4.5
"3260",22.4334780648539,21.6973409620506,4,4.5
"3261",21.2140170267374,24.7978127742015,4,4.5
"3262",18.0864877192013,25.0493913141202,4,4.5
"3263",19.5981120280642,28.42795619495,4,4.5
"3264",20.9393569183654,25.9125020240097,4,4.5
"3265",20.0968575420597,25.414075833761,4,4.5
"3266",20.6994399087791,24.3630839752415,4,4.5
"3267",18.9238489748243,24.8677623698935,4,4.5
"3268",20.7351534117173,24.4391851996221,4,4.5
"3269",21.4523660554273,24.1481962018183,4,4.5
"3270",20.5844741651148,23.3848314217211,4,4.5
"3271",21.0543631500735,22.2167275811627,4,4.5
"3272",19.9576894989362,25.1017871362726,4,4.5
"3273",19.9957365119679,27.7353851873507,4,4.5
"3274",20.001187200278,26.1029719480759,4,4.5
"3275",22.1030457168758,27.4577263555437,4,4.5
"3276",20.1487261067205,24.0285003617932,4,4.5
"3277",20.389525121501,23.4030750305044,4,4.5
"3278",20.7234876327292,25.1382977091156,4,4.5
"3279",20.4575573536261,24.6469997845167,4,4.5
"3280",19.8226980433094,26.7453547737608,4,4.5
"3281",17.2295064013267,28.1221654276433,4,4.5
"3282",19.334255494039,23.4281579726431,4,4.5
"3283",19.8574238002009,28.8320257865645,4,4.5
"3284",22.892183737757,22.0968652478997,4,4.5
"3285",19.5185151667648,19.1592089720991,4,4.5
"3286",21.8282228788794,26.4065603151932,4,4.5
"3287",23.1455524896567,29.4222108474728,4,4.5
"3288",19.8702773205247,26.1271965237707,4,4.5
"3289",19.5186034622092,22.5885659316651,4,4.5
"3290",21.6071070347249,26.8228574435452,4,4.5
"3291",21.0576510834235,28.8586133738032,4,4.5
"3292",20.4714541554188,27.9154067619838,4,4.5
"3293",21.8307690310611,23.8581127668573,4,4.5
"3294",20.2209299794154,29.8849500259367,4,4.5
"3295",18.4632071736278,27.7912705218309,4,4.5
"3296",19.9997950728664,27.3474761353046,4,4.5
"3297",22.0017321439248,25.9005273157485,4,4.5
"3298",19.7808985169511,30.2853054553829,4,4.5
"3299",19.5311490725478,27.893973809273,4,4.5
"3300",20.145075466156,20.522441770696,4,4.5
"3301",19.2031145671929,30.05065379348,4,4.5
"3302",22.6576554665173,24.2038634560758,4,4.5
"3303",20.9002774702073,22.9148398565369,4,4.5
"3304",17.6954472837621,25.0468613312106,4,4.5
"3305",21.3908969848678,22.0540683976285,4,4.5
"3306",20.9320164339682,22.7737180285531,4,4.5
"3307",20.1493410596017,26.5189357595666,4,4.5
"3308",22.0971488322527,25.7330525012195,4,4.5
"3309",17.0997736061426,27.5487668670333,4,4.5
"3310",21.9150728812234,23.2762783789271,4,4.5
"3311",20.3870602841676,25.684370538466,4,4.5
"3312",19.0586639359262,27.1917982838499,4,4.5
"3313",18.3984086852705,30.2456976361727,4,4.5
"3314",21.010985394964,26.1867097644174,4,4.5
"3315",20.8774726615949,26.5730054848453,4,4.5
"3316",22.4079030358313,26.6119144233133,4,4.5
"3317",20.6925395368842,23.9091307508813,4,4.5
"3318",20.2337957377427,21.8106540526003,4,4.5
"3319",21.7691341810645,24.0411016797496,4,4.5
"3320",20.7805455284477,30.9880812324542,4,4.5
"3321",21.9557866447728,24.4364154543004,4,4.5
"3322",20.9996213602185,19.0501548075851,4,4.5
"3323",21.5769078109359,24.0828022940254,4,4.5
"3324",20.7344118576718,30.1317299898256,4,4.5
"3325",19.1504456428949,28.1943942651058,4,4.5
"3326",21.3994565068287,23.6914013553552,4,4.5
"3327",20.3867172791251,25.8935760181468,4,4.5
"3328",21.3815679735748,28.0682466207397,4,4.5
"3329",21.6241339261558,28.0766427716966,4,4.5
"3330",20.5446333749524,25.7911803998747,4,4.5
"3331",20.7139549210715,29.2812486938397,4,4.5
"3332",19.8402530708502,20.4472884710715,4,4.5
"3333",21.010229896218,21.0498423715925,4,4.5
"3334",19.7888336595408,28.9288203142119,4,4.5
"3335",22.987613349116,29.002911486545,4,4.5
"3336",19.8225848475343,28.5182793617683,4,4.5
"3337",18.1252848326569,27.5645127426817,4,4.5
"3338",20.1483830508784,26.8550152080319,4,4.5
"3339",21.5283324683674,25.7012126475171,4,4.5
"3340",19.7209875788908,25.5830495146122,4,4.5
"3341",21.613827233323,27.9424211056654,4,4.5
"3342",19.5465541010987,22.5389439959697,4,4.5
"3343",19.9882604216855,28.2186027128448,4,4.5
"3344",19.9874737197795,24.6940491392975,4,4.5
"3345",22.1216334003695,27.0947559316442,4,4.5
"3346",20.0590123102117,25.2042278769211,4,4.5
"3347",21.9108108097322,24.979444161142,4,4.5
"3348",21.9575248514625,23.699304224989,4,4.5
"3349",20.453879151958,23.117231766843,4,4.5
"3350",21.6632353250518,21.7143955623208,4,4.5
"3351",21.4245657153044,24.9469778437321,4,4.5
"3352",20.5137032992625,23.8138930936516,4,4.5
"3353",21.0161073146743,25.0789470564965,4,4.5
"3354",19.6215528632688,25.5019246036544,4,4.5
"3355",20.4241445754773,28.9155159649353,4,4.5
"3356",18.8531293557922,23.2590328569272,4,4.5
"3357",18.9771790456805,27.5335056652482,4,4.5
"3358",22.5649142996217,27.0962149521396,4,4.5
"3359",20.8171823741909,26.6209500501482,4,4.5
"3360",21.8786417802672,24.6456941153085,4,4.5
"3361",20.2987223782759,27.2117787041046,4,4.5
"3362",21.6832904674879,24.3273327614883,4,4.5
"3363",22.1038113777432,26.8038526571099,4,4.5
"3364",17.9104420845344,23.8736989602907,4,4.5
"3365",20.7535126868518,22.858722008807,4,4.5
"3366",18.029025220109,22.1699452141523,4,4.5
"3367",21.3999515128956,21.9886391625716,4,4.5
"3368",21.1532420271726,26.7545990778214,4,4.5
"3369",21.4734224718817,22.9027501337208,4,4.5
"3370",22.1928885996195,27.6646809038053,4,4.5
"3371",20.3892659261263,27.9279198875059,4,4.5
"3372",20.1926498915967,24.6404829323776,4,4.5
"3373",20.6750873605684,23.7952961819162,4,4.5
"3374",18.7896825763157,30.5544735533424,4,4.5
"3375",21.0310430724413,22.5551830992418,4,4.5
"3376",21.1576592538929,23.0994185707198,4,4.5
"3377",22.2966920780012,23.8477758528843,4,4.5
"3378",22.8353240254305,20.8640375609149,4,4.5
"3379",19.6483018322455,23.8594097251571,4,4.5
"3380",19.9599661306757,20.1158064283391,4,4.5
"3381",21.2003191724228,22.2897721176945,4,4.5
"3382",20.8153939821961,23.0750386281312,4,4.5
"3383",20.6915116331479,23.9727850426514,4,4.5
"3384",20.8140768484748,20.2066922791853,4,4.5
"3385",18.452167761434,26.4434279107812,4,4.5
"3386",20.3821595470591,24.8050426313624,4,4.5
"3387",22.1649901930492,22.4801606795269,4,4.5
"3388",20.8822645858236,23.026120037447,4,4.5
"3389",19.5260548104924,17.3403546269105,4,4.5
"3390",19.5108460603044,25.776325677289,4,4.5
"3391",23.6876800473117,23.4596029192007,4,4.5
"3392",21.404790105923,24.9467806560349,4,4.5
"3393",20.6910964069701,22.5352936911875,4,4.5
"3394",21.7591337215807,23.7433361069773,4,4.5
"3395",20.4658402927893,21.0062100397198,4,4.5
"3396",22.0177118083241,25.7386178362532,4,4.5
"3397",19.6977301235581,23.3086711331263,4,4.5
"3398",20.0997486212947,27.6705229614991,4,4.5
"3399",20.3901164920315,27.7024937500643,4,4.5
"3400",20.6843470881271,23.248984400136,4,4.5
"3401",22.2096314740064,26.3615049875684,4,4.5
"3402",20.282401387362,26.4020577326399,4,4.5
"3403",20.4751256073742,23.5369706409626,4,4.5
"3404",20.8575184792683,26.7558521680415,4,4.5
"3405",22.245328166368,21.2699708090549,4,4.5
"3406",21.7157089771271,22.0126504021528,4,4.5
"3407",21.9434887238621,29.6501377533788,4,4.5
"3408",21.0026727421754,27.2918097350207,4,4.5
"3409",19.5473517029468,22.2988254869802,4,4.5
"3410",19.5251169111177,29.0523156157517,4,4.5
"3411",19.1422581340755,28.1498365427916,4,4.5
"3412",19.9783075109712,26.2938334650443,4,4.5
"3413",21.8231453860603,27.7973988838033,4,4.5
"3414",20.9508630676404,23.781323408008,4,4.5
"3415",20.1990709649222,24.7313229594529,4,4.5
"3416",19.5668613889198,25.4276053407332,4,4.5
"3417",22.0178951527257,24.7703502954546,4,4.5
"3418",21.6641526394876,20.7602803437986,4,4.5
"3419",20.6138737703596,27.2189525271741,4,4.5
"3420",19.4465887638364,24.1296708091595,4,4.5
"3421",21.1666989048215,21.8910314571112,4,4.5
"3422",22.3886584820028,23.7611597985722,4,4.5
"3423",19.9008064348999,26.3200657048984,4,4.5
"3424",20.8230269507063,21.4508728743973,4,4.5
"3425",20.1043656505034,25.5838663529389,4,4.5
"3426",18.427838593118,34.398450982087,4,4.5
"3427",20.8073738830164,22.9586519305334,4,4.5
"3428",21.329063627935,26.1695937561302,4,4.5
"3429",21.6183305398978,28.8360104449419,4,4.5
"3430",20.1831029904597,24.7609125642928,4,4.5
"3431",21.702851169681,23.1250057987035,4,4.5
"3432",20.8338946166918,21.8388764221294,4,4.5
"3433",19.9264509587137,26.0545970894686,4,4.5
"3434",20.0260289432477,23.8110748162055,4,4.5
"3435",19.0452460305379,25.6547761920889,4,4.5
"3436",20.510380046058,27.2441631832281,4,4.5
"3437",19.8529667343902,27.4312097195319,4,4.5
"3438",19.6341752875608,20.8266098546576,4,4.5
"3439",21.4591371975998,28.8771239583402,4,4.5
"3440",21.7930089301739,23.8926916708742,4,4.5
"3441",18.820003032401,30.277194032142,4,4.5
"3442",19.5026255323549,27.2929963597463,4,4.5
"3443",19.6910358023069,25.0544241561382,4,4.5
"3444",20.5984892090499,22.2410209114432,4,4.5
"3445",20.1378100582016,31.2078176427419,4,4.5
"3446",19.3240741958934,28.2076302653576,4,4.5
"3447",21.4368027761834,29.4176217727632,4,4.5
"3448",19.2450978924183,24.361396260003,4,4.5
"3449",16.4963466143957,23.6135782233828,4,4.5
"3450",21.0159588211423,21.2596804902116,4,4.5
"3451",19.9113952882028,27.032924206306,4,4.5
"3452",19.9711742100812,23.4860411839854,4,4.5
"3453",23.3824028196307,21.8218779498937,4,4.5
"3454",18.9140592705033,28.5499926968343,4,4.5
"3455",20.0438046435815,26.8114217770517,4,4.5
"3456",19.8613769458432,24.1638969139435,4,4.5
"3457",20.7668922434159,23.6582704529077,4,4.5
"3458",21.2970994167746,26.5030188690657,4,4.5
"3459",18.7654718723109,25.8218745680972,4,4.5
"3460",20.8838186959782,25.6143251595115,4,4.5
"3461",20.1719556266633,24.9296560050819,4,4.5
"3462",21.2824528935228,27.764956079868,4,4.5
"3463",20.0942031789489,25.079357686299,4,4.5
"3464",21.7967068823283,24.9591297071946,4,4.5
"3465",21.1216452580772,23.3171257250515,4,4.5
"3466",20.9453218390662,21.7155609887511,4,4.5
"3467",19.8648778625828,24.8983479550517,4,4.5
"3468",18.9830587377018,24.4565348199387,4,4.5
"3469",23.0517185853373,25.861931233675,4,4.5
"3470",21.1684051001438,25.9308512823603,4,4.5
"3471",21.0145191251702,26.9269958481923,4,4.5
"3472",22.7193725517032,26.3481038927929,4,4.5
"3473",19.5984500803545,25.380281171701,4,4.5
"3474",20.0417372819553,26.8759859719467,4,4.5
"3475",21.0945806370509,29.6547953550429,4,4.5
"3476",21.2998940187922,23.4475337056833,4,4.5
"3477",20.1798818610049,28.9652841315001,4,4.5
"3478",19.9589721529559,28.4278586577801,4,4.5
"3479",22.1700104815015,21.4425084755958,4,4.5
"3480",19.7456456376911,22.0764629058627,4,4.5
"3481",20.8293034283622,27.4285518023742,4,4.5
"3482",20.2104726332413,21.4763174680305,4,4.5
"3483",22.0281579294235,29.9847326416898,4,4.5
"3484",18.9310679943929,25.0422932265053,4,4.5
"3485",22.8117797490304,28.0692726951445,4,4.5
"3486",20.0043261071954,25.1959287977946,4,4.5
"3487",20.529796005136,27.639716067915,4,4.5
"3488",19.5218159918584,27.4971990357479,4,4.5
"3489",21.2688913604093,21.0720969598455,4,4.5
"3490",21.290617900345,30.7530189301897,4,4.5
"3491",22.7000034685696,22.3721418155549,4,4.5
"3492",20.0322480895938,25.6889569693446,4,4.5
"3493",20.4679917912371,26.5431648529729,4,4.5
"3494",22.4378212082988,23.5226140160044,4,4.5
"3495",21.8965089942983,28.7958230717304,4,4.5
"3496",20.1193790795159,28.7157472000613,4,4.5
"3497",21.6696069558406,23.4899026636582,4,4.5
"3498",21.321159320758,24.1263186329195,4,4.5
"3499",20.8255644522148,24.764736078858,4,4.5
"3500",21.5929804129021,25.846321439755,4,4.5
"3501",18.2894581971027,23.6864724549034,4,4.5
"3502",21.2915219446871,26.4842898129295,4,4.5
"3503",19.262471176941,22.1050977627504,4,4.5
"3504",20.3897132309806,24.7463474057106,4,4.5
"3505",20.9877378010363,25.7093702941826,4,4.5
"3506",20.8830717078486,27.0402874149062,4,4.5
"3507",22.4588473976663,32.5284029490643,4,4.5
"3508",18.6880835226507,27.537990690254,4,4.5
"3509",21.1544997582158,20.120563835168,4,4.5
"3510",21.6692337234708,22.6705996988353,4,4.5
"3511",20.6562001303614,26.7514227771082,4,4.5
"3512",18.4848363503546,25.6800814750742,4,4.5
"3513",22.5121088340874,30.3585819245817,4,4.5
"3514",18.6839349384219,24.4905565559393,4,4.5
"3515",19.449599644848,29.4605045962212,4,4.5
"3516",21.768133215171,29.1809035680551,4,4.5
"3517",19.8110271023148,23.7487693108813,4,4.5
"3518",22.0259575914061,25.2683060843462,4,4.5
"3519",19.7973770208565,21.3478336216856,4,4.5
"3520",18.7658966776196,25.6903867702482,4,4.5
"3521",21.0724711168298,31.7005596002338,4,4.5
"3522",21.415756544525,23.8333837139555,4,4.5
"3523",19.7828169283245,27.0495043965889,4,4.5
"3524",19.089557020959,24.6103176645088,4,4.5
"3525",21.4577179812033,24.5335148409085,4,4.5
"3526",20.5925809115045,27.050174248925,4,4.5
"3527",20.9010997612534,23.4570852568509,4,4.5
"3528",20.2900448549115,28.0375900757613,4,4.5
"3529",20.5305080790814,23.0781563522405,4,4.5
"3530",20.5017774251319,21.7726723069375,4,4.5
"3531",20.8889790527894,22.9913524689551,4,4.5
"3532",19.5003109995919,26.2278734519165,4,4.5
"3533",19.5429229421561,25.5736525600677,4,4.5
"3534",17.8013606016007,24.4083771729873,4,4.5
"3535",20.2121604212927,23.1521554470421,4,4.5
"3536",22.3840303145487,25.8726717042791,4,4.5
"3537",20.0921692337732,27.6941970506432,4,4.5
"3538",22.9854127035098,24.1586241739356,4,4.5
"3539",19.85264123149,28.5966092865934,4,4.5
"3540",19.3315717176312,30.1111340483287,4,4.5
"3541",19.467108201424,25.1540169148768,4,4.5
"3542",20.8655948475395,25.3420267663498,4,4.5
"3543",19.9589599785468,20.3764361133267,4,4.5
"3544",19.9807553037053,23.5475484032574,4,4.5
"3545",22.0786618859376,23.3823058563595,4,4.5
"3546",19.2983070336589,25.3379008399489,4,4.5
"3547",19.4526107161882,26.727253751414,4,4.5
"3548",18.5912284673563,25.8144984928842,4,4.5
"3549",20.7499191159606,24.692099051208,4,4.5
"3550",20.128932390268,22.4695889901118,4,4.5
"3551",19.4871546758061,29.1007175906187,4,4.5
"3552",20.3428086716612,26.707201859087,4,4.5
"3553",18.7688250187265,25.1854256664671,4,4.5
"3554",19.8060001421412,28.8184842820246,4,4.5
"3555",21.7217318172054,23.735684720336,4,4.5
"3556",21.5622682456194,22.0351123405596,4,4.5
"3557",20.537253552309,25.7797157597551,4,4.5
"3558",20.8634762329709,26.519868255404,4,4.5
"3559",20.7151279917298,29.8703096425411,4,4.5
"3560",20.138207302988,22.9824170021364,4,4.5
"3561",18.5938019284599,27.9608697060112,4,4.5
"3562",20.9301374654458,23.5186435192446,4,4.5
"3563",21.6888189355607,28.1173304220834,4,4.5
"3564",19.5659111713801,28.3872160546615,4,4.5
"3565",19.9252759279907,26.8729143043026,4,4.5
"3566",21.2275050225563,29.010327055155,4,4.5
"3567",19.1044993971119,25.6692662079219,4,4.5
"3568",20.8702274782714,22.5738160233091,4,4.5
"3569",21.5823659293618,25.4559517994673,4,4.5
"3570",19.9570317710071,25.4430724534978,4,4.5
"3571",19.4635362235208,27.1852950228063,4,4.5
"3572",22.2093731076572,24.5494040626936,4,4.5
"3573",22.5390121018165,21.8411730232159,4,4.5
"3574",18.5840043472126,28.1942334955081,4,4.5
"3575",21.5155603166839,27.9230046182586,4,4.5
"3576",20.5053912134659,22.1782936308739,4,4.5
"3577",19.8318212289063,34.1483082114185,4,4.5
"3578",22.6391512782748,25.8826823117996,4,4.5
"3579",20.0950393294474,32.4124002733332,4,4.5
"3580",21.7676617664185,24.9110961358902,4,4.5
"3581",17.7320787997113,27.6663806103084,4,4.5
"3582",20.4100269266245,29.4450885109479,4,4.5
"3583",20.6154310790663,22.46796889271,4,4.5
"3584",19.4821401037735,26.454931904255,4,4.5
"3585",20.8383111975328,21.5743061133489,4,4.5
"3586",20.4221350146667,27.6024770246275,4,4.5
"3587",21.0800965636703,27.1552893419213,4,4.5
"3588",22.7742062244863,21.7314613472879,4,4.5
"3589",19.7097927415494,24.8377418096641,4,4.5
"3590",19.7126125861046,28.869236093887,4,4.5
"3591",22.4264675521656,26.4461489809971,4,4.5
"3592",20.9538446000939,25.818141273831,4,4.5
"3593",20.8649170893416,27.9285122712585,4,4.5
"3594",21.3720230074262,22.1372159135152,4,4.5
"3595",21.6796857908042,26.1409262405687,4,4.5
"3596",21.247542226811,25.529646856711,4,4.5
"3597",20.7658101237775,24.4622066437268,4,4.5
"3598",23.8383513544589,30.0722241586675,4,4.5
"3599",19.6676456004299,24.0201460909265,4,4.5
"3600",21.4847794962815,29.0068790971008,4,4.5
"3601",19.2243438050737,25.7849521451277,4,4.5
"3602",23.2498612672043,22.7312432992861,4,4.5
"3603",21.9075202493073,26.3011087830344,4,4.5
"3604",20.761781955335,28.1473102729283,4,4.5
"3605",20.9632828505492,25.7156210527026,4,4.5
"3606",20.8370331329306,22.07187829125,4,4.5
"3607",21.9506296371098,23.4323638125593,4,4.5
"3608",18.6956974231809,29.657960961788,4,4.5
"3609",21.0487644721294,25.4876694685574,4,4.5
"3610",22.6699869472936,26.0396132912206,4,4.5
"3611",21.5658775074186,26.3297022017535,4,4.5
"3612",20.1506170798366,29.3896723420094,4,4.5
"3613",21.9622160089778,27.6940027423579,4,4.5
"3614",20.0674152526169,28.7183547128598,4,4.5
"3615",20.8492262480833,25.6802895394478,4,4.5
"3616",21.6981322932102,26.2792699616572,4,4.5
"3617",19.8400014611373,27.8365314734592,4,4.5
"3618",24.6305882687347,27.6539815697705,4,4.5
"3619",19.601221419517,25.5479160209315,4,4.5
"3620",20.3146623485603,26.6467336942938,4,4.5
"3621",19.2231112646731,24.0918940117782,4,4.5
"3622",20.5343540156197,21.8162680393658,4,4.5
"3623",20.4443279843947,25.3296319689199,4,4.5
"3624",19.8841123777876,22.9694724561795,4,4.5
"3625",19.866031448069,26.3322880672932,4,4.5
"3626",19.9128378583362,25.0883608541185,4,4.5
"3627",22.2730690790725,27.7250405714285,4,4.5
"3628",18.8797309292967,21.7179219556671,4,4.5
"3629",19.3223087026787,23.967466374435,4,4.5
"3630",20.0572475597284,27.6495889571248,4,4.5
"3631",22.6150691224581,28.1212851415393,4,4.5
"3632",20.737160827128,24.6489563601081,4,4.5
"3633",18.9961694755171,25.7477398112286,4,4.5
"3634",19.5872778213996,23.50706533661,4,4.5
"3635",21.1482540220529,28.7444463194889,4,4.5
"3636",21.0880517995913,29.3213117528885,4,4.5
"3637",20.6396028612864,24.4208335942364,4,4.5
"3638",21.6398399881085,27.5495512152228,4,4.5
"3639",20.3152980001269,25.5808397941774,4,4.5
"3640",19.2059906927031,30.0813491160543,4,4.5
"3641",20.6829913174256,25.3672014528056,4,4.5
"3642",19.9067295126051,25.3835509834312,4,4.5
"3643",19.2164632140275,27.770997150322,4,4.5
"3644",19.3899291880639,23.4132599674882,4,4.5
"3645",21.3485765693073,26.8160439830008,4,4.5
"3646",18.4729833278219,23.0145011273061,4,4.5
"3647",21.2257910574962,26.4969031109904,4,4.5
"3648",20.0483274500098,25.283711572622,4,4.5
"3649",20.2444908507361,22.0295226079495,4,4.5
"3650",20.3735414063125,25.7248654842687,4,4.5
"3651",23.6852164345905,22.7921894256971,4,4.5
"3652",18.7010301283694,28.0321325583227,4,4.5
"3653",20.9399850262996,26.9791407190411,4,4.5
"3654",21.7271940766115,25.341763275253,4,4.5
"3655",21.3956467413206,27.5085897110891,4,4.5
"3656",21.2219227335138,25.4643382126923,4,4.5
"3657",21.3057749873446,24.8095360050785,4,4.5
"3658",21.527897616158,23.9564793544793,4,4.5
"3659",20.0810666963746,24.2102760119069,4,4.5
"3660",22.2985981932312,28.9156760087399,4,4.5
"3661",17.9099314396004,20.9478782401291,4,4.5
"3662",19.2849627636014,22.7032564971246,4,4.5
"3663",20.0927478416685,26.0188495906416,4,4.5
"3664",20.0771477928567,28.2709968011175,4,4.5
"3665",20.968088193138,24.3481919394414,4,4.5
"3666",19.2426014668922,25.180236015783,4,4.5
"3667",21.5577501768885,24.4871682211362,4,4.5
"3668",22.7944736604968,29.7933831504802,4,4.5
"3669",22.3518462259511,28.8707994463569,4,4.5
"3670",19.8073687951086,24.96404340162,4,4.5
"3671",21.9777754432441,26.7620976154757,4,4.5
"3672",19.31251271981,24.0388597315712,4,4.5
"3673",20.773838348491,23.0367562827171,4,4.5
"3674",20.4555965859902,27.221563940054,4,4.5
"3675",22.5335355916761,30.3206823903583,4,4.5
"3676",21.3847383169379,27.7668863057655,4,4.5
"3677",22.1892570524587,25.735748679817,4,4.5
"3678",21.858359897472,24.3858863232482,4,4.5
"3679",20.5982767628584,22.160127147706,4,4.5
"3680",20.5210098352696,22.5844836872032,4,4.5
"3681",21.3917964220762,29.6553022521008,4,4.5
"3682",21.6776516055791,27.8144089121531,4,4.5
"3683",21.1222673931452,21.4376341417229,4,4.5
"3684",20.5137368807472,29.5000044819665,4,4.5
"3685",19.3983395788675,24.5263540094502,4,4.5
"3686",19.5555671122042,24.9124060248302,4,4.5
"3687",20.9181761238972,27.3500462130338,4,4.5
"3688",21.7970031601212,24.7170695889228,4,4.5
"3689",20.9724377118441,24.8762056256496,4,4.5
"3690",19.2459950948727,28.7161052231666,4,4.5
"3691",19.8515618081724,28.3682640600233,4,4.5
"3692",23.511821514217,24.9731272546827,4,4.5
"3693",19.936054008736,27.4469031466382,4,4.5
"3694",19.9500808721009,31.8412144653586,4,4.5
"3695",20.4037156909422,18.7421289583833,4,4.5
"3696",21.1915645919701,24.81930387968,4,4.5
"3697",22.2241996935512,24.0917963587659,4,4.5
"3698",19.2654260096745,26.5673364446601,4,4.5
"3699",20.2016778866201,29.8130839286442,4,4.5
"3700",20.8535685666519,24.195685563183,4,4.5
"3701",22.5161140083169,29.8764013480025,4,4.5
"3702",19.7979299179036,25.5707824161905,4,4.5
"3703",19.8766172414628,20.1157604071997,4,4.5
"3704",20.0676127439827,26.0499427507418,4,4.5
"3705",19.2761626806806,24.4479944981585,4,4.5
"3706",19.709077993032,25.2206512121037,4,4.5
"3707",19.7771102865504,23.7982753255883,4,4.5
"3708",21.0830481280775,29.3554122765979,4,4.5
"3709",20.3912021840673,32.8993104709676,4,4.5
"3710",21.8015424079284,21.2620390406415,4,4.5
"3711",18.1706589408006,29.2532511732074,4,4.5
"3712",20.2527901176868,29.6282454668067,4,4.5
"3713",19.92548315018,22.8308679182493,4,4.5
"3714",19.5883937885236,24.3586946824201,4,4.5
"3715",19.1719716426615,25.4172694157431,4,4.5
"3716",21.4966296229656,27.6268195717039,4,4.5
"3717",21.0585194084398,24.0032872407948,4,4.5
"3718",20.3484543990937,19.5888466734563,4,4.5
"3719",20.7357656837446,30.8125310581896,4,4.5
"3720",20.5791636465089,27.0764656217732,4,4.5
"3721",20.7657728478173,21.2994995367992,4,4.5
"3722",22.1812573094402,30.3455590930823,4,4.5
"3723",18.9777371804069,25.7856824875602,4,4.5
"3724",19.1969816826163,27.4003283848994,4,4.5
"3725",21.0885309797731,26.1189750286218,4,4.5
"3726",20.5358361217401,29.3556760702472,4,4.5
"3727",20.7212177724437,24.8341718051676,4,4.5
"3728",19.2699312942437,26.3510113612333,4,4.5
"3729",19.2513659709493,31.3229137561151,4,4.5
"3730",18.661007958825,23.9538395335766,4,4.5
"3731",19.5877106466888,25.7690691377772,4,4.5
"3732",17.6749498757741,24.7917096126906,4,4.5
"3733",20.8317228346957,28.2774158509933,4,4.5
"3734",19.7820300942951,30.3801873588767,4,4.5
"3735",20.206326232381,26.6315946734909,4,4.5
"3736",21.1528047594594,27.401810498141,4,4.5
"3737",21.2482135601651,23.2926544690493,4,4.5
"3738",21.2301754349391,23.9163659379946,4,4.5
"3739",21.0047806364683,26.7134500141426,4,4.5
"3740",19.3702971659931,18.6473215636707,4,4.5
"3741",20.0817835412794,28.9054569672416,4,4.5
"3742",19.8572642346572,26.4943357731564,4,4.5
"3743",20.583654326165,28.7938951778799,4,4.5
"3744",21.0757225645034,26.9328246562327,4,4.5
"3745",17.4882694275162,29.8445715718211,4,4.5
"3746",22.2230861254389,30.7263496719287,4,4.5
"3747",19.3632663916724,26.6952119413121,4,4.5
"3748",21.287725405449,27.1753323444204,4,4.5
"3749",18.5330741862984,24.1072373313836,4,4.5
"3750",21.3542206968107,31.3235764507655,4,4.5
"3751",21.0255486538724,28.1418150035022,4,4.5
"3752",20.0796365953282,27.7762916258763,4,4.5
"3753",20.1969659923564,26.0724731815531,4,4.5
"3754",19.2601087854528,27.1678093520164,4,4.5
"3755",21.2908105061911,24.3203163358886,4,4.5
"3756",20.6586092925622,24.1287482111506,4,4.5
"3757",19.9629385024986,27.7360792272598,4,4.5
"3758",18.7826021116979,22.0684812667102,4,4.5
"3759",18.2075097783339,23.3554652609376,4,4.5
"3760",21.4244322391716,26.1404970877657,4,4.5
"3761",20.4869558116454,25.8382486920018,4,4.5
"3762",18.9263841246577,25.5243708388905,4,4.5
"3763",21.1449720552385,24.8372571146561,4,4.5
"3764",20.1426746995479,23.861429848048,4,4.5
"3765",17.2406566337387,25.484505523604,4,4.5
"3766",22.2071674597275,23.6011935364039,4,4.5
"3767",19.0839581211996,30.2161884792804,4,4.5
"3768",20.6131349635207,26.7704219395274,4,4.5
"3769",21.6141628709514,24.8531733893143,4,4.5
"3770",20.9541508909385,28.184899821062,4,4.5
"3771",20.7228567065036,24.7407740295717,4,4.5
"3772",19.8853429996933,28.4500427141482,4,4.5
"3773",20.0242660638877,22.0008331602776,4,4.5
"3774",20.5640892163676,25.1181852056236,4,4.5
"3775",19.1169712836575,27.3284067995789,4,4.5
"3776",21.238946101199,24.4924001522485,4,4.5
"3777",20.4884473462943,26.3779095048955,4,4.5
"3778",22.7519334221033,23.9922935027672,4,4.5
"3779",20.0181591568279,23.8092546393237,4,4.5
"3780",19.8100136794795,27.2392357007887,4,4.5
"3781",19.194728375202,30.0381287086629,4,4.5
"3782",20.0451188198354,22.4997195994661,4,4.5
"3783",20.9964510139116,28.2566906442724,4,4.5
"3784",20.7435265975736,29.7196226932067,4,4.5
"3785",20.3242542319043,26.7499207255235,4,4.5
"3786",20.8499231805738,27.1581806919538,4,4.5
"3787",20.1695300503846,26.3427213958562,4,4.5
"3788",21.0066696203,23.0323028971163,4,4.5
"3789",20.724906192826,23.983478391655,4,4.5
"3790",20.9265514116715,23.9498444757758,4,4.5
"3791",20.8595643789386,29.5977242409785,4,4.5
"3792",21.6133371534763,25.6139776779695,4,4.5
"3793",18.6400324049072,21.1394129624178,4,4.5
"3794",20.7859944801019,30.0077285027188,4,4.5
"3795",20.1750244690392,22.7819610367221,4,4.5
"3796",19.0370520214549,27.7497360295643,4,4.5
"3797",20.6786863471579,23.493292530309,4,4.5
"3798",20.0402738375726,24.3306400786569,4,4.5
"3799",20.7063344667348,21.595476405162,4,4.5
"3800",21.4486724049217,22.7443746845292,4,4.5
"3801",20.3634985659244,24.6035409270279,4,4.5
"3802",18.5665313404697,22.4523479415136,4,4.5
"3803",19.1910951432722,22.8523783945985,4,4.5
"3804",19.6366403605312,26.361056732842,4,4.5
"3805",18.6337393441329,27.1248585234043,4,4.5
"3806",20.3661987598525,21.0405773038246,4,4.5
"3807",22.712991512993,25.6124057595608,4,4.5
"3808",20.0571864261102,20.9203298733733,4,4.5
"3809",20.9313345428429,25.585884669968,4,4.5
"3810",21.55646482493,17.5904019013424,4,4.5
"3811",21.318025351822,23.1751486936806,4,4.5
"3812",20.5957206766465,25.678005472341,4,4.5
"3813",18.8621272186844,31.3766450892161,4,4.5
"3814",23.9503576474441,26.2879185199994,4,4.5
"3815",21.5346177363935,19.9543385512816,4,4.5
"3816",19.1482390606622,27.4779163492608,4,4.5
"3817",21.2693012627254,22.4763588701879,4,4.5
"3818",20.9583832138418,27.5297747609868,4,4.5
"3819",21.0769257967594,27.7314515143657,4,4.5
"3820",20.3081105338738,22.0183446878031,4,4.5
"3821",20.6103607724742,27.2455005338411,4,4.5
"3822",21.5009001697543,23.6965597255595,4,4.5
"3823",20.4303903109884,21.1404140408291,4,4.5
"3824",21.6161291119481,29.6045938881748,4,4.5
"3825",20.7628703153177,25.5896899963538,4,4.5
"3826",21.4631692016063,27.8662640779656,4,4.5
"3827",18.649166623968,28.8485528057195,4,4.5
"3828",21.6488272238476,21.5609005245925,4,4.5
"3829",17.921984202663,27.60013471874,4,4.5
"3830",20.0784210915522,28.4028131864325,4,4.5
"3831",21.1379278568923,24.9733130812844,4,4.5
"3832",20.5414303203891,23.4704519344469,4,4.5
"3833",20.4980381927264,27.4217730854381,4,4.5
"3834",19.7917188384393,26.5534417707793,4,4.5
"3835",21.6886642480955,23.0623867664747,4,4.5
"3836",21.2970919695719,29.1925086678021,4,4.5
"3837",19.9172936824427,27.4624107071869,4,4.5
"3838",19.7367331286103,25.4658982118683,4,4.5
"3839",22.9981456170597,20.5358959711443,4,4.5
"3840",20.074001548494,24.2588711729974,4,4.5
"3841",19.7519339177578,26.5730917574807,4,4.5
"3842",21.493754338674,26.0029118721064,4,4.5
"3843",21.7145300719577,22.4027662041089,4,4.5
"3844",20.8480067551984,27.9635104989435,4,4.5
"3845",19.7670895627065,25.4028865632837,4,4.5
"3846",19.0988317240093,26.6048772964872,4,4.5
"3847",18.2367391873588,24.343107702987,4,4.5
"3848",20.7960663422009,23.3975019498381,4,4.5
"3849",21.656691663246,22.4535607404401,4,4.5
"3850",22.20076376371,26.3171883302874,4,4.5
"3851",20.0488406831692,22.4672855654698,4,4.5
"3852",20.1456438784081,23.3554331161404,4,4.5
"3853",22.0017730070577,24.4729212839605,4,4.5
"3854",20.8276445487789,25.6509816098342,4,4.5
"3855",19.7138395857983,26.9994350786795,4,4.5
"3856",19.1857730109037,19.4530152622273,4,4.5
"3857",21.1378125523005,25.7370874516854,4,4.5
"3858",20.0619450747967,23.0711427605667,4,4.5
"3859",20.0804452730387,21.5918516809444,4,4.5
"3860",21.3399534430794,23.7412152886094,4,4.5
"3861",20.0029770490141,21.5695025723713,4,4.5
"3862",19.8860951766212,30.5845532665272,4,4.5
"3863",21.2477753539469,26.4901156996186,4,4.5
"3864",22.3756948034387,20.7671593513962,4,4.5
"3865",17.0667393069272,28.8573407227261,4,4.5
"3866",20.792790724185,24.920635830056,4,4.5
"3867",22.8762959708539,30.8128013528634,4,4.5
"3868",20.017678784869,27.9756546154506,4,4.5
"3869",22.0279287318867,27.5562617732764,4,4.5
"3870",19.4278991898641,26.3001756966959,4,4.5
"3871",22.6212120724847,25.7767096794144,4,4.5
"3872",19.8329694036229,28.5157496393898,4,4.5
"3873",21.4006583445404,21.9501921761405,4,4.5
"3874",19.4909155430858,29.1843046219524,4,4.5
"3875",19.6134262332147,23.9827232612229,4,4.5
"3876",20.8595496570696,23.9061711577748,4,4.5
"3877",18.4883164682139,27.9637167364442,4,4.5
"3878",20.424839818312,27.9980377537062,4,4.5
"3879",20.1551999212439,27.4087879624321,4,4.5
"3880",19.3919684890736,19.9495678305693,4,4.5
"3881",22.2194432770735,31.3753748561098,4,4.5
"3882",21.5072956532062,29.9446983180595,4,4.5
"3883",22.3191512901716,28.4292856267815,4,4.5
"3884",21.8486293968674,22.2060682358238,4,4.5
"3885",19.5595828996388,24.4426423976784,4,4.5
"3886",22.3351588938437,29.4136843001437,4,4.5
"3887",19.8527833885828,27.4264348861273,4,4.5
"3888",20.3042683257811,25.954288271946,4,4.5
"3889",20.6860230171267,22.8424432049106,4,4.5
"3890",19.8161748208454,23.1808108883241,4,4.5
"3891",19.9889292208132,28.9732317205096,4,4.5
"3892",21.0467468978642,29.3470232117538,4,4.5
"3893",20.2324888957237,30.6457301673632,4,4.5
"3894",18.8318827128159,23.6748911260183,4,4.5
"3895",22.2602618439225,24.9922602587067,4,4.5
"3896",22.1631146466177,25.3736983713422,4,4.5
"3897",20.064123619087,25.2634967600013,4,4.5
"3898",21.7762291990669,25.3057467053562,4,4.5
"3899",22.1872526223959,23.6038408589098,4,4.5
"3900",19.4978917040449,26.3645081768912,4,4.5
"3901",18.550108961059,27.3671063621846,4,4.5
"3902",21.5272773856415,25.3999010567114,4,4.5
"3903",20.3725258075391,29.148176975946,4,4.5
"3904",24.1056335476642,24.8176152399954,4,4.5
"3905",21.7796547550566,23.3424780767388,4,4.5
"3906",18.2533278639287,23.3234063412247,4,4.5
"3907",20.789089927988,24.6396035196069,4,4.5
"3908",18.9414889521078,25.1028009677917,4,4.5
"3909",20.806810883416,26.0603620591344,4,4.5
"3910",19.0020002249611,26.4593323978936,4,4.5
"3911",20.505639327993,27.5251621515835,4,4.5
"3912",19.416249342617,24.6736566431599,4,4.5
"3913",21.704379034178,22.0850547511494,4,4.5
"3914",20.8953615892098,24.7435107858008,4,4.5
"3915",21.9424896453901,24.1996343086853,4,4.5
"3916",19.8197923116602,22.6343043372587,4,4.5
"3917",21.0678347573872,26.7045094936315,4,4.5
"3918",21.7410308736249,25.1948953165047,4,4.5
"3919",19.5091633679774,19.0164787369288,4,4.5
"3920",18.1512653699628,21.3675408838062,4,4.5
"3921",19.0772480272446,25.8679469453048,4,4.5
"3922",21.3174450835548,25.723846772606,4,4.5
"3923",17.6294330548479,24.8107842707594,4,4.5
"3924",20.2994286391785,26.2795772661225,4,4.5
"3925",23.0654979093165,26.0215849851532,4,4.5
"3926",16.7893761333904,23.6634036543062,4,4.5
"3927",22.4294990114029,24.2280557853103,4,4.5
"3928",21.7546977859835,20.7420504295048,4,4.5
"3929",18.7882649607211,26.0723997883369,4,4.5
"3930",21.7708027392485,19.5399978277104,4,4.5
"3931",21.7752079851405,23.6408968533436,4,4.5
"3932",21.7490862379122,31.6013393673204,4,4.5
"3933",22.5843804114761,31.5975318872072,4,4.5
"3934",20.5003402112227,22.9715064344388,4,4.5
"3935",16.4656545664987,23.9035695504894,4,4.5
"3936",19.7182351332955,19.4314930831645,4,4.5
"3937",21.7992318633313,24.8586353805714,4,4.5
"3938",18.9223275843432,25.8717721077173,4,4.5
"3939",21.5697466512062,24.4193832760437,4,4.5
"3940",21.0022609213655,27.1237605251004,4,4.5
"3941",22.3095122976617,27.2272156216746,4,4.5
"3942",20.6278690622588,23.8445151037049,4,4.5
"3943",19.1142332306263,22.7982320521864,4,4.5
"3944",20.508047340139,24.839582626128,4,4.5
"3945",22.2114279469227,20.3095445284224,4,4.5
"3946",19.154622055575,24.7550085505154,4,4.5
"3947",20.2264551388446,22.3412484510507,4,4.5
"3948",19.5295851432037,26.2064415431805,4,4.5
"3949",20.5464518503099,24.687389752907,4,4.5
"3950",20.5375990839453,23.2045544650913,4,4.5
"3951",21.1475058983379,28.2630335980116,4,4.5
"3952",22.6408393449364,23.0749621386651,4,4.5
"3953",18.9212910243741,26.6951275540426,4,4.5
"3954",20.9393734700303,29.209948102452,4,4.5
"3955",22.4769051196151,24.9328200982455,4,4.5
"3956",22.3281800262492,26.9488569175869,4,4.5
"3957",19.7028412687098,26.218432327863,4,4.5
"3958",21.9184706139201,21.6624800022889,4,4.5
"3959",20.3045588141074,28.8393290735992,4,4.5
"3960",19.690641365348,25.1970920553178,4,4.5
"3961",20.5302580034162,27.8982482512206,4,4.5
"3962",20.7116202119538,22.001739016409,4,4.5
"3963",19.2895145616299,26.5962703679525,4,4.5
"3964",20.3302091123234,23.5892804851693,4,4.5
"3965",21.6454081079355,24.7296557595743,4,4.5
"3966",22.0061361751392,30.3630223639119,4,4.5
"3967",21.0043667951946,22.685529687088,4,4.5
"3968",20.8398974042102,22.9262134650252,4,4.5
"3969",19.6557996373403,25.9956259727298,4,4.5
"3970",21.3105809872493,24.7426152939773,4,4.5
"3971",19.5419669424483,26.4499368213243,4,4.5
"3972",20.0500364749881,26.2553391028391,4,4.5
"3973",22.2353151422216,25.4989450559043,4,4.5
"3974",21.0739181995271,25.3813568828366,4,4.5
"3975",18.8550143071181,28.4766025245706,4,4.5
"3976",20.6783445992816,29.4243677384388,4,4.5
"3977",21.3495753630143,25.6211916020494,4,4.5
"3978",21.4306334784638,27.9086604140213,4,4.5
"3979",18.4827501288357,24.4405922573178,4,4.5
"3980",17.9745861121156,19.8689383587595,4,4.5
"3981",20.9031468634979,26.3094345680635,4,4.5
"3982",19.0254591090875,27.2864613941451,4,4.5
"3983",19.8812803686929,27.3888672743816,4,4.5
"3984",23.0816437445302,20.2838542334817,4,4.5
"3985",20.1426079358486,27.7567221320027,4,4.5
"3986",19.9486972548495,23.4701815002648,4,4.5
"3987",18.4033829241424,22.5781962507142,4,4.5
"3988",21.5424032638335,30.0250150298889,4,4.5
"3989",20.5177862794304,25.2986603471333,4,4.5
"3990",19.8079099290076,19.8150491082574,4,4.5
"3991",21.5877626098767,23.4990894623597,4,4.5
"3992",19.6079047414054,28.6107711510813,4,4.5
"3993",23.5889754887294,26.3601494368014,4,4.5
"3994",21.3827055864303,26.7600832742235,4,4.5
"3995",19.5653996688021,22.6748046605529,4,4.5
"3996",19.8097841875859,27.8273434947671,4,4.5
"3997",22.0819936599674,25.243514909097,4,4.5
"3998",20.2659955246685,26.8143908824834,4,4.5
"3999",20.1939475640903,20.3036329545855,4,4.5
"4000",18.0555325517597,26.6697617909423,4,4.5
