"X1","X2","component","subcomponent"
"3001",22.327338340874,17.1881327630542,4,4
"3002",20.2526477193593,21.140155670904,4,4
"3003",18.4363706192629,23.0610735221905,4,4
"3004",21.0611587523793,19.2421372268616,4,4
"3005",19.6449227789278,22.2295385503581,4,4
"3006",18.0714142256356,26.9223799008795,4,4
"3007",19.0445992819671,27.08756889883,4,4
"3008",16.8180624181336,30.9321466430174,4,4
"3009",19.5953543789195,22.9589177541553,4,4
"3010",17.6178759845392,25.8351338623992,4,4
"3011",22.3215366283241,15.8840262314131,4,4
"3012",19.1382104868871,20.8508950108289,4,4
"3013",18.5216347736987,25.1984203396306,4,4
"3014",18.0448918903272,24.8417182077383,4,4
"3015",19.8384677436998,26.0986132961867,4,4
"3016",18.3171956103138,24.6944750006031,4,4
"3017",20.2575465744856,24.9251226353624,4,4
"3018",22.4544598189226,17.2153953883281,4,4
"3019",22.9591470631112,20.5128150951926,4,4
"3020",20.6558821990181,20.5555825256508,4,4
"3021",20.247713615047,21.4748545635713,4,4
"3022",20.4188260956756,19.5220807486477,4,4
"3023",21.0761235015773,19.3757967913081,4,4
"3024",23.7849262638709,15.4389340290459,4,4
"3025",22.589036819792,15.9166520302545,4,4
"3026",19.5856742206673,19.5778792411054,4,4
"3027",21.1365906314546,21.7870450733957,4,4
"3028",23.2017840410683,15.4833420673889,4,4
"3029",19.6637017644379,20.9393275496085,4,4
"3030",22.8024308226926,16.9374047249535,4,4
"3031",19.5191484242817,23.5778970342019,4,4
"3032",23.1128503399662,15.4123790025922,4,4
"3033",20.9619841417997,18.6277327845262,4,4
"3034",21.6845830518312,14.3337301700755,4,4
"3035",22.8870767592237,22.3413482352269,4,4
"3036",19.7411713940134,23.8272801313777,4,4
"3037",17.3863714587699,26.8471385000419,4,4
"3038",16.8100408307954,23.383720888801,4,4
"3039",19.2590140957846,20.9938545843998,4,4
"3040",20.4463971915341,20.8138865497389,4,4
"3041",20.7917237752415,23.8164869518963,4,4
"3042",18.4214013613012,25.6142950636276,4,4
"3043",21.1662655377334,23.4736863538625,4,4
"3044",18.5357844641022,24.8690860607122,4,4
"3045",18.8811049968539,22.5548710711377,4,4
"3046",19.4400268679403,21.2275434335457,4,4
"3047",21.7789311404155,18.965110173918,4,4
"3048",21.1689072572473,19.9521894488526,4,4
"3049",18.9061419237149,22.2789773557746,4,4
"3050",18.5305043721221,20.0110591676056,4,4
"3051",19.7488401305193,22.7514631584678,4,4
"3052",22.6201976888314,19.8421240780349,4,4
"3053",19.3184870574868,23.8742029838964,4,4
"3054",21.7936344097481,16.4454033708982,4,4
"3055",17.202071423014,22.952239373902,4,4
"3056",17.0662003097169,23.7077313268904,4,4
"3057",26.287312657883,12.3758188038168,4,4
"3058",19.5044021113009,17.119720331919,4,4
"3059",22.8314917732122,17.282672095219,4,4
"3060",21.3877877604688,22.2822550107867,4,4
"3061",19.5248630630404,20.3038871978267,4,4
"3062",21.1438007548627,20.0034972798846,4,4
"3063",18.7435602209168,24.0288727165108,4,4
"3064",20.1236914996839,24.1231552019499,4,4
"3065",18.7401019566387,23.6260189784278,4,4
"3066",19.164468049819,25.8286917081807,4,4
"3067",22.0372628289477,20.564942058262,4,4
"3068",18.998340880663,19.2643269768983,4,4
"3069",21.9943988857324,21.9823481610055,4,4
"3070",19.7687758044997,26.0892058875784,4,4
"3071",19.9742537044531,20.9337297281428,4,4
"3072",19.3402120831688,21.8696378552977,4,4
"3073",17.4860363422905,23.1780704466528,4,4
"3074",21.2281221292357,19.4754123484253,4,4
"3075",18.7057144546845,23.8326592176469,4,4
"3076",22.3607480968755,18.2650228235031,4,4
"3077",16.2187556789111,26.3714414231587,4,4
"3078",21.1038766952943,19.566016096661,4,4
"3079",22.313911854719,19.4738292832634,4,4
"3080",19.6207619725355,21.4308988795206,4,4
"3081",19.3376304695332,17.1019060099644,4,4
"3082",18.6955532177465,21.9460124463166,4,4
"3083",21.6468703853649,26.8327011992426,4,4
"3084",19.3501021952145,26.1339759677586,4,4
"3085",20.9043549745826,19.4923732324772,4,4
"3086",20.860758163711,18.6668887008251,4,4
"3087",23.0689749751062,18.7905947449563,4,4
"3088",18.1355639876537,25.7152267286753,4,4
"3089",20.2049854808357,25.018076504116,4,4
"3090",20.150869660647,23.3431246477084,4,4
"3091",20.0611010259119,19.4749407160525,4,4
"3092",20.4632249447386,19.0817728948273,4,4
"3093",21.1896491720204,25.1430857953781,4,4
"3094",19.6277679622813,21.4076086985455,4,4
"3095",23.6606557499639,12.9397101038361,4,4
"3096",20.4244727334559,22.4024342465109,4,4
"3097",17.8838535801286,27.077701569757,4,4
"3098",19.1910175215727,25.880107724062,4,4
"3099",22.1849698738074,22.1439298418352,4,4
"3100",23.8618612754791,21.9209739373033,4,4
"3101",19.3736571251915,23.4552494913084,4,4
"3102",20.5311090671984,21.9442858013153,4,4
"3103",19.0541822285251,22.8642626322995,4,4
"3104",17.3038076050761,27.0266469699532,4,4
"3105",20.1852960322477,24.9232433068698,4,4
"3106",23.542778010852,18.8084502177926,4,4
"3107",22.3100997233398,16.8770046254751,4,4
"3108",17.3738946633882,22.5869372149147,4,4
"3109",17.0397168430369,24.4430012928979,4,4
"3110",17.4612331225482,32.0813420376842,4,4
"3111",16.4338496711976,26.3076404048132,4,4
"3112",21.4826347595745,22.474301173469,4,4
"3113",21.9991747843579,12.140942720359,4,4
"3114",20.2285622770966,21.4829771025553,4,4
"3115",18.919380463069,23.8318450854888,4,4
"3116",21.1626054122852,22.8061620053761,4,4
"3117",19.446901903428,22.0467320858964,4,4
"3118",20.839330930842,23.8978123258155,4,4
"3119",17.7858591934828,25.5216927020982,4,4
"3120",19.3656620487364,22.3402568908776,4,4
"3121",20.6680535017917,16.5726684626708,4,4
"3122",20.0425130140253,22.8591160106656,4,4
"3123",19.9682026660035,19.9346240967654,4,4
"3124",18.7282097315603,25.9290477103334,4,4
"3125",19.1174507943281,24.6455457911527,4,4
"3126",17.2069828053231,25.2893965038064,4,4
"3127",22.7935937961268,18.7750473274141,4,4
"3128",18.3862398457427,26.6933638419844,4,4
"3129",19.1293823564287,24.092268738272,4,4
"3130",20.0931342589659,19.5352159444619,4,4
"3131",20.4715303069886,25.5783187760354,4,4
"3132",21.7527984034401,17.7071606050613,4,4
"3133",20.6837312692609,18.9002315298231,4,4
"3134",16.0541668134871,24.8756369195742,4,4
"3135",18.9115364113781,21.3359697592551,4,4
"3136",16.1061745798121,31.514233237347,4,4
"3137",20.5054902848873,22.7917694373194,4,4
"3138",24.1019963600212,10.5689228564076,4,4
"3139",19.8098829048644,22.3221243831401,4,4
"3140",20.1539925178772,25.0925531311245,4,4
"3141",24.5454770605567,10.7537667469724,4,4
"3142",19.3031597037652,25.3797759896511,4,4
"3143",19.4048189592974,20.6609895814559,4,4
"3144",20.5439272984054,20.8551453688626,4,4
"3145",20.9637164226595,17.499926595884,4,4
"3146",19.5858377376704,21.1366556478417,4,4
"3147",18.7037578799673,20.3883882008155,4,4
"3148",18.7232428244322,24.874797628984,4,4
"3149",16.0379739203475,28.5459119719203,4,4
"3150",19.0029264269984,21.1042660481218,4,4
"3151",16.7965571153658,24.286795883338,4,4
"3152",19.1844957255696,26.3846482813214,4,4
"3153",20.8152086575989,23.003551085421,4,4
"3154",18.9870166912834,20.3777025036216,4,4
"3155",20.2529382750322,21.427362623083,4,4
"3156",20.8417707852667,21.750753031886,4,4
"3157",21.6478749084803,17.455927709863,4,4
"3158",21.7107337465989,16.6322657074371,4,4
"3159",17.9469338630769,24.5313286137219,4,4
"3160",20.0338074463135,26.3735140923925,4,4
"3161",19.5567916743808,25.5355422135818,4,4
"3162",20.232520581223,18.836294084726,4,4
"3163",18.983955085817,23.8631209479047,4,4
"3164",21.8945779852987,28.0883073641214,4,4
"3165",19.2511137946026,28.0658883363543,4,4
"3166",17.6111826004559,24.006808897503,4,4
"3167",18.9929473100086,21.5673044564169,4,4
"3168",19.9026950074221,23.6082751425402,4,4
"3169",16.9488446247603,25.7839666007185,4,4
"3170",21.436904003225,20.8895766181886,4,4
"3171",20.7666555166097,16.050738953517,4,4
"3172",22.9173299001795,15.1323267618522,4,4
"3173",20.6477988666997,18.6424950413493,4,4
"3174",20.8221086561971,20.8305985640377,4,4
"3175",16.3242094381596,28.9619630884744,4,4
"3176",18.6361431306572,25.0759241021901,4,4
"3177",19.4145612177218,20.9046910698671,4,4
"3178",17.1180672991276,23.1024111728912,4,4
"3179",19.423999543417,23.6142365765703,4,4
"3180",20.5522581162351,15.8992650746654,4,4
"3181",23.9973465829967,20.7632266136672,4,4
"3182",18.9190213542772,24.2578712882794,4,4
"3183",20.0116837918521,21.0410167836334,4,4
"3184",18.6092334261694,26.892582495343,4,4
"3185",19.9724198662274,21.9234446492375,4,4
"3186",18.709667798408,23.73961081259,4,4
"3187",18.2820705200834,30.2129309588267,4,4
"3188",18.79799430656,22.6766314942565,4,4
"3189",21.0515286663446,20.1536330432979,4,4
"3190",20.520544742586,16.0879086647288,4,4
"3191",19.923111978416,24.0138158378728,4,4
"3192",20.1564541356847,18.9968820586625,4,4
"3193",15.8045683199514,23.731129497111,4,4
"3194",23.1634476296751,21.4592392254957,4,4
"3195",19.4636258649056,22.6692490291527,4,4
"3196",20.7862153151724,22.4440968810365,4,4
"3197",18.9086768220854,25.4289480378165,4,4
"3198",23.6156370085659,16.6422932634334,4,4
"3199",19.2394685571797,24.029444275527,4,4
"3200",19.2322807815435,25.5870434173133,4,4
"3201",19.867465228941,21.0361507775003,4,4
"3202",19.2418791429279,22.4438243522541,4,4
"3203",17.4999738151303,28.1219090384761,4,4
"3204",19.4627627542103,21.676561416124,4,4
"3205",21.1976560983333,22.3361819768211,4,4
"3206",20.609503808346,18.4028781201936,4,4
"3207",17.3743939729014,22.9321661639493,4,4
"3208",24.5273395580871,17.7166711875074,4,4
"3209",21.3475689214739,24.9448366221071,4,4
"3210",23.2606530779828,18.2181607966562,4,4
"3211",18.8634128162229,26.9847196014093,4,4
"3212",17.4974384009891,25.6003394861784,4,4
"3213",18.3826360338975,21.7540584774594,4,4
"3214",20.0573514853656,26.0007569878924,4,4
"3215",20.5676395306485,24.2624729771422,4,4
"3216",19.448748570111,17.2198902605727,4,4
"3217",19.1672036827594,26.8018546204739,4,4
"3218",22.3812664450733,22.9153222972949,4,4
"3219",22.2124654260684,14.4966729179931,4,4
"3220",22.7392349885649,12.5408976737603,4,4
"3221",20.7459133500275,19.4497879564098,4,4
"3222",17.6193536646326,24.1933690387592,4,4
"3223",21.8108118323282,19.3476685022831,4,4
"3224",17.7583987148177,23.4484313234748,4,4
"3225",21.2717728152489,16.7655759073609,4,4
"3226",19.0348794966196,24.967773396335,4,4
"3227",19.0770476172112,25.4982734578751,4,4
"3228",19.8980877724671,19.748120935443,4,4
"3229",17.9122069180694,28.4263506152323,4,4
"3230",18.1994844904505,20.738564124899,4,4
"3231",20.1187674220843,23.5156476148963,4,4
"3232",18.2237426764148,21.5983916114566,4,4
"3233",17.4139280450451,22.2776813500363,4,4
"3234",20.042240687609,15.8633691030555,4,4
"3235",20.0643410947712,27.648827439754,4,4
"3236",19.7623169748383,21.4031753467722,4,4
"3237",20.4587978353381,19.5796220120909,4,4
"3238",20.8197247083369,23.769842669671,4,4
"3239",21.6518871989384,22.9001640183472,4,4
"3240",21.1797107296688,19.4938666794269,4,4
"3241",19.338836471069,24.4841782020652,4,4
"3242",21.4890720774853,19.5283920637456,4,4
"3243",18.1221973740142,24.8077210070598,4,4
"3244",16.8974865124618,24.3855399611703,4,4
"3245",19.3147153474203,23.6130771557785,4,4
"3246",21.3858658648505,14.8426638492626,4,4
"3247",20.4083359774378,21.994827127039,4,4
"3248",18.5054160212433,23.6020153297663,4,4
"3249",22.6208561916545,13.5577702610838,4,4
"3250",24.1981198432126,12.4559093156594,4,4
"3251",21.458505954658,20.07439568419,4,4
"3252",19.4310902060947,22.6219294485163,4,4
"3253",19.6460300132012,23.5334006567122,4,4
"3254",22.5452582865032,19.5857774662811,4,4
"3255",17.0528768604485,28.3186001230467,4,4
"3256",18.501467275176,25.0511109304424,4,4
"3257",19.9608047532459,26.1327809479842,4,4
"3258",22.8714936540998,16.1485263078219,4,4
"3259",19.4356067545752,23.8594690640699,4,4
"3260",21.6926789947916,12.4745409053787,4,4
"3261",21.9339838256108,21.0433525136308,4,4
"3262",15.7776826964485,29.0145904466718,4,4
"3263",17.7810729560439,27.2644377822061,4,4
"3264",19.9826128525292,21.9562590189603,4,4
"3265",19.9010831903532,21.4682584439115,4,4
"3266",19.2334448811712,23.3181935047318,4,4
"3267",18.4356194246876,24.5471618225011,4,4
"3268",19.4481563391652,22.8946957546243,4,4
"3269",21.0024976529995,17.4485200383725,4,4
"3270",20.2182110465765,21.8712030102674,4,4
"3271",20.8558422888209,16.1666827079095,4,4
"3272",19.0572225127745,23.9901248109812,4,4
"3273",17.7043524123216,26.1882346118113,4,4
"3274",19.409255713243,24.7528850456101,4,4
"3275",20.9960182199054,23.4304434225787,4,4
"3276",19.6878748606615,20.7414403517774,4,4
"3277",20.1050420953594,20.135918785138,4,4
"3278",19.4640335008933,21.2151584969054,4,4
"3279",20.6547730811529,20.8031039749606,4,4
"3280",19.6971115173791,22.7606647461412,4,4
"3281",15.3406323958811,27.9226998701251,4,4
"3282",18.8836844685799,24.4704719180864,4,4
"3283",18.2056083384413,29.4511969014027,4,4
"3284",24.0693726936417,14.2860391284087,4,4
"3285",20.2961127926993,15.4388025059197,4,4
"3286",20.663921774344,17.7212966915057,4,4
"3287",22.4623271842802,21.8789864891772,4,4
"3288",18.6556856506217,24.4093331936471,4,4
"3289",20.5214366425142,18.1161157482108,4,4
"3290",21.6512153332294,21.3334380477859,4,4
"3291",19.8956597998538,25.9038297417271,4,4
"3292",18.613869842428,23.9355774259884,4,4
"3293",20.7872883875647,16.2182984564725,4,4
"3294",17.0068004604026,26.277804524596,4,4
"3295",17.4239441731919,28.6802252433338,4,4
"3296",18.1403480059504,25.4026827616131,4,4
"3297",21.1447363860024,21.6218969916211,4,4
"3298",18.3137000236349,28.4962085111958,4,4
"3299",18.8281306853683,22.5961466478897,4,4
"3300",21.3581696107137,11.4843824989352,4,4
"3301",17.2376026038488,26.3450090177275,4,4
"3302",23.4317787605766,21.424835317228,4,4
"3303",22.1915139405895,18.9115408128493,4,4
"3304",15.8903711438357,28.2304337281684,4,4
"3305",22.0260039924845,15.7315713787841,4,4
"3306",20.1431088666011,20.7799621592705,4,4
"3307",18.3681813679276,27.6715921236921,4,4
"3308",21.320183064314,14.5900864469165,4,4
"3309",14.4039905883555,26.2911984305662,4,4
"3310",23.774641832533,17.401028952626,4,4
"3311",18.8791740368762,18.7880516338357,4,4
"3312",18.921367175103,29.051741963178,4,4
"3313",15.6033593473657,27.612786149807,4,4
"3314",21.2353421058977,23.472623349565,4,4
"3315",20.9264978276115,20.4067691271429,4,4
"3316",21.6555859519948,21.3326690084952,4,4
"3317",21.1682757248814,22.5448349891387,4,4
"3318",20.7513823230436,20.5410561600992,4,4
"3319",22.0121183741145,20.7875851565842,4,4
"3320",17.6567040946588,24.4174939147473,4,4
"3321",23.2930904051893,20.6322459603766,4,4
"3322",22.9671241343534,15.1840711069967,4,4
"3323",21.5867101750967,17.1429019392383,4,4
"3324",18.9820291441896,25.3803884653962,4,4
"3325",17.6512083434156,22.5430519058854,4,4
"3326",22.0084232176634,19.2999683255891,4,4
"3327",19.9601765277864,24.5721739058161,4,4
"3328",22.2171450730857,22.3181088922666,4,4
"3329",21.0352595501478,21.3252357592467,4,4
"3330",20.8761197021952,21.8028842664182,4,4
"3331",18.4168143475485,25.0905270482049,4,4
"3332",20.940029964421,17.6199181607306,4,4
"3333",21.8303923705271,14.0690796292713,4,4
"3334",19.0388758679658,26.5102055252513,4,4
"3335",22.1271519352237,20.3559028700308,4,4
"3336",18.2847140597715,27.1680881666697,4,4
"3337",17.5492879498047,25.472907571942,4,4
"3338",20.5117537305325,25.2916076293962,4,4
"3339",20.1350850859423,19.4245951506855,4,4
"3340",18.754793417809,23.4632883454801,4,4
"3341",19.8985753148857,19.99098543495,4,4
"3342",19.7898813003105,23.143404209331,4,4
"3343",16.1865035050789,25.5979900986178,4,4
"3344",19.8803715443775,22.6764671614695,4,4
"3345",22.0411463284433,22.3460458776842,4,4
"3346",20.0494984919549,23.059995018255,4,4
"3347",22.9449352550928,20.1654654557986,4,4
"3348",22.0628811808844,20.863731862037,4,4
"3349",20.130349446292,20.3093503200276,4,4
"3350",22.4019777486109,19.9879037893059,4,4
"3351",21.170962636615,20.5274668868207,4,4
"3352",20.7508801379206,21.307655065287,4,4
"3353",22.1442668001107,22.6611585603364,4,4
"3354",19.0371864819396,25.0147374011176,4,4
"3355",17.6248836038401,27.0404597370659,4,4
"3356",20.0337815068685,24.1978339944903,4,4
"3357",18.6775091562073,24.9686549395531,4,4
"3358",20.7684187546882,21.7246454123041,4,4
"3359",20.0484774832477,22.2643390465381,4,4
"3360",20.6433526415867,20.6700178910126,4,4
"3361",19.4435617897558,22.5295307084596,4,4
"3362",21.1828368082888,18.5362599313105,4,4
"3363",20.8390680207003,21.9066156065145,4,4
"3364",17.4247689397192,25.9053294845108,4,4
"3365",19.6613276449426,17.9956439892147,4,4
"3366",18.0978863521797,20.7595784447224,4,4
"3367",22.1580300649032,14.3358653069224,4,4
"3368",21.2755843778943,22.9276193567963,4,4
"3369",21.8842823683838,20.9720428798041,4,4
"3370",21.0180375015848,20.2381202554111,4,4
"3371",19.0907634537227,24.8537784208684,4,4
"3372",19.8897322869987,23.019628917471,4,4
"3373",21.8539981641208,21.6119461177397,4,4
"3374",15.0447948630632,28.2112263001954,4,4
"3375",21.119991148235,19.6173688839944,4,4
"3376",20.4472705979154,16.7895888970476,4,4
"3377",24.2499169912773,22.321034110747,4,4
"3378",23.9992403007142,14.9956822416959,4,4
"3379",18.3201589272725,20.1069358709485,4,4
"3380",20.8721582802763,15.8446802428889,4,4
"3381",22.723033452985,19.7391869674081,4,4
"3382",21.0847042712405,20.2635365102299,4,4
"3383",18.8529285771115,20.5983229143898,4,4
"3384",22.318110203308,17.3075316945921,4,4
"3385",17.6714167616741,25.6109531468775,4,4
"3386",19.8833135216789,20.3226970531296,4,4
"3387",22.3465999697476,18.8742717626841,4,4
"3388",20.7477933280062,21.2575641491343,4,4
"3389",22.7442522070567,15.9086811403351,4,4
"3390",19.5417742061053,23.6699906982263,4,4
"3391",25.27368254204,17.0294093649474,4,4
"3392",21.5178979451051,20.385982455274,4,4
"3393",21.3104968457285,12.7775246864813,4,4
"3394",24.3416627019394,20.4759329664346,4,4
"3395",21.6324582704568,20.3377696949113,4,4
"3396",22.9522711263161,19.0816852285223,4,4
"3397",19.5867030961976,20.6377644231631,4,4
"3398",19.7930975555177,23.9046641565101,4,4
"3399",19.2194649184927,23.2506580995204,4,4
"3400",20.91302341708,16.5842467345341,4,4
"3401",22.4488111768269,21.0536901082063,4,4
"3402",20.4415341872229,21.9768020382046,4,4
"3403",20.2710608758963,22.5784557667524,4,4
"3404",19.3707807763422,20.5002939416304,4,4
"3405",23.8910270682229,13.1637095607277,4,4
"3406",24.7559275254065,16.4421966519847,4,4
"3407",20.4794001858795,22.6469733342336,4,4
"3408",19.3281334018658,22.8811962491805,4,4
"3409",17.6535318739915,18.3274127137185,4,4
"3410",19.191689411394,21.7904061492232,4,4
"3411",17.0283327519829,26.8137635456788,4,4
"3412",18.0519430190446,22.3381795161476,4,4
"3413",20.1203248754947,25.2413967743462,4,4
"3414",21.1702272766025,18.4405043265507,4,4
"3415",18.8316477481861,22.6601807601284,4,4
"3416",17.9817971488558,20.0088860794919,4,4
"3417",21.7999515184283,18.2707772655539,4,4
"3418",23.216760353572,13.3012984164152,4,4
"3419",20.2324828068134,25.0723603042126,4,4
"3420",19.3240740126457,21.4600896519077,4,4
"3421",22.1136870566766,19.0315702256193,4,4
"3422",23.0235104915941,17.2264177885,4,4
"3423",19.3303284425823,22.9451869176732,4,4
"3424",22.5310721635891,13.8978953956199,4,4
"3425",20.4289327059584,23.3003069261837,4,4
"3426",14.3613065909735,31.8770528909789,4,4
"3427",21.0416153725874,21.2322607507773,4,4
"3428",20.9983005279611,22.870364239949,4,4
"3429",21.5455912371112,26.291569707433,4,4
"3430",20.0818709310097,22.5978333627097,4,4
"3431",22.9774918751877,19.3252970075229,4,4
"3432",22.7059440632398,18.4374925165174,4,4
"3433",19.4257458841395,24.8019033201877,4,4
"3434",20.4781334438208,20.1294497798894,4,4
"3435",17.487208117206,22.2443382472288,4,4
"3436",19.3260090278109,24.1342601409076,4,4
"3437",18.1844528394136,23.6764207369813,4,4
"3438",20.2128557560471,19.6477303354247,4,4
"3439",20.3905384664269,21.2764129905398,4,4
"3440",21.8988633482148,20.747642974913,4,4
"3441",17.3954691961732,29.0498947207692,4,4
"3442",17.1862531835291,25.0218776637065,4,4
"3443",18.6889520023813,20.8678752212271,4,4
"3444",22.5127374400881,23.9421469247227,4,4
"3445",19.4126610586971,31.5636071376822,4,4
"3446",18.4040057329388,25.0674867345746,4,4
"3447",18.9150857266501,26.1489769516104,4,4
"3448",18.4225973528259,24.0771176210698,4,4
"3449",16.203834976864,23.2796750502576,4,4
"3450",21.8458419243586,17.9964567621212,4,4
"3451",18.8198465955883,26.7376439869813,4,4
"3452",20.0837519967816,19.0362448257011,4,4
"3453",23.1019482320308,10.2296043934758,4,4
"3454",17.3121106581789,30.0986786018353,4,4
"3455",19.851174587362,23.1637675703709,4,4
"3456",20.6701134223009,27.0030630602056,4,4
"3457",20.3623944062484,20.7670936524461,4,4
"3458",21.5956772887434,18.3080502169859,4,4
"3459",18.1853189381297,27.9534486147614,4,4
"3460",19.41589821197,18.3423300476322,4,4
"3461",20.5032974891369,22.0924218465093,4,4
"3462",20.0610269123362,20.5554046946597,4,4
"3463",18.4752439784866,24.9805354890503,4,4
"3464",21.1798464831376,20.6520564287431,4,4
"3465",20.454937206234,18.884815777061,4,4
"3466",21.5857914332271,16.8623238281486,4,4
"3467",20.4983006933053,22.1569355891435,4,4
"3468",18.3382176659102,21.5255400848627,4,4
"3469",24.4057564470952,18.0009794624641,4,4
"3470",21.2002395903907,23.2327602942079,4,4
"3471",20.2431449018254,24.5620963438944,4,4
"3472",21.3527503989636,20.1355700176025,4,4
"3473",21.1083014380333,18.9801294729826,4,4
"3474",18.6932129225217,27.1342684457677,4,4
"3475",19.3013894301622,23.2374147729717,4,4
"3476",20.5252657998107,18.8663123065443,4,4
"3477",18.5161642840157,24.8288543228969,4,4
"3478",18.9658882278669,26.738673324123,4,4
"3479",24.5466218857163,18.5966023863744,4,4
"3480",20.6362103202974,23.0918650422572,4,4
"3481",20.153988524998,23.3856804158423,4,4
"3482",20.7619223063752,18.7014664431375,4,4
"3483",20.3866661418014,21.6663803668331,4,4
"3484",16.5968679883995,21.7127437592478,4,4
"3485",22.9743652600745,21.2892222298261,4,4
"3486",19.7702676978394,22.6029356502724,4,4
"3487",18.9596069748564,23.2724445058763,4,4
"3488",18.3394333119921,25.1820141850792,4,4
"3489",22.1123881706511,16.1307579337705,4,4
"3490",19.449596744035,25.6507923892308,4,4
"3491",24.7456971710025,15.4389329032496,4,4
"3492",18.0063415985444,22.1680742975572,4,4
"3493",20.460113361122,23.249979087566,4,4
"3494",23.0563457867762,17.9106332145269,4,4
"3495",21.3788058249505,21.7309096297618,4,4
"3496",18.4417057716441,24.6625240550916,4,4
"3497",20.662697710873,18.0759506577822,4,4
"3498",20.2414715008235,17.3168006122493,4,4
"3499",19.195499777155,21.0023066857762,4,4
"3500",21.2962645085773,18.8579078164887,4,4
"3501",17.684668665745,22.7830199160713,4,4
"3502",22.2318653309952,18.8006508485378,4,4
"3503",19.7672396214466,15.3719383443403,4,4
"3504",21.7915688786345,19.9250545059209,4,4
"3505",20.9495420882622,18.1672168907411,4,4
"3506",20.9045108701443,22.1218425656272,4,4
"3507",20.9410395920402,22.1877045876659,4,4
"3508",17.984630451406,27.3546346103804,4,4
"3509",23.3716357497879,18.4670243504819,4,4
"3510",21.2064081548683,16.2643136872036,4,4
"3511",19.8099291091788,21.2409685392361,4,4
"3512",18.3449741648403,25.8940562018629,4,4
"3513",22.525334506108,25.3524385390654,4,4
"3514",19.0571560616721,23.2012746796392,4,4
"3515",16.1382917628215,30.4313930201812,4,4
"3516",19.5946815551187,21.6115318454635,4,4
"3517",18.9414552883297,20.8652089511382,4,4
"3518",21.7216549412038,21.1679742564749,4,4
"3519",19.8934117933344,20.453735817149,4,4
"3520",18.3678454370165,23.5400676038514,4,4
"3521",20.5790367823793,30.6922648286721,4,4
"3522",21.3912729309604,19.9226077908728,4,4
"3523",19.8913807891732,22.3462413822464,4,4
"3524",18.6566437528238,18.990013882923,4,4
"3525",21.0016569215924,21.7251927925079,4,4
"3526",20.5142190915343,23.3018764954611,4,4
"3527",18.8987587158712,16.9198980770923,4,4
"3528",18.7061018221121,25.4262739063289,4,4
"3529",19.761380681797,20.0263800084563,4,4
"3530",21.8303074375155,17.3189964055438,4,4
"3531",21.1309849138104,17.934143181175,4,4
"3532",17.9600122282195,25.5620822111271,4,4
"3533",19.5209207913125,25.2338119029876,4,4
"3534",16.500332506573,26.6193372642885,4,4
"3535",21.1826488175393,21.480913148997,4,4
"3536",23.66113036116,20.4604538273494,4,4
"3537",17.4458126436464,23.4854659605325,4,4
"3538",22.9705329818406,17.2187192695083,4,4
"3539",18.6548097753406,22.1981111725693,4,4
"3540",17.3659085331197,30.2566720354745,4,4
"3541",20.789442008525,23.8786015157375,4,4
"3542",20.6372684448174,18.8368027321162,4,4
"3543",22.4446324565851,19.6619428491837,4,4
"3544",18.7679408952636,20.4469310055962,4,4
"3545",20.8762469485903,18.9131894410292,4,4
"3546",18.9448036297331,24.5980634026301,4,4
"3547",18.1589366852187,23.3143410285036,4,4
"3548",17.4755150352947,27.7822513879758,4,4
"3549",19.8131179216018,18.733398983914,4,4
"3550",22.8704800161908,22.6679888966507,4,4
"3551",19.5197290129725,25.5376834580281,4,4
"3552",19.1401445702733,25.9966666233753,4,4
"3553",17.8291732062469,22.2628982434528,4,4
"3554",19.3181188225929,27.8164263434685,4,4
"3555",23.1641875540086,18.2724273686982,4,4
"3556",22.1895542173585,18.3184780279938,4,4
"3557",19.4475676876196,25.0594037664444,4,4
"3558",19.6488722300567,22.3429566828321,4,4
"3559",18.0491040539759,25.6026697891657,4,4
"3560",19.6097203835706,18.8997330573616,4,4
"3561",15.5877195156799,27.2756466605406,4,4
"3562",20.3235545984393,20.1401831139664,4,4
"3563",21.0036386543255,21.4333188606029,4,4
"3564",18.600216671751,25.288497992602,4,4
"3565",18.8174211265296,24.3725702040779,4,4
"3566",19.7851517871258,22.7603568313806,4,4
"3567",19.2225271381452,20.0096517024761,4,4
"3568",21.8299669338696,20.8227270233652,4,4
"3569",22.4188835315528,22.3274585138277,4,4
"3570",18.9175055126342,22.7347931181181,4,4
"3571",18.8824373143203,24.5757950108592,4,4
"3572",21.5567934844928,19.4407967765832,4,4
"3573",22.5504624896037,16.4442865753596,4,4
"3574",19.3525061473917,24.9039075450061,4,4
"3575",20.4687219905673,20.7764633300571,4,4
"3576",21.914939831083,18.4223458239072,4,4
"3577",17.6513427046978,30.8148279162385,4,4
"3578",22.9051223979078,24.1105866894423,4,4
"3579",16.9762048732644,29.7685277789715,4,4
"3580",22.2576519683832,18.9147358976146,4,4
"3581",16.5431457267351,28.314710865695,4,4
"3582",17.610388212179,23.8520128428029,4,4
"3583",20.6897073548299,16.3598549965472,4,4
"3584",17.0629523167962,23.0967003234389,4,4
"3585",20.5048666984728,17.8298219374662,4,4
"3586",18.8321602032292,26.3352499336157,4,4
"3587",19.6440706933434,25.0629661494904,4,4
"3588",25.3502968181926,14.370796056953,4,4
"3589",19.5449629868186,24.0341006178462,4,4
"3590",17.7188716677829,26.1152273097534,4,4
"3591",20.4201167058881,17.9800514588306,4,4
"3592",20.1927475587014,23.8851332363141,4,4
"3593",21.2837943807838,25.0370421382556,4,4
"3594",21.4257594515142,16.5657696763096,4,4
"3595",21.419582045988,24.3276866194191,4,4
"3596",19.9019926269852,22.5445828250473,4,4
"3597",20.6392343690859,20.8670028387207,4,4
"3598",20.9599506615073,20.2291643331451,4,4
"3599",18.8265183306209,23.2571335665783,4,4
"3600",19.4097326742771,24.5760121651118,4,4
"3601",19.1556160961748,23.527277319453,4,4
"3602",24.1298317712951,17.6722288160432,4,4
"3603",21.0836543243101,23.9344512077842,4,4
"3604",18.8374188421719,23.6837997725314,4,4
"3605",20.6089984372355,24.4986162384633,4,4
"3606",20.9042015032253,21.6279132309195,4,4
"3607",21.8693673722388,22.6118635449046,4,4
"3608",17.1018979485649,26.3551791309479,4,4
"3609",21.1323370260223,21.8884979208571,4,4
"3610",21.6304043055721,20.372407096462,4,4
"3611",19.1635041224518,18.9779082543295,4,4
"3612",17.2186583166253,23.3124969980426,4,4
"3613",20.5793912235533,20.3922205619985,4,4
"3614",16.7450332085294,25.1681584917337,4,4
"3615",20.6794529325705,22.8480748364966,4,4
"3616",21.6708803676037,19.2737767474564,4,4
"3617",19.5935197541527,25.531998841688,4,4
"3618",24.1239837974445,14.7234582026212,4,4
"3619",18.9628920304551,21.8901265313193,4,4
"3620",19.7210909668998,25.6787943206097,4,4
"3621",18.2646428999186,20.8792085219244,4,4
"3622",20.049000042247,16.4010775471085,4,4
"3623",21.2634342350363,21.9977877053014,4,4
"3624",20.1403438325742,23.5770417946289,4,4
"3625",19.2664185585755,24.3998684171796,4,4
"3626",18.8795110183397,22.2225838440015,4,4
"3627",21.8789462747264,20.810075250652,4,4
"3628",19.2991465535625,22.5590470445467,4,4
"3629",18.5675436771469,19.060236123719,4,4
"3630",20.1077699398329,25.7345299351294,4,4
"3631",20.4521552010612,21.2074496573159,4,4
"3632",21.2457376409795,19.1619518866084,4,4
"3633",18.3003750709613,24.5899027984484,4,4
"3634",19.8652479024229,22.2676736793222,4,4
"3635",19.9293567496424,24.1093982783591,4,4
"3636",20.3517703513672,23.8155475528281,4,4
"3637",18.205944825652,17.1482948695697,4,4
"3638",21.1939918371236,21.9512908244896,4,4
"3639",21.6056732404334,18.6418942658602,4,4
"3640",17.5958891141916,25.825198492582,4,4
"3641",20.5080213852954,19.1104118544309,4,4
"3642",18.545770115242,25.2567805691956,4,4
"3643",16.8653521037605,25.2601937899908,4,4
"3644",19.0484597127579,27.1146704735771,4,4
"3645",22.1540001200049,16.1520178187143,4,4
"3646",17.9315173458832,25.0622625474818,4,4
"3647",21.0388872357229,22.3330638561515,4,4
"3648",18.9807458363151,23.3239568397407,4,4
"3649",20.5723639710234,18.4191442823923,4,4
"3650",19.9615547472037,22.7388155269162,4,4
"3651",24.2224777380648,13.6903558439663,4,4
"3652",16.2352669519388,26.6378867169529,4,4
"3653",19.7796606517167,24.0784445967036,4,4
"3654",21.0390453756816,19.3668985143924,4,4
"3655",19.6957267552936,25.2177704143463,4,4
"3656",20.055061559898,13.9474569127783,4,4
"3657",21.7827601681126,20.9444893464982,4,4
"3658",21.06499860563,18.0475721106629,4,4
"3659",19.9414150731298,20.4281609825236,4,4
"3660",21.9281644805163,20.7234759788721,4,4
"3661",18.7665111820961,20.9005042256222,4,4
"3662",19.6835081461684,28.2738301596099,4,4
"3663",18.7651740966452,22.1449756303163,4,4
"3664",18.3131171972432,25.9783859041534,4,4
"3665",20.4528629506466,19.0078222758123,4,4
"3666",19.089301552594,27.2151565274974,4,4
"3667",20.7999966165815,23.1395423160671,4,4
"3668",21.3014662722813,23.6467250130439,4,4
"3669",21.7659614067429,24.5682271267138,4,4
"3670",18.5728171094059,24.0924177521951,4,4
"3671",20.1203527544969,19.3734735609037,4,4
"3672",17.0747536315222,20.5371893274387,4,4
"3673",21.537032868175,19.2228961445386,4,4
"3674",19.5392656018085,23.9778098786657,4,4
"3675",20.7997648929072,21.1038135207305,4,4
"3676",20.8711453094269,18.9893796816943,4,4
"3677",21.8675749000203,23.0811467462442,4,4
"3678",20.7552623001489,16.6112560896274,4,4
"3679",21.16950919636,20.5064902694997,4,4
"3680",21.307183896444,17.4527452849715,4,4
"3681",20.2500262950859,21.7291162433481,4,4
"3682",21.4298189881174,24.3629960629162,4,4
"3683",23.1328040696014,20.1353281436325,4,4
"3684",19.0665391867642,22.8014790028155,4,4
"3685",18.6208305010336,22.4124105534942,4,4
"3686",20.2052364895582,22.7548892140616,4,4
"3687",19.7594957844496,25.8691515415309,4,4
"3688",22.803804748073,18.773051568419,4,4
"3689",21.7125005272653,20.3254878329571,4,4
"3690",17.4849075202258,30.3433855052177,4,4
"3691",17.9909206445864,27.0557617228027,4,4
"3692",25.1860724243681,17.043337746769,4,4
"3693",18.0128052821358,22.531047655652,4,4
"3694",16.1861797979755,28.9053501765731,4,4
"3695",21.4651575062061,13.759374172883,4,4
"3696",20.7894623065962,21.5832594541961,4,4
"3697",23.079849549169,18.1807546199246,4,4
"3698",17.5164835300632,23.4011623387126,4,4
"3699",17.8645133170333,25.4307402033363,4,4
"3700",21.838246047153,17.9763205805098,4,4
"3701",20.9152959773899,23.380597284707,4,4
"3702",19.1914246865064,23.6800517245523,4,4
"3703",20.7298458751033,21.0918400242181,4,4
"3704",18.0691137962292,21.9378860123575,4,4
"3705",19.2416435780187,22.9677843793201,4,4
"3706",19.4771029933229,22.6650283162284,4,4
"3707",18.6050427490582,21.6249535202905,4,4
"3708",19.2679971291134,24.0984147666214,4,4
"3709",16.7372206436213,27.7489815891012,4,4
"3710",23.9139454438113,13.7291370382212,4,4
"3711",16.4775157981925,31.4623444164412,4,4
"3712",17.698980111075,23.4683782353206,4,4
"3713",20.642854077729,22.1472642047439,4,4
"3714",19.2934762619677,19.6918988749468,4,4
"3715",19.6403899104729,22.3065469443025,4,4
"3716",22.3641097019083,23.4618330630719,4,4
"3717",21.2536890078899,20.0922963724302,4,4
"3718",21.4073334443717,17.5763854343452,4,4
"3719",17.3428381883532,24.6681419627104,4,4
"3720",20.8813428500257,24.4557018663974,4,4
"3721",22.1497902731464,17.8597766038819,4,4
"3722",22.2018411038058,22.9771720674105,4,4
"3723",17.4886859463034,26.129494541591,4,4
"3724",18.6553482358633,24.6057766206608,4,4
"3725",19.8703024167773,20.9781515411298,4,4
"3726",18.9615521396546,27.2325728461951,4,4
"3727",21.791759191112,20.8077229480867,4,4
"3728",16.1973841513645,24.7500609033114,4,4
"3729",16.8691111674066,25.9650755898077,4,4
"3730",18.1650036588613,23.562405367913,4,4
"3731",19.2599865844584,26.3432151540034,4,4
"3732",16.056436187799,24.4598462822984,4,4
"3733",19.2851638278825,20.8957331828492,4,4
"3734",17.7756193352321,25.9285059778367,4,4
"3735",18.171788518385,23.2004036884514,4,4
"3736",21.0393528496351,23.7777124601217,4,4
"3737",23.6638954194045,17.5754220587062,4,4
"3738",22.4834507217931,19.4110400302927,4,4
"3739",20.8665580099322,22.5757211168144,4,4
"3740",20.165566951829,20.0736027329217,4,4
"3741",17.8474724571634,21.95832607236,4,4
"3742",20.7320133167468,20.7040681573897,4,4
"3743",19.9866351879741,24.1760599835388,4,4
"3744",19.0467095546997,23.8776747526172,4,4
"3745",14.1131229389332,31.3463906784808,4,4
"3746",20.8218405601529,23.7165994385559,4,4
"3747",18.7122012692395,24.5448847118488,4,4
"3748",21.2783852106883,21.4428399745804,4,4
"3749",18.2107497956404,23.7042414582799,4,4
"3750",19.4756129368501,26.0848893380342,4,4
"3751",19.9156304937654,21.3829116808745,4,4
"3752",19.4194168164583,20.5420368142995,4,4
"3753",19.9513716354165,20.5255908588026,4,4
"3754",19.4092675166221,22.2952141303201,4,4
"3755",20.518034938725,18.6558869222035,4,4
"3756",21.973565942893,21.9906850315951,4,4
"3757",20.5285876890135,26.8932976530172,4,4
"3758",18.3919868163458,19.5343399958219,4,4
"3759",18.7775833335811,22.1338603212064,4,4
"3760",21.849876243567,18.8652737343646,4,4
"3761",18.2659796318577,23.8000724861473,4,4
"3762",18.4545008206567,25.3134201342556,4,4
"3763",21.7603711326995,20.7854379492907,4,4
"3764",19.3568168624131,20.7382946897684,4,4
"3765",15.9171509739709,27.6545810092967,4,4
"3766",22.6550953818327,15.8215241527467,4,4
"3767",17.2676046357602,29.0596162530338,4,4
"3768",19.580939803402,22.0774608806141,4,4
"3769",21.0987548528844,18.7930311614459,4,4
"3770",19.6332844627763,21.6144565927202,4,4
"3771",21.6523502777671,19.12100351686,4,4
"3772",19.4906833507616,26.1280667461366,4,4
"3773",19.4971308048609,22.062463830164,4,4
"3774",20.5678638434792,21.887326546208,4,4
"3775",15.837491533167,31.314991649564,4,4
"3776",21.9319537681286,22.3882649748427,4,4
"3777",19.5345774294955,22.5815936341825,4,4
"3778",24.5093914799596,17.8134923575989,4,4
"3779",19.5682437470325,16.1001415406267,4,4
"3780",18.938459205273,24.6278099382155,4,4
"3781",18.6715901144505,27.4515025826805,4,4
"3782",20.9411854512218,20.1284417025706,4,4
"3783",19.7554682723166,23.2004382045725,4,4
"3784",20.203724375951,26.034139456221,4,4
"3785",18.9763013910276,21.6128605459696,4,4
"3786",17.4453921621547,24.7089032692477,4,4
"3787",20.267776075629,22.1734791688863,4,4
"3788",21.2962192585145,18.065657939484,4,4
"3789",18.765671066055,21.4036458889604,4,4
"3790",22.7733541700743,19.7874903398777,4,4
"3791",19.3137050620014,23.2902688295093,4,4
"3792",20.2345552685529,18.1529470152198,4,4
"3793",20.0074952641578,21.6081878830329,4,4
"3794",18.7791554294165,26.6678714040013,4,4
"3795",19.2301435001254,19.6494197163075,4,4
"3796",18.0007123830014,23.8775132121498,4,4
"3797",20.4737341680751,19.3048885320717,4,4
"3798",20.5699036215096,21.2990255373785,4,4
"3799",20.8771784330062,16.0722083927557,4,4
"3800",21.1700453985531,21.1170195620717,4,4
"3801",19.5284438154656,18.1723728611727,4,4
"3802",17.5031743657111,22.3485254680709,4,4
"3803",19.4102836209324,23.6056502257092,4,4
"3804",16.9426866913252,24.7554062940937,4,4
"3805",16.2510685916131,30.6886151339804,4,4
"3806",20.803970710356,19.0816868699849,4,4
"3807",23.7405187854248,17.3895652997091,4,4
"3808",20.8927521951534,17.4891323588625,4,4
"3809",18.7578848906011,21.2640067414614,4,4
"3810",24.5098263555781,16.8726097948775,4,4
"3811",20.7698488240621,19.9134084240896,4,4
"3812",18.7761804481674,21.8936926381599,4,4
"3813",15.5081628042051,31.6489482805932,4,4
"3814",21.532274988486,17.2318664649038,4,4
"3815",22.6201838534869,14.9320003505518,4,4
"3816",17.5270290073608,27.8981432138901,4,4
"3817",23.2640788074616,18.2406996060246,4,4
"3818",20.1602952041707,18.8356097285476,4,4
"3819",18.991574701173,24.8441810556383,4,4
"3820",20.4770935258305,15.7165919394759,4,4
"3821",18.7707990580424,21.3135225395021,4,4
"3822",21.8582330999036,21.8155541493667,4,4
"3823",20.8842449810667,17.937458284051,4,4
"3824",20.7249814196015,24.1065075069496,4,4
"3825",19.8063899179911,23.5293235715902,4,4
"3826",19.5943933684571,23.1960712424886,4,4
"3827",16.2644494242951,32.1114468387726,4,4
"3828",22.2010076667995,15.917952920975,4,4
"3829",17.0982557444183,27.7086828815166,4,4
"3830",18.4337510299041,21.5046262277867,4,4
"3831",19.9952228527835,17.0717389243848,4,4
"3832",20.7127405360649,21.6530245196565,4,4
"3833",19.2038364830924,24.272897931107,4,4
"3834",19.83428153846,29.7345441431809,4,4
"3835",21.7640043053381,15.3107848276389,4,4
"3836",20.7458494418647,23.6765148175664,4,4
"3837",18.7241855959003,21.9618753739892,4,4
"3838",19.0207350757409,20.042179503374,4,4
"3839",23.3518521110623,16.3038648635233,4,4
"3840",20.1010685454087,23.7176441674475,4,4
"3841",19.3426529463307,30.4096861873409,4,4
"3842",22.1767642854314,23.4765987103202,4,4
"3843",21.4277194181917,17.0579554513244,4,4
"3844",19.560184328944,23.386384122302,4,4
"3845",19.1114216242238,26.6198715570037,4,4
"3846",18.5642637450996,25.6302956728768,4,4
"3847",17.8818061243927,27.9099141203255,4,4
"3848",22.0390218751524,22.376603996974,4,4
"3849",19.7452770446279,15.2392920074482,4,4
"3850",20.7783549084195,18.7037656897507,4,4
"3851",20.006474873646,18.7210157493716,4,4
"3852",20.4926096645595,21.8895422771148,4,4
"3853",22.1733856721961,19.4327420752156,4,4
"3854",20.3978628876657,22.6903699289417,4,4
"3855",18.6587691884502,26.2958173994251,4,4
"3856",21.7972694852002,20.3400291281394,4,4
"3857",20.8365540596477,21.7256003927697,4,4
"3858",19.4112178804328,19.0098817761712,4,4
"3859",19.8353061708464,21.4719179086307,4,4
"3860",21.36930387636,16.5563248867184,4,4
"3861",20.6633357981351,18.7085009025378,4,4
"3862",17.1180035812606,26.3630059853842,4,4
"3863",19.6246103955075,22.1579361668911,4,4
"3864",24.100532938942,11.7402249975534,4,4
"3865",14.120010342899,26.9006675199878,4,4
"3866",21.631878251928,20.2705147668773,4,4
"3867",21.4045173172026,21.6478907173494,4,4
"3868",18.2002271148966,25.3327191973344,4,4
"3869",21.8011362194279,21.6332721426072,4,4
"3870",17.647906890025,21.295312804127,4,4
"3871",22.3752621459061,18.1742375580063,4,4
"3872",18.3859387930319,28.275608774478,4,4
"3873",22.8120175351877,15.1411346105231,4,4
"3874",17.3635805976523,25.4116712676937,4,4
"3875",19.8008870301764,22.7390109583823,4,4
"3876",21.0081295932069,18.8303631156033,4,4
"3877",18.1737839491828,25.2448906182556,4,4
"3878",18.0082109208811,27.6619112382506,4,4
"3879",19.1575672228738,24.26388216854,4,4
"3880",21.3874398302362,19.1486886629944,4,4
"3881",20.8280340812274,27.8025674911779,4,4
"3882",17.4381292675514,22.7536137206613,4,4
"3883",20.6337233029914,22.3559764544949,4,4
"3884",23.2515713252126,13.1425879520807,4,4
"3885",19.9989317962152,23.7666905854572,4,4
"3886",20.2515162900144,22.9931648648759,4,4
"3887",18.3190643437529,24.2916142254475,4,4
"3888",20.578866918622,22.7151161520772,4,4
"3889",21.4366466540489,13.7409194994598,4,4
"3890",19.2400352674984,19.1077532790784,4,4
"3891",18.3033057290902,29.4940428698771,4,4
"3892",19.1906555946559,24.3847660782962,4,4
"3893",19.1697861892444,27.6835949643524,4,4
"3894",17.6964033172398,22.3917453808946,4,4
"3895",22.4777306380569,19.6652119048476,4,4
"3896",22.7477144714462,20.4166124907371,4,4
"3897",20.8992895735927,23.9462710669606,4,4
"3898",22.4710574613143,14.7752801297573,4,4
"3899",23.7695492551303,17.3168251545172,4,4
"3900",18.3071409434568,22.6040274325834,4,4
"3901",16.9644340854218,28.5866911192963,4,4
"3902",20.8016811567101,24.4922977469105,4,4
"3903",17.7699132072888,25.207902836972,4,4
"3904",26.1485803516331,18.171122611063,4,4
"3905",21.5297240705765,20.6479359461682,4,4
"3906",17.1135486156305,25.7258951622383,4,4
"3907",21.5427937682804,20.2848953903416,4,4
"3908",17.6375069651849,24.9487461426499,4,4
"3909",20.3462149871974,23.3346430963365,4,4
"3910",16.7445788748356,21.7252544419745,4,4
"3911",19.604015782007,23.0181047296484,4,4
"3912",18.0700040671206,21.2557719073557,4,4
"3913",23.5010362772721,17.7781557335005,4,4
"3914",20.0351157161833,22.2968213176305,4,4
"3915",22.4765142511217,18.944199924262,4,4
"3916",20.4362743316664,17.5178984635802,4,4
"3917",19.9991113391463,23.7964773473802,4,4
"3918",21.3147192930424,19.4372893958585,4,4
"3919",20.2162249491545,17.948296527845,4,4
"3920",19.0304850438596,18.2939906606414,4,4
"3921",19.1445353952357,22.2380980174867,4,4
"3922",21.3554641015815,23.070851524243,4,4
"3923",16.1356390255128,24.4762668366061,4,4
"3924",18.3131335253619,26.710828268319,4,4
"3925",22.3903871269722,16.6764773338733,4,4
"3926",16.6083530971346,27.5725796748948,4,4
"3927",21.2858031350535,15.0356558782937,4,4
"3928",22.6032102418509,17.0282945726604,4,4
"3929",18.9597154951287,26.2645313504342,4,4
"3930",23.3312978577714,15.7763760954363,4,4
"3931",22.6623733252579,16.9604932348176,4,4
"3932",18.5950959703243,22.9203964007114,4,4
"3933",20.3117272950051,24.5895135453955,4,4
"3934",21.0864882022931,19.9066477336301,4,4
"3935",15.5057391800724,28.2147496359922,4,4
"3936",19.9474385910581,14.640381096499,4,4
"3937",23.777283186912,20.2933329086716,4,4
"3938",17.7427134429642,27.6879836508425,4,4
"3939",20.3105917661789,16.2872997247522,4,4
"3940",20.9451461955668,23.0954379836684,4,4
"3941",21.2263709230079,22.382875825204,4,4
"3942",20.8776457357418,19.5148647672547,4,4
"3943",20.2766179100886,24.191469900203,4,4
"3944",19.0716663753644,19.4692098708098,4,4
"3945",23.330076348159,11.9737823426295,4,4
"3946",16.1991066789686,24.0215585885566,4,4
"3947",22.0271258902006,17.9884800269898,4,4
"3948",18.5855503963082,27.7385775550485,4,4
"3949",20.2739518089126,25.2534807138782,4,4
"3950",20.735355529821,18.7429229195402,4,4
"3951",19.7094182832575,22.0898962479761,4,4
"3952",23.7344070356077,14.6606090264888,4,4
"3953",17.6205652948886,22.4114689718711,4,4
"3954",19.9347330868814,22.6905065472108,4,4
"3955",21.7253463917961,19.7345650718542,4,4
"3956",22.260340019036,20.9453468333533,4,4
"3957",16.8125652157774,26.5781021237452,4,4
"3958",22.8016800760455,14.0894009055542,4,4
"3959",18.8320770975501,26.9007147164055,4,4
"3960",19.7556049892388,23.5834586665321,4,4
"3961",20.3274624483141,23.9628843138966,4,4
"3962",20.7759923263578,17.1247838436487,4,4
"3963",16.8061987403564,24.7044981119112,4,4
"3964",20.4308631422979,20.2967235222718,4,4
"3965",22.7093740477645,17.0599870108583,4,4
"3966",19.8607338509337,22.7516515810817,4,4
"3967",21.5291314656094,18.341012635202,4,4
"3968",19.9660883992883,13.8630896132296,4,4
"3969",18.5506525520991,23.7823349004628,4,4
"3970",21.0429269972872,21.9585956614381,4,4
"3971",19.2282389227686,24.36402349901,4,4
"3972",18.7713398503537,24.2766779768825,4,4
"3973",22.2378010431273,19.3239835860879,4,4
"3974",21.4549778037961,21.9569436549606,4,4
"3975",17.5379315511178,29.7023988387461,4,4
"3976",17.2140014573589,24.1315986856738,4,4
"3977",22.0550346054362,22.8732744653423,4,4
"3978",20.1964544240889,21.2617160547058,4,4
"3979",18.6678309467338,21.1989673040976,4,4
"3980",19.6273389247984,24.0959492942709,4,4
"3981",20.8088941711238,23.0508947655523,4,4
"3982",17.9142605613176,21.8525127214049,4,4
"3983",17.2463924183173,25.7071440525547,4,4
"3984",25.1273575651263,14.2083717864759,4,4
"3985",20.7042847186746,26.0671651880241,4,4
"3986",18.1332570852754,23.2797105888761,4,4
"3987",19.1299677118902,24.7669330680519,4,4
"3988",21.1520519585554,25.2070985768707,4,4
"3989",20.2248597024232,19.016529125869,4,4
"3990",20.5189310921246,17.1702035623442,4,4
"3991",20.4916033584179,14.7079464076094,4,4
"3992",18.0775141594295,23.7110942630708,4,4
"3993",24.3387190183744,17.6659798385246,4,4
"3994",20.8687581684498,22.3871563349834,4,4
"3995",20.7576432915088,24.2238735616935,4,4
"3996",19.0605682631619,23.3003284385072,4,4
"3997",20.6929464491792,17.2146289679444,4,4
"3998",18.1052309036913,23.5571062346697,4,4
"3999",20.886995872639,19.523481932092,4,4
"4000",17.9384287777339,27.2164370751396,4,4
