"X1","X2","component","subcomponent"
"3001",23.1839540443271,35.185895813591,4,5
"3002",19.8752306308297,25.9762237417806,4,5
"3003",22.6279688523893,22.4541503724645,4,5
"3004",19.0518289252102,27.2773224861652,4,5
"3005",19.6566289065768,24.7012897117542,4,5
"3006",20.1620078415086,29.8324024509689,4,5
"3007",24.1734317427981,35.063985404472,4,5
"3008",18.2231802150784,20.3769982135769,4,5
"3009",19.9467069356325,24.576809711784,4,5
"3010",21.4919487670194,28.8922952838039,4,5
"3011",20.3683893349484,30.5942190180001,4,5
"3012",22.0598236546826,29.7881682742392,4,5
"3013",20.8851429405847,23.7067386825588,4,5
"3014",21.2224523324109,31.824767197086,4,5
"3015",19.9115166461478,27.049315460263,4,5
"3016",22.2808303911035,30.7273096323303,4,5
"3017",20.6420691753998,28.3413068840272,4,5
"3018",20.5665048629473,27.4511721371617,4,5
"3019",21.0329894212888,27.4471431890004,4,5
"3020",20.3972090097299,28.5144852247951,4,5
"3021",22.0860851340424,33.8491157297411,4,5
"3022",22.0009146988887,30.5627231468889,4,5
"3023",21.7163626637899,27.4952002065362,4,5
"3024",20.1815156122106,27.9793901897451,4,5
"3025",21.3467333007747,32.8236646258571,4,5
"3026",22.1973451671453,29.0585351380378,4,5
"3027",17.4761203596614,23.4757261123338,4,5
"3028",21.0528562833729,28.2382314422048,4,5
"3029",22.8639608480633,33.9617933216813,4,5
"3030",21.109395657165,27.350897962977,4,5
"3031",21.5766060292002,32.9141712801375,4,5
"3032",19.3690611695893,33.7735546825338,4,5
"3033",20.9641769821693,32.4750023568617,4,5
"3034",19.0793676474966,29.0041742832869,4,5
"3035",21.6487461467401,31.2233591778399,4,5
"3036",20.7990277719013,30.2146144331272,4,5
"3037",20.3199089776947,26.1908076716315,4,5
"3038",20.8222708967615,23.3206794084498,4,5
"3039",20.2261452550484,30.1283617625656,4,5
"3040",22.3596438845162,36.1004033111309,4,5
"3041",21.4723998561537,28.3099217689409,4,5
"3042",20.9689612983603,26.9228837491387,4,5
"3043",21.9620446122096,26.6732916882993,4,5
"3044",19.914489803503,27.3731231849496,4,5
"3045",23.0140146365434,34.9183545206853,4,5
"3046",20.1707286201885,26.7853694447137,4,5
"3047",21.0353175104638,31.3769247725376,4,5
"3048",21.5426839536146,32.0585824595942,4,5
"3049",24.3484990530723,39.3327397440595,4,5
"3050",21.6139618370121,28.9072776279708,4,5
"3051",21.0479079587326,30.2203728894622,4,5
"3052",21.5365918824587,34.2948623224705,4,5
"3053",19.3789533043136,23.312219162755,4,5
"3054",22.8346287810282,31.4015481383268,4,5
"3055",22.8615297456299,36.194524637728,4,5
"3056",21.747503099425,29.0717931934847,4,5
"3057",20.0054900627514,24.2293685636185,4,5
"3058",23.303850769318,29.1970983528242,4,5
"3059",21.3303225716555,35.0631726167722,4,5
"3060",20.4035216794974,26.2219174279378,4,5
"3061",21.5230772819281,33.1282086043591,4,5
"3062",22.1011251375976,26.7189475172508,4,5
"3063",20.2105125109676,24.5078054349891,4,5
"3064",21.1490268792179,27.9940482098318,4,5
"3065",22.0143933253123,31.5761526915419,4,5
"3066",20.891671603408,28.1311111099116,4,5
"3067",19.1113532014255,28.230366213078,4,5
"3068",18.7488328788242,29.1138389568777,4,5
"3069",21.8843066914578,31.6448841950556,4,5
"3070",22.8906090409677,37.9104697724797,4,5
"3071",21.1456985286747,31.6136982563924,4,5
"3072",20.9855906622131,29.1544026463051,4,5
"3073",22.1867361898645,30.2820406492387,4,5
"3074",21.6508252106759,27.3477859477473,4,5
"3075",22.362895288678,40.4834007697905,4,5
"3076",25.4518161241897,37.3681077229329,4,5
"3077",21.4166364338793,32.0788025988619,4,5
"3078",20.326879807873,27.0394433397956,4,5
"3079",20.2110115467602,24.6312917977005,4,5
"3080",21.7853427477723,33.6837609332818,4,5
"3081",22.3778373654862,33.9373662809692,4,5
"3082",23.3853823417952,32.8406687458451,4,5
"3083",20.7837961826626,28.4757864536675,4,5
"3084",21.0201709815908,35.9565504244032,4,5
"3085",19.480220463942,28.1016895695682,4,5
"3086",20.0023255514851,32.7982917041878,4,5
"3087",18.4651893340485,19.9571598388863,4,5
"3088",21.1353329309768,27.4920133069226,4,5
"3089",21.709223426196,24.6016951528537,4,5
"3090",20.058538356703,27.9048469325972,4,5
"3091",21.056509628016,36.13209374075,4,5
"3092",21.2520636918119,31.7368252692415,4,5
"3093",22.6314958175494,32.6858705405168,4,5
"3094",21.9375162573394,28.0159832485588,4,5
"3095",20.2261070406657,30.0727253790664,4,5
"3096",21.314477032897,35.3744796101977,4,5
"3097",19.4141348840517,27.4288960019872,4,5
"3098",20.6337326012392,30.2123828485889,4,5
"3099",19.810623750762,19.9149829283943,4,5
"3100",22.5676309863611,33.616655334822,4,5
"3101",19.0582038215061,31.0826784769216,4,5
"3102",20.8972897789335,28.155767462301,4,5
"3103",20.2693585418853,33.5406266664351,4,5
"3104",21.0208287346361,29.7730245883566,4,5
"3105",21.8617526710427,36.1462480213909,4,5
"3106",20.1350584693481,22.400015176075,4,5
"3107",23.2479691436951,31.8766848385301,4,5
"3108",19.1236513893723,27.4695013982272,4,5
"3109",20.5972701361017,29.0206490510867,4,5
"3110",19.9125855611057,28.0672229096984,4,5
"3111",22.5867882423848,32.453806362745,4,5
"3112",19.8173604617152,30.7475103854074,4,5
"3113",21.8431479149159,28.490620727266,4,5
"3114",22.0772374875117,33.8842691703292,4,5
"3115",21.6875144007203,35.7575288833933,4,5
"3116",24.5458637232804,35.6076368049527,4,5
"3117",23.9865243626746,30.6492493329171,4,5
"3118",21.8175427018819,34.0972491723448,4,5
"3119",21.6768744322313,32.3731363986862,4,5
"3120",20.5805446793736,29.6307717460355,4,5
"3121",22.8204566198494,32.4142126326761,4,5
"3122",23.1788380599111,32.4504059092701,4,5
"3123",19.0610495482422,25.4469343166455,4,5
"3124",20.3428871568082,29.2163748029317,4,5
"3125",24.5714889577048,34.1711340595779,4,5
"3126",22.040704467053,31.2425934471577,4,5
"3127",21.4907657032308,29.1607838866071,4,5
"3128",23.7319315546398,33.6740102723598,4,5
"3129",21.5140693809225,27.9500945311562,4,5
"3130",19.4626258050724,26.1390488731746,4,5
"3131",22.9908358897731,33.8023768687663,4,5
"3132",21.9955492427361,32.2532260976697,4,5
"3133",20.3632940526832,31.9465680449026,4,5
"3134",18.6982434106653,27.8652127541081,4,5
"3135",22.3371804675572,34.5838129725892,4,5
"3136",20.8309109122606,28.7864033687866,4,5
"3137",19.7259168885213,24.6355923603735,4,5
"3138",18.4744828334646,21.6293518146345,4,5
"3139",19.923860202236,29.3942379633957,4,5
"3140",22.5600547446742,36.4598694218079,4,5
"3141",21.0590433074129,24.4964728200318,4,5
"3142",20.9528762842487,29.5000582269727,4,5
"3143",19.9652931684104,29.5081044866292,4,5
"3144",21.9403215602918,31.9807069576367,4,5
"3145",20.580633763042,22.9582505028521,4,5
"3146",21.1979136108119,34.4755296838144,4,5
"3147",20.6320824517201,30.654476482193,4,5
"3148",21.676087848284,25.2560487088396,4,5
"3149",22.510171631145,29.8063244975706,4,5
"3150",19.6490722639698,24.6094703455297,4,5
"3151",20.2024712462332,22.6603817261271,4,5
"3152",19.7090377586879,29.4953995763013,4,5
"3153",21.1014850730226,32.3491632430789,4,5
"3154",21.3723187303728,26.2887099708144,4,5
"3155",19.7828801264495,27.0455973732911,4,5
"3156",20.1776240801121,31.2551483612359,4,5
"3157",20.3977986699904,25.3901908514685,4,5
"3158",20.7971408971854,25.630941773811,4,5
"3159",22.3162623210626,32.0816766126448,4,5
"3160",19.7848208636728,26.0895991279441,4,5
"3161",17.9041583384537,25.2418922260643,4,5
"3162",20.1091457152632,27.2353604469544,4,5
"3163",22.1729903892006,35.1535869293962,4,5
"3164",19.8569110988312,33.2643438989547,4,5
"3165",20.3165964140721,32.7309096733434,4,5
"3166",20.311858316259,28.184218153909,4,5
"3167",20.1313153236632,27.5782180904292,4,5
"3168",22.9412861815015,37.1390391244073,4,5
"3169",20.1066643217528,25.0672392761368,4,5
"3170",20.9487007211701,29.9211760357296,4,5
"3171",21.92617041185,36.0512516365122,4,5
"3172",19.916410447085,31.3044964771496,4,5
"3173",21.8006098706628,27.1002701096507,4,5
"3174",20.1426305641106,26.1950795642341,4,5
"3175",24.5571018549363,32.5013181046826,4,5
"3176",22.0264030193733,28.7979126922973,4,5
"3177",22.0568405167259,28.5971097445432,4,5
"3178",21.1183858981177,25.8102654523615,4,5
"3179",19.5251303453471,30.0123052834209,4,5
"3180",21.5073422812429,30.5095836082481,4,5
"3181",24.601605387302,35.5890076446349,4,5
"3182",20.9036515134312,30.3213237475103,4,5
"3183",21.0244889758037,30.5261622492193,4,5
"3184",23.0269045566219,31.3946697248347,4,5
"3185",19.4031701542019,24.8469565868675,4,5
"3186",22.3760774460152,30.3108678635581,4,5
"3187",21.8576415887097,27.1026189859493,4,5
"3188",18.8876543608325,22.5937753525036,4,5
"3189",21.1630636228812,27.5421085626635,4,5
"3190",19.8413476533062,26.6309882607032,4,5
"3191",22.4768080339255,34.1339427455894,4,5
"3192",21.5041605510193,27.0120434877036,4,5
"3193",19.7473305905881,29.6314143711388,4,5
"3194",21.7640120879788,32.0042468925754,4,5
"3195",21.4732198293234,28.666770190043,4,5
"3196",19.6089016951014,29.5646860003472,4,5
"3197",20.2153004132583,28.1374003582638,4,5
"3198",20.2180553776797,27.0033757528606,4,5
"3199",23.2266204516987,34.2888969360535,4,5
"3200",22.0544898860603,34.1012389723404,4,5
"3201",21.0758974138837,28.2808757307751,4,5
"3202",19.4865310892185,27.4586692328554,4,5
"3203",21.9418697912974,30.6749003147798,4,5
"3204",20.6298967729623,24.0739141220829,4,5
"3205",22.021500360072,31.8258479959373,4,5
"3206",19.3243959904524,20.0665536921264,4,5
"3207",23.3569524812779,29.5826993604907,4,5
"3208",20.7567892954521,28.3946490909108,4,5
"3209",22.3613903747455,30.7043263484902,4,5
"3210",19.9160606515576,24.3377741110538,4,5
"3211",21.1668035247913,32.2585546732727,4,5
"3212",21.5130922888363,34.0571567472706,4,5
"3213",23.5751374193859,37.2342551242576,4,5
"3214",22.2593743553468,26.6893722438282,4,5
"3215",21.2455866016238,26.3893762743173,4,5
"3216",23.1716591007731,28.7807031818855,4,5
"3217",19.8958114311847,27.5044328105265,4,5
"3218",21.1074945837279,27.4633327623793,4,5
"3219",18.9672803667652,26.669596329928,4,5
"3220",22.1125187224311,31.540194862309,4,5
"3221",21.4845363870111,38.0301155529265,4,5
"3222",21.0990018612322,29.9773171487713,4,5
"3223",21.5226874022464,34.773273116714,4,5
"3224",20.3188150872526,28.1184272501438,4,5
"3225",23.72276906274,31.3240704958771,4,5
"3226",20.754277830066,30.7129789444861,4,5
"3227",18.368928666231,28.4712981694528,4,5
"3228",19.1103305155982,19.9177733241142,4,5
"3229",22.9322832810568,30.0733061469294,4,5
"3230",22.9906847660092,32.2400113948841,4,5
"3231",21.237091308738,26.1411147741499,4,5
"3232",23.2647413666191,30.7294494506366,4,5
"3233",19.8359802864384,28.1685197178864,4,5
"3234",18.7717962423126,22.5010949844031,4,5
"3235",21.5547695589831,31.6004419138531,4,5
"3236",21.6016112720539,34.7845867672956,4,5
"3237",22.5238021060473,34.3989224329702,4,5
"3238",19.221839357591,21.2373942095456,4,5
"3239",22.9552838095773,31.9664038267337,4,5
"3240",20.8360481748392,32.6595441572304,4,5
"3241",18.4810014491237,26.3782946127573,4,5
"3242",23.2064774391674,32.8697936662324,4,5
"3243",21.8076917808699,33.3886338831422,4,5
"3244",20.470270070024,30.6205214660911,4,5
"3245",21.6383173787567,29.4729236984001,4,5
"3246",19.8659841040916,21.800277722855,4,5
"3247",19.0851459443571,28.809411754101,4,5
"3248",22.5059848600919,32.7051901375726,4,5
"3249",18.967523794722,28.9927020638083,4,5
"3250",19.8526459576828,29.2480166900437,4,5
"3251",22.6654513675954,30.0246553228315,4,5
"3252",22.7734819747582,33.2200274080879,4,5
"3253",22.7716034687811,30.3548634779,4,5
"3254",18.7738110973191,26.6310209909014,4,5
"3255",23.093250344723,35.794843309299,4,5
"3256",19.4158931069261,30.4058225798713,4,5
"3257",20.9399892593703,29.9580150076083,4,5
"3258",21.2069526140805,33.4329858571426,4,5
"3259",19.743445361303,27.4538489413442,4,5
"3260",23.1742771349162,30.9201410187224,4,5
"3261",20.4940502278641,28.5522730347721,4,5
"3262",20.395292741954,21.0841921815686,4,5
"3263",21.4151511000845,29.5914746076939,4,5
"3264",21.8961009842016,29.8687450290592,4,5
"3265",20.2926318937662,29.3598932236105,4,5
"3266",22.1654349363869,25.4079744457512,4,5
"3267",19.4120785249609,25.1883629172859,4,5
"3268",22.0221504842693,25.9836746446198,4,5
"3269",21.9022344578552,30.8478723652642,4,5
"3270",20.9507372836531,24.8984598331749,4,5
"3271",21.2528840113261,28.2667724544159,4,5
"3272",20.8581564850979,26.2134494615641,4,5
"3273",22.2871206116143,29.2825357628901,4,5
"3274",20.5931186873129,27.4530588505417,4,5
"3275",23.2100732138463,31.4850092885087,4,5
"3276",20.6095773527795,27.3155603718089,4,5
"3277",20.6740081476425,26.6702312758709,4,5
"3278",21.9829417645651,29.0614369213258,4,5
"3279",20.2603416260992,28.4908955940728,4,5
"3280",19.9482845692397,30.7300448013803,4,5
"3281",19.1183804067723,28.3216309851615,4,5
"3282",19.7848265194981,22.3858440271999,4,5
"3283",21.5092392619605,28.2128546717263,4,5
"3284",21.7149947818722,29.9076913673908,4,5
"3285",18.7409175408302,22.8796154382784,4,5
"3286",22.9925239834148,35.0918239388806,4,5
"3287",23.8287777950331,36.9654352057684,4,5
"3288",21.0848689904278,27.8450598538943,4,5
"3289",18.5157702819043,27.0610161151194,4,5
"3290",21.5629987362203,32.3122768393044,4,5
"3291",22.2196423669932,31.8133970058794,4,5
"3292",22.3290384684096,31.8952360979792,4,5
"3293",22.8742496745575,31.4979270772421,4,5
"3294",23.4350594984281,33.4920955272774,4,5
"3295",19.5024701740637,26.902315800328,4,5
"3296",21.8592421397823,29.2922695089962,4,5
"3297",22.8587279018472,30.1791576398759,4,5
"3298",21.2480970102674,32.0744023995699,4,5
"3299",20.2341674597273,33.1918009706562,4,5
"3300",18.9319813215983,29.5605010424567,4,5
"3301",21.1686265305369,33.7562985692325,4,5
"3302",21.883532172458,26.9828915949236,4,5
"3303",19.609040999825,26.9181389002244,4,5
"3304",19.5005234236885,21.8632889342527,4,5
"3305",20.755789977251,28.376565416473,4,5
"3306",21.7209240013353,24.7674738978356,4,5
"3307",21.9305007512757,25.3662793954411,4,5
"3308",22.8741146001913,36.8760185555224,4,5
"3309",19.7955566239297,28.8063353035004,4,5
"3310",20.0555039299138,29.1515278052281,4,5
"3311",21.8949465314591,32.5806894430963,4,5
"3312",19.1959606967494,25.3318546045219,4,5
"3313",21.1934580231752,32.8786091225384,4,5
"3314",20.7866286840303,28.9007961792698,4,5
"3315",20.8284474955782,32.7392418425477,4,5
"3316",23.1602201196678,31.8911598381313,4,5
"3317",20.216803348887,25.273426512624,4,5
"3318",19.7162091524418,23.0802519451015,4,5
"3319",21.5261499880145,27.294618202915,4,5
"3320",23.9043869622367,37.5586685501611,4,5
"3321",20.6184828843562,28.2405849482243,4,5
"3322",19.0321185860837,22.9162385081735,4,5
"3323",21.567105446775,31.0227026488125,4,5
"3324",22.4867945711541,34.883071514255,4,5
"3325",20.6496829423742,33.8457366243261,4,5
"3326",20.790489795994,28.0828343851214,4,5
"3327",20.8132580304638,27.2149781304775,4,5
"3328",20.545990874064,33.8183843492128,4,5
"3329",22.2130083021639,34.8280497841464,4,5
"3330",20.2131470477096,29.7794765333312,4,5
"3331",23.0110954945944,33.4719703394746,4,5
"3332",18.7404761772795,23.2746587814124,4,5
"3333",20.1900674219089,28.0306051139138,4,5
"3334",20.5387914511158,31.3474351031725,4,5
"3335",23.8480747630084,37.6499201030593,4,5
"3336",21.3604556352971,29.868470556867,4,5
"3337",18.7012817155092,29.6561179134215,4,5
"3338",19.7850123712244,28.4184227866676,4,5
"3339",22.9215798507924,31.9778301443487,4,5
"3340",20.6871817399727,27.7028106837442,4,5
"3341",23.3290791517604,35.8938567763809,4,5
"3342",19.3032269018869,21.9344837826083,4,5
"3343",23.7900173382921,30.8392153270718,4,5
"3344",20.0945758951814,26.7116311171255,4,5
"3345",22.2021204722956,31.8434659856042,4,5
"3346",20.0685261284686,27.3484607355873,4,5
"3347",20.8766863643716,29.7934228664855,4,5
"3348",21.8521685220406,26.534876587941,4,5
"3349",20.7774088576239,25.9251132136584,4,5
"3350",20.9244929014926,23.4408873353358,4,5
"3351",21.6781687939938,29.3664888006434,4,5
"3352",20.2765264606043,26.3201311220163,4,5
"3353",19.8879478292379,27.4967355526566,4,5
"3354",20.2059192445981,25.9891118061912,4,5
"3355",23.2234055471145,30.7905721928047,4,5
"3356",17.672477204716,22.320231719364,4,5
"3357",19.2768489351536,30.0983563909433,4,5
"3358",24.3614098445551,32.4677844919752,4,5
"3359",21.5858872651341,30.9775610537582,4,5
"3360",23.1139309189476,28.6213703396043,4,5
"3361",21.153882966796,31.8940266997497,4,5
"3362",22.1837441266869,30.1184055916661,4,5
"3363",23.3685547347861,31.7010897077053,4,5
"3364",18.3961152293496,21.8420684360705,4,5
"3365",21.845697728761,27.7218000283992,4,5
"3366",17.9601640880383,23.5803119835823,4,5
"3367",20.641872960888,29.6414130182209,4,5
"3368",21.0308996764509,30.5815787988466,4,5
"3369",21.0625625753795,24.8334573876376,4,5
"3370",23.3677396976542,35.0912415521995,4,5
"3371",21.6877683985298,31.0020613541435,4,5
"3372",20.4955674961946,26.2613369472841,4,5
"3373",19.496176557016,25.9786462460927,4,5
"3374",22.5345702895681,32.8977208064893,4,5
"3375",20.9420949966477,25.4929973144893,4,5
"3376",21.8680479098705,29.409248244392,4,5
"3377",20.3434671647252,25.3745175950217,4,5
"3378",21.6714077501468,26.7323928801339,4,5
"3379",20.9764447372186,27.6118835793658,4,5
"3380",19.0477739810751,24.3869326137892,4,5
"3381",19.6776048918607,24.8403572679809,4,5
"3382",20.5460836931518,25.8865407460325,4,5
"3383",22.5300946891843,27.347247170913,4,5
"3384",19.3100434936415,23.1058528637785,4,5
"3385",19.2329187611938,27.2759026746848,4,5
"3386",20.8810055724393,29.2873882095952,4,5
"3387",21.9833804163509,26.0860495963698,4,5
"3388",21.016735843641,24.7946759257596,4,5
"3389",16.307857413928,18.772028113486,4,5
"3390",19.4799179145034,27.8826606563517,4,5
"3391",22.1016775525834,29.889796473454,4,5
"3392",21.2916822667408,29.5075788567958,4,5
"3393",20.0716959682118,32.2930626958938,4,5
"3394",19.1766047412219,27.01073924752,4,5
"3395",19.2992223151217,21.6746503845283,4,5
"3396",21.083152490332,32.3955504439841,4,5
"3397",19.8087571509186,25.9795778430894,4,5
"3398",20.4063996870716,31.436381766488,4,5
"3399",21.5607680655702,32.1543294006081,4,5
"3400",20.4556707591743,29.9137220657379,4,5
"3401",21.9704517711858,31.6693198669304,4,5
"3402",20.1232685875012,30.8273134270752,4,5
"3403",20.679190338852,24.4954855151727,4,5
"3404",22.3442561821945,33.0114103944527,4,5
"3405",20.5996292645132,29.376232057382,4,5
"3406",18.6754904288476,27.5831041523208,4,5
"3407",23.4075772618448,36.653302172524,4,5
"3408",22.677212082485,31.7024232208609,4,5
"3409",21.4411715319022,26.2702382602419,4,5
"3410",19.8585444108413,36.3142250822802,4,5
"3411",21.2561835161681,29.4859095399044,4,5
"3412",21.9046720028977,30.249487413941,4,5
"3413",23.5259658966259,30.3534009932603,4,5
"3414",20.7314988586784,29.1221424894652,4,5
"3415",21.5664941816584,26.8024651587774,4,5
"3416",21.1519256289838,30.8463246019745,4,5
"3417",22.2358387870231,31.2699233253552,4,5
"3418",20.1115449254032,28.219262271182,4,5
"3419",20.9952647339058,29.3655447501357,4,5
"3420",19.5691035150272,26.7992519664113,4,5
"3421",20.2197107529663,24.7504926886031,4,5
"3422",21.7538064724116,30.2959018086444,4,5
"3423",20.4712844272176,29.6949444921236,4,5
"3424",19.1149817378236,29.0038503531747,4,5
"3425",19.7797985950484,27.867425779694,4,5
"3426",22.4943705952625,36.9198490731952,4,5
"3427",20.5731323934454,24.6850431102895,4,5
"3428",21.6598267279089,29.4688232723114,4,5
"3429",21.6910698426845,31.3804511824508,4,5
"3430",20.2843350499097,26.9239917658758,4,5
"3431",20.4282104641743,26.9247145898841,4,5
"3432",18.9618451701437,25.2402603277414,4,5
"3433",20.4271560332879,27.3072908587495,4,5
"3434",19.5739244426746,27.4926998525216,4,5
"3435",20.6032839438698,29.0652141369489,4,5
"3436",21.6947510643052,30.3540662255487,4,5
"3437",21.5214806293668,31.1859987020826,4,5
"3438",19.0554948190744,22.0054893738904,4,5
"3439",22.5277359287727,36.4778349261407,4,5
"3440",21.6871545121331,27.0377403668355,4,5
"3441",20.2445368686287,31.5044933435149,4,5
"3442",21.8189978811806,29.5641150557861,4,5
"3443",20.6931196022325,29.2409730910492,4,5
"3444",18.6842409780117,20.5398948981636,4,5
"3445",20.8629590577061,30.8520281478015,4,5
"3446",20.2441426588481,31.3477737961406,4,5
"3447",23.9585198257166,32.6862665939161,4,5
"3448",20.0675984320107,24.6456748989361,4,5
"3449",16.7888582519274,23.947481396508,4,5
"3450",20.1860757179259,24.5229042183019,4,5
"3451",21.0029439808172,27.3282044256308,4,5
"3452",19.8585964233807,27.9358375422697,4,5
"3453",23.6628574072305,33.4141515063116,4,5
"3454",20.5160078828278,27.0013067918333,4,5
"3455",20.2364346998009,30.4590759837326,4,5
"3456",19.0526404693855,21.3247307676814,4,5
"3457",21.1713900805833,26.5494472533692,4,5
"3458",20.9985215448059,34.6979875211455,4,5
"3459",19.345624806492,23.690300521433,4,5
"3460",22.3517391799863,32.8863202713908,4,5
"3461",19.8406137641897,27.7668901636545,4,5
"3462",22.5038788747094,34.9745074650762,4,5
"3463",21.7131623794112,25.1781798835476,4,5
"3464",22.4135672815189,29.2662029856462,4,5
"3465",21.7883533099205,27.749435673042,4,5
"3466",20.3048522449053,26.5687981493536,4,5
"3467",19.2314550318602,27.63976032096,4,5
"3468",19.6278998094933,27.3875295550146,4,5
"3469",21.6976807235794,33.722883004886,4,5
"3470",21.1365706098969,28.6289422705127,4,5
"3471",21.7858933485151,29.2918953524902,4,5
"3472",24.0859947044428,32.5606377679833,4,5
"3473",18.0885987226756,31.7804328704194,4,5
"3474",21.390261641389,26.6177034981257,4,5
"3475",22.8877718439396,36.072175937114,4,5
"3476",22.0745222377736,28.0287551048223,4,5
"3477",21.8435994379941,33.1017139401032,4,5
"3478",20.9520560780449,30.1170439914372,4,5
"3479",19.7933990772868,24.2884145648172,4,5
"3480",18.8550809550848,21.0610607694682,4,5
"3481",21.5046183317264,31.4714231889062,4,5
"3482",19.6590229601074,24.2511684929234,4,5
"3483",23.6696497170456,38.3030849165466,4,5
"3484",21.2652680003863,28.3718426937629,4,5
"3485",22.6491942379863,34.8493231604629,4,5
"3486",20.2383845165513,27.7889219453167,4,5
"3487",22.0999850354156,32.0069876299536,4,5
"3488",20.7041986717248,29.8123838864165,4,5
"3489",20.4253945501674,26.0134359859206,4,5
"3490",23.131639056655,35.8552454711486,4,5
"3491",20.6543097661367,29.3053507278602,4,5
"3492",22.0581545806431,29.2098396411319,4,5
"3493",20.4758702213522,29.8363506183797,4,5
"3494",21.8192966298214,29.134594817482,4,5
"3495",22.414212163646,35.8607365136989,4,5
"3496",21.7970523873877,32.768970345031,4,5
"3497",22.6765162008083,28.9038546695343,4,5
"3498",22.4008471406924,30.9358366535896,4,5
"3499",22.4556291272746,28.5271654719399,4,5
"3500",21.8896963172269,32.8347350630214,4,5
"3501",18.8942477284603,24.5899249937356,4,5
"3502",20.351178558379,34.1679287773212,4,5
"3503",18.7577027324354,28.8382571811605,4,5
"3504",18.9878575833267,29.5676403055003,4,5
"3505",21.0259335138104,33.2515236976241,4,5
"3506",20.8616325455529,31.9587322641852,4,5
"3507",23.9766552032923,42.8691013104628,4,5
"3508",19.3915365938954,27.7213467701277,4,5
"3509",18.9373637666437,21.774103319854,4,5
"3510",22.1320592920734,29.076885710467,4,5
"3511",21.5024711515439,32.2618770149803,4,5
"3512",18.6246985358688,25.4661067482855,4,5
"3513",22.4988831620667,35.3647253100981,4,5
"3514",18.3107138151717,25.7798384322395,4,5
"3515",22.7609075268746,28.4896161722612,4,5
"3516",23.9415848752233,36.7502752906468,4,5
"3517",20.6805989162998,26.6323296706244,4,5
"3518",22.3302602416084,29.3686379122175,4,5
"3519",19.7013422483785,22.2419314262223,4,5
"3520",19.1639479182227,27.840705936645,4,5
"3521",21.5659054512803,32.7088543717955,4,5
"3522",21.4402401580897,27.7441596370382,4,5
"3523",19.6742530674757,31.7527674109313,4,5
"3524",19.5224702890941,30.2306214460946,4,5
"3525",21.9137790408141,27.3418368893091,4,5
"3526",20.6709427314746,30.798472002389,4,5
"3527",22.9034408066355,29.9942724366096,4,5
"3528",21.873987887711,30.6489062451938,4,5
"3529",21.2996354763658,26.1299326960247,4,5
"3530",19.1732474127483,26.2263482083312,4,5
"3531",20.6469731917683,28.0485617567352,4,5
"3532",21.0406097709643,26.8936646927058,4,5
"3533",19.5649250929996,25.9134932171478,4,5
"3534",19.1023886966285,22.1974170816862,4,5
"3535",19.2416720250461,24.8233977450872,4,5
"3536",21.1069302679374,31.2848895812088,4,5
"3537",22.7385258239001,31.9029281407539,4,5
"3538",23.000292425179,31.098529078363,4,5
"3539",21.0504726876393,34.9951074006174,4,5
"3540",21.2972349021426,29.965596061183,4,5
"3541",18.1447743943229,26.4294323140161,4,5
"3542",21.0939212502617,31.8472508005834,4,5
"3543",17.4732875005085,21.0909293774698,4,5
"3544",21.193569712147,26.6481658009186,4,5
"3545",23.281076823285,27.8514222716899,4,5
"3546",19.6518104375846,26.0777382772677,4,5
"3547",20.7462847471576,30.1401664743245,4,5
"3548",19.7069418994178,23.8467455977926,4,5
"3549",21.6867203103194,30.6507991185019,4,5
"3550",17.3873847643452,22.2711890835728,4,5
"3551",19.4545803386398,32.6637517232092,4,5
"3552",21.545472773049,27.4177370947988,4,5
"3553",19.708476831206,28.1079530894813,4,5
"3554",20.2938814616895,29.8205422205807,4,5
"3555",20.2792760804023,29.1989420719737,4,5
"3556",20.9349822738802,25.7517466531255,4,5
"3557",21.6269394169984,26.5000277530659,4,5
"3558",22.078080235885,30.6967798279759,4,5
"3559",23.3811519294838,34.1379494959165,4,5
"3560",20.6666942224054,27.0651009469112,4,5
"3561",21.5998843412399,28.6460927514818,4,5
"3562",21.5367203324524,26.8971039245228,4,5
"3563",22.3739992167959,34.801341983564,4,5
"3564",20.5316056710093,31.485934116721,4,5
"3565",21.0331307294518,29.3732584045274,4,5
"3566",22.6698582579868,35.2602972789294,4,5
"3567",18.9864716560786,31.3288807133677,4,5
"3568",19.9104880226732,24.324905023253,4,5
"3569",20.7458483271708,28.5844450851069,4,5
"3570",20.9965580293801,28.1513517888775,4,5
"3571",20.0446351327213,29.7947950347534,4,5
"3572",22.8619527308216,29.658011348804,4,5
"3573",22.5275617140293,27.2380594710723,4,5
"3574",17.8155025470336,31.4845594460101,4,5
"3575",22.5623986428005,35.0695459064601,4,5
"3576",19.0958425958489,25.9342414378406,4,5
"3577",22.0122997531147,37.4817885065985,4,5
"3578",22.3731801586418,27.654777934157,4,5
"3579",23.2138737856305,35.0562727676949,4,5
"3580",21.2776715644538,30.9074563741659,4,5
"3581",18.9210118726876,27.0180503549218,4,5
"3582",23.2096656410701,35.0381641790929,4,5
"3583",20.5411548033028,28.5760827888728,4,5
"3584",21.9013278907509,29.813163485071,4,5
"3585",21.1717556965928,25.3187902892316,4,5
"3586",22.0121098261042,28.8697041156393,4,5
"3587",22.5161224339972,29.2476125343521,4,5
"3588",20.1981156307799,29.0921266376228,4,5
"3589",19.8746224962803,25.6413830014819,4,5
"3590",21.7063535044262,31.6232448780205,4,5
"3591",24.4328183984432,34.9122465031636,4,5
"3592",21.7149416414863,27.7511493113478,4,5
"3593",20.4460397978993,30.8199824042614,4,5
"3594",21.3182865633381,27.7086621507209,4,5
"3595",21.9397895356205,27.9541658617184,4,5
"3596",22.5930918266367,28.5147108883746,4,5
"3597",20.892385878469,28.0574104487328,4,5
"3598",26.7167520474104,39.9152839841899,4,5
"3599",20.5087728702389,24.7831586152746,4,5
"3600",23.5598263182858,33.4377460290898,4,5
"3601",19.2930715139726,28.0426269708025,4,5
"3602",22.3698907631136,27.790257782529,4,5
"3603",22.7313861743045,28.6677663582846,4,5
"3604",22.686145068498,32.6108207733251,4,5
"3605",21.3175672638628,26.932625866942,4,5
"3606",20.7698647626359,22.5158433515805,4,5
"3607",22.0318919019807,24.252864080214,4,5
"3608",20.289496897797,32.9607427926281,4,5
"3609",20.9651919182365,29.0868410162577,4,5
"3610",23.709569589015,31.7068194859791,4,5
"3611",23.9682508923855,33.6814961491776,4,5
"3612",23.0825758430478,35.4668476859761,4,5
"3613",23.3450407944024,34.9957849227173,4,5
"3614",23.3897972967045,32.2685509339859,4,5
"3615",21.0189995635962,28.512504242399,4,5
"3616",21.7253842188166,33.2847631758579,4,5
"3617",20.0864831681218,30.1410641052304,4,5
"3618",25.137192740025,40.5845049369198,4,5
"3619",20.239550808579,29.2057055105436,4,5
"3620",20.9082337302208,27.6146730679778,4,5
"3621",20.1815796294277,27.304579501632,4,5
"3622",21.0197079889925,27.2314585316231,4,5
"3623",19.6252217337531,28.6614762325384,4,5
"3624",19.627880923001,22.36190311773,4,5
"3625",20.4656443375626,28.2647077174068,4,5
"3626",20.9461646983326,27.9541378642355,4,5
"3627",22.6671918834187,34.6400058922051,4,5
"3628",18.4603153050308,20.8767968667876,4,5
"3629",20.0770737282106,28.8746966251509,4,5
"3630",20.0067251796238,29.5646479791203,4,5
"3631",24.7779830438551,35.0351206257628,4,5
"3632",20.2285840132765,30.1359608336078,4,5
"3633",19.6919638800728,26.9055768240088,4,5
"3634",19.3093077403763,24.7464569938978,4,5
"3635",22.3671512944633,33.3794943606187,4,5
"3636",21.8243332478153,34.8270759529488,4,5
"3637",23.0732608969208,31.6933723189031,4,5
"3638",22.0856881390934,33.147811605956,4,5
"3639",19.0249227598204,32.5197853224946,4,5
"3640",20.8160922712145,34.3374997395267,4,5
"3641",20.8579612495558,31.6239910511803,4,5
"3642",21.2676889099682,25.5103213976669,4,5
"3643",21.5675743242945,30.2818005106532,4,5
"3644",19.7313986633698,19.7118494613993,4,5
"3645",20.5431530186098,37.4800701472873,4,5
"3646",19.0144493097606,20.9667397071304,4,5
"3647",21.4126948792696,30.6607423658294,4,5
"3648",21.1159090637045,27.2434663055033,4,5
"3649",19.9166177304488,25.6399009335068,4,5
"3650",20.7855280654214,28.7109154416213,4,5
"3651",23.1479551311163,31.8940230074278,4,5
"3652",21.1667933048,29.4263783996925,4,5
"3653",22.1003094008826,29.8798368413787,4,5
"3654",22.4153427775413,31.3166280361136,4,5
"3655",23.0955667273476,29.799409007832,4,5
"3656",22.3887839071295,36.9812195126063,4,5
"3657",20.8287898065766,28.6745826636587,4,5
"3658",21.9907966266861,29.8653865982957,4,5
"3659",20.2207183196194,27.9923910412902,4,5
"3660",22.6690319059461,37.1078760386076,4,5
"3661",17.0533516971047,20.995252254636,4,5
"3662",18.8864173810344,17.1326828346392,4,5
"3663",21.4203215866918,29.8927235509669,4,5
"3664",21.8411783884703,30.5636076980815,4,5
"3665",21.4833134356294,29.6885616030705,4,5
"3666",19.3959013811904,23.1453155040686,4,5
"3667",22.3155037371954,25.8347941262054,4,5
"3668",24.2874810487123,35.9400412879166,4,5
"3669",22.9377310451593,33.173371766,4,5
"3670",21.0419204808113,25.8356690510449,4,5
"3671",23.8351981319912,34.1507216700477,4,5
"3672",21.5502718080978,27.5405301357036,4,5
"3673",20.010643828807,26.8506164208957,4,5
"3674",21.3719275701719,30.4653180014423,4,5
"3675",24.2673062904451,39.5375512599862,4,5
"3676",21.8983313244489,36.5443929298368,4,5
"3677",22.5109392048971,28.3903506133898,4,5
"3678",22.961457494795,32.160516556869,4,5
"3679",20.0270443293568,23.8137640259124,4,5
"3680",19.7348357740953,27.7162220894349,4,5
"3681",22.5335665490665,37.5814882608535,4,5
"3682",21.9254842230409,31.26582176139,4,5
"3683",19.111730716689,22.7399401398133,4,5
"3684",21.9609345747302,36.1985299611175,4,5
"3685",20.1758486567015,26.6402974654061,4,5
"3686",18.9058977348502,27.0699228355988,4,5
"3687",22.0768564633448,28.8309408845367,4,5
"3688",20.7902015721695,30.6610876094265,4,5
"3689",20.232374896423,29.4269234183421,4,5
"3690",21.0070826695197,27.0888249411155,4,5
"3691",21.7122029717584,29.680766397244,4,5
"3692",21.8375706040659,32.9029167625965,4,5
"3693",21.8593027353362,32.3627586376244,4,5
"3694",23.7139819462262,34.7770787541442,4,5
"3695",19.3422738756783,23.7248837438836,4,5
"3696",21.593666877344,28.0553483051639,4,5
"3697",21.3685498379334,30.0028380976073,4,5
"3698",21.0143684892858,29.7335105506077,4,5
"3699",22.5388424562069,34.1954276539522,4,5
"3700",19.8688910861507,30.4150505458562,4,5
"3701",24.1169320392439,36.372205411298,4,5
"3702",20.4044351493009,27.4615131078287,4,5
"3703",19.0233886078224,19.1396807901813,4,5
"3704",22.0661116917362,30.1619994891262,4,5
"3705",19.3106817833426,25.9282046169968,4,5
"3706",19.9410529927412,27.776274107979,4,5
"3707",20.9491778240426,25.971597130886,4,5
"3708",22.8980991270416,34.6124097865745,4,5
"3709",24.0451837245132,38.049639352834,4,5
"3710",19.6891393720454,28.7949410430617,4,5
"3711",19.8638020834088,27.0441579299737,4,5
"3712",22.8066001242985,35.7881126982928,4,5
"3713",19.2081122226309,23.5144716317546,4,5
"3714",19.8833113150795,29.0254904898934,4,5
"3715",18.7035533748502,28.5279918871837,4,5
"3716",20.629149544023,31.7918060803359,4,5
"3717",20.8633498089896,27.9142781091594,4,5
"3718",19.2895753538157,21.6013079125674,4,5
"3719",24.128693179136,36.9569201536688,4,5
"3720",20.2769844429922,29.6972293771491,4,5
"3721",19.3817554224881,24.7392224697165,4,5
"3722",22.1606735150746,37.713946118754,4,5
"3723",20.4667884145104,25.4418704335294,4,5
"3724",19.7386151293693,30.194880149138,4,5
"3725",22.306759542769,31.2597985161137,4,5
"3726",22.1101201038257,31.4787792942994,4,5
"3727",19.6506763537754,28.8606206622484,4,5
"3728",22.3424784371228,27.9519618191553,4,5
"3729",21.633620774492,36.6807519224225,4,5
"3730",19.1570122587886,24.3452736992402,4,5
"3731",19.9154347089192,25.1949231215509,4,5
"3732",19.2934635637492,25.1235729430828,4,5
"3733",22.3782818415089,35.6590985191375,4,5
"3734",21.7884408533582,34.8318687399167,4,5
"3735",22.2408639463771,30.0627856585304,4,5
"3736",21.2662566692838,31.0259085361603,4,5
"3737",18.8325317009258,29.0098868793924,4,5
"3738",19.9769001480851,28.4216918456965,4,5
"3739",21.1430032630045,30.8511789114708,4,5
"3740",18.5750273801572,17.2210403944196,4,5
"3741",22.3160946253954,35.8525878621232,4,5
"3742",18.9825151525676,32.2846033889231,4,5
"3743",21.180673464356,33.4117303722211,4,5
"3744",23.1047355743072,29.9879745598482,4,5
"3745",20.8634159160992,28.3427524651614,4,5
"3746",23.6243316907249,37.7360999053016,4,5
"3747",20.0143315141053,28.8455391707754,4,5
"3748",21.2970656002096,32.9078247142603,4,5
"3749",18.8553985769565,24.5102332044872,4,5
"3750",23.2328284567712,36.5622635634969,4,5
"3751",22.1354668139795,34.9007183261299,4,5
"3752",20.7398563741982,35.0105464374531,4,5
"3753",20.4425603492962,31.6193555043036,4,5
"3754",19.1109500542835,32.0404045737127,4,5
"3755",22.0635860736573,29.9847457495738,4,5
"3756",19.3436526422313,26.2668113907061,4,5
"3757",19.3972893159837,28.5788608015024,4,5
"3758",19.1732174070501,24.6026225375985,4,5
"3759",17.6374362230868,24.5770702006688,4,5
"3760",20.9989882347762,33.4157204411667,4,5
"3761",22.7079319914331,27.8764248978563,4,5
"3762",19.3982674286587,25.7353215435254,4,5
"3763",20.5295729777774,28.8890762800215,4,5
"3764",20.9285325366827,26.9845650063277,4,5
"3765",18.5641622935066,23.3144300379112,4,5
"3766",21.7592395376223,31.380862920061,4,5
"3767",20.9003116066389,31.3727607055271,4,5
"3768",21.6453301236394,31.4633829984407,4,5
"3769",22.1295708890184,30.9133156171828,4,5
"3770",22.2750173191007,34.7553430494038,4,5
"3771",19.7933631352402,30.3605445422835,4,5
"3772",20.2800026486251,30.7720186821599,4,5
"3773",20.5514013229146,21.9392024903912,4,5
"3774",20.560314589256,28.3490438650392,4,5
"3775",22.396451034148,23.3418219495938,4,5
"3776",20.5459384342694,26.5965353296543,4,5
"3777",21.4423172630931,30.1742253756086,4,5
"3778",20.994475364247,30.1710946479355,4,5
"3779",20.4680745666233,31.5183677380206,4,5
"3780",20.6815681536861,29.8506614633618,4,5
"3781",19.7178666359536,32.6247548346452,4,5
"3782",19.1490521884489,24.8709974963617,4,5
"3783",22.2374337555066,33.3129430839723,4,5
"3784",21.2833288191962,33.4051059301924,4,5
"3785",21.6722070727809,31.8869809050775,4,5
"3786",24.254454198993,29.6074581146599,4,5
"3787",20.0712840251402,30.511963622826,4,5
"3788",20.7171199820854,27.9989478547486,4,5
"3789",22.684141319597,26.5633108943497,4,5
"3790",19.0797486532687,28.1121986116739,4,5
"3791",22.4054236958758,35.9051796524478,4,5
"3792",22.9921190383998,33.0750083407193,4,5
"3793",17.2725695456567,20.6706380418027,4,5
"3794",22.7928335307873,33.3475856014363,4,5
"3795",21.1199054379529,25.9145023571366,4,5
"3796",20.0733916599084,31.6219588469789,4,5
"3797",20.8836385262407,27.6816965285464,4,5
"3798",19.5106440536357,27.3622546199353,4,5
"3799",20.5354905004635,27.1187444175684,4,5
"3800",21.7272994112903,24.3717298069867,4,5
"3801",21.1985533163832,31.0347089928831,4,5
"3802",19.6298883152283,22.5561704149564,4,5
"3803",18.9719066656119,22.0991065634878,4,5
"3804",22.3305940297373,27.9667071715902,4,5
"3805",21.0164100966527,23.5611019128282,4,5
"3806",19.928426809349,22.9994677376644,4,5
"3807",21.6854642405612,33.8352462194126,4,5
"3808",19.221620657067,24.3515273878841,4,5
"3809",23.1047841950846,29.9077625984746,4,5
"3810",18.6031032942819,18.3081940078073,4,5
"3811",21.866201879582,26.4368889632716,4,5
"3812",22.4152609051255,29.4623183065221,4,5
"3813",22.2160916331637,31.104341897839,4,5
"3814",26.3684403064021,35.3439705750951,4,5
"3815",20.4490516193001,24.9766767520114,4,5
"3816",20.7694491139637,27.0576894846315,4,5
"3817",19.2745237179892,26.7120181343512,4,5
"3818",21.7564712235129,36.2239397934259,4,5
"3819",23.1622768923458,30.6187219730932,4,5
"3820",20.1391275419171,28.3200974361304,4,5
"3821",22.449922486906,33.1774785281801,4,5
"3822",21.143567239605,25.5775653017523,4,5
"3823",19.97653564091,24.3433697976073,4,5
"3824",22.5072768042946,35.1026802694,4,5
"3825",21.7193507126442,27.6500564211175,4,5
"3826",23.3319450347556,32.5364569134427,4,5
"3827",21.033883823641,25.5856587726665,4,5
"3828",21.0966467808957,27.2038481282099,4,5
"3829",18.7457126609077,27.4915865559634,4,5
"3830",21.7230911532004,35.3010001450783,4,5
"3831",22.2806328610011,32.8748872381841,4,5
"3832",20.3701201047133,25.2878793492373,4,5
"3833",21.7922399023604,30.5706482397691,4,5
"3834",19.7491561384185,23.3723393983776,4,5
"3835",21.6133241908528,30.8139887053104,4,5
"3836",21.8483344972791,34.7085025180379,4,5
"3837",21.1104017689851,32.9629460403845,4,5
"3838",20.4527311814798,30.8896169203625,4,5
"3839",22.6444391230572,24.7679270787652,4,5
"3840",20.0469345515793,24.8000981785473,4,5
"3841",20.1612148891849,22.7364973276205,4,5
"3842",20.8107443919167,28.5292250338926,4,5
"3843",22.0013407257238,27.7475769568934,4,5
"3844",22.1358291814527,32.5406368755851,4,5
"3845",20.4227575011891,24.1859015695637,4,5
"3846",19.6333997029191,27.5794589200976,4,5
"3847",18.5916722503248,20.7763012856486,4,5
"3848",19.5531108092495,24.4183999027021,4,5
"3849",23.5681062818641,29.6678294734321,4,5
"3850",23.6231726190004,33.930610970824,4,5
"3851",20.0912064926925,26.213555381568,4,5
"3852",19.7986780922567,24.821323955166,4,5
"3853",21.8301603419192,29.5131004927055,4,5
"3854",21.2574262098921,28.6115932907266,4,5
"3855",20.7689099831463,27.703052757934,4,5
"3856",16.5742765366072,18.5660013963151,4,5
"3857",21.4390710449532,29.7485745106011,4,5
"3858",20.7126722691607,27.1324037449623,4,5
"3859",20.325584375231,21.7117854532581,4,5
"3860",21.3106030097987,30.9261056905003,4,5
"3861",19.3426182998931,24.4305042422048,4,5
"3862",22.6541867719818,34.8061005476702,4,5
"3863",22.8709403123864,30.8222952323461,4,5
"3864",20.6508566679354,29.7940937052391,4,5
"3865",20.0134682709554,30.8140139254644,4,5
"3866",19.9537031964419,29.5707568932347,4,5
"3867",24.3480746245051,39.9777119883774,4,5
"3868",21.8351304548415,30.6185900335668,4,5
"3869",22.2547212443455,33.4792514039456,4,5
"3870",21.2078914897032,31.3050385892647,4,5
"3871",22.8671619990633,33.3791818008225,4,5
"3872",21.280000014214,28.7558905043016,4,5
"3873",19.989299153893,28.7592497417578,4,5
"3874",21.6182504885193,32.9569379762111,4,5
"3875",19.425965436253,25.2264355640636,4,5
"3876",20.7109697209322,28.9819791999463,4,5
"3877",18.8028489872449,30.6825428546329,4,5
"3878",22.841468715743,28.3341642691618,4,5
"3879",21.152832619614,30.5536937563241,4,5
"3880",17.396497147911,20.7504469981442,4,5
"3881",23.6108524729195,34.9481822210416,4,5
"3882",25.576462038861,37.1357829154576,4,5
"3883",24.0045792773519,34.5025947990681,4,5
"3884",20.4456874685221,31.2695485195669,4,5
"3885",19.1202340030624,25.1185942098995,4,5
"3886",24.4188014976729,35.8342037354115,4,5
"3887",21.3865024334128,30.5612555468072,4,5
"3888",20.0296697329402,29.1934603918149,4,5
"3889",19.9353993802046,31.9439669103614,4,5
"3890",20.3923143741924,27.2538684975698,4,5
"3891",21.6745527125363,28.4524205711421,4,5
"3892",22.9028382010725,34.3092803452114,4,5
"3893",21.295191602203,33.6078653703741,4,5
"3894",19.9673621083921,24.958036871142,4,5
"3895",22.0427930497881,30.3193086125658,4,5
"3896",21.5785148217893,30.3307842519473,4,5
"3897",19.2289576645813,26.580722453042,4,5
"3898",21.0814009368195,35.8362132809551,4,5
"3899",20.6049559896614,29.8908565633025,4,5
"3900",20.6886424646331,30.1249889211989,4,5
"3901",20.1357838366962,26.1475216050729,4,5
"3902",22.252873614573,26.3075043665122,4,5
"3903",22.9751384077894,33.08845111492,4,5
"3904",22.0626867436953,31.4641078689278,4,5
"3905",22.0295854395366,26.0370202073094,4,5
"3906",19.3931071122269,20.9209175202111,4,5
"3907",20.0353860876956,28.9943116488722,4,5
"3908",20.2454709390306,25.2568557929335,4,5
"3909",21.2674067796346,28.7860810219322,4,5
"3910",21.2594215750866,31.1934103538127,4,5
"3911",21.4072628739789,32.0322195735186,4,5
"3912",20.7624946181135,28.091541378964,4,5
"3913",19.9077217910839,26.3919537687984,4,5
"3914",21.7556074622363,27.1902002539711,4,5
"3915",21.4084650396585,29.4550686931086,4,5
"3916",19.2033102916541,27.7507102109373,4,5
"3917",22.1365581756281,29.6125416398829,4,5
"3918",22.1673424542074,30.9525012371509,4,5
"3919",18.8021017868003,20.0846609460126,4,5
"3920",17.272045696066,24.4410911069711,4,5
"3921",19.0099606592535,29.4977958731229,4,5
"3922",21.2794260655281,28.376842020969,4,5
"3923",19.1232270841829,25.1453017049127,4,5
"3924",22.2857237529952,25.8483262639259,4,5
"3925",23.7406086916609,35.366692636433,4,5
"3926",16.9703991696462,19.7542276337176,4,5
"3927",23.5731948877523,33.4204556923268,4,5
"3928",20.9061853301161,24.4558062863491,4,5
"3929",18.6168144263136,25.8802682262396,4,5
"3930",20.2103076207256,23.3036195599844,4,5
"3931",20.8880426450231,30.3213004718696,4,5
"3932",24.9030765055002,40.2822823339295,4,5
"3933",24.857033527947,38.6055502290189,4,5
"3934",19.9141922201523,26.0363651352475,4,5
"3935",17.4255699529251,19.5923894649866,4,5
"3936",19.4890316755328,24.22260506983,4,5
"3937",19.8211805397505,29.4239378524712,4,5
"3938",20.1019417257222,24.0555605645921,4,5
"3939",22.8289015362334,32.5514668273351,4,5
"3940",21.0593756471642,31.1520830665325,4,5
"3941",23.3926536723156,32.0715554181453,4,5
"3942",20.3780923887757,28.1741654401551,4,5
"3943",17.951848551164,21.4049942041697,4,5
"3944",21.9444283049136,30.2099553814462,4,5
"3945",21.0927795456863,28.6453067142152,4,5
"3946",22.1101374321814,25.4884585124742,4,5
"3947",18.4257843874886,26.6940168751116,4,5
"3948",20.4736198900991,24.6743055313124,4,5
"3949",20.8189518917071,24.1212987919357,4,5
"3950",20.3398426380696,27.6661860106424,4,5
"3951",22.5855935134184,34.4361709480472,4,5
"3952",21.5472716542651,31.4893152508414,4,5
"3953",20.2220167538596,30.9787861362141,4,5
"3954",21.9440138531792,35.7293896576932,4,5
"3955",23.2284638474341,30.1310751246368,4,5
"3956",22.3960200334625,32.9523670018204,4,5
"3957",22.5931173216422,25.8587625319807,4,5
"3958",21.0352611517947,29.2355590990236,4,5
"3959",21.7770405306646,30.7779434307928,4,5
"3960",19.6256777414571,26.8107254441036,4,5
"3961",20.7330535585184,31.8336121885446,4,5
"3962",20.6472480975497,26.8786941891693,4,5
"3963",21.7728303829035,28.4880426239937,4,5
"3964",20.2295550823488,26.8818374480668,4,5
"3965",20.5814421681066,32.3993245082903,4,5
"3966",24.1515384993448,37.974393146742,4,5
"3967",20.4796021247799,27.030046738974,4,5
"3968",21.7137064091322,31.9893373168207,4,5
"3969",20.7609467225815,28.2089170449968,4,5
"3970",21.5782349772114,27.5266349265165,4,5
"3971",19.855694962128,28.5358501436387,4,5
"3972",21.3287330996225,28.2340002287957,4,5
"3973",22.2328292413159,31.6739065257208,4,5
"3974",20.6928585952582,28.8057701107126,4,5
"3975",20.1720970631184,27.2508062103951,4,5
"3976",24.1426877412044,34.7171367912039,4,5
"3977",20.6441161205925,28.3691087387564,4,5
"3978",22.6648125328387,34.5556047733368,4,5
"3979",18.2976693109376,27.6822172105379,4,5
"3980",16.3218332994329,15.6419274232481,4,5
"3981",20.997399555872,29.5679743705746,4,5
"3982",20.1366576568575,32.7204100668852,4,5
"3983",22.5161683190686,29.0705904962084,4,5
"3984",21.0359299239341,26.3593366804875,4,5
"3985",19.5809311530225,29.4462790759813,4,5
"3986",21.7641374244235,23.6606524116534,4,5
"3987",17.6767981363945,20.3894594333764,4,5
"3988",21.9327545691116,34.8429314829072,4,5
"3989",20.8107128564376,31.5807915683977,4,5
"3990",19.0968887658905,22.4598946541706,4,5
"3991",22.6839218613356,32.2902325171101,4,5
"3992",21.1382953233813,33.5104480390919,4,5
"3993",22.8392319590844,35.0543190350781,4,5
"3994",21.8966530044108,31.1330102134635,4,5
"3995",18.3731560460955,21.1257357594122,4,5
"3996",20.5590001120098,32.354358551027,4,5
"3997",23.4710408707556,33.2724008502495,4,5
"3998",22.4267601456456,30.071675530297,4,5
"3999",19.5008992555415,21.0837839770791,4,5
"4000",18.1726363257855,26.123086506745,4,5
