"X1","X2","component","subcomponent"
"3001",7.52122066097103,19.1396294612221,8,6
"3002",9.54855059251913,25.0443317814893,8,6
"3003",5.97002000022955,19.2365127229339,8,6
"3004",7.10100392612679,18.9804240949423,8,6
"3005",7.92176929380366,23.9214839460074,8,6
"3006",5.41772453805718,20.1230852782014,8,6
"3007",8.33197415942418,20.3679206905154,8,6
"3008",9.78905103037729,18.9637008454927,8,6
"3009",6.13660417082029,16.1706293387182,8,6
"3010",5.43998792410463,18.6744125643826,8,6
"3011",9.30611030838404,23.1463706546267,8,6
"3012",9.49865783368613,23.8963636623609,8,6
"3013",8.03449334969336,24.2904037610237,8,6
"3014",7.10656983091675,23.6869925924786,8,6
"3015",9.76905560479884,26.6684590287758,8,6
"3016",9.25873055034606,21.7393889175213,8,6
"3017",9.80353987659597,22.9282050952904,8,6
"3018",10.8484417982175,31.9172960292868,8,6
"3019",9.16252902227112,25.0645696461626,8,6
"3020",5.30096464482568,17.0766337937191,8,6
"3021",7.22091986103335,17.6854201162191,8,6
"3022",10.8738865449399,23.0879407053869,8,6
"3023",4.84057063558248,16.3357424282434,8,6
"3024",7.27226362347439,20.0933663638629,8,6
"3025",7.17667574220067,20.2535567646124,8,6
"3026",7.50247129012,22.1740989593597,8,6
"3027",6.89329291340505,24.5076961649494,8,6
"3028",9.19049892324029,21.7850309857113,8,6
"3029",7.38345616613665,20.8178607893584,8,6
"3030",13.1592700370763,29.8651960531751,8,6
"3031",3.19748952988098,21.2448388185445,8,6
"3032",8.56481667770283,23.4873521864096,8,6
"3033",9.05196435701826,22.481678102799,8,6
"3034",7.22409776694543,25.6933846888376,8,6
"3035",7.54014501173335,20.3540379612462,8,6
"3036",4.2175488482551,16.2781444740291,8,6
"3037",9.01691773321682,20.8812428600349,8,6
"3038",2.92461581898543,14.6379783714778,8,6
"3039",8.02358896829875,19.1902194389428,8,6
"3040",8.46666608330858,19.7306343129475,8,6
"3041",6.87373948212494,20.003422963559,8,6
"3042",6.1548690180548,18.5264136046958,8,6
"3043",10.2200322959977,25.2825752312445,8,6
"3044",5.50660100852291,20.5239639589761,8,6
"3045",5.17826946447089,17.2648065742876,8,6
"3046",4.79142823735295,14.7884673733027,8,6
"3047",9.12104687848829,24.2619890826764,8,6
"3048",10.893108814118,22.5621470710083,8,6
"3049",7.37192508308545,20.0357240474705,8,6
"3050",7.43274968697202,24.7034729608006,8,6
"3051",6.49785309594734,22.2750601313741,8,6
"3052",4.18485348316514,17.7678709243997,8,6
"3053",11.9580282402584,31.5479883272951,8,6
"3054",11.1395422459888,28.2698477540248,8,6
"3055",7.05492578484241,19.9938572106779,8,6
"3056",6.84442329286748,17.6686359394205,8,6
"3057",10.1468671797332,24.8632065621263,8,6
"3058",7.09095901198971,26.0728398058694,8,6
"3059",8.12625075672814,26.1964527861608,8,6
"3060",7.74613719827996,21.536318615077,8,6
"3061",7.23994920502552,20.6678831641754,8,6
"3062",8.14377695447093,23.1732644915717,8,6
"3063",6.78237712297465,17.7411866624274,8,6
"3064",8.93117431098362,23.0370531190373,8,6
"3065",6.58341349732452,23.1412479999834,8,6
"3066",7.70287217782418,17.6424639852476,8,6
"3067",8.16625004502948,26.3166814719629,8,6
"3068",9.49283661102421,26.3730948637599,8,6
"3069",6.29530194385987,17.1757106796443,8,6
"3070",6.21118799687662,23.5967623296621,8,6
"3071",10.1576785680784,25.1944902207977,8,6
"3072",7.14398893479282,25.1157177677149,8,6
"3073",11.7308610966421,27.0568562612592,8,6
"3074",6.75506205180034,17.918293839282,8,6
"3075",8.04140634064896,23.4599416323375,8,6
"3076",10.5339253773027,29.59116430585,8,6
"3077",8.19464151668202,20.361696427974,8,6
"3078",5.66731707235631,23.0891860634208,8,6
"3079",7.7576924066263,20.1206064528158,8,6
"3080",11.0984584596255,22.320849543863,8,6
"3081",7.81838111691045,22.4875704493332,8,6
"3082",9.36841286827435,27.3459271638378,8,6
"3083",10.1262189875438,26.5960573504173,8,6
"3084",8.79337603592648,26.5851308084531,8,6
"3085",6.65553892391535,16.847969372144,8,6
"3086",7.78367151219193,22.0880495977014,8,6
"3087",10.0825224572222,26.1893612352324,8,6
"3088",9.3193197711482,26.8763693607405,8,6
"3089",8.82295984820694,26.5888094914652,8,6
"3090",7.69653949073933,23.3617829107208,8,6
"3091",5.24131426811839,18.3620307694639,8,6
"3092",7.5197078064986,20.1467062833872,8,6
"3093",9.36061344780793,28.2173880507379,8,6
"3094",7.63082719634738,23.1442818475529,8,6
"3095",7.9446267430542,26.3611466660815,8,6
"3096",9.73029779609322,23.6302010424569,8,6
"3097",8.11480102418761,17.4897098269724,8,6
"3098",8.5225899686389,29.0064615664885,8,6
"3099",8.00362533088433,21.2234472420112,8,6
"3100",8.50994007192776,29.5230287958362,8,6
"3101",7.49859062267165,22.9927113504155,8,6
"3102",7.61282154598098,19.8361590856072,8,6
"3103",6.06305653024719,20.8217318520124,8,6
"3104",8.34748554391114,24.7857430450045,8,6
"3105",6.06647594597293,18.8770709090794,8,6
"3106",9.46259500828766,23.9497304316116,8,6
"3107",9.38338571248651,22.0957654660988,8,6
"3108",6.21566069908971,18.011552155969,8,6
"3109",7.06095493212432,21.1601544762741,8,6
"3110",8.11589909648215,25.8107204102935,8,6
"3111",8.34364237745186,19.136588707408,8,6
"3112",6.02960954172484,23.9423106208839,8,6
"3113",6.37978854631055,19.1683044487361,8,6
"3114",8.74120722168699,23.6960551628868,8,6
"3115",10.0623908720225,32.119208697241,8,6
"3116",6.33372273308101,22.5873115411747,8,6
"3117",8.17287616453988,20.5657414530479,8,6
"3118",6.59944240827413,23.9489627177968,8,6
"3119",6.62320402118599,19.1068038832165,8,6
"3120",9.21362771201026,22.701723424485,8,6
"3121",9.30826497886635,21.7387878133646,8,6
"3122",10.6355209874808,27.2808096276633,8,6
"3123",7.20428669656628,23.1784319474786,8,6
"3124",8.64501241985486,24.9078852825825,8,6
"3125",8.02442368286831,22.114745353226,8,6
"3126",7.82383687281478,21.2835520267132,8,6
"3127",8.08455188295267,21.2092180052946,8,6
"3128",9.44099291157934,30.2990797996044,8,6
"3129",6.31093202640948,22.0274875669656,8,6
"3130",10.7314087961351,26.3291854027114,8,6
"3131",6.74914423832606,20.8636050435866,8,6
"3132",8.13235468359052,23.8366160445704,8,6
"3133",6.97277169491486,22.1155895660698,8,6
"3134",5.7202978730737,14.9431386349052,8,6
"3135",9.08215539789851,21.4936144831393,8,6
"3136",7.86609999595137,22.8341116420874,8,6
"3137",6.87950286580038,19.1259632919482,8,6
"3138",9.69978408615077,24.8365985455414,8,6
"3139",7.10096020571899,21.1951634588056,8,6
"3140",5.57169121690336,14.7497063335343,8,6
"3141",7.22113150400912,22.7865314141968,8,6
"3142",5.21388163602665,17.8156097578664,8,6
"3143",5.10984016495043,16.7502690374353,8,6
"3144",8.31683109701551,20.970207102404,8,6
"3145",7.66589927012801,23.2898621217908,8,6
"3146",8.88850727196028,24.3132655935627,8,6
"3147",7.27052072963636,25.3063603351889,8,6
"3148",8.60556147491417,20.892381811736,8,6
"3149",8.2173452499914,27.4617398821609,8,6
"3150",8.26959545755858,25.4672015314648,8,6
"3151",8.910145717447,24.8536795524936,8,6
"3152",9.46841847854734,25.3700429670911,8,6
"3153",7.15690657213881,19.5924580257076,8,6
"3154",7.57325803009059,19.2252388858285,8,6
"3155",8.44698045710797,18.4573534431812,8,6
"3156",11.0537718847783,27.6214855846905,8,6
"3157",7.58772161180155,23.3409578969428,8,6
"3158",5.58866280109196,19.949102822965,8,6
"3159",6.46782998207714,19.5778091974799,8,6
"3160",9.50254918452184,25.0619011934103,8,6
"3161",6.92550364578784,20.7314731068135,8,6
"3162",9.20809977549037,23.1797986776999,8,6
"3163",5.81221358297885,17.2321733553172,8,6
"3164",6.09708787745699,21.1080468470845,8,6
"3165",9.1414916384911,23.2345614887962,8,6
"3166",8.8782525800645,20.7234035132821,8,6
"3167",4.74265659936549,13.9717429534435,8,6
"3168",8.33834381532996,23.4794183246996,8,6
"3169",10.6347977141681,27.8883031745164,8,6
"3170",9.87040727495562,23.1604577483188,8,6
"3171",7.88529270768125,15.9983136064168,8,6
"3172",6.16297609153148,16.2110623845945,8,6
"3173",5.74687594759951,16.9455970375416,8,6
"3174",6.11804295487488,17.3416521584013,8,6
"3175",7.03110749402673,21.5651136939168,8,6
"3176",8.66507155518155,19.8896708443094,8,6
"3177",9.42825282353514,21.7852418768469,8,6
"3178",12.2570468618782,30.3470441969219,8,6
"3179",9.58814657355867,21.2779208272022,8,6
"3180",8.19391479165829,23.0470261036624,8,6
"3181",5.84597063134881,19.7448979098737,8,6
"3182",6.82933464733886,22.4941518973226,8,6
"3183",11.4112762426382,25.3034955814697,8,6
"3184",6.79928625333711,19.1214383591695,8,6
"3185",4.73144104644657,18.4173529035417,8,6
"3186",7.04433000320181,22.1500631941081,8,6
"3187",5.80725868845909,19.3696641109091,8,6
"3188",9.31999144398496,24.3861101582812,8,6
"3189",9.04619508661308,27.0480211671499,8,6
"3190",5.31198793717723,15.6610029758939,8,6
"3191",5.9665345367478,22.1774438493169,8,6
"3192",6.64345044073047,20.2850402585781,8,6
"3193",6.74140891247171,18.7193004639648,8,6
"3194",10.881368076074,26.2021305457,8,6
"3195",7.71914420939243,25.7058728450378,8,6
"3196",11.6822254201236,29.6788168593807,8,6
"3197",8.26084831818088,24.9455512098043,8,6
"3198",6.76999269484326,25.0430544430901,8,6
"3199",9.04792212803216,23.1452376034062,8,6
"3200",10.4661302486634,30.8512581892838,8,6
"3201",6.71566559804854,23.7035429342409,8,6
"3202",5.48307443688601,14.7482009536478,8,6
"3203",10.8173952248753,30.3529608708796,8,6
"3204",5.87817254196019,18.8353713380343,8,6
"3205",8.77245545459921,23.2065745012758,8,6
"3206",8.21653832300369,24.443075514694,8,6
"3207",13.2301702821945,27.0207348901674,8,6
"3208",7.82831965527713,25.0215734917568,8,6
"3209",5.57399423672481,15.8141479852652,8,6
"3210",6.16828067305821,19.6805625065154,8,6
"3211",6.44611017391393,14.4666297576677,8,6
"3212",9.2399334242587,26.4520356971368,8,6
"3213",3.70797760924755,17.58007372464,8,6
"3214",9.47472177185837,20.5479912224165,8,6
"3215",10.6218007501156,28.1367423831103,8,6
"3216",7.8945333789519,24.4144247678746,8,6
"3217",5.95363966295911,15.0279054689825,8,6
"3218",11.5327041790102,25.5192665784067,8,6
"3219",6.74160284497493,18.4192423953795,8,6
"3220",7.67123759131025,21.8444538055597,8,6
"3221",8.84981717692176,22.1828886886664,8,6
"3222",7.87573669829044,22.5059564440575,8,6
"3223",6.45100920563167,18.9437457340168,8,6
"3224",12.7547740472477,29.7219681156323,8,6
"3225",4.20350303744458,21.3736701322148,8,6
"3226",4.77960162659288,18.1149638090629,8,6
"3227",6.2763709092606,23.6910559486237,8,6
"3228",7.42181840844396,28.8157991875186,8,6
"3229",7.30191194637344,20.5681272273706,8,6
"3230",6.48627418461587,19.5584867426505,8,6
"3231",10.6105244832602,23.4071962484829,8,6
"3232",4.73953625019059,15.8092224826399,8,6
"3233",4.66780994988122,20.4562176795522,8,6
"3234",8.95639764619859,24.021549182239,8,6
"3235",6.32567977339074,19.3682970089729,8,6
"3236",6.33235541841334,24.0203438370228,8,6
"3237",9.35090599320392,25.3441196292459,8,6
"3238",6.01247423917713,20.2652665310118,8,6
"3239",9.30484504640688,27.8999338034284,8,6
"3240",12.3072126066859,28.0050036195313,8,6
"3241",9.58583734418151,23.4208067855544,8,6
"3242",5.36540516473284,17.8588563898433,8,6
"3243",7.94966839896983,24.3082834600078,8,6
"3244",7.30224961223689,25.5008131663283,8,6
"3245",5.85020970145414,17.7493343521311,8,6
"3246",9.12948459867036,25.6830084214588,8,6
"3247",13.3024812620436,31.61615214203,8,6
"3248",7.38587632224931,24.7617302206798,8,6
"3249",3.11163093938011,19.0393284546892,8,6
"3250",9.53827603438171,20.4916740241579,8,6
"3251",9.10106118599727,30.0198363075075,8,6
"3252",7.53591806964452,20.2131647821255,8,6
"3253",8.95905283452012,23.063845815978,8,6
"3254",8.99444527390464,29.6755598718825,8,6
"3255",10.6696000849184,22.732026157207,8,6
"3256",9.86220627189416,24.3701286924368,8,6
"3257",7.28956632066147,24.092053107959,8,6
"3258",10.5746495415386,26.5910929485888,8,6
"3259",6.81900355413436,26.6970303357852,8,6
"3260",8.7291360573611,20.658691227871,8,6
"3261",9.63840038402878,24.7043477358553,8,6
"3262",9.41258581491138,26.0557227359088,8,6
"3263",5.57458502407902,18.4123753994794,8,6
"3264",5.41588473606708,17.6361318944436,8,6
"3265",9.51150524554248,26.2955860592249,8,6
"3266",7.4841441505507,24.1029505620519,8,6
"3267",9.27788676619674,23.4983818798433,8,6
"3268",9.65396440590843,27.1083286315443,8,6
"3269",10.8215036338874,25.4137438186558,8,6
"3270",5.6917153699476,17.5693130026238,8,6
"3271",7.14698298586916,17.8607170025353,8,6
"3272",8.72264832681094,23.9424157094052,8,6
"3273",7.16120362189062,21.9642452975946,8,6
"3274",6.57989128108147,20.2970761680981,8,6
"3275",3.32591609700337,17.1546916137382,8,6
"3276",9.30925496117062,22.0695139141214,8,6
"3277",7.61058795133848,24.9904068371685,8,6
"3278",9.17173299603029,25.7657602628894,8,6
"3279",7.46228628422526,17.1010207520399,8,6
"3280",10.3026762426077,26.6341769737835,8,6
"3281",7.3785417197206,20.7279836560954,8,6
"3282",5.84670353044199,22.3471595941069,8,6
"3283",9.57536200191175,23.443954356696,8,6
"3284",8.94283406319221,23.2213401848316,8,6
"3285",7.70151132207576,19.5697221146345,8,6
"3286",5.66516437288848,18.9816902481832,8,6
"3287",9.57485115268713,24.9790689434347,8,6
"3288",9.30139758302764,21.4266358427638,8,6
"3289",5.05048030801689,22.2161598761249,8,6
"3290",6.6337168843264,20.2673826833039,8,6
"3291",8.7743135166832,22.6160134541599,8,6
"3292",8.52530012626952,24.7834873751731,8,6
"3293",7.14265345135054,20.328861411099,8,6
"3294",6.85558600362769,19.1886305880477,8,6
"3295",8.86593896188745,20.4831514730353,8,6
"3296",8.39001235518514,21.2176955569367,8,6
"3297",8.86542766773118,23.8343186515507,8,6
"3298",6.32829599798056,20.9032407483726,8,6
"3299",6.41680219002332,21.4869609077668,8,6
"3300",7.97479680970926,20.757641492809,8,6
"3301",8.99772593197948,19.7147282707945,8,6
"3302",7.74649199931681,22.0631806176752,8,6
"3303",6.9826426795777,24.0066375548221,8,6
"3304",7.70005935327637,23.4149838948434,8,6
"3305",9.47169117777285,30.183702555839,8,6
"3306",7.31336073949227,18.3505593738388,8,6
"3307",7.84638274818496,28.5100824269535,8,6
"3308",2.60724913985003,15.6721115335585,8,6
"3309",7.57454537540238,21.9313389312825,8,6
"3310",7.36052416990036,17.6441438684049,8,6
"3311",8.56137883671225,25.0149101674708,8,6
"3312",8.51095985851426,20.8862226616187,8,6
"3313",4.63903002413749,15.856212759428,8,6
"3314",3.77168975022811,19.2403483427097,8,6
"3315",4.91400352566328,15.3233144136769,8,6
"3316",7.58065729780649,22.4586531052567,8,6
"3317",8.98059061602114,24.4447319317745,8,6
"3318",9.96624586834773,22.5700084857703,8,6
"3319",5.35101313621164,20.1978105489177,8,6
"3320",10.1183662057249,26.2410522008503,8,6
"3321",5.81604735495793,18.5933197169471,8,6
"3322",7.90510847075135,20.5706679610929,8,6
"3323",9.88418573405939,24.6587616269047,8,6
"3324",8.28234919543703,19.0595262301118,8,6
"3325",7.69265948192987,19.2481094052856,8,6
"3326",10.2979493072491,25.8290769158494,8,6
"3327",9.10104235371594,24.8208978637625,8,6
"3328",9.41682840164973,24.0153293426836,8,6
"3329",6.88261299895521,24.520077676632,8,6
"3330",8.95018753635337,21.4871851503064,8,6
"3331",8.03089346554374,23.9413064306757,8,6
"3332",8.25733359366067,25.1328722914015,8,6
"3333",7.91898132950599,26.1699239551933,8,6
"3334",6.84061835779024,24.1416959403899,8,6
"3335",9.32073090970419,23.9194309811083,8,6
"3336",10.9357402345506,25.1292237543978,8,6
"3337",7.31138747055095,23.3679133578172,8,6
"3338",7.68923956643696,15.5072255107377,8,6
"3339",5.40991836905663,25.7557261281575,8,6
"3340",6.86207655997031,14.5894411471059,8,6
"3341",5.65129186255032,15.5420448734041,8,6
"3342",7.83300132878182,23.0619653464453,8,6
"3343",8.1385604046848,28.561766865845,8,6
"3344",7.76758763045906,24.1039104420797,8,6
"3345",7.47556897333214,22.9376760691832,8,6
"3346",6.38644499528285,22.953887169328,8,6
"3347",10.1595235276805,24.1852149186623,8,6
"3348",6.37913119279436,17.8945029660309,8,6
"3349",11.3985893375316,30.017296390691,8,6
"3350",8.22761599240485,22.1890718428655,8,6
"3351",6.6916083342682,24.667772058296,8,6
"3352",9.9372615372993,27.0434735377039,8,6
"3353",5.76619373591626,18.1723264811912,8,6
"3354",7.93515614503006,21.0905439243846,8,6
"3355",7.93260378720831,29.0884781979751,8,6
"3356",7.66204440023156,25.2372390126079,8,6
"3357",8.49712303880116,21.6031557753743,8,6
"3358",8.32006072843691,24.0885001046572,8,6
"3359",11.1213844789714,25.2209877674336,8,6
"3360",5.94864127001181,20.3908660393666,8,6
"3361",9.86085230346594,22.5601432906831,8,6
"3362",10.7048572487297,26.944120566052,8,6
"3363",9.39072380102551,20.4741239327213,8,6
"3364",10.287292844678,23.1651430583362,8,6
"3365",8.94815273232531,24.4358436514316,8,6
"3366",12.1709358589884,30.7781724628896,8,6
"3367",9.70153135503629,25.7202030867796,8,6
"3368",8.90633610003498,24.0501022562271,8,6
"3369",4.14422966017318,15.8519582301532,8,6
"3370",9.97322384940463,24.2224797435018,8,6
"3371",9.25171037133368,24.2753574259945,8,6
"3372",7.19549933748339,22.4677621121771,8,6
"3373",6.25817468250772,19.2136427233031,8,6
"3374",7.64463468859693,19.4821302479495,8,6
"3375",8.35105340936652,25.8015029272707,8,6
"3376",8.14634326804052,25.5343542338298,8,6
"3377",8.46678232458302,19.8319180011491,8,6
"3378",9.47444530544992,28.4442296390699,8,6
"3379",8.25941054495262,20.508244643168,8,6
"3380",3.96603102558406,17.43892999223,8,6
"3381",12.6655176351921,34.0910367672259,8,6
"3382",10.0874351431797,32.1228781696704,8,6
"3383",6.53489064685508,17.4032486429993,8,6
"3384",7.69232517415778,27.009692605043,8,6
"3385",6.63463487262966,24.9768647634253,8,6
"3386",8.88078560170782,23.2886004347732,8,6
"3387",5.42013800630029,19.7161342574844,8,6
"3388",7.71793540766799,17.3398559513127,8,6
"3389",8.06531313948488,27.3886978009633,8,6
"3390",8.74937624697671,22.8613722615237,8,6
"3391",6.18544970166529,20.4030426454726,8,6
"3392",9.56417120859412,24.3233607381166,8,6
"3393",8.0919304207959,20.0831236226792,8,6
"3394",4.7871702982334,21.1659927777845,8,6
"3395",8.28883957609183,25.1469805554805,8,6
"3396",6.87762491811802,16.5155505325313,8,6
"3397",7.38907793202916,22.6219289701995,8,6
"3398",6.85302168891776,16.6090416279212,8,6
"3399",8.44259473773766,27.8566268629065,8,6
"3400",8.18148289302233,25.3985306668837,8,6
"3401",10.7233203301776,28.1514312474968,8,6
"3402",8.40950946175722,23.1585537360684,8,6
"3403",7.99487430731686,27.7082073903707,8,6
"3404",9.35895154722937,24.0232875409643,8,6
"3405",6.61828935699289,19.3787825076688,8,6
"3406",7.23253368123828,21.9960742576115,8,6
"3407",7.60409443351154,22.7066603160101,8,6
"3408",7.53076907078814,22.2035152973205,8,6
"3409",5.53133861398659,15.3577448149796,8,6
"3410",6.32606341491293,24.4132537253526,8,6
"3411",8.84165507816724,23.5272794003571,8,6
"3412",9.73097845626125,25.2820346223705,8,6
"3413",6.99653375273799,18.5915092900729,8,6
"3414",5.39785135685376,20.1460397823497,8,6
"3415",10.558945999315,26.7821744126585,8,6
"3416",6.58924808076817,22.4337445252726,8,6
"3417",8.91869411278715,23.1312765445885,8,6
"3418",7.65208977695359,25.6394307656472,8,6
"3419",7.01536245889246,20.1142295304504,8,6
"3420",10.1371228818141,23.3577534695521,8,6
"3421",10.5535636286341,26.1288025895883,8,6
"3422",8.54417683059734,24.3777056012072,8,6
"3423",8.73004366033641,20.380277957967,8,6
"3424",7.45665200663126,23.7518132510815,8,6
"3425",8.1454201965855,25.0848404089515,8,6
"3426",9.2904046131156,23.5797838659396,8,6
"3427",3.77650304690188,13.9284338805512,8,6
"3428",8.01165318827112,23.1700893682467,8,6
"3429",9.16864524439223,27.9968779599174,8,6
"3430",10.4642189018133,26.1515369911413,8,6
"3431",10.7106592228442,26.4807950614267,8,6
"3432",9.30426788242535,21.8405277452949,8,6
"3433",4.51069300597628,18.2913677765493,8,6
"3434",11.0511841089939,24.0003765005102,8,6
"3435",10.2124736390689,30.1806152991,8,6
"3436",7.70605297978704,22.498277661919,8,6
"3437",7.97724400617767,25.6184770350613,8,6
"3438",5.76685119483118,20.1099726521616,8,6
"3439",8.16072401491756,21.9694536965215,8,6
"3440",7.57461503749847,21.5326398268575,8,6
"3441",8.00412201884506,24.931414578743,8,6
"3442",8.00886720203034,23.1751964591361,8,6
"3443",9.50356535588823,26.0192944767018,8,6
"3444",7.30516302294059,20.5434130911825,8,6
"3445",5.80535042523063,23.4248368301581,8,6
"3446",10.107112515542,24.1299257929898,8,6
"3447",7.53084922914358,23.0737536119832,8,6
"3448",5.08551585313342,14.9050111029809,8,6
"3449",8.59937988144046,22.8426458119191,8,6
"3450",10.2359577012292,25.1799088950029,8,6
"3451",6.68828526795321,17.9810786800628,8,6
"3452",4.76799901669292,25.5664806194781,8,6
"3453",8.04919387172985,21.0141408659816,8,6
"3454",5.78335167577788,18.5398623195722,8,6
"3455",8.66007337128831,22.357374807183,8,6
"3456",9.37659927137859,25.5924470134669,8,6
"3457",7.41331182844625,25.0883443987278,8,6
"3458",7.46701592871873,21.530595515046,8,6
"3459",7.276526759816,26.4373978442928,8,6
"3460",9.68651799876504,22.1304903960969,8,6
"3461",7.9130732708056,25.5424944448947,8,6
"3462",5.29486471266696,17.6653782101799,8,6
"3463",10.682822759693,27.2432679452056,8,6
"3464",12.2340541401224,30.1557233002306,8,6
"3465",6.63914894200536,17.6165753010253,8,6
"3466",7.12562515471,25.1311936473489,8,6
"3467",8.62613964863891,22.1032603468031,8,6
"3468",6.79271399122167,21.785826179836,8,6
"3469",7.66939088827461,20.1881565538514,8,6
"3470",9.45409542284161,17.7546150162473,8,6
"3471",9.49586037197894,29.5846384016338,8,6
"3472",8.84493563527183,21.1786452876513,8,6
"3473",3.70866163668512,16.019244532172,8,6
"3474",6.02238737162372,21.6437297858439,8,6
"3475",9.49159435245665,23.8613274203586,8,6
"3476",8.4172063670711,22.0903273414348,8,6
"3477",8.3365142863985,27.4798128551255,8,6
"3478",8.16418422288664,18.0789385605117,8,6
"3479",9.09681964560652,19.0286322220903,8,6
"3480",5.87143411030395,18.6282015020539,8,6
"3481",6.94706815294511,20.5722901013198,8,6
"3482",4.00630451836102,20.071302374279,8,6
"3483",5.50219048634777,18.9235775418351,8,6
"3484",10.7246228756791,27.6640405588215,8,6
"3485",6.76756617462677,27.186484450366,8,6
"3486",9.80051888974315,25.1786765307713,8,6
"3487",8.25494536492532,25.642006576624,8,6
"3488",9.48975412961757,24.630877467757,8,6
"3489",5.82707783322453,18.9017250958828,8,6
"3490",5.01722474087608,22.7542124968937,8,6
"3491",8.6560009621973,26.1769022140506,8,6
"3492",7.38281317581127,16.302063191843,8,6
"3493",8.03642615324758,20.0549911400968,8,6
"3494",8.23289676973013,23.5580843907887,8,6
"3495",7.37419065143807,21.1082375065431,8,6
"3496",5.40132559521363,16.9199804702434,8,6
"3497",9.69382257160721,24.608521694393,8,6
"3498",10.594114162427,25.0151149336619,8,6
"3499",11.3649257820097,31.9646410081042,8,6
"3500",3.40674664444031,12.6971732010836,8,6
"3501",8.48732103550802,24.8399982884749,8,6
"3502",8.24134625581589,21.5992340420645,8,6
"3503",6.29135489257002,15.8759626101476,8,6
"3504",5.8227777259368,22.4272990465867,8,6
"3505",6.2512409281894,17.8546090150434,8,6
"3506",4.2199027232565,17.835175336051,8,6
"3507",6.74472307757468,23.4804649620191,8,6
"3508",5.05043791370136,23.1975118312208,8,6
"3509",8.93856705627045,20.1493978595093,8,6
"3510",11.8924331543584,21.0892975858565,8,6
"3511",8.11142000635203,27.4205347654427,8,6
"3512",5.75397709020363,17.8610771067634,8,6
"3513",7.22776759924959,23.0218801459264,8,6
"3514",8.99424827819536,22.9449130217378,8,6
"3515",8.87734640346261,23.4027684527798,8,6
"3516",5.97463258170909,19.8875845355266,8,6
"3517",8.53947931617516,22.0440512621347,8,6
"3518",7.01166298199007,22.6240289121096,8,6
"3519",11.0884212437176,25.2331222375476,8,6
"3520",4.97533262505197,21.1726096651009,8,6
"3521",6.86596003501108,17.0355078336319,8,6
"3522",9.73227764741368,27.0274320682564,8,6
"3523",5.83979399619998,21.4684096176501,8,6
"3524",7.24643596913678,18.3826452274382,8,6
"3525",6.63534832791224,18.2537547385443,8,6
"3526",5.6626789120545,21.5650501593489,8,6
"3527",6.71068383751908,17.1480626185147,8,6
"3528",7.05685632449515,22.5018059030644,8,6
"3529",11.6231585614607,24.5075548953812,8,6
"3530",8.67201724628193,22.3800781058876,8,6
"3531",8.29424013421695,24.9637115861428,8,6
"3532",7.66165955583716,23.1119700745736,8,6
"3533",9.12312983826234,25.0254770626925,8,6
"3534",7.93995843828111,26.9740252251677,8,6
"3535",9.66733275558748,30.2722752330134,8,6
"3536",7.23955725501961,21.7231241856124,8,6
"3537",9.02195801598415,27.4799378491068,8,6
"3538",7.31513847230444,18.5359286353084,8,6
"3539",6.04212364484008,25.6852827395383,8,6
"3540",6.50186760099712,22.6053726061453,8,6
"3541",10.8145175400257,28.5401872239913,8,6
"3542",5.67246909507022,24.3753633125538,8,6
"3543",9.65582325115431,24.8513382282332,8,6
"3544",7.89711023967033,22.3820151964445,8,6
"3545",8.0201257201935,25.0836463977537,8,6
"3546",6.62907367385715,14.5133186447156,8,6
"3547",9.54376877700276,26.32511657992,8,6
"3548",7.30149379768691,22.7720494331286,8,6
"3549",7.80742529740171,25.2231744916468,8,6
"3550",9.95333538245252,25.8060812144951,8,6
"3551",8.13130489657993,24.5294349613044,8,6
"3552",7.75778358515259,21.0301643568289,8,6
"3553",8.03532423911307,24.2363924778047,8,6
"3554",8.815053239385,19.7229763322993,8,6
"3555",10.7010240672969,19.292235725001,8,6
"3556",7.37360744053682,21.4267304161449,8,6
"3557",7.2407969765458,21.6340188661726,8,6
"3558",6.22503840967097,22.0660234816043,8,6
"3559",6.93093251678497,20.5082182118631,8,6
"3560",5.36011848880123,22.7998266524342,8,6
"3561",11.7124524868958,28.8615462241056,8,6
"3562",4.85110674489932,14.7969637686675,8,6
"3563",7.1748710785807,20.0707076366867,8,6
"3564",6.44418960000234,19.4414504746349,8,6
"3565",9.20575423250256,22.802821225292,8,6
"3566",7.41734319107052,20.3260100933028,8,6
"3567",5.06394735725468,18.9748105128839,8,6
"3568",6.13175664567615,16.4751460493511,8,6
"3569",10.0353339032719,20.2428082166238,8,6
"3570",8.1214805485355,21.9960868812832,8,6
"3571",8.21133226178522,21.4786920797551,8,6
"3572",7.18066887407621,22.0534631987527,8,6
"3573",9.08150471905177,22.1466580616505,8,6
"3574",11.5422473788735,22.0423361230352,8,6
"3575",8.23595318490146,18.3435455556824,8,6
"3576",4.91860628099805,14.8420064111191,8,6
"3577",9.8076825176701,21.9451312880403,8,6
"3578",11.1241559136531,33.9575758265192,8,6
"3579",7.6596919089917,24.2577653802063,8,6
"3580",7.34923268413245,23.1547696950941,8,6
"3581",9.0700247320102,22.1247283869799,8,6
"3582",5.719092312278,17.134785192954,8,6
"3583",6.1300261217005,19.1112531898144,8,6
"3584",7.49085550355718,28.66380561037,8,6
"3585",6.86378138198177,19.4699947138275,8,6
"3586",3.59079087033534,17.3524205840454,8,6
"3587",10.7803188701239,23.2397556142784,8,6
"3588",4.04489542979652,18.6896392409143,8,6
"3589",8.52076205195713,20.1262631406952,8,6
"3590",10.2370644010075,25.6964647272916,8,6
"3591",7.31496913090629,18.7113186826307,8,6
"3592",8.92548487005679,18.926896849702,8,6
"3593",13.2232267787706,30.3873573150096,8,6
"3594",6.62657188847294,18.5780899993683,8,6
"3595",10.6237703628089,25.4055548532449,8,6
"3596",10.0310972215359,23.2238879717468,8,6
"3597",5.4415043299311,27.1505568246498,8,6
"3598",12.7188784144939,23.8154810867837,8,6
"3599",10.4290137230027,23.7026681090294,8,6
"3600",13.5161058039701,32.8375931111581,8,6
"3601",8.75925663958184,26.4110790791054,8,6
"3602",7.01302789402226,20.5843180188664,8,6
"3603",11.4859321014425,29.1468701321552,8,6
"3604",9.7653833617262,19.6956579505531,8,6
"3605",4.56824710055383,20.1159188431494,8,6
"3606",9.18715037499246,23.186586361625,8,6
"3607",9.39123887104537,24.3284341706468,8,6
"3608",8.47690636006838,19.2197800306394,8,6
"3609",6.23397800683459,19.4040055676341,8,6
"3610",7.03875002991628,24.0832849311537,8,6
"3611",7.97434824885842,19.53869443514,8,6
"3612",6.04098061073529,28.0430639464021,8,6
"3613",7.85932634397741,19.6721297402287,8,6
"3614",8.79626052587624,25.5830290884376,8,6
"3615",6.98952922708999,19.5324438315081,8,6
"3616",6.95845488864724,20.6561771951751,8,6
"3617",8.34596423700146,28.6917564464371,8,6
"3618",7.90662596435125,20.5418453672505,8,6
"3619",7.15871008291112,22.1503003587008,8,6
"3620",7.24077299109312,23.5339321892686,8,6
"3621",8.1220145994488,24.2172774148818,8,6
"3622",4.559102756297,19.6544363795916,8,6
"3623",9.44985768882604,29.9787591821694,8,6
"3624",8.51735258029198,23.7776741841828,8,6
"3625",8.75759765230952,21.1741994827817,8,6
"3626",6.78653580355917,17.7065186542657,8,6
"3627",7.40875157265802,18.4176488602067,8,6
"3628",7.1557870725361,19.8484817372546,8,6
"3629",9.58057354853462,25.8059824410636,8,6
"3630",6.60778110781456,20.9337936541349,8,6
"3631",5.65065128550008,24.5419789512751,8,6
"3632",8.35569428951587,17.2985603408855,8,6
"3633",6.63040318701324,21.376299184775,8,6
"3634",10.1412878121582,27.9397975122128,8,6
"3635",6.51177902184422,18.1271376133349,8,6
"3636",8.91679654324216,23.7382965445402,8,6
"3637",6.17060985278821,21.3528953393254,8,6
"3638",11.3857945386267,26.8494094523954,8,6
"3639",5.02033440343953,22.8629774000856,8,6
"3640",6.8338989161132,20.9641976664193,8,6
"3641",9.99264512096322,23.5717017121121,8,6
"3642",9.53728532231997,22.2753100845143,8,6
"3643",4.64306670328428,17.3530883569681,8,6
"3644",3.73509428286458,11.8059547671401,8,6
"3645",6.35824370944873,19.0274584358297,8,6
"3646",6.12947409927753,20.2040934837754,8,6
"3647",8.51767633644439,27.1096962369174,8,6
"3648",8.37394376300447,25.6724209326449,8,6
"3649",8.62683369950389,24.9503907539568,8,6
"3650",8.30259638349322,26.2846479134984,8,6
"3651",7.97891806062664,28.2084250576662,8,6
"3652",8.56846061013603,19.385636882489,8,6
"3653",11.4680362137022,25.9371172673793,8,6
"3654",10.0022321583923,25.5809746995806,8,6
"3655",12.2135065472335,24.2401167322464,8,6
"3656",9.72852262010849,24.3623442102324,8,6
"3657",7.51820376744547,22.8181186286876,8,6
"3658",10.0718218186836,22.3222571603871,8,6
"3659",7.25140401205522,17.2484366829707,8,6
"3660",8.54125113165104,20.9362942017159,8,6
"3661",9.00502782872474,23.9402112129702,8,6
"3662",8.24075367381595,25.268735694024,8,6
"3663",6.25814552123074,22.8545891111297,8,6
"3664",5.93081785904946,20.4798117336585,8,6
"3665",5.14679115553886,22.2039011084878,8,6
"3666",9.98385055656846,26.2928540335596,8,6
"3667",6.68401313073001,19.7485358530259,8,6
"3668",7.13751444166322,18.8817761292743,8,6
"3669",8.37171157407828,21.5436740153738,8,6
"3670",10.1281434906165,28.3728951658357,8,6
"3671",6.59655641299665,18.0893570056246,8,6
"3672",8.59013974673469,21.7826667301313,8,6
"3673",9.96820900614789,25.784024736183,8,6
"3674",4.74568114884655,20.1475969211467,8,6
"3675",8.76601756255183,19.9186286916745,8,6
"3676",9.59242039602737,20.4861924113693,8,6
"3677",10.476727518415,23.2315492464232,8,6
"3678",9.09249836615288,25.3879600276132,8,6
"3679",9.42909175973225,23.3209549679809,8,6
"3680",6.67071191319413,17.5081827641659,8,6
"3681",10.3516279740411,24.8457289952831,8,6
"3682",8.23220462803824,20.6394368949852,8,6
"3683",5.69842719632325,18.7550344342138,8,6
"3684",8.61341440225356,25.5708482022068,8,6
"3685",8.72088996685103,23.4304587634818,8,6
"3686",7.68981040743155,22.2599438208618,8,6
"3687",7.30408294971835,26.8082387143325,8,6
"3688",7.17114470839295,18.8631151011929,8,6
"3689",6.20371481005087,19.694686885313,8,6
"3690",8.11235479745593,21.5419582757361,8,6
"3691",7.24289931588624,24.0293097182292,8,6
"3692",9.73159578459826,25.4277066415242,8,6
"3693",10.4842478691643,22.4983601782591,8,6
"3694",6.57934171338664,16.9903296014466,8,6
"3695",6.73239795217558,21.944255744441,8,6
"3696",10.6945020000642,26.1178671952024,8,6
"3697",2.92393324844097,13.2044350148342,8,6
"3698",7.13997834277558,23.5720741356729,8,6
"3699",8.2961238849109,24.9233124220858,8,6
"3700",7.61264147049374,22.0219309355949,8,6
"3701",8.62497188254591,20.7969566893765,8,6
"3702",8.25373514636306,16.1542173596862,8,6
"3703",8.50927481171254,21.7791184216135,8,6
"3704",10.7821573863736,27.7135731619462,8,6
"3705",9.71948763800776,23.6006272668073,8,6
"3706",9.33304994595724,27.1429116418289,8,6
"3707",10.3435909399845,25.6217507148858,8,6
"3708",7.76766442433903,24.3387631662029,8,6
"3709",8.79023272988038,27.4981169300724,8,6
"3710",6.40092656767974,18.1189342006961,8,6
"3711",5.26391228807173,14.4421583094855,8,6
"3712",11.1659955853939,26.4253995113772,8,6
"3713",9.93895411032569,30.9106597122054,8,6
"3714",9.53140825390053,24.1362974379621,8,6
"3715",7.40036555433498,20.4076823383401,8,6
"3716",8.36845429379925,19.2458489918952,8,6
"3717",11.725802279029,28.2789626973504,8,6
"3718",9.45121767417697,20.3603011657821,8,6
"3719",5.36221346570446,16.4252500297985,8,6
"3720",7.948125714435,20.1659419095821,8,6
"3721",7.54570653550574,27.1050704474265,8,6
"3722",6.75674787956642,21.2174932292432,8,6
"3723",8.73093063539654,28.8606840808409,8,6
"3724",9.31987651408494,18.7198726783592,8,6
"3725",9.19796377684217,27.5686783322743,8,6
"3726",7.46285067516573,21.281148115482,8,6
"3727",6.98832866269867,24.451230445362,8,6
"3728",9.31215715267247,17.4670759941297,8,6
"3729",7.46817671359289,19.21556241999,8,6
"3730",7.45041854110135,19.0192354236896,8,6
"3731",7.51125085929068,23.0186177192561,8,6
"3732",6.05569846186055,19.1996489161897,8,6
"3733",10.6684796639142,23.4298207514067,8,6
"3734",7.66539540488505,20.375881497198,8,6
"3735",9.25976734478514,26.0549298121176,8,6
"3736",9.86943816962396,27.7003625659396,8,6
"3737",8.77233055413186,24.5114153760816,8,6
"3738",3.63571974816431,18.3367433274193,8,6
"3739",3.74208852881172,23.8420858512219,8,6
"3740",8.11786931782527,20.8921844107484,8,6
"3741",14.6272979716809,34.8048574829973,8,6
"3742",5.84280377289985,20.0968802228493,8,6
"3743",6.1274871414797,23.0860013501442,8,6
"3744",6.37158159582279,22.1673890733182,8,6
"3745",6.43204768857264,13.5803373374842,8,6
"3746",9.10981444888821,25.414251612934,8,6
"3747",7.63305009414191,16.8120747802023,8,6
"3748",8.04953143294841,20.8914788377684,8,6
"3749",5.61686630658592,21.7194943938052,8,6
"3750",5.99775373504479,20.0822414548106,8,6
"3751",7.79160634070776,16.2391124545063,8,6
"3752",6.97886302646262,20.6245704333316,8,6
"3753",9.44593525336284,26.8684932491313,8,6
"3754",8.48148585624369,20.3527834231963,8,6
"3755",5.12906387556467,16.8870666123458,8,6
"3756",11.5035010181069,23.6076743722602,8,6
"3757",7.63973148760783,21.0143462375371,8,6
"3758",6.9214274956476,21.2143362769539,8,6
"3759",8.31417930926974,27.2824726850908,8,6
"3760",7.43911840363081,18.7461290564717,8,6
"3761",8.43848428908475,23.8355944250723,8,6
"3762",7.58248765119363,22.3140121604701,8,6
"3763",3.46078000301442,9.97309075403755,8,6
"3764",7.94643545721102,22.05546704309,8,6
"3765",9.21814586181481,28.2857030247907,8,6
"3766",8.36062940627838,19.2595386315597,8,6
"3767",8.94671765410598,28.3885525626194,8,6
"3768",6.82951242205475,19.0265591944135,8,6
"3769",8.50537953362291,27.7696883889193,8,6
"3770",10.9329899326691,26.7603438385828,8,6
"3771",10.4515899732852,26.8291780220241,8,6
"3772",10.0073447903162,21.7136501577831,8,6
"3773",7.90977852180278,24.3476450882694,8,6
"3774",6.34765089365448,16.2760789626692,8,6
"3775",4.28314628985243,14.1270060346707,8,6
"3776",7.42238890028042,23.1990065716852,8,6
"3777",5.44961410087782,13.8881091830485,8,6
"3778",9.41967728052508,21.0624680160489,8,6
"3779",9.93201865448427,21.5635843757422,8,6
"3780",6.56342682377021,22.0451270632421,8,6
"3781",10.3082940410292,30.2997087867597,8,6
"3782",8.68612541117273,21.8640815701916,8,6
"3783",6.09521465343263,12.6529311631797,8,6
"3784",6.25172844520365,21.1441175277203,8,6
"3785",10.7638740703454,26.1286989205355,8,6
"3786",10.0398082033802,27.0805104460824,8,6
"3787",8.3333223030069,22.3150638141674,8,6
"3788",6.37190937086857,19.9853894240886,8,6
"3789",8.43043979542865,23.4664789848451,8,6
"3790",8.91848067657681,26.1274709818016,8,6
"3791",10.1447589772757,22.6949345894816,8,6
"3792",9.18479154471853,23.262220216925,8,6
"3793",6.51689241021157,22.0986088925728,8,6
"3794",9.25432714060852,22.1950135798907,8,6
"3795",5.94526601788081,23.4609866004604,8,6
"3796",5.49318553322969,17.8588345709873,8,6
"3797",7.33110892241111,20.3359290736871,8,6
"3798",6.56060142121214,20.4961145668042,8,6
"3799",7.55477631679153,20.1995356778915,8,6
"3800",7.50211600297983,20.4429991209937,8,6
"3801",7.70349192465293,25.2666663311942,8,6
"3802",5.38985322828685,20.7489283098778,8,6
"3803",6.10637153962919,13.1978984116141,8,6
"3804",9.82361602419118,21.1661190373339,8,6
"3805",8.93435408341659,24.4374681165542,8,6
"3806",9.16506810796659,25.1329817095814,8,6
"3807",5.18917987993195,19.348542367555,8,6
"3808",9.02626353674778,25.2795938275647,8,6
"3809",11.0220382125517,27.2257025479674,8,6
"3810",7.57878188784373,24.3361137986645,8,6
"3811",7.34522021874572,21.9490015115717,8,6
"3812",8.7192393273249,22.6462828937062,8,6
"3813",7.06280790238127,18.9081978555926,8,6
"3814",7.46618335462799,16.9556944610096,8,6
"3815",9.17452653835529,26.3463906797815,8,6
"3816",7.65769051102874,20.3455038007292,8,6
"3817",6.98420810010326,18.4646192214614,8,6
"3818",6.56653039944693,20.0230334342389,8,6
"3819",6.96151762506447,25.2854812738626,8,6
"3820",8.70141909607066,16.785271079944,8,6
"3821",10.8082814371063,25.8280463177919,8,6
"3822",4.55895724483386,19.6770015551363,8,6
"3823",7.76643686869195,20.3917351605007,8,6
"3824",7.82681629601991,21.7228339334384,8,6
"3825",9.00816099189567,23.6660338818422,8,6
"3826",7.6912953823617,17.7603757287263,8,6
"3827",9.93657785427096,23.930053509226,8,6
"3828",6.89997949075707,21.3517832938366,8,6
"3829",11.8363495676428,27.2064212281595,8,6
"3830",9.32177913093983,24.4163747270411,8,6
"3831",6.62496707481255,26.0512606900014,8,6
"3832",11.7861092477661,32.4328516242124,8,6
"3833",5.24264846656425,16.8024600660568,8,6
"3834",9.08076334234274,24.0142856534494,8,6
"3835",6.4483004591303,22.7531868331402,8,6
"3836",2.84398137419352,15.6822975795859,8,6
"3837",9.3314328891881,22.8259160038177,8,6
"3838",9.44222132880409,23.9475167014217,8,6
"3839",5.08302972781423,22.9647177308349,8,6
"3840",6.89723674881559,19.7070575049271,8,6
"3841",8.48771047389968,18.3624709669024,8,6
"3842",8.8114771693884,22.1193253816113,8,6
"3843",9.53683698967155,27.0896183028515,8,6
"3844",9.4714660379889,26.0784172650512,8,6
"3845",8.07918067667503,23.0678794518405,8,6
"3846",6.97647118958593,15.6193348172514,8,6
"3847",8.07320879657545,21.2755378927971,8,6
"3848",8.83041960150287,18.8343659329058,8,6
"3849",6.98066737943915,18.2575910468119,8,6
"3850",9.46376120063036,21.3868554530644,8,6
"3851",9.40542831922257,27.1088942392451,8,6
"3852",8.76840967617838,25.7720291647358,8,6
"3853",7.27082197287601,20.3978867076458,8,6
"3854",7.21583972710665,23.0634222733625,8,6
"3855",7.74242191184997,21.7646609425963,8,6
"3856",7.45985375576355,20.2344516237722,8,6
"3857",9.29159440415741,25.4829533478091,8,6
"3858",7.407424713157,22.3443147031693,8,6
"3859",7.39278512576035,21.822332281551,8,6
"3860",9.05191208593399,26.1079674735009,8,6
"3861",7.10193362538835,22.1807252702054,8,6
"3862",8.27569794953745,25.1005434830536,8,6
"3863",6.58798784057523,23.3635501529767,8,6
"3864",6.39961783025351,17.5163973597796,8,6
"3865",5.65556159493639,19.1073472204703,8,6
"3866",7.26457660060506,21.0604559679362,8,6
"3867",11.9265439511569,28.2531342717219,8,6
"3868",7.93635691149684,17.449404451307,8,6
"3869",6.5307481680322,13.8978072673799,8,6
"3870",8.8128601648163,22.7842375358628,8,6
"3871",9.49417104733632,22.9755225899153,8,6
"3872",5.00090738902155,14.9077972735435,8,6
"3873",8.65293100282693,21.0306403747535,8,6
"3874",9.46158843937369,31.3970806449789,8,6
"3875",6.5615422880602,19.5613130432422,8,6
"3876",8.65288249896988,23.6862232657831,8,6
"3877",8.26329728702688,29.7486303739437,8,6
"3878",9.69421032073842,23.7797125528563,8,6
"3879",8.40892753708566,16.6742644560218,8,6
"3880",7.71636894050629,22.9655737360531,8,6
"3881",8.12663557376689,25.5603272603914,8,6
"3882",8.2435430518992,22.7167171989167,8,6
"3883",7.75896619380624,20.0785038727807,8,6
"3884",6.20958890355339,20.1075995610791,8,6
"3885",9.07089201072545,21.2413796576338,8,6
"3886",7.14001864964129,21.0052710010656,8,6
"3887",7.60069874971599,18.1994653373107,8,6
"3888",12.8583422966495,32.4135747264177,8,6
"3889",6.11690849638857,21.2547773205878,8,6
"3890",10.3592708145443,23.7470301453037,8,6
"3891",9.88917479681804,27.0019508781949,8,6
"3892",7.12011749847629,15.6353886107881,8,6
"3893",8.2610580004969,28.0734297971462,8,6
"3894",7.61318514022967,20.1884183890699,8,6
"3895",9.04752636717048,25.9172319063809,8,6
"3896",7.3963926501852,20.3590026568326,8,6
"3897",7.45645588122647,18.1037325354948,8,6
"3898",5.9474332651436,19.0349910401524,8,6
"3899",6.45737446052582,21.1833119023681,8,6
"3900",7.09728205590888,20.285388730612,8,6
"3901",10.0099951909527,24.8354605133232,8,6
"3902",7.39654276814211,17.7345210165641,8,6
"3903",9.13288238564805,25.5235045022302,8,6
"3904",5.11752908555938,17.9420939256063,8,6
"3905",5.3895150246048,19.304905387452,8,6
"3906",8.50729968698997,24.4926229951102,8,6
"3907",10.0008934701707,23.8579474179801,8,6
"3908",3.50634691327985,20.3558951623804,8,6
"3909",9.16491169716793,25.8464778509527,8,6
"3910",6.48512420243243,22.9464150797515,8,6
"3911",6.51005516165938,21.848761743533,8,6
"3912",12.2867083445286,26.3234131350685,8,6
"3913",7.53310749459621,21.2954658417388,8,6
"3914",9.16700849519913,25.4429604160536,8,6
"3915",8.78052007281882,25.1826701217556,8,6
"3916",6.08860532925803,23.9777968770624,8,6
"3917",9.82238922298756,28.2068861046322,8,6
"3918",10.7558423737949,28.9906450245973,8,6
"3919",7.47366230790277,21.1348639420147,8,6
"3920",6.55452078078994,18.6466657675172,8,6
"3921",8.64274786610774,24.6769255352444,8,6
"3922",10.2727594114143,27.3952960922262,8,6
"3923",7.30058609959412,21.7477747157311,8,6
"3924",5.99922433620165,18.9069582746733,8,6
"3925",7.77127234458398,24.8427089171449,8,6
"3926",10.0787608144847,27.7530205500612,8,6
"3927",9.30137843401794,29.5884773080059,8,6
"3928",9.0947501346983,21.9738829251697,8,6
"3929",6.1085642026388,14.6843321541466,8,6
"3930",9.33031274471881,21.8137191607714,8,6
"3931",5.48985488056953,15.833029244647,8,6
"3932",5.4446819224441,22.0383440929994,8,6
"3933",6.25851069355944,17.9667639932101,8,6
"3934",6.41635924944616,22.7758052905175,8,6
"3935",9.56046905166249,25.5033231062402,8,6
"3936",2.70695096560005,10.1868773148907,8,6
"3937",9.26820673862617,23.9896207606985,8,6
"3938",10.511247615221,28.8312912462895,8,6
"3939",9.20437519430117,20.0485837823652,8,6
"3940",6.7153596514418,22.1971523291134,8,6
"3941",7.95428188107485,22.2985937828601,8,6
"3942",10.3347547439547,20.9976048814474,8,6
"3943",5.89617108861198,27.0040815965318,8,6
"3944",6.42932118117482,16.1849545357122,8,6
"3945",7.09771553967796,23.5250587557021,8,6
"3946",5.23296699917807,23.1979453870242,8,6
"3947",5.09626591190489,19.615057900364,8,6
"3948",8.86402352503508,26.2405359461322,8,6
"3949",6.2309242210948,20.9006924642129,8,6
"3950",8.73078589938261,23.8365021325272,8,6
"3951",5.96544799657832,16.5271002476676,8,6
"3952",8.69528173922023,22.541093649318,8,6
"3953",8.32435738086377,21.1631138108347,8,6
"3954",6.40448561481465,16.7392422954447,8,6
"3955",12.0150337001694,29.2619228727743,8,6
"3956",8.47289599878844,27.4680198848798,8,6
"3957",4.2845695589009,17.59119171601,8,6
"3958",7.68532386745173,23.498178789077,8,6
"3959",5.99430880832821,17.0937116018914,8,6
"3960",8.44925392439467,19.4305149825394,8,6
"3961",9.33512014584864,20.1808338445427,8,6
"3962",7.02739200067226,21.9665159548431,8,6
"3963",11.1614055276094,25.2005279831814,8,6
"3964",9.85758266875893,23.4279950581945,8,6
"3965",11.792229489818,28.159884103792,8,6
"3966",7.16151998797923,23.1516111145768,8,6
"3967",4.86586269555586,18.5940822684586,8,6
"3968",6.50690432905429,20.9416786969248,8,6
"3969",11.3970238736053,22.5386832486703,8,6
"3970",8.54717423651844,23.5066503519811,8,6
"3971",9.31231702199877,23.7789264863183,8,6
"3972",7.69073001947849,20.1438275685347,8,6
"3973",8.78010796047043,21.2953415559376,8,6
"3974",8.90547668442655,28.0757271046999,8,6
"3975",8.7988541645842,26.2691382213251,8,6
"3976",9.78162535674813,20.9486596237899,8,6
"3977",8.23114018866053,17.1373727086941,8,6
"3978",7.81161156537342,19.3041002724345,8,6
"3979",7.56598729600711,19.7638596235145,8,6
"3980",7.55083473878946,26.7496695243908,8,6
"3981",5.55337757472092,17.6191776646372,8,6
"3982",10.7285906854113,25.4862957383999,8,6
"3983",9.6221836477392,22.2489113158173,8,6
"3984",6.81168665245996,20.184476634015,8,6
"3985",8.71755391634313,20.131745226264,8,6
"3986",9.2692993432919,22.4247622705873,8,6
"3987",5.551138605665,15.0989237484083,8,6
"3988",10.134053534056,26.4253258754236,8,6
"3989",11.6881546041013,31.3195769070534,8,6
"3990",4.50357449656573,17.7458881761792,8,6
"3991",6.16637742261532,19.6446072963214,8,6
"3992",8.37880786160437,21.7654549584001,8,6
"3993",5.65471026119987,22.7102554674737,8,6
"3994",7.57247367963427,19.6850178675293,8,6
"3995",7.86822430391084,20.4076092299063,8,6
"3996",5.83185549015559,18.8680121220393,8,6
"3997",9.48021192508723,24.8870072549482,8,6
"3998",5.27848364196642,16.4311548484893,8,6
"3999",7.5886541911986,18.9603069194294,8,6
"4000",6.29122434068868,20.2451839908823,8,6
