"X1","X2","component","subcomponent"
"3001",8.45932045088867,24.22616151891,8,7
"3002",9.02327744533986,28.7456127188074,8,7
"3003",6.33129564238784,30.9994481704246,8,7
"3004",8.56910807578261,30.7152701899581,8,7
"3005",5.7337854158528,36.3441809799993,8,7
"3006",4.87242318508362,30.1525328008932,8,7
"3007",9.45553095500889,23.0008686905317,8,7
"3008",8.0857591866565,28.9515993917221,8,7
"3009",9.03978939699694,36.1611649628772,8,7
"3010",10.4073006410533,29.870368490816,8,7
"3011",6.59655721554823,31.7955732204264,8,7
"3012",9.47815914559168,31.176611586657,8,7
"3013",9.29198558941424,37.4747733515286,8,7
"3014",5.9933411194129,30.7495548426154,8,7
"3015",5.82350248663416,31.3258210048027,8,7
"3016",9.22149030151,26.3743891189325,8,7
"3017",6.70142840406971,30.6243975188311,8,7
"3018",7.03103145433565,33.5726785217518,8,7
"3019",8.63752652215539,29.2124508785412,8,7
"3020",7.9830702055325,32.4977351798426,8,7
"3021",9.89892496988234,31.6363898854071,8,7
"3022",8.8710861460257,27.9215732759047,8,7
"3023",9.59808305553857,25.6375961137283,8,7
"3024",7.30079211666042,39.9169237131119,8,7
"3025",10.4919801189649,28.8100819319213,8,7
"3026",9.85273629982071,27.3644812578364,8,7
"3027",6.22227495389583,33.8688479751361,8,7
"3028",9.5131331230583,30.3746698404384,8,7
"3029",9.98076262442284,28.0225028658625,8,7
"3030",8.87114680091218,27.6462331865621,8,7
"3031",7.89769709492121,31.9680704155525,8,7
"3032",4.24267341928393,26.748019092823,8,7
"3033",8.51803039370218,26.9509482019176,8,7
"3034",8.19398566069821,29.0091130157714,8,7
"3035",5.66101414800604,30.2315732845987,8,7
"3036",9.76982057269624,25.955857330831,8,7
"3037",8.75621276050454,27.4054109244653,8,7
"3038",9.99408596554015,33.5202054491582,8,7
"3039",9.25858479997785,35.9709964833938,8,7
"3040",6.16190562967448,26.6432375936053,8,7
"3041",6.09322192897359,25.372492301993,8,7
"3042",8.46135613721382,30.9243521343006,8,7
"3043",7.62207843736159,28.0963591525612,8,7
"3044",6.98473405404713,27.9634530563801,8,7
"3045",11.3602943510813,29.2540860287017,8,7
"3046",7.849976010568,39.3596424117584,8,7
"3047",8.06328398226471,35.9225174047449,8,7
"3048",7.00093200831042,29.6066726634829,8,7
"3049",8.83781056727537,38.7067448162668,8,7
"3050",8.58053227901421,42.6444629370986,8,7
"3051",6.19535897366064,33.333882640184,8,7
"3052",6.56074575574111,31.9227252299264,8,7
"3053",9.75751791657655,27.6781093168569,8,7
"3054",7.91852638705139,37.1632963583426,8,7
"3055",8.13789463669758,29.1783117081567,8,7
"3056",6.93223486370977,31.6874701069725,8,7
"3057",9.79577639156767,31.0577909439162,8,7
"3058",7.16066321458149,36.1598309349293,8,7
"3059",6.18095387219245,23.8545698455733,8,7
"3060",8.94219955091437,35.2959713824084,8,7
"3061",9.6253496933171,29.9237928776652,8,7
"3062",7.44135701600343,33.8999284889477,8,7
"3063",9.45849513178601,36.7832751316868,8,7
"3064",8.1715908466299,28.311262781523,8,7
"3065",8.53657329383842,26.7606648160118,8,7
"3066",5.56267380115161,30.4586188465786,8,7
"3067",7.08242505404244,37.3045260390946,8,7
"3068",7.74992924394608,31.1023788370684,8,7
"3069",4.68969414924441,25.9803908761363,8,7
"3070",8.51342278224056,34.2486765102607,8,7
"3071",7.2585825259135,34.8375709226814,8,7
"3072",8.89672846604282,32.9358929453477,8,7
"3073",8.02580557890069,26.90263897117,8,7
"3074",8.02111717354049,34.6848911082041,8,7
"3075",8.33010785314383,32.6559698755471,8,7
"3076",8.09382199987508,26.2567097182205,8,7
"3077",10.8374080993297,36.0529685563628,8,7
"3078",6.13759636207149,39.3504203053825,8,7
"3079",11.9510776163769,28.1598715602699,8,7
"3080",6.88507406336285,31.2392049680159,8,7
"3081",7.58350715367389,35.3489099795292,8,7
"3082",6.57344208523943,27.5522220182474,8,7
"3083",8.92776712358941,38.2669361884896,8,7
"3084",8.67478951834829,32.4215753248807,8,7
"3085",7.47197294106376,33.3121515940026,8,7
"3086",8.4532456686952,24.531233383953,8,7
"3087",8.82187924390824,35.2703832575196,8,7
"3088",8.91366750520483,22.0745802371601,8,7
"3089",10.2976180323348,26.9069435262484,8,7
"3090",8.28549710673497,36.8270840235735,8,7
"3091",9.26437037617293,30.3378031856249,8,7
"3092",8.59875058135046,34.094737194012,8,7
"3093",10.4303232151283,28.3189029110892,8,7
"3094",7.33111852850906,27.7076721202398,8,7
"3095",8.31816377123634,26.9303349294514,8,7
"3096",8.21098269594878,26.0657351559789,8,7
"3097",6.73344674899155,26.5647982925717,8,7
"3098",8.51064231376273,37.2499252893269,8,7
"3099",7.39459666953714,32.4056746239619,8,7
"3100",7.43110914634254,33.6919817252939,8,7
"3101",6.13264527521987,31.3507817250943,8,7
"3102",7.21278144230327,35.657236957509,8,7
"3103",6.74307273778451,31.857511234913,8,7
"3104",7.27680032919381,23.9656907589303,8,7
"3105",5.23410591053666,28.5202681349073,8,7
"3106",9.45987984090843,26.2180253971161,8,7
"3107",9.69856232090398,31.7227564851817,8,7
"3108",7.9153440553493,30.8887693568837,8,7
"3109",8.75704780725666,23.2310504009835,8,7
"3110",10.0259561403637,32.9878033970883,8,7
"3111",6.65499059366334,26.2323634805775,8,7
"3112",9.32409697028898,32.6837345050814,8,7
"3113",6.4904176173241,33.6582741793258,8,7
"3114",7.68421263252413,32.0156277695252,8,7
"3115",7.21785013758407,33.0217522722637,8,7
"3116",8.38044049636316,26.6952086606253,8,7
"3117",9.45657049957128,29.4882389819186,8,7
"3118",8.61886238689986,38.9963378522995,8,7
"3119",11.2227730165757,39.5232943990583,8,7
"3120",9.67575505107374,26.8745734283004,8,7
"3121",7.81265599824837,24.6458212136173,8,7
"3122",9.52963099363959,37.5655208978361,8,7
"3123",6.55929789513317,31.1136183618029,8,7
"3124",7.533433081515,34.1917031709329,8,7
"3125",8.13287602052759,36.511619005207,8,7
"3126",6.80328023170211,32.6451758374197,8,7
"3127",8.63176425458105,25.201318936697,8,7
"3128",6.37845283370593,31.3690928753215,8,7
"3129",8.70631332830616,34.7118379559426,8,7
"3130",8.79070092044762,33.2432023845319,8,7
"3131",6.67075554926839,33.1821509150584,8,7
"3132",8.41315571959441,27.5334638264066,8,7
"3133",7.25913785908203,24.5943336441037,8,7
"3134",7.40893097029392,26.3377637530981,8,7
"3135",8.79332875650847,33.118142902431,8,7
"3136",7.61040253957146,30.9863489712278,8,7
"3137",8.04033760210226,31.8003607948043,8,7
"3138",8.68248762600697,19.5042272612431,8,7
"3139",6.40431488633487,29.438280256031,8,7
"3140",7.44588642037685,30.3729542767154,8,7
"3141",8.4872589572474,30.0909410721045,8,7
"3142",6.95024268112407,32.2131135843539,8,7
"3143",8.49611696371822,25.0441889146828,8,7
"3144",8.43355096705751,24.1345283214621,8,7
"3145",5.71122285799726,33.8120551767943,8,7
"3146",9.42774479743569,30.2562371054055,8,7
"3147",10.1280353727343,37.2998839268706,8,7
"3148",7.54853081714776,32.278887019785,8,7
"3149",9.81094005018936,30.5903194784273,8,7
"3150",10.0855103603302,32.4031574901214,8,7
"3151",11.8668846000576,34.5504802704055,8,7
"3152",6.86552393026817,31.6948205611469,8,7
"3153",9.59600547607705,29.4095760388101,8,7
"3154",8.69942795682356,39.0449921369355,8,7
"3155",9.51136111452152,18.9651987618859,8,7
"3156",11.2474353870626,23.612450776262,8,7
"3157",9.54129025296212,34.1709137599465,8,7
"3158",10.374478472345,33.7019400485692,8,7
"3159",6.75095603889394,36.361333733272,8,7
"3160",4.2948560111354,29.1453940238381,8,7
"3161",9.87713858203342,26.2116180600999,8,7
"3162",6.78858475008281,35.8603507354184,8,7
"3163",6.78851247409087,35.7322219333534,8,7
"3164",8.79922720815767,30.5472660624827,8,7
"3165",6.26196034016994,30.6777834516891,8,7
"3166",9.55377191305989,25.9161528926389,8,7
"3167",7.74797186332107,32.3414624919329,8,7
"3168",11.4102205122257,30.426461128928,8,7
"3169",10.6383048583132,33.6517935993058,8,7
"3170",9.69577897814685,34.5206403036503,8,7
"3171",8.25767062560958,21.1519027119168,8,7
"3172",7.46669255282315,24.678091646955,8,7
"3173",8.43100986984667,37.7900928986896,8,7
"3174",8.94760289078649,30.0987453277348,8,7
"3175",7.98546609423979,25.5446953218952,8,7
"3176",9.17120475512799,27.983836941057,8,7
"3177",9.58888183477861,29.4363764136726,8,7
"3178",6.80414707286915,29.5426998590387,8,7
"3179",6.38251016141675,29.0943609614094,8,7
"3180",10.0782604158032,30.1819170364156,8,7
"3181",7.38116429269713,33.5988149346554,8,7
"3182",7.99695413999736,35.6037880214171,8,7
"3183",8.85038867644867,31.5048984041448,8,7
"3184",8.15423230173668,38.5897349973201,8,7
"3185",7.56471812955787,32.5938352575106,8,7
"3186",8.99497987036148,26.9826128603116,8,7
"3187",6.56720983395565,28.6935988789239,8,7
"3188",7.31425389248725,35.4419479559527,8,7
"3189",6.74293779747762,24.6029104432122,8,7
"3190",10.7087065183887,28.8233145621582,8,7
"3191",9.19570103030686,27.6043477220382,8,7
"3192",6.0629108910191,38.1378840571323,8,7
"3193",6.1987409831561,27.6002737529499,8,7
"3194",8.62791859625747,26.9069489422683,8,7
"3195",7.69626974384704,28.0849262387823,8,7
"3196",9.73356653171717,30.9962676718789,8,7
"3197",9.13594365733893,24.4307795114684,8,7
"3198",7.67508751015691,27.4314758846356,8,7
"3199",6.29570823815292,26.466455605673,8,7
"3200",7.29585603094833,32.3412089291252,8,7
"3201",9.01383580748871,26.3716993806909,8,7
"3202",7.83328037684471,34.9246139033581,8,7
"3203",9.65384923229068,29.2740549883002,8,7
"3204",7.88069150921309,31.8181487186952,8,7
"3205",10.3033133758449,33.6002672795751,8,7
"3206",8.12786315853623,36.3473262927189,8,7
"3207",10.8992892462838,29.742700893038,8,7
"3208",9.96744919335801,32.6279172962662,8,7
"3209",6.52371754039911,31.5425034105457,8,7
"3210",5.48791773561099,31.8931773658112,8,7
"3211",8.12554991103423,31.8979668209341,8,7
"3212",7.50374072707963,22.2715099442575,8,7
"3213",10.5428717300017,22.7782096654026,8,7
"3214",7.63161357827345,28.2204666181963,8,7
"3215",7.50573814634955,26.5918247161369,8,7
"3216",8.55076567970771,28.1266305903163,8,7
"3217",8.33401461148753,32.9932129417633,8,7
"3218",8.36796705182805,38.222558418099,8,7
"3219",7.34594005090003,28.2296491741427,8,7
"3220",8.03024634099552,28.317338075114,8,7
"3221",8.23554208461011,32.9073602167136,8,7
"3222",9.42348019670679,30.5617374773774,8,7
"3223",9.95380321610448,31.1947164784236,8,7
"3224",10.1700853727762,36.8706495340094,8,7
"3225",8.03336991846359,31.2035765342573,8,7
"3226",5.82080818341865,30.3364483237352,8,7
"3227",7.12363193745255,29.4466882503395,8,7
"3228",8.92355080938317,37.8942261476291,8,7
"3229",7.52069487240896,34.6347508672953,8,7
"3230",9.19966087304224,28.7924694534216,8,7
"3231",8.50061764826979,31.5246227212742,8,7
"3232",5.78309284775689,35.0602819787342,8,7
"3233",6.94878911695704,37.6902631726357,8,7
"3234",7.50120559207208,29.1846297644917,8,7
"3235",7.89175982444192,31.5301186307707,8,7
"3236",7.74041145041555,30.9610681149016,8,7
"3237",6.77391085602803,28.213673709425,8,7
"3238",8.81127480109562,34.4060803038516,8,7
"3239",6.82992691081084,30.8415948840877,8,7
"3240",4.87255090816187,33.6779225597292,8,7
"3241",8.27759783408796,29.8424093129097,8,7
"3242",6.21146972287903,36.2331676531516,8,7
"3243",6.36221732959988,28.4785538837693,8,7
"3244",7.32161284711381,19.3006420723414,8,7
"3245",8.96922540511998,32.3719980191894,8,7
"3246",9.24895039609855,27.7185341158576,8,7
"3247",6.00814486708714,28.9372581483841,8,7
"3248",9.9259884493716,18.0687435459676,8,7
"3249",7.92055615397892,29.2997665760779,8,7
"3250",8.53886100349796,34.0930535777414,8,7
"3251",8.14368746395126,35.7465164496423,8,7
"3252",8.4803926758779,27.878775212721,8,7
"3253",7.8748924730999,27.6992010373045,8,7
"3254",6.14260282233116,29.0655479503361,8,7
"3255",9.52606993138678,33.0744615515171,8,7
"3256",10.7840721510982,29.7680706057752,8,7
"3257",6.92048177183096,39.7055151306989,8,7
"3258",11.5569018619457,36.689938620056,8,7
"3259",9.26806659364118,37.830249401671,8,7
"3260",8.55071907609064,35.3151578647864,8,7
"3261",8.52732408112672,29.5937307548519,8,7
"3262",7.21593517651797,30.6889912376106,8,7
"3263",6.52308585299702,36.396889114793,8,7
"3264",9.18753674976706,26.3507413070052,8,7
"3265",8.82730912356195,31.1770439066488,8,7
"3266",7.44841913851225,31.8218232393015,8,7
"3267",9.68224922162194,34.3104308806094,8,7
"3268",8.34828764112584,31.5286715879636,8,7
"3269",8.3373566053577,25.4657269466245,8,7
"3270",9.02393568203536,30.3521519627818,8,7
"3271",6.51294520227965,35.7780628789762,8,7
"3272",7.73623166169605,27.3616745748266,8,7
"3273",7.38538456593825,35.0202149634792,8,7
"3274",8.53971506311483,31.8401713442929,8,7
"3275",8.10969511231195,33.2005056081748,8,7
"3276",6.92358986125579,31.8439020188512,8,7
"3277",9.28214523365899,32.6066251659783,8,7
"3278",8.82764626654029,26.4500119928219,8,7
"3279",7.15435538764637,34.5805310272751,8,7
"3280",9.4898689175894,30.7717263449367,8,7
"3281",7.22406652332775,27.2561817658625,8,7
"3282",7.52991228499537,35.5794949671177,8,7
"3283",9.05897377935348,26.015286307709,8,7
"3284",13.0065165834984,32.2296369730189,8,7
"3285",7.54350011104583,17.0887413956465,8,7
"3286",7.24262845598091,32.5362943010052,8,7
"3287",9.44158503378,24.4797644009825,8,7
"3288",7.16220183370372,29.3357640279827,8,7
"3289",7.3904570329547,28.1785416398389,8,7
"3290",7.15086782748558,19.2882853951735,8,7
"3291",8.33249247210352,40.0402931467775,8,7
"3292",6.78564012550904,28.4123656307713,8,7
"3293",8.6242702535152,29.4152340011469,8,7
"3294",8.4185950776621,33.4814215236622,8,7
"3295",7.14507397119368,29.6697121114873,8,7
"3296",7.29060408163238,35.1308113496987,8,7
"3297",7.56972364461276,29.3404257620556,8,7
"3298",9.27924752095456,32.2684959579232,8,7
"3299",8.54580269239145,31.3153269821129,8,7
"3300",8.56794625217635,25.8624500575145,8,7
"3301",7.603172869529,26.438208513467,8,7
"3302",6.80508360041698,37.5967173542866,8,7
"3303",8.36576566919964,32.4877812479669,8,7
"3304",7.14691580267247,29.4988489099744,8,7
"3305",9.50905759738074,28.2076285081565,8,7
"3306",8.80429474915042,29.3311380694593,8,7
"3307",9.10805639464297,32.2654279743556,8,7
"3308",9.04783316656667,31.00438183727,8,7
"3309",7.35531524832819,25.065289812242,8,7
"3310",8.12677249137556,35.0060561859591,8,7
"3311",7.0748520623929,34.709000678195,8,7
"3312",10.9565098850333,31.8021819166589,8,7
"3313",9.56492809952115,25.9611563138316,8,7
"3314",8.54419880819139,28.6696206637829,8,7
"3315",9.81065651681786,27.8636323546971,8,7
"3316",7.32063591536501,29.9542716699892,8,7
"3317",9.83033129394301,32.41147717494,8,7
"3318",8.91315795687045,29.5188072391998,8,7
"3319",7.39494009760559,27.8497243433765,8,7
"3320",9.82503692680964,27.4728338620117,8,7
"3321",6.39809743904182,26.2510979517482,8,7
"3322",8.16858014834361,26.3160945792346,8,7
"3323",10.3976369723933,29.9953448525527,8,7
"3324",8.11520570965853,34.2117457064063,8,7
"3325",7.90453280237495,35.2018429362268,8,7
"3326",8.34926598832951,32.6317354665916,8,7
"3327",8.36104139755533,31.962418245473,8,7
"3328",9.15269762816296,27.6245097688057,8,7
"3329",7.7401310971321,28.5758637753405,8,7
"3330",4.81054089311294,27.6807402028645,8,7
"3331",6.32202483167723,29.6801415520055,8,7
"3332",4.11239338786917,24.8979949876781,8,7
"3333",9.04076940698261,30.7441009359198,8,7
"3334",5.12305424016724,29.7647917015132,8,7
"3335",7.9410224108526,31.178739914135,8,7
"3336",9.0767651050246,38.9495809662283,8,7
"3337",9.13059030205578,32.2141259259447,8,7
"3338",7.11557833919512,31.5085803654107,8,7
"3339",7.49516005280842,40.2654579788132,8,7
"3340",7.84817863692936,31.4204229747233,8,7
"3341",8.67645024756052,31.0830451043444,8,7
"3342",7.85459964212808,33.343202862617,8,7
"3343",8.38377505528406,31.3945996875137,8,7
"3344",12.2371681113112,21.7588555846058,8,7
"3345",7.26853295147298,30.5679199119771,8,7
"3346",9.19101911616746,35.2164352719468,8,7
"3347",7.24247508030789,29.1674191213258,8,7
"3348",10.4502139198067,37.0599444748005,8,7
"3349",8.50286653120988,27.1257818851176,8,7
"3350",8.03937315573788,33.3035926190966,8,7
"3351",6.01899019977594,31.4725761115035,8,7
"3352",5.92926388583896,32.879473100767,8,7
"3353",8.67886529530905,33.9953865608939,8,7
"3354",7.44612429449924,34.1748081854793,8,7
"3355",9.10862507821331,34.1063195570323,8,7
"3356",7.24906030979502,31.8930123976088,8,7
"3357",7.79847325093536,25.3436542064572,8,7
"3358",6.24162974878043,29.708149783176,8,7
"3359",8.94190364339604,19.5866383357085,8,7
"3360",6.85804546422709,30.2513228604105,8,7
"3361",6.8677402834988,26.7590983664367,8,7
"3362",8.10240960745816,37.3003970956232,8,7
"3363",9.04612925451288,33.7591210908281,8,7
"3364",6.36855775341077,32.4744250648439,8,7
"3365",8.81609655826556,32.4089343847527,8,7
"3366",6.69656108209669,25.9000659263187,8,7
"3367",6.2443395852924,34.8431624337434,8,7
"3368",6.90694637711848,30.7303251483901,8,7
"3369",10.4331246538013,43.9582132200308,8,7
"3370",8.98978427267958,30.5744079164364,8,7
"3371",8.18979170191313,35.9793745308231,8,7
"3372",6.04577112570672,27.2364655364533,8,7
"3373",8.51999252060204,38.1860537865409,8,7
"3374",9.47144780661946,33.7627847120646,8,7
"3375",10.0246901008351,30.8219741201918,8,7
"3376",10.3506663111798,34.2609683010881,8,7
"3377",7.88902364006343,34.3606087178151,8,7
"3378",10.0873137119877,35.4387411082432,8,7
"3379",8.22965638376432,33.118378395971,8,7
"3380",6.82558965532539,36.9938211760329,8,7
"3381",7.77848874145579,34.3032954517803,8,7
"3382",9.68495351923855,30.7018706061782,8,7
"3383",7.94294503547201,32.6992629219708,8,7
"3384",6.21631340833344,31.8326454405155,8,7
"3385",4.89487393676323,32.3356212476147,8,7
"3386",7.21916011434639,30.732007345905,8,7
"3387",7.1574398304661,25.7995541206762,8,7
"3388",5.40701285039412,32.2892411484055,8,7
"3389",5.9201487268955,32.6659441175385,8,7
"3390",7.98798396737666,31.6955537214005,8,7
"3391",8.72609705572342,37.6273529035651,8,7
"3392",10.458651361449,32.8194822969589,8,7
"3393",8.11225030715734,24.0631287690757,8,7
"3394",10.4565794176492,28.7134415568581,8,7
"3395",7.17041198980567,30.8376850145896,8,7
"3396",6.58757732278113,22.3388458703159,8,7
"3397",11.0945722033835,23.89753758431,8,7
"3398",8.17871822971905,34.9507108030344,8,7
"3399",8.4416224773343,31.0892639692884,8,7
"3400",7.67227568121006,32.2502156672615,8,7
"3401",6.96559896589358,33.3788076655263,8,7
"3402",6.32775236181962,31.9707636955338,8,7
"3403",8.00306209332928,37.3959259403786,8,7
"3404",6.53644122834165,23.1679124705729,8,7
"3405",9.71498019074875,31.5330543728929,8,7
"3406",5.52965566504546,31.9676769829135,8,7
"3407",8.53633523898425,29.7293772094666,8,7
"3408",9.38481046633594,34.2919398360235,8,7
"3409",6.84086130948917,35.2593078699421,8,7
"3410",7.37599562908087,37.3840686425665,8,7
"3411",7.51673240996787,24.8442523761708,8,7
"3412",8.23095106026826,33.9816089523664,8,7
"3413",9.56413118163093,24.7746331448749,8,7
"3414",8.93111241401888,29.6362229617001,8,7
"3415",7.68122974125149,25.0797632027509,8,7
"3416",3.60858929165382,23.1011940846796,8,7
"3417",7.44949473862169,29.5259834030813,8,7
"3418",8.52346195778235,34.3040159026485,8,7
"3419",7.53441974010076,35.2111793541364,8,7
"3420",9.05696516696377,35.9452798564167,8,7
"3421",9.37576672752874,29.5041410239064,8,7
"3422",7.07950399235614,33.097589664857,8,7
"3423",7.83218136707039,34.491658676304,8,7
"3424",5.20310842117535,28.5031451888045,8,7
"3425",6.56401564103349,24.3181934659627,8,7
"3426",9.29965519322816,32.3775637486192,8,7
"3427",6.41958624417312,35.5314948806574,8,7
"3428",7.10471376327037,25.9465560326604,8,7
"3429",8.40868000597538,32.7429920246389,8,7
"3430",7.63601667755125,39.1866106465694,8,7
"3431",7.81264893418216,38.8368393746252,8,7
"3432",10.113304844985,34.9322830670415,8,7
"3433",9.49609193168015,35.7420042883378,8,7
"3434",7.58760673813884,38.1026177346703,8,7
"3435",7.07035502636717,32.7588064220366,8,7
"3436",5.94816329900154,30.8123513352984,8,7
"3437",9.89662300232658,35.069935642295,8,7
"3438",8.54764407744028,30.0634591349742,8,7
"3439",10.36861157501,25.7218873252931,8,7
"3440",10.1992168929669,32.7787181822391,8,7
"3441",7.8300125747979,30.4226656453972,8,7
"3442",9.13543346988187,35.9619857369195,8,7
"3443",10.2506888347869,27.6000197171275,8,7
"3444",9.14098065850029,30.5779431065777,8,7
"3445",6.01722174899407,28.1567854723743,8,7
"3446",4.72124001500695,41.8232624388257,8,7
"3447",6.7153488879605,28.2126030467885,8,7
"3448",7.95793204946562,28.4703094460937,8,7
"3449",7.27025761546564,32.8483762457662,8,7
"3450",8.12562112621222,19.4335289217557,8,7
"3451",7.54338354162971,26.7225151789132,8,7
"3452",7.90039650861044,25.1126835890561,8,7
"3453",9.25208685463102,29.6451302560389,8,7
"3454",6.67068625116151,31.3201663511909,8,7
"3455",7.80865083378141,32.2685388297516,8,7
"3456",7.1173596044226,38.5248860295406,8,7
"3457",9.8917058303696,30.8797711730249,8,7
"3458",6.27440013231861,26.3171880169474,8,7
"3459",6.50889931844617,26.8030173816102,8,7
"3460",9.41574839131912,26.2362329822458,8,7
"3461",10.5828307943315,35.8397830861347,8,7
"3462",7.64776154203882,26.4165315848819,8,7
"3463",6.47351641260567,32.326972807469,8,7
"3464",9.87328317450913,29.7614934861636,8,7
"3465",8.39631408582448,32.4478585997132,8,7
"3466",6.87183723904529,38.1548311557512,8,7
"3467",8.33756191241226,26.1506906820442,8,7
"3468",5.88099758500136,32.9516094403599,8,7
"3469",8.90112356348715,32.2179253406922,8,7
"3470",9.76371072646371,31.0375263759273,8,7
"3471",8.8539037490159,36.0231636762708,8,7
"3472",9.19075611343002,31.7020925699943,8,7
"3473",7.60533649386712,26.9139092558229,8,7
"3474",8.4958368506095,28.7336807395986,8,7
"3475",9.50468488951173,37.7726755937793,8,7
"3476",10.7237837646914,29.7943842914638,8,7
"3477",10.7136681259239,27.9789647062338,8,7
"3478",7.3682793891012,31.0646530975976,8,7
"3479",8.92165681310101,28.2658707445725,8,7
"3480",7.79898217815762,35.4671510720787,8,7
"3481",8.3909459004457,36.0398260018488,8,7
"3482",6.44877763158108,23.0507161082637,8,7
"3483",8.94888082175664,30.3649943742326,8,7
"3484",8.00270445817699,29.7812467820504,8,7
"3485",6.56619866596964,36.4985247371066,8,7
"3486",8.01560706528991,27.5560195948662,8,7
"3487",9.17564209246475,28.7465604835813,8,7
"3488",6.85572799475733,34.9698919673778,8,7
"3489",8.59209965803022,32.0618048433964,8,7
"3490",6.14279685522656,24.3842823787091,8,7
"3491",6.03506456219135,20.1204286946759,8,7
"3492",8.92751719341431,36.4178216372946,8,7
"3493",8.00352945338181,35.6018217280421,8,7
"3494",7.41807153133879,36.8008151139962,8,7
"3495",9.76580777631698,32.929261118867,8,7
"3496",8.78333999992653,32.4665728535337,8,7
"3497",8.83085056907047,31.7502853931552,8,7
"3498",11.420316539681,27.0954395429477,8,7
"3499",7.56501608720424,25.9611638330444,8,7
"3500",8.64715943980208,25.944418712343,8,7
"3501",6.56223697278338,32.2225283612614,8,7
"3502",10.2567465437277,23.8893913173168,8,7
"3503",6.43561247472244,31.6279847313189,8,7
"3504",8.34578380721157,35.1703304696341,8,7
"3505",7.88879482147426,28.6738132970813,8,7
"3506",6.42063377805276,32.6567145441617,8,7
"3507",6.93488855729541,32.9691516035922,8,7
"3508",7.03117574072811,40.0806081774893,8,7
"3509",7.95048639871666,34.2728763821502,8,7
"3510",9.64010945994504,31.0577502185443,8,7
"3511",9.5615691455973,31.6752082418248,8,7
"3512",10.9274618723495,31.4456086901543,8,7
"3513",8.57620588875021,37.9909080410295,8,7
"3514",6.44849658193933,30.5986330025139,8,7
"3515",9.20143094616818,22.5254494636005,8,7
"3516",8.56152015486473,24.2206691674947,8,7
"3517",7.50881204328775,38.5101525653679,8,7
"3518",7.7022475125475,29.5524063143949,8,7
"3519",6.32568824337589,30.854328718484,8,7
"3520",7.90494227323468,30.6700336858009,8,7
"3521",8.83070490190325,34.552998891465,8,7
"3522",4.82649118470251,30.1287413724394,8,7
"3523",8.77784630192425,31.7032111066545,8,7
"3524",9.46724991836312,26.0061053669966,8,7
"3525",8.5174643999477,36.6808037606124,8,7
"3526",7.19217578741559,27.773291026789,8,7
"3527",8.444472736097,34.2990188584797,8,7
"3528",6.1299366287824,34.5273191122178,8,7
"3529",7.14481286916026,32.2846454291143,8,7
"3530",8.55669190467051,32.4896794135567,8,7
"3531",7.28923469742201,31.4255702541029,8,7
"3532",9.22568111185501,34.267674476579,8,7
"3533",8.91947705586646,35.5327151032208,8,7
"3534",7.02427860947659,35.1319149347581,8,7
"3535",8.57106896733857,33.3077334181482,8,7
"3536",8.43549016078378,35.6633350017509,8,7
"3537",6.51814694532241,34.3102340489038,8,7
"3538",7.59030398966452,19.504756259906,8,7
"3539",6.45946193524505,34.4500636949213,8,7
"3540",8.27702442966699,25.3962990449239,8,7
"3541",7.08329860585265,27.6797767270065,8,7
"3542",7.13013321072569,30.172561284587,8,7
"3543",8.7961025853779,28.0482377906631,8,7
"3544",9.85932631524003,27.4809503152571,8,7
"3545",8.12732533628994,32.1104227290453,8,7
"3546",7.52257568085622,26.200326001302,8,7
"3547",8.6598612328098,33.1098238495241,8,7
"3548",8.7306059951875,36.9631069061243,8,7
"3549",5.8987526972565,38.1335575978512,8,7
"3550",6.72795186314531,29.5303266633909,8,7
"3551",8.67151134652422,25.5866595382167,8,7
"3552",9.19772749434856,22.8161927882117,8,7
"3553",8.86945088011817,33.6615472323337,8,7
"3554",9.63343086943749,28.8955504706899,8,7
"3555",8.11907072179341,23.9860257091371,8,7
"3556",4.74093800323297,25.2381361010547,8,7
"3557",7.61777312367589,34.3774857517577,8,7
"3558",5.87230925917484,33.0781011587806,8,7
"3559",9.052805667451,25.8190198769537,8,7
"3560",4.6728957925681,26.7149199156659,8,7
"3561",8.73999305430853,33.853606642992,8,7
"3562",10.0437088090526,28.5188041200108,8,7
"3563",7.21167448011334,32.4053964874727,8,7
"3564",8.07714126077325,19.3866587704549,8,7
"3565",7.71716370098403,30.3308757841595,8,7
"3566",8.54569356857354,36.4388724082906,8,7
"3567",7.70925687472865,35.0819556788537,8,7
"3568",6.53887712247859,25.8110794271034,8,7
"3569",10.9643856851237,33.2166650457575,8,7
"3570",8.86941556633123,31.0819908664278,8,7
"3571",7.86197161214728,30.6235540162041,8,7
"3572",8.09375364869888,27.6354980561119,8,7
"3573",8.10108293593097,26.57628024397,8,7
"3574",8.93115464050376,31.9150247093367,8,7
"3575",9.55767851220235,28.5423831749544,8,7
"3576",8.79652920287851,36.6710259471234,8,7
"3577",8.43387235947528,30.7618445639386,8,7
"3578",8.24641874912231,27.6773774526617,8,7
"3579",6.25495240472095,19.7143902675959,8,7
"3580",8.67510055695759,32.7720272540993,8,7
"3581",6.09234569445292,31.520506610398,8,7
"3582",5.18008968566148,40.9745936159555,8,7
"3583",6.95255834228695,35.6950677869759,8,7
"3584",8.06097039521112,36.030785401619,8,7
"3585",6.73226273578922,34.6237258565172,8,7
"3586",6.22270314087462,33.0895113201001,8,7
"3587",8.14393518079202,31.9294488219525,8,7
"3588",6.13751081601504,30.4630203416301,8,7
"3589",10.1393699283681,26.7265659364511,8,7
"3590",9.27854054184891,34.7620877149825,8,7
"3591",8.18051639199194,33.3023994518838,8,7
"3592",7.1052894539318,31.5682752994556,8,7
"3593",7.55319463747295,32.9885728277655,8,7
"3594",6.9487164206023,37.4100227469091,8,7
"3595",10.3411527479265,32.9562928046198,8,7
"3596",6.34857199275676,28.6079859052002,8,7
"3597",5.63246609805962,29.9056909396341,8,7
"3598",6.62621355327179,36.4914766697052,8,7
"3599",9.27397229075045,28.7610409428546,8,7
"3600",7.99289357166512,28.5784875796158,8,7
"3601",9.05606099810364,27.7936528107977,8,7
"3602",6.48903275916449,28.4920860350763,8,7
"3603",8.15288151620407,21.6786591539172,8,7
"3604",8.26733569169585,30.8278840635669,8,7
"3605",7.4560553501345,30.9949038819818,8,7
"3606",7.54006573048745,35.0373365021075,8,7
"3607",5.01162783586769,33.003148765561,8,7
"3608",8.9444044762906,30.3222479702491,8,7
"3609",8.35583625258544,33.4596503218771,8,7
"3610",10.1009353620622,25.9708836094702,8,7
"3611",8.22983053232634,34.0330434252775,8,7
"3612",6.25008766986534,37.3507596983857,8,7
"3613",8.66269387851403,25.443311673049,8,7
"3614",6.83260766129755,27.6729112256784,8,7
"3615",5.54796341395254,29.1708012711684,8,7
"3616",9.27684355176705,29.1432822218453,8,7
"3617",6.54788761470132,25.756645372636,8,7
"3618",8.90741540657288,27.7629510666858,8,7
"3619",6.83835449834214,32.0862363231788,8,7
"3620",8.17351636563433,30.1877677176727,8,7
"3621",8.32545967866772,34.8064819695322,8,7
"3622",9.23167805469141,35.850458225377,8,7
"3623",8.31776224892673,31.2117445107749,8,7
"3624",10.5270590720701,34.2711403957227,8,7
"3625",5.29420029602033,36.4494077506502,8,7
"3626",8.95339798465926,34.182771601731,8,7
"3627",6.19366751619967,30.5394704968971,8,7
"3628",8.47211824957373,36.8192842791144,8,7
"3629",7.2788619459848,35.244624758979,8,7
"3630",6.46081970702459,27.1766449762393,8,7
"3631",7.83525680610124,24.529701721511,8,7
"3632",8.14808718080462,29.6965247243499,8,7
"3633",7.85333051435706,27.2173811998995,8,7
"3634",10.1416662061391,24.7576637597696,8,7
"3635",8.17204410660711,34.6440947080434,8,7
"3636",8.92343719338557,25.6265698891877,8,7
"3637",7.23486673809752,31.2121296199907,8,7
"3638",7.48623344530531,32.8519185383302,8,7
"3639",9.73268931575801,29.6842844585346,8,7
"3640",7.92235333941994,30.5726404946537,8,7
"3641",6.17427627832632,34.5599070676376,8,7
"3642",8.37465600429686,22.5487357732603,8,7
"3643",9.4765570762781,36.1283628217997,8,7
"3644",7.07468163721487,31.3240976615072,8,7
"3645",6.96023989718493,41.5306519137314,8,7
"3646",6.98698213174263,32.9363761859813,8,7
"3647",6.19132131643835,35.3665477276651,8,7
"3648",8.24902737035361,27.5384808620835,8,7
"3649",6.86227494399001,29.9465216269412,8,7
"3650",5.85848552193048,35.9088877708,8,7
"3651",6.53286757436735,24.5670261446156,8,7
"3652",7.986498108731,38.1982293517407,8,7
"3653",9.83914441344414,28.7300151441624,8,7
"3654",8.3208037421909,28.5707946445309,8,7
"3655",7.77412730965665,37.050927801582,8,7
"3656",8.34323930613656,28.9848637303574,8,7
"3657",7.80897671035028,30.2793677738834,8,7
"3658",6.42543577721463,28.9833173289717,8,7
"3659",6.86499285965599,28.6252246746281,8,7
"3660",9.53447103829428,36.4602307091755,8,7
"3661",7.84429910240941,29.0373848146501,8,7
"3662",8.02500560543206,26.7017811154168,8,7
"3663",6.51337981725416,35.5754080733425,8,7
"3664",9.02442838972997,31.6070044309328,8,7
"3665",6.52124060309369,33.1838146350536,8,7
"3666",9.24884191599541,25.3237609433172,8,7
"3667",6.87928070112516,27.8098157583241,8,7
"3668",9.68503730079079,29.1429995577436,8,7
"3669",6.73185047510641,36.4903642113951,8,7
"3670",7.39843892560556,33.1146824841893,8,7
"3671",8.43404176164712,28.4267857196317,8,7
"3672",7.64986050883577,29.2065426755419,8,7
"3673",7.45788267305897,37.0293068402644,8,7
"3674",9.97526513699339,30.5350613931207,8,7
"3675",7.62133293547539,33.1235724135072,8,7
"3676",6.91842775358947,35.7381982123175,8,7
"3677",9.17580251501064,27.7388379836018,8,7
"3678",8.74895822774485,31.878376286283,8,7
"3679",4.97013605146578,27.1670973054377,8,7
"3680",6.7095435559037,26.8236961558501,8,7
"3681",8.37190409332435,26.4246142078826,8,7
"3682",9.00066113057007,33.6123993286035,8,7
"3683",7.0779787363239,30.377513830142,8,7
"3684",7.06095785570454,30.9079339340533,8,7
"3685",8.63168221609602,28.1272476503454,8,7
"3686",7.12400986245289,32.4051930012632,8,7
"3687",8.39401434273331,36.6499424154846,8,7
"3688",7.86939338103215,30.517485196245,8,7
"3689",8.42047075178466,33.0452083484416,8,7
"3690",5.37708614782823,28.0260773191906,8,7
"3691",10.4807142932408,29.0105542448847,8,7
"3692",11.9133142774066,35.7393950661362,8,7
"3693",7.80018753408591,27.1725815376687,8,7
"3694",8.94905634976103,32.2646768879331,8,7
"3695",7.46448792513438,30.7259007373612,8,7
"3696",8.72727014381696,35.7531902672091,8,7
"3697",8.97222085481223,31.5811864668785,8,7
"3698",8.88694849442295,27.4767177858843,8,7
"3699",8.81960384091839,26.0975003721673,8,7
"3700",6.18582131777636,27.4671670708541,8,7
"3701",7.18538755400522,37.9541000803026,8,7
"3702",8.03091457435196,31.0324263309573,8,7
"3703",6.68181338356147,31.9633528298431,8,7
"3704",6.04542624724761,29.6818608438467,8,7
"3705",6.11730837042482,30.5334550574038,8,7
"3706",6.86095085923751,35.0885991941392,8,7
"3707",6.58598177175479,34.0819308105352,8,7
"3708",9.14698977543841,25.0856307504405,8,7
"3709",7.18545156646584,28.1488047770321,8,7
"3710",5.91205705967741,26.7601742186255,8,7
"3711",7.69113616162293,29.2513316620209,8,7
"3712",7.19171924303927,37.6897874881797,8,7
"3713",8.87482295722323,31.2764289970312,8,7
"3714",8.08104607498866,32.1514307580725,8,7
"3715",7.21684363297078,34.1995225234318,8,7
"3716",10.28847371811,33.8579948991224,8,7
"3717",9.74672833421134,39.721946053651,8,7
"3718",9.09756344660507,34.5806192156152,8,7
"3719",8.03969585426245,36.1998949849992,8,7
"3720",8.77872221863754,34.7000854886445,8,7
"3721",3.97297811454044,29.0368753794713,8,7
"3722",10.0013082494295,34.3739510341386,8,7
"3723",9.62725884198017,35.422786471712,8,7
"3724",8.18120843530107,35.8858883941794,8,7
"3725",9.10303772400404,21.9863422595904,8,7
"3726",10.0019754362867,24.4517781087162,8,7
"3727",8.01073042361777,37.3782295126848,8,7
"3728",5.50312630373998,25.2893288667282,8,7
"3729",9.11327746075481,29.0376006411656,8,7
"3730",5.90215965186084,30.4398407425524,8,7
"3731",5.6392979816097,31.8445839621053,8,7
"3732",8.12733588625366,36.0818657790779,8,7
"3733",8.84537990912883,32.4243160802725,8,7
"3734",8.25748787220481,32.5845429418047,8,7
"3735",6.82914628564365,34.0685068956956,8,7
"3736",7.6344937905709,37.7389547930502,8,7
"3737",9.91159233545439,30.9011734812782,8,7
"3738",6.86532217326021,31.1922138697272,8,7
"3739",7.86141369860589,29.7150097605976,8,7
"3740",6.52782719053735,36.4977556557896,8,7
"3741",4.14426352925905,30.7227971698123,8,7
"3742",6.83910365304142,30.6501828837114,8,7
"3743",8.54448176717203,29.9741791356053,8,7
"3744",8.15463265816783,35.4575611637179,8,7
"3745",9.17000434804182,30.9709619317119,8,7
"3746",8.55712558296841,35.8765304509224,8,7
"3747",8.49642543526467,31.2929782108983,8,7
"3748",7.74400093159948,32.5987986859394,8,7
"3749",9.0995205409527,28.0840568319999,8,7
"3750",8.43927757407701,29.6003943620199,8,7
"3751",8.21141363102808,38.5738888632791,8,7
"3752",7.93374797299772,28.0550037854127,8,7
"3753",8.94849161281249,30.4172522161898,8,7
"3754",9.71102752439578,25.9280388394954,8,7
"3755",9.79037706448926,30.8335309290744,8,7
"3756",7.94795334475952,28.7329613717477,8,7
"3757",6.4023363630926,31.6324861022671,8,7
"3758",6.90220618112932,21.8742301057887,8,7
"3759",8.23083954718116,31.2552708287653,8,7
"3760",8.82220359868455,31.5820099744665,8,7
"3761",9.19503168916777,34.1419097857771,8,7
"3762",7.85450258432271,20.8727439730445,8,7
"3763",6.4753202661745,26.9703925187487,8,7
"3764",10.2520517601053,40.2470873392294,8,7
"3765",7.45878063537996,27.4122984299018,8,7
"3766",10.8080687021332,30.0653788543794,8,7
"3767",10.9852484015338,26.1111040231911,8,7
"3768",7.90306776701577,34.6202275523133,8,7
"3769",8.27098846517715,31.939690523418,8,7
"3770",9.44664560771338,36.6494253602472,8,7
"3771",7.44253549926707,30.0463740983254,8,7
"3772",5.7018270285776,30.7119784930587,8,7
"3773",9.83763265779125,34.9109204760966,8,7
"3774",8.75951158223774,29.5489799724473,8,7
"3775",6.34768697843607,31.8139334080778,8,7
"3776",8.33066719796385,28.5519136723497,8,7
"3777",9.61383523809381,37.4552418851143,8,7
"3778",8.69649218502243,30.3600713381076,8,7
"3779",7.39021528157202,22.2886706598498,8,7
"3780",4.07532541153254,27.0000945090909,8,7
"3781",9.60326184682904,31.2373196618572,8,7
"3782",7.22632094608252,25.3789083151328,8,7
"3783",6.86683526805187,21.0297748620453,8,7
"3784",7.47705543960556,36.7253320594664,8,7
"3785",9.85993145712634,28.7560732574012,8,7
"3786",9.27796764042055,29.9511127791113,8,7
"3787",7.38958781310664,31.3489670333471,8,7
"3788",8.36535898634812,27.5980487724837,8,7
"3789",9.04816163354034,23.2684514386337,8,7
"3790",10.6377721026293,36.4733211772556,8,7
"3791",5.78774611204498,29.9314875506004,8,7
"3792",8.90346262693025,32.438569076548,8,7
"3793",8.81131508510422,26.830171272961,8,7
"3794",9.03429795020022,35.1232111343844,8,7
"3795",8.10404499758688,32.4262796592468,8,7
"3796",6.1170058872461,26.600006572646,8,7
"3797",8.91740917458149,37.9378623132872,8,7
"3798",12.6503968981688,29.6589355420173,8,7
"3799",7.24886651964658,34.3102808472666,8,7
"3800",9.08153262814005,30.9837913538637,8,7
"3801",9.12899673485155,27.2942134954988,8,7
"3802",5.87529112884508,25.5011259752557,8,7
"3803",6.78086163496081,27.9907648012222,8,7
"3804",8.86722577627303,32.6975769138073,8,7
"3805",9.72876517051232,34.4130608514477,8,7
"3806",6.63057381832434,32.4876965909057,8,7
"3807",7.23148581097766,27.6453170851398,8,7
"3808",3.93277999838071,32.5449067044352,8,7
"3809",8.51088483585697,31.7919785847669,8,7
"3810",4.03679165435474,25.5185450161172,8,7
"3811",12.5131235178457,30.5739836842027,8,7
"3812",8.30970139111431,32.792264229192,8,7
"3813",10.877059932769,29.8673176798298,8,7
"3814",8.20004785705025,35.5366375407746,8,7
"3815",8.22304965641554,33.3978166889698,8,7
"3816",7.36249951091774,33.4942547972375,8,7
"3817",10.8882687869485,30.271042888593,8,7
"3818",6.74839047756431,25.0252936033679,8,7
"3819",6.20394026623496,32.2457594631053,8,7
"3820",6.39640561600733,27.9896866139576,8,7
"3821",7.66036366229061,29.412313124715,8,7
"3822",7.97067096278564,34.8653450815986,8,7
"3823",7.6415240218489,26.5550938165879,8,7
"3824",7.93509681480178,27.1414937227993,8,7
"3825",8.38099707214218,37.8796293825335,8,7
"3826",7.38187778481224,31.5103277953327,8,7
"3827",10.1789712703731,35.4253368481256,8,7
"3828",8.29650348563649,29.585838808481,8,7
"3829",9.98806645642698,38.2174908207532,8,7
"3830",4.91986759216439,28.9585287872877,8,7
"3831",9.095806212299,31.8479491654317,8,7
"3832",6.63980399148807,28.344434493516,8,7
"3833",8.7467579888847,24.051321634215,8,7
"3834",9.18462373117427,23.4552186195597,8,7
"3835",6.71573000191868,29.205403446622,8,7
"3836",6.51635410486762,29.5328692419823,8,7
"3837",8.97285073755321,33.0291143635542,8,7
"3838",7.60551681529951,24.0805620530374,8,7
"3839",7.47392671405169,24.2134788981919,8,7
"3840",6.10103866540396,34.1478785052105,8,7
"3841",9.150819507577,28.3848357819319,8,7
"3842",8.63178103697093,37.5139421187352,8,7
"3843",8.96683941956532,25.2899757401797,8,7
"3844",8.63225988281124,25.2175956644731,8,7
"3845",8.35616179552485,38.1949698769352,8,7
"3846",6.02316352759162,24.0413473768225,8,7
"3847",8.93251190691911,32.548919910091,8,7
"3848",6.99141334053405,36.5445271725457,8,7
"3849",9.6768555598048,36.911741411013,8,7
"3850",7.21436104029567,25.9397627747866,8,7
"3851",10.1572760252238,28.3161616162733,8,7
"3852",6.93277583055565,32.5050341835472,8,7
"3853",9.20156098008706,36.5304903551564,8,7
"3854",8.68981101129902,32.8026884179166,8,7
"3855",7.59478374403612,29.3099855436183,8,7
"3856",8.4627908710464,29.0002836458321,8,7
"3857",7.27268150617957,31.3711495637399,8,7
"3858",7.88942909586084,22.1937468166987,8,7
"3859",8.80454512747675,26.5643396304225,8,7
"3860",5.27405769369748,28.3015390080451,8,7
"3861",7.29798739996682,33.9281583917991,8,7
"3862",12.3264307231268,31.7665178881872,8,7
"3863",7.52906010168843,32.9497800446955,8,7
"3864",7.9383812265592,30.4785599679261,8,7
"3865",6.20577469887997,34.7940182160363,8,7
"3866",8.21693743309364,27.0463735014674,8,7
"3867",8.38849298378111,33.2252649573487,8,7
"3868",7.59688124070606,29.5814867707673,8,7
"3869",8.04185526159455,34.0219297438222,8,7
"3870",5.36849051196382,31.2571073318753,8,7
"3871",8.37815830953576,30.2840038407989,8,7
"3872",7.41804796864099,34.9449870534827,8,7
"3873",9.78746456916253,35.2354924710945,8,7
"3874",8.024740336944,33.3880443854199,8,7
"3875",6.3030330658325,26.467494456243,8,7
"3876",6.18128153649526,41.7584484639908,8,7
"3877",6.40896192922114,32.6711123973207,8,7
"3878",4.87050052522309,35.703721276899,8,7
"3879",8.05385808593141,31.0140474134664,8,7
"3880",7.67815387896328,31.197387563202,8,7
"3881",7.93148925885794,33.2103166192969,8,7
"3882",8.55188361825749,32.8695279632404,8,7
"3883",6.03836752557819,31.9108202143586,8,7
"3884",5.74633846448918,30.3352014607071,8,7
"3885",8.96994883608689,32.3286193090129,8,7
"3886",6.3436468841341,23.4769756737085,8,7
"3887",7.91716454881784,31.6285795148454,8,7
"3888",10.799885645987,27.5236336395121,8,7
"3889",9.09748125593338,33.288564206319,8,7
"3890",6.66937435143982,30.3740126214947,8,7
"3891",8.77813536320557,25.9492571272662,8,7
"3892",7.66348094999044,29.374937462119,8,7
"3893",9.08977110389814,28.4539522583696,8,7
"3894",8.25681257896946,30.6759976586993,8,7
"3895",8.19544809274858,25.7579704806718,8,7
"3896",8.39941080722645,28.9819300887824,8,7
"3897",8.23683715142819,35.8994267580203,8,7
"3898",10.8889185383101,29.4881408525241,8,7
"3899",5.41982226912072,28.7235208304241,8,7
"3900",8.76648024556087,29.9795879737869,8,7
"3901",9.29328106073869,28.4456419792578,8,7
"3902",5.14414560524041,36.9369405956067,8,7
"3903",6.38813947472932,39.5088590602997,8,7
"3904",5.93866694874219,29.8682703061883,8,7
"3905",11.0542535760823,36.587166559242,8,7
"3906",8.07087136358415,29.356630292538,8,7
"3907",8.64558181500851,28.107186154798,8,7
"3908",8.4160410100538,30.6631110059651,8,7
"3909",8.50179069912663,33.1012066417137,8,7
"3910",6.65978228409624,30.2183187391519,8,7
"3911",6.07569854209612,32.030636548573,8,7
"3912",8.68317210409177,28.0141758630238,8,7
"3913",6.94103306578411,35.5326687217593,8,7
"3914",7.04075685774425,26.674204632481,8,7
"3915",8.31588090461103,36.6190633228778,8,7
"3916",6.82699905039612,31.7028301917353,8,7
"3917",7.64249415995429,34.4590768713371,8,7
"3918",8.25970225886473,31.6819334940005,8,7
"3919",6.54205852442838,34.5601444644996,8,7
"3920",8.4663204936237,33.0397845666992,8,7
"3921",7.02527746126398,35.0070770805181,8,7
"3922",8.34007528550758,40.3170222996009,8,7
"3923",8.79109719108165,28.7494962206721,8,7
"3924",6.91481419612229,26.4707101126528,8,7
"3925",6.4029158199288,32.4619069383363,8,7
"3926",6.37633000977045,24.9697014488987,8,7
"3927",8.24631928106126,25.4236740325622,8,7
"3928",7.9589704353536,30.9504363388288,8,7
"3929",6.90884360030432,32.1265347555288,8,7
"3930",7.360852018054,26.5343139637172,8,7
"3931",6.3310154591924,31.4451940939255,8,7
"3932",9.14580964938447,35.8170896177129,8,7
"3933",6.45413277525122,41.0761330316874,8,7
"3934",7.99206008253144,31.408984598996,8,7
"3935",6.33581329574987,35.8580431828173,8,7
"3936",8.68130411067052,31.8684186376689,8,7
"3937",7.35815856067652,28.1909187486016,8,7
"3938",6.87936979820755,31.5935773966572,8,7
"3939",10.1621905577546,33.0744155259717,8,7
"3940",6.6379945632105,32.2400513042669,8,7
"3941",9.06858728650026,28.4324958414253,8,7
"3942",7.47336901588096,27.552437303659,8,7
"3943",7.06315776271016,36.7727854113015,8,7
"3944",8.87091590077457,28.8228895443922,8,7
"3945",7.65310425304694,35.0319625375462,8,7
"3946",11.4254279469628,26.3617754818774,8,7
"3947",8.97274097094586,34.0725434297801,8,7
"3948",8.05726686033563,25.8246591692701,8,7
"3949",8.37630618956533,32.9011566482515,8,7
"3950",6.51488578987051,24.6295184677832,8,7
"3951",5.66099681140465,32.7133029171138,8,7
"3952",7.34016553911803,34.6316810929155,8,7
"3953",10.0422640102799,27.7018535374808,8,7
"3954",9.20271742959816,37.7109125693881,8,7
"3955",10.8702958642975,33.5358812496864,8,7
"3956",5.79937314320947,29.2436817903985,8,7
"3957",8.19123892634456,33.4120015789316,8,7
"3958",7.21722526606,29.5070997221181,8,7
"3959",4.02189135484451,28.4571695205802,8,7
"3960",7.8436244465053,33.9752063739989,8,7
"3961",6.56497579524123,28.074497492558,8,7
"3962",8.42490903546219,30.5366286681151,8,7
"3963",8.27827605574936,31.3275414601219,8,7
"3964",4.20052966100846,33.5664597964823,8,7
"3965",9.20292453544883,26.8118861382884,8,7
"3966",9.28155716081906,30.9288846619225,8,7
"3967",7.26577262145872,30.9705124454661,8,7
"3968",6.24309359498108,40.3607646654742,8,7
"3969",7.77994913691298,27.8933403483365,8,7
"3970",9.48745858229807,33.0553691041681,8,7
"3971",6.50984114022232,30.9756452836263,8,7
"3972",6.71488889028377,26.2222014318365,8,7
"3973",9.12404494923111,31.9054414654303,8,7
"3974",8.75231667961936,27.5239430328867,8,7
"3975",8.81364657936294,29.9887611302053,8,7
"3976",5.13177888361279,33.3995491543436,8,7
"3977",7.40500691846693,35.9156863435764,8,7
"3978",8.21382899844971,29.6976850787147,8,7
"3979",6.92143850764359,36.8380354970215,8,7
"3980",8.71685373759174,36.9580248714,8,7
"3981",8.24468925015861,33.2445588131483,8,7
"3982",7.34166143637431,34.0517727711538,8,7
"3983",5.70057366754694,30.361066382611,8,7
"3984",5.32581735858765,29.2586389119853,8,7
"3985",5.6496764334486,32.2929947770537,8,7
"3986",6.51736351785827,27.6501095570474,8,7
"3987",9.40889052245067,30.8275902659747,8,7
"3988",9.99181183619692,33.7542554179629,8,7
"3989",8.2486333263332,31.4151803279618,8,7
"3990",9.92698094557282,26.905164507776,8,7
"3991",7.88924227534857,31.8429277546922,8,7
"3992",6.45281668945091,27.0493594751414,8,7
"3993",8.37369686976112,28.2306772146901,8,7
"3994",7.59903187444991,30.9890770880581,8,7
"3995",7.62617862545495,26.6701184807775,8,7
"3996",8.09129109546035,38.4866270624308,8,7
"3997",6.33988980690941,30.3316799841587,8,7
"3998",7.93252237328243,30.5623558230372,8,7
"3999",6.07969443412628,35.9497207058193,8,7
"4000",7.56702717744973,29.8857044712435,8,7
