"X1","X2","component","subcomponent"
"3001",19.8651586278793,7.99157795411493,12,8
"3002",27.3934780507944,7.67795280160493,12,8
"3003",24.2077420404164,9.21341657334044,12,8
"3004",21.4908005636417,4.46067471107767,12,8
"3005",15.0918946700405,2.13899235649719,12,8
"3006",24.1657947595183,8.5351802291723,12,8
"3007",24.9524135731046,6.90090328373056,12,8
"3008",29.5174512340728,8.70227187096628,12,8
"3009",22.1897785995487,4.47136696800878,12,8
"3010",17.1270471992371,7.09254930842305,12,8
"3011",17.69173519961,7.69156950843256,12,8
"3012",22.4361732628068,5.6539063565953,12,8
"3013",27.7219354967775,8.23177609143375,12,8
"3014",19.0748102305741,5.40466944392346,12,8
"3015",17.1600532147282,6.31918386635036,12,8
"3016",20.939923982688,4.7928992557731,12,8
"3017",20.3206621808272,5.82811506667166,12,8
"3018",19.8941879290731,6.60606033407969,12,8
"3019",19.553785932239,5.05325485233146,12,8
"3020",22.922680191876,5.98750991330543,12,8
"3021",20.1228075566236,4.89464877117065,12,8
"3022",23.0683502043138,2.40169732217303,12,8
"3023",23.0517966349621,8.00373450678169,12,8
"3024",24.7341206887013,7.87061410692206,12,8
"3025",16.3265494698822,5.35923732495284,12,8
"3026",20.481762199583,4.9907436878532,12,8
"3027",23.9315807044615,7.42317027016823,12,8
"3028",23.0569654505552,7.94065850387471,12,8
"3029",20.1142241272489,3.87431180395823,12,8
"3030",21.4687972687233,7.84191459356383,12,8
"3031",23.6548363258847,5.28807121013506,12,8
"3032",26.3741392110358,8.31227688460276,12,8
"3033",14.5045582457636,6.77167042125882,12,8
"3034",24.1003647806115,7.28010228999652,12,8
"3035",27.7347826163937,4.90121867160778,12,8
"3036",17.9535203739152,7.21050405455188,12,8
"3037",20.0126435618323,9.1540240672697,12,8
"3038",18.6110799417499,6.20840924021309,12,8
"3039",22.8994156789418,7.1028490411587,12,8
"3040",25.56658553245,5.70731730822498,12,8
"3041",22.2503075500317,9.23433575639027,12,8
"3042",20.9548395676912,5.52707329042274,12,8
"3043",23.1049004086862,5.68661930896664,12,8
"3044",17.8522455861047,4.85359859095513,12,8
"3045",18.2347497350767,9.19297123483627,12,8
"3046",19.4159456584311,7.12265956782224,12,8
"3047",23.3962700084717,6.51855260087201,12,8
"3048",21.1468693057245,6.97581815729375,12,8
"3049",24.0741806737439,8.00134945965755,12,8
"3050",24.1627003990938,8.7038193553924,12,8
"3051",26.181665897107,5.02589209546326,12,8
"3052",18.8673645413528,2.42607526585825,12,8
"3053",30.3962813627835,6.11458743241352,12,8
"3054",18.8048188579322,8.7613342821927,12,8
"3055",22.6645149778316,8.41655337433662,12,8
"3056",25.1159773970906,6.5151506096387,12,8
"3057",25.3290654994766,6.51155694555961,12,8
"3058",21.7541764129981,4.72614053222282,12,8
"3059",25.0456556386511,4.03732903799122,12,8
"3060",25.2778209614509,8.59029495847286,12,8
"3061",20.749422835352,6.85737469631851,12,8
"3062",22.8694597165645,6.59423426029372,12,8
"3063",22.1423198015577,7.12309661910586,12,8
"3064",20.0555689224173,6.4012205388866,12,8
"3065",18.1087166029396,6.07773766403363,12,8
"3066",19.2555014054988,6.42688542601968,12,8
"3067",24.9666802874614,9.03775086713788,12,8
"3068",24.4647865814414,5.86020838476937,12,8
"3069",19.193116912509,2.43649439205063,12,8
"3070",20.7498756557966,7.58869574289206,12,8
"3071",16.2704483746557,4.38472051469046,12,8
"3072",24.8523852214565,10.4750209350278,12,8
"3073",23.0895111938442,7.10999552703553,12,8
"3074",22.1231718564907,4.693844977536,12,8
"3075",19.9248521309396,7.38541951944488,12,8
"3076",18.5130379393656,4.61223460384726,12,8
"3077",31.0156335068924,6.11429214285611,12,8
"3078",22.2759322936225,5.24507955082561,12,8
"3079",23.2193274790337,6.86507035572284,12,8
"3080",17.4525967556727,8.14305954894006,12,8
"3081",22.1912798818184,5.93376255596214,12,8
"3082",17.8664961658303,4.64878697780664,12,8
"3083",21.4500092097392,7.90806976514501,12,8
"3084",23.1966231783952,1.78487480621428,12,8
"3085",17.2441598552732,7.62177531312687,12,8
"3086",22.8212755310117,7.38915226814961,12,8
"3087",20.3180728381325,4.31506002987123,12,8
"3088",26.3266686023603,6.85008937893053,12,8
"3089",24.3933380406895,4.37869450304183,12,8
"3090",21.6452911564261,8.3009196728197,12,8
"3091",19.5664236926342,7.50947736600791,12,8
"3092",24.0274296866023,5.70185012276954,12,8
"3093",18.559714735361,8.60428152653725,12,8
"3094",26.7192015003185,6.31196114500567,12,8
"3095",16.1382404744896,8.84198099071775,12,8
"3096",23.5628148971911,5.21321778325502,12,8
"3097",17.8196698881424,6.91101929676507,12,8
"3098",24.8206822411463,4.92188925061163,12,8
"3099",20.4929550331314,7.39725924263545,12,8
"3100",24.987553142522,5.04412947496991,12,8
"3101",19.5529157468572,6.81347250339431,12,8
"3102",18.7100532694117,8.0876223014761,12,8
"3103",22.0621883178944,6.30779882271039,12,8
"3104",21.079112632864,3.12885429478421,12,8
"3105",22.3139861406246,6.57920202588158,12,8
"3106",16.9129025071608,9.59235970913869,12,8
"3107",28.5332317294239,7.10234256211337,12,8
"3108",26.2796763821093,5.16953456923818,12,8
"3109",21.0065430961493,5.91065029170857,12,8
"3110",27.0160204644448,6.31674083478688,12,8
"3111",24.5702298336615,6.7291865696801,12,8
"3112",25.4252848090726,7.24180479213424,12,8
"3113",18.5635838200742,7.76791379582063,12,8
"3114",24.0261580187124,8.17046813383199,12,8
"3115",24.9991643484377,7.50070346628278,12,8
"3116",25.2960790717147,6.22227503821459,12,8
"3117",24.1744420179054,8.03396299915599,12,8
"3118",20.8709376846167,7.72668361993819,12,8
"3119",21.6112851753149,6.67971536406201,12,8
"3120",22.412138005351,4.32720843845047,12,8
"3121",22.6238770588228,5.32683233288618,12,8
"3122",20.0022172035425,8.99380570564348,12,8
"3123",18.4627529739798,6.47059340000785,12,8
"3124",20.3685721424896,2.63518547526077,12,8
"3125",32.3476013851872,6.01885875839724,12,8
"3126",23.5127880652344,8.78490162675855,12,8
"3127",25.8350107363286,6.97168003814699,12,8
"3128",17.2918640040897,8.69215218806108,12,8
"3129",25.5613733715979,7.59993272039758,12,8
"3130",23.1944028745656,4.34012052133687,12,8
"3131",23.543118340219,8.71975281005377,12,8
"3132",19.1727962610783,8.27354729438333,12,8
"3133",17.7224434317871,4.70961062306526,12,8
"3134",19.2357576276545,8.95134854377602,12,8
"3135",25.8309446915661,4.85218524053402,12,8
"3136",20.4996075445132,8.63287720083453,12,8
"3137",17.006908081057,3.71464767827605,12,8
"3138",22.6643635063822,7.42951586694131,12,8
"3139",22.5980995837137,5.51470981008362,12,8
"3140",20.8053921407101,5.48168579070985,12,8
"3141",22.6312800219209,7.59147521167758,12,8
"3142",25.6126736233367,1.99052592560714,12,8
"3143",21.4666714814267,9.75419913692699,12,8
"3144",19.9301508730802,6.55081000503468,12,8
"3145",14.9214095735948,6.23561146733566,12,8
"3146",15.1565444372923,6.67934820522835,12,8
"3147",22.2840624850153,5.91310494853049,12,8
"3148",26.8109536942355,2.71756162449256,12,8
"3149",19.3442409667852,6.6248156899892,12,8
"3150",25.1896817506718,3.85279502560648,12,8
"3151",23.1070778587852,8.71890614421599,12,8
"3152",20.5993760918311,7.18834250527006,12,8
"3153",20.8430976675984,4.83278346878716,12,8
"3154",28.5226198696897,4.10119672810554,12,8
"3155",16.5207024083243,5.38669150765689,12,8
"3156",28.3599542304498,6.15363999876852,12,8
"3157",21.3163441319018,10.8174289798561,12,8
"3158",19.2672424816014,5.84178151297829,12,8
"3159",20.9747843054804,4.50212275436505,12,8
"3160",23.254735802856,5.54076640308422,12,8
"3161",19.6446469042593,7.39303117613204,12,8
"3162",23.7039852757802,7.77336972877202,12,8
"3163",18.0470198029633,5.83989578406282,12,8
"3164",20.5787891773549,7.95243236952015,12,8
"3165",27.3602593248567,4.63501824896369,12,8
"3166",19.1621843804796,5.64009230405014,12,8
"3167",16.3288580822082,8.28479007635508,12,8
"3168",19.6671345627837,6.59344558670928,12,8
"3169",19.6838683626283,8.15365334370528,12,8
"3170",22.4568990203582,8.55149785433824,12,8
"3171",17.6853140123799,3.56164031869832,12,8
"3172",23.1473103951929,3.04046605202127,12,8
"3173",29.1772444970921,7.19249168332877,12,8
"3174",24.5022571047543,6.3085928933056,12,8
"3175",25.1157293617028,6.63916062873632,12,8
"3176",21.4535939045452,8.2810581787865,12,8
"3177",26.9843020033471,7.14255433473902,12,8
"3178",20.0914942131749,5.39420863946419,12,8
"3179",23.4973116444685,6.90491531309218,12,8
"3180",26.9054030821707,6.45713478265001,12,8
"3181",25.4433311592812,6.11176787907086,12,8
"3182",24.4558987074617,7.39525344045512,12,8
"3183",20.5958960334156,5.06433719722126,12,8
"3184",21.9927450802273,8.91714032946918,12,8
"3185",21.5657497317022,5.20499866747632,12,8
"3186",25.1448761784891,6.05488850838973,12,8
"3187",19.1813967135191,6.11307684312591,12,8
"3188",24.3066413882226,8.75158290089507,12,8
"3189",28.9117607063856,4.4081349938963,12,8
"3190",24.1019951193624,10.0481004513276,12,8
"3191",24.3310814146603,7.39968865511595,12,8
"3192",18.8164652953238,6.1966327116702,12,8
"3193",20.4455709204852,7.49083024609106,12,8
"3194",22.7178566961196,3.75205270348697,12,8
"3195",20.7513835424039,4.26970209013289,12,8
"3196",22.1381674022777,6.58018004732201,12,8
"3197",21.5218930959758,5.16951633776302,12,8
"3198",23.587225275828,6.02228908159288,12,8
"3199",24.0865077551958,9.57252833040526,12,8
"3200",17.7831615454981,7.73343488510973,12,8
"3201",23.5333532097597,5.12709223203593,12,8
"3202",14.4158616005249,6.8969739482993,12,8
"3203",25.4983891008282,6.78326743103873,12,8
"3204",20.185171243305,5.40169817936486,12,8
"3205",19.0312324207186,4.95838536159072,12,8
"3206",21.4447349585465,6.21691422449449,12,8
"3207",21.1526371058591,6.37742386721983,12,8
"3208",21.8096959465604,4.49953853238407,12,8
"3209",23.2396385116059,3.89134721564418,12,8
"3210",25.2073809216531,7.42633156531083,12,8
"3211",21.5635315543673,4.97900243937942,12,8
"3212",25.8200822222818,4.76783293959953,12,8
"3213",17.4162910924781,6.11501050962711,12,8
"3214",18.4839921084773,7.47095890818381,12,8
"3215",17.0599627750827,6.34204269353456,12,8
"3216",29.3440784806912,3.64349392537998,12,8
"3217",20.867847604138,5.25984173351649,12,8
"3218",27.7724586710021,6.06376874429887,12,8
"3219",28.2538222095978,6.28024365539922,12,8
"3220",22.618879064105,7.33448642060192,12,8
"3221",19.1186744212248,5.60393339871401,12,8
"3222",25.8389872953643,7.55223930424702,12,8
"3223",25.3985290128714,6.22900877111445,12,8
"3224",20.4667729021647,6.27902006676769,12,8
"3225",18.679968035938,4.10795632740228,12,8
"3226",22.6263560519032,7.9086357217277,12,8
"3227",20.8858457961756,3.88054669233732,12,8
"3228",16.3972620707908,5.55366647437938,12,8
"3229",25.578650118466,7.26398634281277,12,8
"3230",21.4809745287536,8.35223533603728,12,8
"3231",24.6750966138834,10.3047936502261,12,8
"3232",23.5704514532817,7.13227260997768,12,8
"3233",24.8333218398519,6.23080966655169,12,8
"3234",25.3973831287086,5.58286489869334,12,8
"3235",29.792364352024,5.97244371515745,12,8
"3236",22.93342127489,6.56979413290401,12,8
"3237",21.1298431490603,6.0454257417681,12,8
"3238",20.1752093321515,4.60808231468822,12,8
"3239",21.0542071006558,5.23759243967989,12,8
"3240",24.3575585463159,7.29712766014963,12,8
"3241",21.1050993096443,8.41273797005002,12,8
"3242",31.833083958319,5.75046806152432,12,8
"3243",17.6064145952457,3.91381659267552,12,8
"3244",22.5309226532974,6.89732718622582,12,8
"3245",23.8275955709519,8.14465622773708,12,8
"3246",20.1539707074811,8.51985555118624,12,8
"3247",23.242331715681,5.91115763515697,12,8
"3248",24.9220939716666,6.48430307990232,12,8
"3249",24.2743781717826,6.41377575665404,12,8
"3250",20.8425539281802,6.59959341516806,12,8
"3251",23.1809886558838,6.94045017141058,12,8
"3252",23.5406009634071,6.06469257422963,12,8
"3253",20.2374884270203,5.60316771355448,12,8
"3254",24.761629132422,8.27885922971673,12,8
"3255",20.3491329700155,3.98418216026459,12,8
"3256",24.8566792597382,10.0220251943015,12,8
"3257",19.4894343285247,5.9743521712407,12,8
"3258",22.9053847434941,3.79109342481518,12,8
"3259",26.2219737043341,2.04319681521838,12,8
"3260",22.92495967626,5.83439410256481,12,8
"3261",21.4616912440478,9.72819091640875,12,8
"3262",28.1340737945712,8.36472557585744,12,8
"3263",24.4885208326898,4.28027877937827,12,8
"3264",24.7001386434349,4.54248627373376,12,8
"3265",20.9434805491141,8.19317321793129,12,8
"3266",17.4307505606901,5.96243043040721,12,8
"3267",20.0177834934364,8.16702464355325,12,8
"3268",24.6502216538157,4.76229767482095,12,8
"3269",26.5693221452712,8.77937629212133,12,8
"3270",30.8300645067855,6.28950234693357,12,8
"3271",22.91155199327,7.84650146488437,12,8
"3272",20.5269985692417,3.76151130257105,12,8
"3273",21.830079714457,5.42427899511815,12,8
"3274",16.9781775784885,8.37095701693191,12,8
"3275",21.4785355027591,7.97080652602405,12,8
"3276",25.6201584049446,5.28076846937442,12,8
"3277",20.3227526669588,5.14092593357003,12,8
"3278",23.8106278562678,7.78175474021441,12,8
"3279",25.7471547144267,8.55118031723364,12,8
"3280",24.3791912546381,7.1688570284914,12,8
"3281",21.4204517281825,6.23434452629544,12,8
"3282",17.8739897337976,8.13195415752808,12,8
"3283",21.2658281461314,3.74269938272126,12,8
"3284",18.0615890106018,1.9225518437894,12,8
"3285",20.6019271976645,8.57307025547975,12,8
"3286",24.0957184734214,3.05658955873927,12,8
"3287",18.7668125925922,6.05017651680873,12,8
"3288",19.0075989116583,4.00295160286342,12,8
"3289",19.9263691655674,5.40287419430729,12,8
"3290",23.7231626163574,8.61320240301868,12,8
"3291",22.8971296932359,3.78053049084048,12,8
"3292",23.6551414211775,4.36067078688639,12,8
"3293",19.5212496202305,7.10740015898438,12,8
"3294",20.4222788633295,4.74956599333055,12,8
"3295",24.7246126580691,5.50833006124898,12,8
"3296",18.7149013845476,7.65789673369938,12,8
"3297",21.5939073437719,5.16216725053418,12,8
"3298",20.6521931000002,9.10830738837567,12,8
"3299",20.400002687834,4.7853809902635,12,8
"3300",20.6993129677574,7.28767676161511,12,8
"3301",22.336644515711,2.39318300680343,12,8
"3302",20.75906745355,7.61030460180948,12,8
"3303",23.2007177728166,7.80221872450351,12,8
"3304",21.7345872416803,3.52175773375414,12,8
"3305",21.5658639917318,6.71687151845147,12,8
"3306",20.0706357077587,8.12389587653933,12,8
"3307",23.7120888295406,8.58576828759599,12,8
"3308",23.2977502753338,7.28289365120323,12,8
"3309",23.0447274561088,6.78635243036627,12,8
"3310",27.6574207540497,7.75231424109647,12,8
"3311",26.4376170350726,3.64451800212576,12,8
"3312",19.766046072153,3.91666341514921,12,8
"3313",22.235738279113,7.59892047594473,12,8
"3314",15.3319705521218,7.31210897396943,12,8
"3315",20.479052959562,6.50350633975894,12,8
"3316",23.9315338364039,7.78044957525185,12,8
"3317",23.6386342236753,5.06398160253831,12,8
"3318",18.9452892676445,8.52979307023166,12,8
"3319",21.287852762553,4.86340393650298,12,8
"3320",22.9262088045223,6.76051939158097,12,8
"3321",24.5118579303464,5.26789656569135,12,8
"3322",20.0312718170618,8.4977470394108,12,8
"3323",23.9150845161296,5.28974991803722,12,8
"3324",21.6326088090082,8.78407154601411,12,8
"3325",24.9473497758638,8.60523296717162,12,8
"3326",18.2003134095346,9.86402568140494,12,8
"3327",21.5903593794191,6.47050042589706,12,8
"3328",26.4358021640135,4.11310429954484,12,8
"3329",23.5931035825832,5.83777663731056,12,8
"3330",26.3022743540571,7.35975827175295,12,8
"3331",21.0660225527627,8.26999513894133,12,8
"3332",27.364785188068,3.82751400609941,12,8
"3333",28.7527638466595,7.981999010965,12,8
"3334",24.3088932878625,8.0543785042378,12,8
"3335",15.9574892865739,3.76035056849149,12,8
"3336",24.4184107986197,4.87897517719695,12,8
"3337",25.7129426792375,6.90968759697754,12,8
"3338",22.2962354459234,7.19718726930772,12,8
"3339",22.0221567433076,5.09509992843618,12,8
"3340",25.3165478802492,11.1059666016357,12,8
"3341",19.3875964483219,2.76118409353121,12,8
"3342",22.6062992681363,7.57813275825704,12,8
"3343",27.7776841456774,7.18955908686078,12,8
"3344",17.3361845157465,8.35063932135019,12,8
"3345",21.6904551134951,5.13710876042665,12,8
"3346",20.3385129309101,8.1249025757048,12,8
"3347",14.3272330929415,6.37487949053614,12,8
"3348",19.7148133962151,5.76621787242177,12,8
"3349",32.1758265493482,3.25008263256651,12,8
"3350",29.956685639834,10.3695096483111,12,8
"3351",18.1673963927699,5.39954949015276,12,8
"3352",24.5305030914527,6.70675061088645,12,8
"3353",27.8800585045951,3.33856660967162,12,8
"3354",25.1962298073745,3.38059965520762,12,8
"3355",19.381288796691,7.22735476533775,12,8
"3356",19.2033232627337,9.97205667709547,12,8
"3357",19.320721222757,9.5889017490658,12,8
"3358",19.5033331332378,8.09238302058421,12,8
"3359",18.6648484909279,5.22169811096655,12,8
"3360",20.7995398377892,4.61759997096256,12,8
"3361",21.6207384224665,7.14140034471231,12,8
"3362",23.4186186498525,4.98236417249483,12,8
"3363",22.9423170278252,6.66589281865541,12,8
"3364",23.6020597952569,6.86747465249905,12,8
"3365",22.1620143040476,6.26564323917523,12,8
"3366",17.7806605879899,5.56117347003665,12,8
"3367",19.4596405556193,7.17021267395101,12,8
"3368",16.8608977064893,4.99713756890665,12,8
"3369",17.5469934440067,7.90243132525267,12,8
"3370",17.7703866651042,7.00979910534393,12,8
"3371",27.7579224330024,4.01364781755316,12,8
"3372",20.3924828317537,8.09569499966397,12,8
"3373",18.317726318446,3.1100189724839,12,8
"3374",20.6622981610578,7.36975797414569,12,8
"3375",20.8804888217513,8.73773832228438,12,8
"3376",22.4771656473895,7.7275915939911,12,8
"3377",21.9134030989205,6.48412820135013,12,8
"3378",22.4012604145296,6.07776171210487,12,8
"3379",22.9870101802694,7.79422526684564,12,8
"3380",16.0559215769307,6.11208677783677,12,8
"3381",19.7167588066267,6.81446312159914,12,8
"3382",20.8371019879305,9.55433791569879,12,8
"3383",22.2020683372384,4.3281649858062,12,8
"3384",24.3208243342277,6.00284199627207,12,8
"3385",23.9787156907088,5.1213307521382,12,8
"3386",21.8312861836913,7.0468197883607,12,8
"3387",22.6399974812918,9.26851024633757,12,8
"3388",20.1722927959201,5.99434403956108,12,8
"3389",21.7991227031785,5.22411653077673,12,8
"3390",21.6177953646184,7.13851215261701,12,8
"3391",20.5740896164173,7.92254603538101,12,8
"3392",23.5658082118507,5.72345649994532,12,8
"3393",18.6379545240991,3.76210102693778,12,8
"3394",26.7674051875012,5.2306923070727,12,8
"3395",25.5110583947097,7.73808900474328,12,8
"3396",24.1202877082337,5.88946342649118,12,8
"3397",19.5735070818414,6.07122477512142,12,8
"3398",26.2999081907003,5.75507885918791,12,8
"3399",20.2481035411678,3.58651148880242,12,8
"3400",26.6325545599247,4.7460423350396,12,8
"3401",22.8416364467249,9.46526958159677,12,8
"3402",21.4473553413797,5.61556366604437,12,8
"3403",24.7697149135425,4.66651663745981,12,8
"3404",17.3503036791082,11.7364253629241,12,8
"3405",24.027446609256,6.20263531017628,12,8
"3406",23.6911354459337,5.21722395758094,12,8
"3407",20.1449075110896,10.5265913346137,12,8
"3408",26.0808689324401,6.53629943967424,12,8
"3409",19.0277204542148,5.77169933583428,12,8
"3410",27.26932753607,3.85191228346705,12,8
"3411",21.7316096752821,6.06970168230039,12,8
"3412",22.7265273095116,8.19839378931586,12,8
"3413",21.3324799022554,6.13305040784489,12,8
"3414",25.1950884622557,6.81732796172759,12,8
"3415",21.2686308695789,6.58219691575537,12,8
"3416",23.5331022719107,7.96472644382815,12,8
"3417",16.8447641557332,5.75767192310047,12,8
"3418",28.0339413265275,7.4884250666176,12,8
"3419",16.6086075799955,8.26163922494165,12,8
"3420",17.7432266230426,6.23622732755859,12,8
"3421",13.1329977914276,6.53710399482399,12,8
"3422",28.2080686443803,5.87795179911874,12,8
"3423",17.4016720593823,9.71075340609549,12,8
"3424",24.4100672886793,5.36968364601644,12,8
"3425",19.8209935146029,8.53557219000142,12,8
"3426",16.9191130518811,7.4258863307195,12,8
"3427",22.0788756465286,8.62667742277432,12,8
"3428",21.4926794160204,5.45357449622308,12,8
"3429",21.8996094320614,6.37428073094786,12,8
"3430",24.9630091450038,7.67642162540468,12,8
"3431",21.4089602444714,7.36346030492206,12,8
"3432",21.4183987655503,7.3399499465436,12,8
"3433",19.8024907981818,6.61570650530869,12,8
"3434",25.5864121707497,7.92328850544615,12,8
"3435",21.152583309659,6.46881529489075,12,8
"3436",30.0882041075164,9.83066580405639,12,8
"3437",19.9769227653381,8.02171902075366,12,8
"3438",22.606067771195,7.04212392131711,12,8
"3439",23.8940077271528,7.87028779845607,12,8
"3440",21.9916911771251,7.96985430196367,12,8
"3441",25.7950762669642,5.98245764614162,12,8
"3442",18.4442727583957,4.98590003663426,12,8
"3443",20.3590647962803,4.67975859002312,12,8
"3444",23.9356080053889,6.53712813229018,12,8
"3445",26.7395440261464,7.22734752317718,12,8
"3446",22.3241047866034,8.78407569180245,12,8
"3447",14.0644751855064,4.95846601906285,12,8
"3448",13.5332674391556,7.19907750672261,12,8
"3449",25.5137564305769,5.91215397397893,12,8
"3450",22.5610041179213,6.27002214897827,12,8
"3451",14.2126983796543,3.01011025185617,12,8
"3452",23.458046256946,4.6922841456046,12,8
"3453",20.6466479936508,4.51097944558775,12,8
"3454",18.2364064300021,10.3805346645836,12,8
"3455",21.5465939128949,6.88136395700246,12,8
"3456",20.427213282547,7.40225957969299,12,8
"3457",28.0515758151135,3.32549449719244,12,8
"3458",16.5486473832265,5.85594868017356,12,8
"3459",25.9281071606137,10.0101501563598,12,8
"3460",22.6946114740236,3.75206561252316,12,8
"3461",25.398726363062,6.87260880240712,12,8
"3462",25.1802871369604,7.36035270953989,12,8
"3463",14.1726975334792,2.47910132708183,12,8
"3464",22.7113674118403,7.53158482657569,12,8
"3465",21.3495799468269,6.35145171893672,12,8
"3466",22.1184248924097,6.34415896553332,12,8
"3467",22.5813592253098,6.2271057807834,12,8
"3468",24.156009391266,9.81179164978176,12,8
"3469",25.0045495486314,7.05836777699285,12,8
"3470",22.1559066437394,5.12785925180203,12,8
"3471",21.8604408937181,6.88357817212069,12,8
"3472",22.5498211601724,7.10011608870477,12,8
"3473",22.0362981514809,5.74397088186595,12,8
"3474",26.2483418552579,6.92203176957275,12,8
"3475",17.4593777316658,5.23775656616112,12,8
"3476",18.5099392447206,5.00619263690396,12,8
"3477",26.8886142503707,6.46763082308915,12,8
"3478",20.1784161407916,3.63243618229962,12,8
"3479",21.5951158647451,5.40527656847437,12,8
"3480",19.9398624315325,6.2013987589259,12,8
"3481",15.5275579663914,7.67391693466116,12,8
"3482",18.3269185576872,5.08141380685276,12,8
"3483",19.7448303224233,6.47628033975263,12,8
"3484",23.7936017193031,3.7280346872811,12,8
"3485",17.2009367460164,7.37025011219119,12,8
"3486",19.9016638668148,6.80776916483594,12,8
"3487",22.2905412861148,6.12205315697566,12,8
"3488",21.7284676410437,7.76221414859923,12,8
"3489",17.7189182748492,6.01431461838199,12,8
"3490",19.6442251437118,8.166404736599,12,8
"3491",28.6898184743817,5.52182973984205,12,8
"3492",19.6132904140454,7.77326274341471,12,8
"3493",18.2141675599667,6.83617293725942,12,8
"3494",19.9273197670185,10.4587966509375,12,8
"3495",23.0822377647393,7.72231686528906,12,8
"3496",24.1465767790894,5.65833698204736,12,8
"3497",22.0484276730963,7.04489224736082,12,8
"3498",23.1727297531112,3.14096511737353,12,8
"3499",19.8286301768235,3.07394285271295,12,8
"3500",26.668038190987,5.96476796729154,12,8
"3501",24.6378099580137,5.6170998937802,12,8
"3502",21.9539813050618,6.20451100380303,12,8
"3503",20.1078066596783,5.36461788693418,12,8
"3504",17.3237235446251,5.44044539780705,12,8
"3505",23.2226250082024,8.74448318105316,12,8
"3506",25.0807559198672,8.7543529742329,12,8
"3507",23.7145684135907,6.40060930421302,12,8
"3508",22.2111195868532,7.90519730563834,12,8
"3509",22.5729538397076,6.95300747495874,12,8
"3510",29.5422723675966,7.00522460216255,12,8
"3511",26.1143330514246,9.08698889372212,12,8
"3512",25.2804820012246,6.80923154649365,12,8
"3513",17.5771344411216,5.77639498371341,12,8
"3514",20.1789039381434,5.78571043054776,12,8
"3515",22.7595394348774,5.86756612350221,12,8
"3516",26.2208638700029,10.8368496318558,12,8
"3517",21.7328635264089,4.95046907961918,12,8
"3518",18.2040928150353,7.36027024811907,12,8
"3519",14.8786039525301,7.91749096782118,12,8
"3520",31.2324291945786,9.66164644796937,12,8
"3521",26.2701725391074,8.63415251331628,12,8
"3522",26.0381353072535,5.75639074825831,12,8
"3523",22.4088955398589,4.81740005529878,12,8
"3524",17.300741376663,5.50562429802887,12,8
"3525",23.0029338674991,7.3957195175722,12,8
"3526",24.6723117478218,8.15365405101467,12,8
"3527",15.5200347128234,3.05377298921639,12,8
"3528",25.0602197352668,7.2664419298622,12,8
"3529",20.093324714497,7.98701938307119,12,8
"3530",27.4778059588296,9.42601515880684,12,8
"3531",19.9348042934442,5.82163209965257,12,8
"3532",20.1909802450116,10.3230120123409,12,8
"3533",22.9980414373223,7.16143628763539,12,8
"3534",20.5575709466907,5.64535495633915,12,8
"3535",24.8010845785069,6.43445258984548,12,8
"3536",25.0016651651357,8.8298661848244,12,8
"3537",25.4114530741292,5.61618152243052,12,8
"3538",22.64993473797,7.10916420662372,12,8
"3539",24.8182109905582,5.74716835873545,12,8
"3540",19.6564693720431,4.93738614665248,12,8
"3541",19.4216714587027,5.16339733653816,12,8
"3542",20.3537483599715,6.30860795817154,12,8
"3543",21.3455403148823,5.9058293393051,12,8
"3544",22.2683954283706,5.78571245468545,12,8
"3545",21.2447037197371,5.37211963084856,12,8
"3546",20.8369548755873,6.97088528526908,12,8
"3547",23.1520656541598,3.93602922477409,12,8
"3548",17.9220976347098,5.95230269360176,12,8
"3549",22.2046594937116,7.43669772308909,12,8
"3550",15.2666935876484,4.98560809953629,12,8
"3551",23.5749679246279,6.64678808453021,12,8
"3552",26.0345053683437,9.77251487175128,12,8
"3553",17.887237559119,6.1310383682082,12,8
"3554",22.1567877291532,7.64357933601086,12,8
"3555",19.7529965348423,6.67930701373892,12,8
"3556",20.4837552319619,4.84498840090831,12,8
"3557",23.5022867947115,6.00906850176488,12,8
"3558",21.9693018421064,7.18478022272102,12,8
"3559",21.1942714223979,9.38271004748925,12,8
"3560",20.6873837122835,6.82951762652988,12,8
"3561",25.8964680152663,6.0739156565981,12,8
"3562",22.949880364731,3.27334273000577,12,8
"3563",20.9495667137661,6.59864597680754,12,8
"3564",23.0828843970542,7.44674838387034,12,8
"3565",17.5205530763992,8.79350847984614,12,8
"3566",17.8566488744802,8.61132050479433,12,8
"3567",22.5692589971245,7.07855734518379,12,8
"3568",20.0812195569261,1.90309692083182,12,8
"3569",22.1470762522022,8.72569996122195,12,8
"3570",20.0191650672229,5.97235175685141,12,8
"3571",24.2807858284436,6.58217229012125,12,8
"3572",19.978824086143,7.90309735278632,12,8
"3573",21.2923970378284,7.00065080505848,12,8
"3574",24.8951682901998,9.04437639754543,12,8
"3575",26.3433348282514,4.14286086051788,12,8
"3576",21.5369970397474,7.98137551826067,12,8
"3577",25.4784649922406,6.50712095347952,12,8
"3578",20.6054590512727,5.45357916965234,12,8
"3579",26.4769016434923,6.71633415547931,12,8
"3580",24.8060510002373,8.0686872406585,12,8
"3581",21.1119489277426,5.29560538023144,12,8
"3582",19.6773940112547,7.30953303608696,12,8
"3583",24.2129025387625,6.71025682014206,12,8
"3584",32.3463886388519,5.62667425759987,12,8
"3585",21.897659056112,4.75321401903575,12,8
"3586",20.3321132947401,6.30293500474774,12,8
"3587",19.1678042182203,7.85167739077708,12,8
"3588",19.9457429127835,4.59873217298972,12,8
"3589",20.2964837245657,5.79782287459054,12,8
"3590",18.1738492525218,3.5727547142061,12,8
"3591",17.7309052644308,6.57463553910052,12,8
"3592",20.8555802870323,6.8677951426996,12,8
"3593",24.43870457372,8.34964291283056,12,8
"3594",17.4846610406359,8.63154115785906,12,8
"3595",20.2811289604778,6.18155308747738,12,8
"3596",23.8175378689134,7.76715200073659,12,8
"3597",25.3640971254332,9.3536408123869,12,8
"3598",23.3499312179541,5.47642819363766,12,8
"3599",21.7013363502686,8.39670663390648,12,8
"3600",21.0334756186365,6.24509068591121,12,8
"3601",21.6731383785861,8.59835631217656,12,8
"3602",22.0641928128291,11.0949788214033,12,8
"3603",19.9342880472597,1.77764315722426,12,8
"3604",25.9563298869255,4.95711777323429,12,8
"3605",22.9093642586155,6.18756515593451,12,8
"3606",25.4113926122281,7.62813644794847,12,8
"3607",17.4701998022422,5.24495593884074,12,8
"3608",20.2695442185691,6.47468908554995,12,8
"3609",20.0345577716243,6.89623145161158,12,8
"3610",18.3275769274943,7.17004195218338,12,8
"3611",25.5490069687939,5.186746226461,12,8
"3612",14.0991587602172,5.34619741032263,12,8
"3613",18.0503240152127,6.67451829215313,12,8
"3614",27.2460538356871,6.09610461547003,12,8
"3615",29.9740679641754,6.74801715943341,12,8
"3616",25.9428872535244,5.98494674034118,12,8
"3617",22.0787953657611,8.76267797725068,12,8
"3618",22.7471597939611,6.45527363125645,12,8
"3619",22.7326201592229,7.54844194955919,12,8
"3620",24.6046100176677,4.38298492573684,12,8
"3621",15.4248141935914,7.2923521049696,12,8
"3622",23.3407651804235,3.21906277687679,12,8
"3623",22.8935780362721,4.13376210315501,12,8
"3624",24.8541858581882,4.55495531921863,12,8
"3625",24.0765105512899,4.61642739120282,12,8
"3626",15.7145056513512,6.51305937140427,12,8
"3627",24.3788822652353,5.22383903482003,12,8
"3628",20.9965838821054,7.69778985489247,12,8
"3629",21.8353585928458,5.90501066555148,12,8
"3630",19.8067724463983,8.4904985802422,12,8
"3631",23.2659028462081,6.35659045278758,12,8
"3632",23.5340905583446,3.54932501990497,12,8
"3633",16.7113933935213,6.59642517948015,12,8
"3634",23.1609250590573,3.96309697205705,12,8
"3635",20.0824529095175,7.46236461890555,12,8
"3636",27.0432730987318,6.88992770782752,12,8
"3637",18.5335328064511,9.30623305373755,12,8
"3638",24.8630707359917,5.42562817287614,12,8
"3639",23.1851779457858,5.86270912933801,12,8
"3640",21.6410808663442,7.19730011274464,12,8
"3641",19.3466329774035,4.89114704678778,12,8
"3642",25.7860283049777,3.22881972135241,12,8
"3643",20.4351600187227,6.25903905316085,12,8
"3644",22.6937309511661,5.48798082735295,12,8
"3645",23.4731676970262,6.69034875595183,12,8
"3646",20.8518769063214,9.62907855848794,12,8
"3647",21.2511355119627,9.60416884134257,12,8
"3648",21.8869616067198,4.10796481486246,12,8
"3649",16.1202138508764,8.5370142891476,12,8
"3650",25.9850047763662,6.686193207587,12,8
"3651",29.497425796468,5.71185899721888,12,8
"3652",20.0691583783327,6.87500319812801,12,8
"3653",19.2773723694477,7.15680758518511,12,8
"3654",23.5372182954027,6.48653208835643,12,8
"3655",26.561381831537,6.69973968943049,12,8
"3656",18.7360331666326,6.94560206841858,12,8
"3657",23.949474740125,5.84579026723398,12,8
"3658",23.4864865416048,7.33160622857,12,8
"3659",21.4910849872202,6.15542781754086,12,8
"3660",24.12345458622,6.09252342290115,12,8
"3661",22.5344465689648,8.59815773693296,12,8
"3662",22.3140213492665,8.02899976458626,12,8
"3663",24.3142976323003,7.21114435184622,12,8
"3664",18.90627922285,6.40216367582522,12,8
"3665",18.1728977588286,8.90766298115138,12,8
"3666",20.3975811954564,4.17207051441793,12,8
"3667",22.5069325215717,8.48572049825521,12,8
"3668",21.0587978776634,10.4384720458432,12,8
"3669",23.7205866427045,6.45631538713225,12,8
"3670",18.9695919490013,4.61284690259597,12,8
"3671",28.3278004006926,5.33009174135728,12,8
"3672",21.6431034273089,5.5109027078321,12,8
"3673",22.0828494821841,8.82395874936668,12,8
"3674",14.4102595778272,2.01745097788572,12,8
"3675",26.8081183739123,3.56679742438176,12,8
"3676",18.6434894811991,8.63658362559301,12,8
"3677",22.1778296800222,6.01577679808994,12,8
"3678",20.3243696747447,9.03744170646963,12,8
"3679",26.4606495980412,5.30785863368238,12,8
"3680",17.4888166660305,5.20658603851516,12,8
"3681",19.6684024110851,6.65682774084579,12,8
"3682",21.5430698665282,7.75362380596679,12,8
"3683",19.9871329355289,9.19061686242773,12,8
"3684",17.3518733710845,6.83883446986708,12,8
"3685",18.8618480744036,3.81398174581452,12,8
"3686",24.2660612595215,6.41990791427225,12,8
"3687",29.2327845241342,3.51083459091095,12,8
"3688",26.1770903426074,5.77274032956411,12,8
"3689",25.0055689263487,8.42444462780271,12,8
"3690",16.1435717156252,5.37380993084381,12,8
"3691",22.6951809265507,6.59724861986505,12,8
"3692",25.0692847950262,8.1435699649679,12,8
"3693",18.4021417347709,2.7899491885512,12,8
"3694",21.5436210433861,6.01956527581969,12,8
"3695",22.6300799086444,4.17132528005053,12,8
"3696",21.8244534897952,7.76371354937672,12,8
"3697",25.7579134861541,3.86229240340261,12,8
"3698",20.9175308197674,7.45186452602595,12,8
"3699",17.5516356596726,3.2029821890067,12,8
"3700",22.0821471383049,5.34839960203669,12,8
"3701",18.637536479612,10.0201282639912,12,8
"3702",26.2017976781019,5.29574219189597,12,8
"3703",28.2711021015949,5.21410097628751,12,8
"3704",20.3985479532866,7.23614631268207,12,8
"3705",19.4358556537506,6.54956994824193,12,8
"3706",18.6059740680662,8.10560152594577,12,8
"3707",24.633099874562,5.03338052095829,12,8
"3708",21.9884341351619,6.34472954539684,12,8
"3709",29.5052095102962,8.90429811380652,12,8
"3710",20.8560861649472,9.6250644116969,12,8
"3711",20.8704812176182,5.01601500287944,12,8
"3712",18.1564182148474,5.9592061608925,12,8
"3713",19.4253236523724,8.4093862545322,12,8
"3714",22.805116920782,2.87999156225163,12,8
"3715",20.9901724173286,9.40224326009029,12,8
"3716",22.3119900589031,4.63043638595524,12,8
"3717",20.1826243813833,6.82227154919128,12,8
"3718",21.132829324476,7.77696741249482,12,8
"3719",25.0296015124848,7.29818790225494,12,8
"3720",22.1712300051439,10.1253209285274,12,8
"3721",19.5865599110374,7.73301825447507,12,8
"3722",18.4968541842307,5.47371042743336,12,8
"3723",22.5557883362103,6.37418114311298,12,8
"3724",19.6455758121202,6.75665820985138,12,8
"3725",26.14118137357,4.2231532496764,12,8
"3726",14.6463256699176,6.39978075961901,12,8
"3727",20.9369453258657,2.11844833694117,12,8
"3728",22.1913963831211,9.77559214728478,12,8
"3729",17.8768494884494,9.35616768908433,12,8
"3730",19.3680225354534,5.98866094541213,12,8
"3731",23.474363830299,9.19588583693371,12,8
"3732",16.9639864822589,7.63367470461816,12,8
"3733",21.4571771747296,5.92997837307257,12,8
"3734",21.649292050073,7.07557274966923,12,8
"3735",24.9881737586611,6.06917352379091,12,8
"3736",18.2223447298791,7.62044432827659,12,8
"3737",17.8657818226442,7.14362712414122,12,8
"3738",20.1637355722317,7.2669591844218,12,8
"3739",26.8308752662225,9.273210946401,12,8
"3740",18.7556987685614,6.24610350678172,12,8
"3741",23.0869156505879,5.67215277139095,12,8
"3742",24.1555007928076,5.0624097966371,12,8
"3743",18.0829198503709,3.56987548313031,12,8
"3744",22.6884843230513,2.61111341500647,12,8
"3745",29.3593121836169,7.21147796118316,12,8
"3746",26.3774799244918,6.30874775233242,12,8
"3747",23.1788227443546,4.9349149234577,12,8
"3748",22.4234911491897,8.3456188858146,12,8
"3749",21.788901824599,3.50486438452708,12,8
"3750",22.0823506006228,4.45182587123346,12,8
"3751",25.2369664482702,7.10640205994496,12,8
"3752",22.4911004416162,8.5881730887314,12,8
"3753",23.9071159923479,5.55522337028797,12,8
"3754",23.7940569747728,6.09641572769866,12,8
"3755",22.8521528050834,5.95391121743057,12,8
"3756",23.9455687416367,8.42865979622513,12,8
"3757",26.7735351337234,6.2004270714509,12,8
"3758",29.946013881796,6.99869546147375,12,8
"3759",16.2887140588241,5.74265704257107,12,8
"3760",19.9507608400517,6.77804876436028,12,8
"3761",17.0038573231778,8.35418159650898,12,8
"3762",17.9732329052713,8.36928088738726,12,8
"3763",22.732259991235,7.76272702823364,12,8
"3764",20.6767185353269,9.90897306969669,12,8
"3765",20.3902028571096,7.55136741305442,12,8
"3766",19.3422753855439,9.11431689843297,12,8
"3767",19.8948380475832,4.95310761562322,12,8
"3768",25.216919425,6.37595133523366,12,8
"3769",21.7857887623924,8.01191588748953,12,8
"3770",25.7863910191948,6.14453976620281,12,8
"3771",23.0929090914208,5.56970807153867,12,8
"3772",30.1869659597849,10.5127613969895,12,8
"3773",19.1119144501264,6.74703465369535,12,8
"3774",21.5562811425324,8.39142538218013,12,8
"3775",24.4736731916081,7.20757335228506,12,8
"3776",21.8659392964596,7.74681697724998,12,8
"3777",19.697167108697,8.08901822163774,12,8
"3778",20.0344060710932,5.89716996064814,12,8
"3779",23.9059729854601,4.3807949562162,12,8
"3780",19.0954342247556,7.47367633115519,12,8
"3781",23.1401277482841,5.04347259135364,12,8
"3782",16.0734249437493,6.37915887719012,12,8
"3783",23.1328991516806,7.75986045148951,12,8
"3784",21.110071739421,4.45820471856519,12,8
"3785",19.2856201736592,8.57742620768051,12,8
"3786",19.9686238369411,10.3224410984317,12,8
"3787",23.7383920389942,6.51617391250484,12,8
"3788",25.7727935718703,4.12179387485949,12,8
"3789",14.6228746888546,5.01119214187701,12,8
"3790",15.9940586723158,4.69659622067778,12,8
"3791",22.7233334806144,4.46445115197561,12,8
"3792",15.7032069764182,5.79674267932689,12,8
"3793",18.3524723764247,6.68198449227645,12,8
"3794",24.7766818501327,3.17703758029717,12,8
"3795",19.0585021687324,6.93727392390316,12,8
"3796",28.5017907468613,2.46646209269121,12,8
"3797",21.0111546572345,3.57181767273846,12,8
"3798",25.4026356541787,5.81703920402975,12,8
"3799",23.9598853298185,6.23907586329207,12,8
"3800",22.4939174803141,5.62651184801647,12,8
"3801",20.4044361354389,8.38337699577136,12,8
"3802",21.1407827756582,7.64666299811164,12,8
"3803",23.7511240985062,5.63355962600209,12,8
"3804",22.9060532717482,2.2719237436604,12,8
"3805",24.0282619884605,6.93583321833054,12,8
"3806",22.963967094421,6.30172550440983,12,8
"3807",20.5198295542523,5.33430633234276,12,8
"3808",27.5359604061816,4.19009502873813,12,8
"3809",21.6163858214924,5.70837713385898,12,8
"3810",23.4312372701152,7.5745695086112,12,8
"3811",24.4601380237379,7.14082585094341,12,8
"3812",21.1341989906477,7.29225055339885,12,8
"3813",22.1927249107463,4.89681539251767,12,8
"3814",27.3849975942487,5.41419446702152,12,8
"3815",15.8415957008742,7.02847517859768,12,8
"3816",21.5478743669441,5.10980282307432,12,8
"3817",23.3853942653204,7.10156203395983,12,8
"3818",19.2109959063714,7.19583193462899,12,8
"3819",23.5540145691481,4.55427859594122,12,8
"3820",15.287046576549,8.44199266265803,12,8
"3821",25.8691206442946,7.4016213194681,12,8
"3822",17.9863418756554,4.40431583855758,12,8
"3823",23.4262643704115,7.64030343858864,12,8
"3824",22.2291534250891,5.59967734670382,12,8
"3825",22.5930348381149,5.70643637442794,12,8
"3826",24.0882621143581,6.76780869287155,12,8
"3827",18.8833798160778,6.04692598166663,12,8
"3828",23.5536582924871,5.32279053941999,12,8
"3829",17.1503017911794,6.24771829968934,12,8
"3830",18.3364970774003,8.70352947825998,12,8
"3831",22.7058637035035,4.15941856321663,12,8
"3832",23.7496938189082,9.95971456145695,12,8
"3833",19.8888688884473,5.99099067473786,12,8
"3834",20.2314289239544,7.41374218968945,12,8
"3835",21.1508454348316,6.96036420071711,12,8
"3836",26.4396024178758,7.42023176316909,12,8
"3837",18.4103342451239,7.27182820916849,12,8
"3838",17.8900020305727,6.65197187908339,12,8
"3839",20.4120037868173,4.31084412611421,12,8
"3840",27.6944433276999,11.7600422729254,12,8
"3841",20.5705597333744,4.80650316960008,12,8
"3842",22.3899768398041,5.12659739189,12,8
"3843",22.6017030925185,7.41089865756334,12,8
"3844",20.7570705337472,7.70883623090756,12,8
"3845",22.0666610612144,3.61533160569565,12,8
"3846",19.4566251479124,7.79531442732392,12,8
"3847",25.5044075347932,7.0817177545631,12,8
"3848",22.9507690696216,4.45245309170176,12,8
"3849",20.6679280963251,5.05078946291619,12,8
"3850",22.234338155204,3.92029634705848,12,8
"3851",22.9797082228618,3.53218623508927,12,8
"3852",18.2664701824001,6.93324062553744,12,8
"3853",21.8424495589673,8.49483933461601,12,8
"3854",26.0402394722091,5.20379305809934,12,8
"3855",21.5184682712546,5.7363747072682,12,8
"3856",27.0022511450766,7.71984922187596,12,8
"3857",24.9957602398593,9.24821245267465,12,8
"3858",21.2697292888293,6.53253879580464,12,8
"3859",23.3138101078864,7.10499570549497,12,8
"3860",27.01272602734,6.11627449877118,12,8
"3861",25.8272622742835,5.54540942194132,12,8
"3862",17.4059857203631,7.64382913814206,12,8
"3863",23.9322173503295,4.47452326232329,12,8
"3864",25.4995886501236,9.07786397676142,12,8
"3865",23.1041653899241,9.27851248087374,12,8
"3866",18.4281243601809,5.32124932291417,12,8
"3867",18.6393556979461,7.7107198848975,12,8
"3868",26.2308502364957,7.20360105135609,12,8
"3869",25.3606908252399,8.08092429456502,12,8
"3870",25.5571425192965,3.32445197859186,12,8
"3871",29.5618736193365,8.9534734246489,12,8
"3872",19.0235196092146,6.49578134473093,12,8
"3873",21.2685544493342,7.98863802624251,12,8
"3874",24.4993908033213,6.41666561210334,12,8
"3875",22.5568738056187,7.42834729135471,12,8
"3876",26.3435634076068,5.03978689675802,12,8
"3877",18.9204912390442,5.57410932363003,12,8
"3878",22.7791826284886,7.34135306535259,12,8
"3879",20.9792638974952,4.62479281724546,12,8
"3880",19.0332888276319,5.06226268306366,12,8
"3881",23.928969185061,5.42861061900247,12,8
"3882",25.5351244832564,2.96933535998427,12,8
"3883",24.3491633595694,7.96053327625213,12,8
"3884",21.0316375810607,7.87033101138382,12,8
"3885",24.3475233258201,9.88726036989764,12,8
"3886",18.0798697527938,4.15443395487443,12,8
"3887",24.8191459923284,2.19589971997286,12,8
"3888",18.2132526677476,5.44326969446799,12,8
"3889",17.785217868409,7.81650391798908,12,8
"3890",19.8058305607742,6.10146493124761,12,8
"3891",18.3291019160846,8.54941901902967,12,8
"3892",32.2403071166698,10.9349401018609,12,8
"3893",18.5503122158495,3.55030341882308,12,8
"3894",23.7422651480072,5.13578078492029,12,8
"3895",17.3384089846077,5.62396941114041,12,8
"3896",17.8631783643402,5.45597338270395,12,8
"3897",20.4437850928757,3.56739593125913,12,8
"3898",23.8860896933719,9.19395922133016,12,8
"3899",20.2191550153292,8.55607911454773,12,8
"3900",18.5734858657191,8.03662804181342,12,8
"3901",21.0758374621752,6.38579289858915,12,8
"3902",24.3172344650889,8.55898237218265,12,8
"3903",24.5299524552187,4.31266299321233,12,8
"3904",11.3329487878113,4.75426310574368,12,8
"3905",18.0207950256513,3.35078564689922,12,8
"3906",15.3216420862608,4.46798804024067,12,8
"3907",23.6878359777753,5.32325857891844,12,8
"3908",18.0231828412615,9.28082572262574,12,8
"3909",17.5946563426301,7.19486568639737,12,8
"3910",23.6188271106544,5.523967507659,12,8
"3911",18.383735466968,6.72218906996135,12,8
"3912",20.0442301320039,7.57567936644544,12,8
"3913",18.3247487235524,6.9069977090221,12,8
"3914",26.5566595434116,8.95866767264681,12,8
"3915",16.9776173322965,6.57581121822905,12,8
"3916",21.3236890531006,5.84078915833511,12,8
"3917",17.555821898997,5.42928355936725,12,8
"3918",22.6195347750212,8.05495673987945,12,8
"3919",22.6579212764555,5.0146760619079,12,8
"3920",25.072985118201,4.74977166193285,12,8
"3921",19.7723921491606,10.7226813659393,12,8
"3922",20.3017931168317,7.57451606033904,12,8
"3923",21.0682979517228,3.13167605439289,12,8
"3924",19.2560786342921,6.00923436153094,12,8
"3925",28.6521569589952,5.35670063146042,12,8
"3926",21.5577882506005,5.97664107196207,12,8
"3927",23.3300027235227,6.15808284431273,12,8
"3928",24.1545877540312,10.228405169046,12,8
"3929",23.5761013014676,4.23184869471523,12,8
"3930",26.4290112045371,2.78463173308475,12,8
"3931",23.791911135216,8.40887366528706,12,8
"3932",24.2775785779359,5.253879503141,12,8
"3933",19.9522923237903,6.71400466758423,12,8
"3934",16.1471244375237,6.55686436643112,12,8
"3935",26.297475197787,4.60792226670975,12,8
"3936",24.5820185100623,8.45671266873927,12,8
"3937",24.4889097357023,5.62003523755481,12,8
"3938",21.0532892824147,8.19757866235197,12,8
"3939",29.2298531399429,5.10313618117743,12,8
"3940",26.5185813546925,6.64842617733131,12,8
"3941",22.805707996401,7.32625680215064,12,8
"3942",23.9174945680919,5.96505859032305,12,8
"3943",20.5722915661116,10.0533792897711,12,8
"3944",19.1196138044052,8.09438647235412,12,8
"3945",23.5746023722568,7.86791368117654,12,8
"3946",21.2635107323045,4.18127440211856,12,8
"3947",20.8683623480946,3.37923225349371,12,8
"3948",26.9349904495876,4.00417865705359,12,8
"3949",21.2062607746118,5.72012418311303,12,8
"3950",21.0817443606648,0.934381577689754,12,8
"3951",18.9360231027688,7.240080631462,12,8
"3952",22.3476227334815,3.95866858844584,12,8
"3953",24.1803898352023,5.64317020836584,12,8
"3954",13.7937213335487,4.61420102316422,12,8
"3955",15.9539286980048,6.93068805112318,12,8
"3956",21.5847465099937,8.00969551925051,12,8
"3957",22.4840997393038,7.35491134031662,12,8
"3958",20.5101605916405,8.94431461593152,12,8
"3959",14.0135821994272,8.83594996206476,12,8
"3960",16.6887996559074,8.53185898505704,12,8
"3961",19.5387278196532,3.56137388166326,12,8
"3962",27.9077802182524,8.35871894027167,12,8
"3963",17.5182255059529,5.82782170454498,12,8
"3964",24.1936775365919,2.6620549235765,12,8
"3965",20.1277342482468,10.1420585954705,12,8
"3966",28.9965917333014,5.02304623133914,12,8
"3967",28.8884903672827,6.93254375211184,12,8
"3968",24.320989373109,7.85701170120851,12,8
"3969",24.8439446717315,6.24422573265068,12,8
"3970",20.27674873906,7.33382770826505,12,8
"3971",24.5490207925962,6.75045810148568,12,8
"3972",16.6609925943572,6.53088782633324,12,8
"3973",19.2942829410512,6.41556255498196,12,8
"3974",18.0266048777836,3.03069101232959,12,8
"3975",20.4213190494445,2.92531369997994,12,8
"3976",18.6714364081434,8.49505736121204,12,8
"3977",26.6083851878734,6.85243725911058,12,8
"3978",20.1182087207864,4.80519090636981,12,8
"3979",17.3899327272231,8.08591143598667,12,8
"3980",24.0623058559186,6.14179301491868,12,8
"3981",19.555989621085,9.13171429709092,12,8
"3982",11.3642284201692,6.80221104535428,12,8
"3983",20.8169034243519,7.42198821629191,12,8
"3984",21.860133493053,2.92753810595721,12,8
"3985",23.4096542293338,6.43702842141454,12,8
"3986",25.2043549597663,5.51766768377371,12,8
"3987",24.3650901163769,4.53566434227569,12,8
"3988",21.5784113304167,6.09009377173792,12,8
"3989",22.5074572435931,7.78949135065225,12,8
"3990",24.3237124053972,4.69544190780985,12,8
"3991",19.7828754501036,9.63838163564602,12,8
"3992",24.528546069548,4.64971976697978,12,8
"3993",22.8427305707092,6.38907039247125,12,8
"3994",23.517630469045,9.22928255491185,12,8
"3995",23.875611710874,5.32579900658832,12,8
"3996",26.2050913839985,10.0857981865415,12,8
"3997",16.9879924795448,5.52186643941275,12,8
"3998",23.514914700077,4.14827522122312,12,8
"3999",19.9972881394227,4.51979588467644,12,8
"4000",16.5271992781609,5.58930841371356,12,8
