"X1","X2","component","subcomponent"
"1001",4.38630622538024,3.82610631277621,1,2
"1002",4.44097282527037,4.13316132187412,1,2
"1003",4.80808498426006,0.401627227090308,1,2
"1004",5.26111693781736,5.56251430490684,1,2
"1005",5.70304048530944,5.33496468434077,1,2
"1006",3.83281959398968,3.04514115601499,1,2
"1007",5.06052582040136,2.77604640939671,1,2
"1008",4.83586023748142,2.2103791050447,1,2
"1009",5.45470720193635,3.27952189506003,1,2
"1010",4.7927789908897,5.12988986493716,1,2
"1011",4.79013195720789,4.55441283889903,1,2
"1012",5.48461301269983,3.55220798475287,1,2
"1013",4.63092337868274,3.97852292822837,1,2
"1014",3.51789994105828,2.59928242637802,1,2
"1015",3.26062267630435,1.83892571662296,1,2
"1016",5.50036619445772,2.49865316806223,1,2
"1017",3.29888735366046,1.89168983340057,1,2
"1018",4.32695183104211,1.73176948408726,1,2
"1019",7.05687200535939,3.31880117071073,1,2
"1020",2.10480815399447,5.30314094911984,1,2
"1021",4.23157582807437,5.76897948488518,1,2
"1022",3.08456846254293,1.88674389926196,1,2
"1023",2.90267607009041,4.82157858403165,1,2
"1024",4.49354798123304,4.91670482434809,1,2
"1025",4.5393917424028,1.20432384807633,1,2
"1026",7.7930724375487,7.31746600683824,1,2
"1027",5.20110723128671,2.03068521307977,1,2
"1028",7.6612841001632,5.78240540314456,1,2
"1029",3.32885471090335,4.83751421938639,1,2
"1030",4.84281606542507,7.09237496079812,1,2
"1031",4.23706814904328,1.75682891883346,1,2
"1032",6.74255844168816,3.63991246555906,1,2
"1033",4.9573760067885,5.05567356753172,1,2
"1034",5.59231464898652,3.9319659384799,1,2
"1035",4.78945997981935,1.62023162808337,1,2
"1036",4.43482352681396,4.85941484157916,1,2
"1037",4.81935342948091,2.79265709995205,1,2
"1038",4.77697936180085,2.93408425402945,1,2
"1039",3.37469611192,4.46656908273352,1,2
"1040",5.81661914142395,3.53728272254813,1,2
"1041",7.19230581679675,3.96290180889625,1,2
"1042",5.42120370210335,3.67481197931185,1,2
"1043",3.95926098650476,4.35476053320813,1,2
"1044",6.78398540290166,3.8749978513585,1,2
"1045",3.49787520824158,4.27994559172142,1,2
"1046",3.01309917059354,3.06911904253313,1,2
"1047",5.85285223384295,3.33440879881487,1,2
"1048",1.62954639257935,4.28177894139769,1,2
"1049",2.79451948125954,3.62434065151254,1,2
"1050",7.52498165988538,3.24236914895625,1,2
"1051",6.07323947983778,7.40901832192219,1,2
"1052",4.473155041038,3.84808123620021,1,2
"1053",5.42043287554003,2.49186141158412,1,2
"1054",5.51758014043341,1.63907587543857,1,2
"1055",5.7948187994903,5.86234022009308,1,2
"1056",4.1446104668228,4.2213134085629,1,2
"1057",3.96679341367563,5.67596182936059,1,2
"1058",5.69262709162443,3.0841409759953,1,2
"1059",4.81968202596289,5.93996883701023,1,2
"1060",4.811872441911,6.82843352515679,1,2
"1061",2.44651027664768,6.49542581724841,1,2
"1062",3.04169510405171,5.83835230751373,1,2
"1063",4.78862811527348,2.95135711336758,1,2
"1064",1.95380499201072,4.25053114957867,1,2
"1065",2.21148935437458,1.99244196659892,1,2
"1066",5.93829161553339,5.40482972839022,1,2
"1067",2.71227703115597,4.52758318500632,1,2
"1068",5.50203921317346,2.21159737695322,1,2
"1069",6.54642656434067,4.53681339148077,1,2
"1070",10.115461223259,3.32838236724197,1,2
"1071",2.99091476278587,4.39433313807203,1,2
"1072",5.83596813049056,3.60195949110734,1,2
"1073",3.85102556170062,3.55058577276745,1,2
"1074",3.47372655008778,4.0107861375452,1,2
"1075",4.90180001249848,5.28307030974173,1,2
"1076",4.89845128223155,5.37207837728101,1,2
"1077",4.1368097733306,5.55579567752515,1,2
"1078",5.41604192180378,4.16699514388352,1,2
"1079",4.97898072691064,6.7848318289855,1,2
"1080",4.09717127935852,3.24009989552439,1,2
"1081",4.76246750675223,5.30591914567968,1,2
"1082",5.34102815164307,5.56103156248498,1,2
"1083",2.899181559216,4.83737509359935,1,2
"1084",0.852677954094626,3.81657150551892,1,2
"1085",5.90972708743444,4.43877441665242,1,2
"1086",4.11955746056899,4.20917112882807,1,2
"1087",6.18804508273071,2.33276604445659,1,2
"1088",1.91237810230952,1.74883368664604,1,2
"1089",3.42840910668988,2.48790118595972,1,2
"1090",3.24719895492108,3.0648813477324,1,2
"1091",7.92943252544563,5.18913360732576,1,2
"1092",7.06191463744805,5.30068811172688,1,2
"1093",5.07575292523365,2.84667031867462,1,2
"1094",4.95388924500016,3.93775386385407,1,2
"1095",7.71809668871098,2.98344021546436,1,2
"1096",1.83048667226358,4.5508112035059,1,2
"1097",4.6730054074843,0.877523746160429,1,2
"1098",5.09974471850779,4.7234293249304,1,2
"1099",2.70670445305978,3.98609807875166,1,2
"1100",4.82374307880267,3.95325132013985,1,2
"1101",4.89954727480463,2.33357541571749,1,2
"1102",7.52331030445729,4.36699535210431,1,2
"1103",5.41558053229475,1.93800467870934,1,2
"1104",7.82291362075098,4.11261630849205,1,2
"1105",4.72835898677086,2.34366266584805,1,2
"1106",5.01127404777248,5.46305254978376,1,2
"1107",6.62920091418131,4.05099092362615,1,2
"1108",6.0212409445749,2.19337947328452,1,2
"1109",7.30372748273226,3.31667450576595,1,2
"1110",2.38377006787537,5.023318178391,1,2
"1111",4.32612561831927,3.3396876353156,1,2
"1112",6.27221121885897,4.75026763542012,1,2
"1113",5.01954984170765,6.13482263055419,1,2
"1114",4.26577095915632,4.55139147671241,1,2
"1115",3.94294854956963,6.18362179484056,1,2
"1116",4.93283721504053,1.86266698132185,1,2
"1117",6.3092885525475,3.62820528915817,1,2
"1118",1.94022177116909,4.81585989127078,1,2
"1119",6.57353267963607,4.08062164788995,1,2
"1120",3.9358461388712,4.78477755146514,1,2
"1121",5.49508369619505,5.32834444147679,1,2
"1122",7.650435956231,3.30816208589152,1,2
"1123",4.25188063844603,5.35266810418737,1,2
"1124",2.20182161616375,2.13433439910928,1,2
"1125",4.96833797552477,4.57901772694038,1,2
"1126",5.62968241045336,4.93953010283483,1,2
"1127",4.7629277141837,1.15311972988453,1,2
"1128",6.11929271601617,6.77951672987804,1,2
"1129",8.40931675312803,3.08874003236535,1,2
"1130",4.54254791827445,3.09526087716532,1,2
"1131",0.89155682054719,2.59082242043395,1,2
"1132",4.94645801350369,1.67020246285286,1,2
"1133",4.03391406082072,2.58662749791048,1,2
"1134",2.90740215358655,2.92207951113099,1,2
"1135",1.73428110562177,2.59591750546253,1,2
"1136",3.73801566727105,0.532745442644534,1,2
"1137",6.87486761461683,4.14052777332932,1,2
"1138",2.62429439493964,2.13768180574839,1,2
"1139",5.28471283793816,3.07735476758362,1,2
"1140",4.76901578712862,3.44886864297699,1,2
"1141",3.01881521256295,4.34529753481256,1,2
"1142",3.90247435911863,3.58350342256003,1,2
"1143",3.04130853733001,3.09210706141419,1,2
"1144",4.44298433419144,3.90648759483822,1,2
"1145",7.15603494690473,4.0454895013663,1,2
"1146",3.49149051819343,1.97477500868073,1,2
"1147",2.91371251535155,3.41020385674968,1,2
"1148",4.6569278006726,2.73834773445483,1,2
"1149",3.27235380632984,4.06062037508904,1,2
"1150",5.90714108514089,3.09125522971415,1,2
"1151",3.73170540149644,2.72847319264215,1,2
"1152",3.30867025889638,2.4956513248078,1,2
"1153",5.33497897227792,7.18871229519415,1,2
"1154",4.88593974374017,3.36658264449793,1,2
"1155",1.87033628277604,2.16113091378017,1,2
"1156",2.19339783449415,3.81013070380029,1,2
"1157",3.24949984811399,3.64508417150074,1,2
"1158",4.2837838279914,1.75643585112926,1,2
"1159",4.84669936681465,3.57807682890988,1,2
"1160",4.82515392704776,5.01399387425592,1,2
"1161",5.35014562605155,2.75558053200156,1,2
"1162",5.81952265853025,3.77173643385075,1,2
"1163",4.27817233896767,2.58265424165113,1,2
"1164",2.94120135317389,3.92782253763353,1,2
"1165",2.80257468782876,2.27093565181264,1,2
"1166",4.41160419444527,5.05426724258885,1,2
"1167",5.35509472208952,3.00629981904072,1,2
"1168",5.39386430179231,3.55914607721115,1,2
"1169",4.73391348174443,4.4168200860524,1,2
"1170",5.78230021114446,5.05005079473709,1,2
"1171",3.12387497935796,1.68344417546077,1,2
"1172",3.52401227856132,3.15451763256943,1,2
"1173",3.05225220284882,3.48560155432863,1,2
"1174",5.41852745967982,5.07205271674302,1,2
"1175",6.95452530344872,3.09312535261221,1,2
"1176",7.10131663373881,4.43647435662203,1,2
"1177",5.10977125062522,4.57865133574173,1,2
"1178",5.93470144832416,4.52709066868824,1,2
"1179",7.81382305748933,6.59862572264264,1,2
"1180",2.97530276552929,3.19248110046483,1,2
"1181",6.29958867838604,3.92988079385445,1,2
"1182",7.55188123789266,1.65792929660953,1,2
"1183",4.65307749962707,4.31933692390319,1,2
"1184",4.53227617419436,2.28251583445324,1,2
"1185",6.89295808446845,7.53182348699886,1,2
"1186",5.75790555410503,5.79076971583823,1,2
"1187",5.49710110591483,4.35598752870838,1,2
"1188",2.91253040188846,4.6743976708126,1,2
"1189",5.29190209702315,2.24921430563791,1,2
"1190",4.06817464556516,2.73567381609857,1,2
"1191",7.82358592348253,3.61795947423651,1,2
"1192",6.32985690770547,5.27765342511034,1,2
"1193",7.61827984234088,3.02554760970273,1,2
"1194",5.8054794568643,2.44521052581461,1,2
"1195",4.02061279758116,5.06728547917025,1,2
"1196",4.32939864265975,4.4446649768727,1,2
"1197",3.94672445337882,3.34269472822819,1,2
"1198",6.05975751846619,3.71862049514628,1,2
"1199",6.3196549606711,2.92259361105468,1,2
"1200",2.76607979843583,5.84166156319843,1,2
"1201",2.46331017785534,4.27503574018242,1,2
"1202",5.4184856373003,2.41264268479449,1,2
"1203",5.99734515753696,3.01995181973456,1,2
"1204",2.1088085909701,5.22097142158051,1,2
"1205",1.58512631071108,2.83771918137802,1,2
"1206",2.90354421293793,3.90220881883178,1,2
"1207",2.18882843076292,2.59912501431246,1,2
"1208",6.43177495885677,0.137120072384617,1,2
"1209",6.40709139698414,3.17572266279257,1,2
"1210",2.94781462331273,3.06394344478552,1,2
"1211",6.59207614129603,3.56777951091916,1,2
"1212",7.08322241738975,4.41439868083633,1,2
"1213",6.17243400617462,3.59517274277754,1,2
"1214",5.37555983060844,6.12813882796235,1,2
"1215",1.41087470808975,4.75351968943373,1,2
"1216",6.72000386102552,4.44791645548484,1,2
"1217",5.89332763420993,4.55509339052805,1,2
"1218",4.97860344583716,2.85279136028939,1,2
"1219",3.16179607392674,4.14060324873145,1,2
"1220",3.83510043288735,3.37350187958169,1,2
"1221",3.41845017657822,1.76265468895313,1,2
"1222",6.69396917943222,3.00092644618468,1,2
"1223",3.10786758943954,3.36560389058594,1,2
"1224",4.59484683491152,3.68187778736151,1,2
"1225",3.40103765015455,3.52391040441186,1,2
"1226",3.29324379207105,5.08361127391401,1,2
"1227",3.56912413295771,4.20229863615677,1,2
"1228",3.24867253575444,3.63746048783887,1,2
"1229",5.57847763008479,3.21269282577386,1,2
"1230",5.14755913758443,4.68502667870139,1,2
"1231",5.11739917993428,4.51420057070708,1,2
"1232",4.29645392822989,3.41243475702676,1,2
"1233",4.75223200514111,3.82237543539779,1,2
"1234",7.0146983909421,4.71927766972023,1,2
"1235",4.27042928358267,4.22034339928979,1,2
"1236",4.08641327781708,2.71015985565774,1,2
"1237",3.64308924719404,2.1870494276936,1,2
"1238",-0.124772334701486,3.13225806336174,1,2
"1239",4.00255649641755,2.07268012843735,1,2
"1240",3.11516017455883,5.15775230719218,1,2
"1241",4.17019538840874,4.11871324137636,1,2
"1242",2.24021318207845,5.70867234558253,1,2
"1243",1.30419496386832,2.11275459039869,1,2
"1244",4.10208971985847,2.2552589870219,1,2
"1245",6.62644779047347,5.31294977154352,1,2
"1246",3.6485608998248,4.73346836348082,1,2
"1247",7.21641922628447,1.87585322536856,1,2
"1248",4.02222991548827,3.40553535687339,1,2
"1249",4.51523617551502,3.24257405233226,1,2
"1250",4.19654179202982,4.3736667601498,1,2
"1251",5.1851644736164,5.0664435356102,1,2
"1252",5.28814628325403,3.53553493936244,1,2
"1253",2.63873034354126,2.68618189821672,1,2
"1254",6.36165226520046,4.57980400484145,1,2
"1255",5.46173845809866,5.61559282292634,1,2
"1256",7.27200484848117,3.61201805888273,1,2
"1257",7.14652143415123,2.36911711009923,1,2
"1258",4.20082372937855,3.55910981238344,1,2
"1259",3.96921056482168,0.405591269411479,1,2
"1260",8.71671231470317,3.58684175778963,1,2
"1261",4.68022799724331,5.80517641720912,1,2
"1262",5.99910361493641,6.00748543842876,1,2
"1263",4.09107757746829,5.91232826317125,1,2
"1264",0.824529124588088,4.05330237681978,1,2
"1265",5.44803112169471,3.33930685124546,1,2
"1266",2.04915182687632,4.87783931680961,1,2
"1267",2.96708321968162,3.32980506567429,1,2
"1268",5.04213022646262,3.97636543924076,1,2
"1269",7.13125326054804,2.04972822578146,1,2
"1270",2.872270024565,3.41050463711079,1,2
"1271",3.71094893341828,5.73154398495597,1,2
"1272",2.94290005584835,4.58633647810514,1,2
"1273",3.20581429752561,4.16739748002946,1,2
"1274",6.22407449148145,3.15356695291776,1,2
"1275",4.62574327284519,0.0621416200528866,1,2
"1276",4.60033324898925,2.85659933179484,1,2
"1277",7.13898994923448,3.03040620972198,1,2
"1278",6.65591075439568,3.43484713005599,1,2
"1279",4.55939714646122,6.52794436333172,1,2
"1280",3.2988211594328,2.4610937109996,1,2
"1281",3.83019184656227,4.49121143674397,1,2
"1282",2.83301948576966,3.92529120525647,1,2
"1283",4.01572086727193,3.50069367650831,1,2
"1284",5.42286819114697,4.37409687031169,1,2
"1285",5.33371590218638,3.3765480966678,1,2
"1286",3.50543940804332,4.89473187821422,1,2
"1287",2.87149974426293,4.9146100275287,1,2
"1288",5.64558204826096,5.78215492082016,1,2
"1289",4.75679118664172,5.21827429227102,1,2
"1290",1.28741376924667,3.25196053787856,1,2
"1291",3.29226970021753,4.1667938551841,1,2
"1292",2.65793964828348,3.75509330553504,1,2
"1293",2.43771998932817,2.09487859691375,1,2
"1294",3.79218087444966,5.19879647550045,1,2
"1295",8.35596913335781,4.5494133441371,1,2
"1296",2.86908505589889,2.24815842199691,1,2
"1297",5.99320133495418,2.93244377579701,1,2
"1298",6.98716647067817,1.51552206273844,1,2
"1299",4.67724970019685,2.89948231170228,1,2
"1300",5.28698108615817,7.18941719613595,1,2
"1301",5.14048226588494,4.35539405822026,1,2
"1302",4.48888164207527,5.16353481364283,1,2
"1303",6.12083765308533,3.29110282903267,1,2
"1304",2.51014411927708,2.52244041685067,1,2
"1305",4.02443178350688,4.78551360320299,1,2
"1306",3.1813321799173,4.34856877976561,1,2
"1307",3.34034884233505,4.26786702556218,1,2
"1308",5.33085764805459,4.30545535825918,1,2
"1309",2.76057251190174,0.884933814219342,1,2
"1310",4.51820024031073,4.51235534905379,1,2
"1311",3.25283277035417,2.06122916273928,1,2
"1312",0.120467100036445,3.8261202797342,1,2
"1313",5.37261147495617,4.17116531384032,1,2
"1314",7.83569626927678,2.96535691027616,1,2
"1315",0.754674714393627,5.18616881286545,1,2
"1316",3.94724696924489,4.24335378139104,1,2
"1317",4.50324072109345,3.95692235132401,1,2
"1318",5.91885156268269,3.14663194540883,1,2
"1319",5.05495800148113,2.5147222833097,1,2
"1320",2.04658850497195,5.03123959749595,1,2
"1321",5.16734489297798,1.30849448396159,1,2
"1322",5.38483832843595,2.95315122524103,1,2
"1323",6.65381353678095,3.33933457648729,1,2
"1324",7.40018598005547,3.64211595611528,1,2
"1325",6.51369737939587,6.34013164093624,1,2
"1326",4.25916061518693,4.7265216206232,1,2
"1327",4.49479229478742,4.42351580903805,1,2
"1328",4.75800561991176,4.68230920548826,1,2
"1329",4.90120126223236,2.66594765308169,1,2
"1330",2.21211467868836,4.96311529585051,1,2
"1331",5.1210156912004,5.03146604869481,1,2
"1332",3.64834288988126,5.24104911721496,1,2
"1333",4.91483512501457,3.69033670397638,1,2
"1334",2.98064086999512,2.8567327845194,1,2
"1335",3.52998270651613,5.18382233202114,1,2
"1336",3.18380968294551,2.00475468509491,1,2
"1337",4.74320932539373,3.02800241097147,1,2
"1338",3.76765652629055,5.44751785748355,1,2
"1339",1.79684282604521,5.95176722766448,1,2
"1340",3.62587104377754,5.01361707130469,1,2
"1341",5.17440040665591,6.1095355612389,1,2
"1342",3.02189589512154,5.38244996144455,1,2
"1343",3.036100717118,4.7379701564598,1,2
"1344",4.30256550251507,5.02450058544023,1,2
"1345",6.20576872769793,3.2451042553799,1,2
"1346",4.40810298967246,3.87565745084497,1,2
"1347",5.85853848630402,4.5798058993595,1,2
"1348",6.76452374071983,4.48884338545813,1,2
"1349",3.80873986573254,4.28426962961223,1,2
"1350",4.92784621072767,2.81495232485659,1,2
"1351",3.92782379547889,2.48502884725409,1,2
"1352",3.76747448362962,3.85192968534732,1,2
"1353",6.11057835236585,4.48073706731981,1,2
"1354",4.09080501133069,2.58737095957827,1,2
"1355",4.27355967888503,4.35395894379928,1,2
"1356",6.86840396797901,3.68154580756627,1,2
"1357",5.21704871580661,3.23851082438857,1,2
"1358",6.93542341864956,3.15967023205265,1,2
"1359",5.71701257285334,6.05320376009198,1,2
"1360",3.6468895498653,2.69235717599634,1,2
"1361",3.32916709232087,6.15798104775996,1,2
"1362",5.63429740607529,5.08275413547012,1,2
"1363",3.01745503282853,2.75832377247126,1,2
"1364",2.54088030046493,3.64253335570838,1,2
"1365",4.18731006566768,3.19875494977542,1,2
"1366",3.97331846946214,0.680994709018047,1,2
"1367",1.52902643805668,0.923070891645654,1,2
"1368",4.9688943970856,4.53508038497002,1,2
"1369",1.94650791600556,4.8326537637205,1,2
"1370",4.70144493586458,3.82210402942741,1,2
"1371",1.91855248523538,4.42426865127819,1,2
"1372",2.68086249953779,3.53750133429357,1,2
"1373",5.23281622623239,3.3335855579269,1,2
"1374",3.17527435579554,5.09347942077403,1,2
"1375",3.20878416416276,3.09695991695292,1,2
"1376",4.8241115379606,3.71062620559403,1,2
"1377",4.84050960049508,2.93195476845095,1,2
"1378",7.02818418930911,5.76649897497531,1,2
"1379",3.49992179811383,3.83304884008686,1,2
"1380",2.95466217553485,4.95867501697281,1,2
"1381",3.81854474233663,5.89932849075355,1,2
"1382",4.82182743051817,3.48845585682922,1,2
"1383",2.95103674306469,4.41353925689424,1,2
"1384",4.13256494602832,4.78230543340844,1,2
"1385",2.71841335312755,3.07259096637575,1,2
"1386",2.41512507634697,6.09808791651777,1,2
"1387",4.77332675571674,4.65074346054033,1,2
"1388",4.62843434446535,0.722581206175882,1,2
"1389",6.35431902810323,4.37199002649838,1,2
"1390",4.22875358643558,4.25281783879092,1,2
"1391",2.56110882851132,0.505351622195322,1,2
"1392",7.398492390232,5.67618560442809,1,2
"1393",5.98984479411147,5.00533208376632,1,2
"1394",3.39242106740696,2.45268978417172,1,2
"1395",5.59855264418063,3.19429939577572,1,2
"1396",3.95461086711401,4.11006158518366,1,2
"1397",3.92537074886051,3.78800814508355,1,2
"1398",6.00879227184213,4.18613143641014,1,2
"1399",5.73444009383406,2.63738032773295,1,2
"1400",4.81373514031352,3.28817032035666,1,2
"1401",2.03013537847942,4.86237203328755,1,2
"1402",6.53669769328264,6.5380097216268,1,2
"1403",4.20444498594366,5.61773151509725,1,2
"1404",4.76273956295374,4.16983953314888,1,2
"1405",5.40477572706235,1.8647713719881,1,2
"1406",5.1853275761294,2.87740118097096,1,2
"1407",4.28085570806937,2.50293004479207,1,2
"1408",7.04075295960025,2.86291406560889,1,2
"1409",5.31862508593844,5.03696142097034,1,2
"1410",5.88700110039834,4.52488938097066,1,2
"1411",5.4157717489023,5.12911065646106,1,2
"1412",1.44555943921822,2.13661828103747,1,2
"1413",2.43236932935047,2.92510918008722,1,2
"1414",2.58028012750111,2.37834458445266,1,2
"1415",1.27146299693736,4.09999908625182,1,2
"1416",5.08812911020528,3.00095202795048,1,2
"1417",6.40770016274254,3.47666253724082,1,2
"1418",4.02885344930216,5.82411540215606,1,2
"1419",2.33937181475556,4.22473471799616,1,2
"1420",3.85706211203653,2.97115060577448,1,2
"1421",2.34136642526045,6.26617191956916,1,2
"1422",5.08221658441179,5.23130362860567,1,2
"1423",4.35756081805151,6.12990889476155,1,2
"1424",1.23905489546184,4.33987493688011,1,2
"1425",3.397121096532,5.23742385829232,1,2
"1426",5.39639851250097,-1.1986853383393,1,2
"1427",3.62618363321594,2.07399291095654,1,2
"1428",4.85826279756763,2.21821539481196,1,2
"1429",5.81856666604257,0.63729824224192,1,2
"1430",5.79557981527807,4.71219006068319,1,2
"1431",7.40292256053909,4.15986117909293,1,2
"1432",4.57154565545257,3.59000404605897,1,2
"1433",4.48082232098533,2.18412658408639,1,2
"1434",4.89447804167827,3.05965902198632,1,2
"1435",5.47846841778643,4.82423097363361,1,2
"1436",5.2394802089939,4.43972607832614,1,2
"1437",3.16523590549719,5.77329551851947,1,2
"1438",3.57248657910658,3.33311996181874,1,2
"1439",6.23468252617472,0.965972028612695,1,2
"1440",5.94545327391063,5.81868833948279,1,2
"1441",6.97097337506517,5.58991220089436,1,2
"1442",2.54062029852198,2.62195130090226,1,2
"1443",6.22860261770939,2.52446629216045,1,2
"1444",6.52135997335772,3.68643328918495,1,2
"1445",4.39559297134001,3.44273304138714,1,2
"1446",4.45048185448437,3.89098404796774,1,2
"1447",3.96368218329823,4.2887606245465,1,2
"1448",3.49443058327614,0.780180908911494,1,2
"1449",3.57142968194864,3.1433254596207,1,2
"1450",8.69118279215906,5.94795760401966,1,2
"1451",5.35486142837426,4.33326503846491,1,2
"1452",4.75605248312061,3.82764073533017,1,2
"1453",6.25884905361797,1.29673124620757,1,2
"1454",7.10839061355477,7.00990446956885,1,2
"1455",6.45969860683697,4.55587058839776,1,2
"1456",5.22477183568206,2.79890083367765,1,2
"1457",6.88313460832443,6.0886291849773,1,2
"1458",3.94932946736051,4.16436019704721,1,2
"1459",5.23185845538384,4.10809520403485,1,2
"1460",4.04402588813351,1.49506548126335,1,2
"1461",5.83788208255689,3.64981698363717,1,2
"1462",4.54438205250066,2.72331264128735,1,2
"1463",4.10300195562149,4.88383827336948,1,2
"1464",5.50945178005678,3.19686375699729,1,2
"1465",3.43444011795878,4.30565310400523,1,2
"1466",0.0213309991420908,3.59570479134636,1,2
"1467",2.28878692936204,2.96883844260638,1,2
"1468",6.82990672279704,4.95588036369947,1,2
"1469",4.78662847242791,1.35470420957749,1,2
"1470",4.84734877954982,4.79977607725908,1,2
"1471",4.31461746519777,5.33585315710792,1,2
"1472",4.40091418090343,3.29320557922936,1,2
"1473",4.58263219888585,4.15757884726812,1,2
"1474",7.15179311967045,4.57223175345612,1,2
"1475",4.86775382589651,5.85747537261409,1,2
"1476",3.23349782141177,5.86478675822237,1,2
"1477",6.30101218079341,5.71669642632055,1,2
"1478",4.58973464354318,2.55386855548365,1,2
"1479",2.27351797465666,2.51544180975118,1,2
"1480",3.12777413964264,3.20531931832485,1,2
"1481",4.83990691434776,4.43610589199035,1,2
"1482",5.04730239070002,1.60359205847219,1,2
"1483",2.50008370710178,4.5699258137777,1,2
"1484",2.3550058627818,3.85939252522795,1,2
"1485",6.24502105878242,3.41687348016715,1,2
"1486",5.28375825247618,2.07758220323475,1,2
"1487",4.24490041665159,2.95777195603986,1,2
"1488",4.52632193610603,5.18438107690626,1,2
"1489",2.76623597310816,2.0030612314344,1,2
"1490",4.95508266864644,2.11853371489375,1,2
"1491",5.63144817413434,3.10481703554082,1,2
"1492",5.434644537157,3.16435610470172,1,2
"1493",3.05077027372168,4.07619999105735,1,2
"1494",3.98974494486188,4.61210200862284,1,2
"1495",4.95112855524763,2.84536072410587,1,2
"1496",2.69804870115056,2.49305137956414,1,2
"1497",4.00743425200904,4.05703127360129,1,2
"1498",6.14165384769288,6.48034232243593,1,2
"1499",6.71606316015013,2.57375214080057,1,2
"1500",5.18150234456428,4.9582335669948,1,2
"1501",2.00533061347662,3.08878510110269,1,2
"1502",4.92422616618524,5.12322880973116,1,2
"1503",4.67163273102305,4.21428072269286,1,2
"1504",7.26604429551508,2.66268312570928,1,2
"1505",4.22044421431736,3.44459557942697,1,2
"1506",2.23825898800066,4.37881556644711,1,2
"1507",1.93344925196919,4.40606729889672,1,2
"1508",5.19600492303336,5.52179283236914,1,2
"1509",2.77882589419403,2.3887286305629,1,2
"1510",3.56343030914898,2.21386025662603,1,2
"1511",4.18246228503006,2.67250331214607,1,2
"1512",3.46329650581623,0.432533906034592,1,2
"1513",3.23635669804544,0.955104465867681,1,2
"1514",4.41896628041453,4.0799088939148,1,2
"1515",5.80744395966154,3.90876085177691,1,2
"1516",4.05738009746911,1.6145396320333,1,2
"1517",5.21469817829337,6.1167379394151,1,2
"1518",4.4186752414996,4.14046149573444,1,2
"1519",5.11924759534915,4.98996446887654,1,2
"1520",3.02336006352823,4.7030504978792,1,2
"1521",1.93095613582805,2.0581853965607,1,2
"1522",3.41176089500015,7.40729434877393,1,2
"1523",4.73885409754195,6.46966155072797,1,2
"1524",8.2662761394939,3.94729858800914,1,2
"1525",5.12245574504373,4.75605685222006,1,2
"1526",2.53059968424064,4.1730023420217,1,2
"1527",2.86754746787615,5.05707154893981,1,2
"1528",2.46383079528554,4.23830968848736,1,2
"1529",4.7990984109906,3.44268540525999,1,2
"1530",3.95377782046752,2.73392093351669,1,2
"1531",6.61124274026378,2.79461923570202,1,2
"1532",1.91238779032224,5.08323718149625,1,2
"1533",1.98445143426243,3.93301097429287,1,2
"1534",4.32196868686117,1.16194781257539,1,2
"1535",6.43678725889937,4.00514468563338,1,2
"1536",4.10246721616311,3.33914708211425,1,2
"1537",3.3770542450095,1.4042655673824,1,2
"1538",4.10314021629807,4.19539986828812,1,2
"1539",3.27881820006377,2.86195130906253,1,2
"1540",4.49685649824035,5.18610196837226,1,2
"1541",6.36294073196507,4.27679208909262,1,2
"1542",3.49332980777558,4.51076729752955,1,2
"1543",6.14877021507711,7.30317843977886,1,2
"1544",5.24647681423974,5.75602117703521,1,2
"1545",7.05345186183482,5.00646834830304,1,2
"1546",4.96547104640573,2.51049387300195,1,2
"1547",3.54797075044648,3.6824553990463,1,2
"1548",4.89184107002243,2.9688177343168,1,2
"1549",2.38728550119021,3.2979160303781,1,2
"1550",6.00488023843534,5.21429354428101,1,2
"1551",3.51278799203651,3.61771971112193,1,2
"1552",5.52622905569067,2.48765916807462,1,2
"1553",3.9840237467964,3.87175718429944,1,2
"1554",3.59704759883865,2.2954244057568,1,2
"1555",6.03926462257251,1.85639136520898,1,2
"1556",6.95741368866805,3.72688102539639,1,2
"1557",7.98579501041125,1.46276729970666,1,2
"1558",3.08974954878925,2.43371380144325,1,2
"1559",5.94287443352292,4.96272976264294,1,2
"1560",1.89733143181432,5.29850675801487,1,2
"1561",5.52142032705967,4.82998139597069,1,2
"1562",4.08319060862209,3.52875800268047,1,2
"1563",5.99008215862955,5.75207540225183,1,2
"1564",7.67155686332037,3.24576569218963,1,2
"1565",3.57014368138261,4.44302881923534,1,2
"1566",3.85423427647887,1.5458087869887,1,2
"1567",4.10054066266461,3.29146892178793,1,2
"1568",4.69548866913768,5.42055141402463,1,2
"1569",0.593911710798817,3.5495895835442,1,2
"1570",3.14126581286957,2.68494407986298,1,2
"1571",3.45074835304299,5.44358257823626,1,2
"1572",7.21567124684005,2.78287150101413,1,2
"1573",5.08597077756533,2.91450119534569,1,2
"1574",5.07124011152577,4.79086916784468,1,2
"1575",2.33610955215982,3.82268118522463,1,2
"1576",2.92308559503518,1.34383014160146,1,2
"1577",5.96470877738979,4.99140142493568,1,2
"1578",6.39953096060587,2.38287895698573,1,2
"1579",3.61606310680238,4.07039105132468,1,2
"1580",6.21758395248897,3.82213827253676,1,2
"1581",3.829325565119,4.77570317640901,1,2
"1582",4.23903999890563,7.20110239448388,1,2
"1583",3.10584058505046,2.58890287089698,1,2
"1584",4.95857003910305,2.79917165297387,1,2
"1585",4.49994717734023,3.12680475884929,1,2
"1586",3.45281031115452,5.37369462002521,1,2
"1587",2.55497355877281,3.54925112853264,1,2
"1588",3.26167977245808,1.38194444795801,1,2
"1589",5.43020650161139,5.41411639765058,1,2
"1590",3.14548279942589,0.390367366585939,1,2
"1591",0.302254788831725,6.00470833607502,1,2
"1592",5.04640956544166,3.68208758716102,1,2
"1593",8.15201039396343,3.21633026034182,1,2
"1594",5.31215664848133,4.56463676364742,1,2
"1595",5.76926088853254,1.95366633992785,1,2
"1596",4.61998063622226,4.68176784329866,1,2
"1597",6.70696274985108,3.89863104710904,1,2
"1598",6.16000372626992,3.30926263846533,1,2
"1599",5.75145362041965,2.76900319632351,1,2
"1600",4.62493188390761,4.94710783186155,1,2
"1601",3.92215843435072,3.91196724012972,1,2
"1602",3.17243311061003,6.38477203180489,1,2
"1603",4.70334687944136,5.09014929469612,1,2
"1604",3.93598660473979,1.98922073527805,1,2
"1605",5.33952380007432,2.74811196518837,1,2
"1606",3.14575524917552,4.63707350001172,1,2
"1607",5.28956148675044,3.78355929861901,1,2
"1608",4.01844635782674,4.75280845221698,1,2
"1609",3.58092898909551,3.45713662770999,1,2
"1610",2.67295335370356,3.29660639657239,1,2
"1611",4.574461166283,2.85812885040247,1,2
"1612",3.02416076506416,3.84328615350696,1,2
"1613",4.91008079148624,4.06637587518198,1,2
"1614",2.24564496102243,1.46399447479455,1,2
"1615",2.26600150286177,6.86380243536173,1,2
"1616",7.58806786905825,3.21532768909859,1,2
"1617",3.31013304931974,5.07834230632848,1,2
"1618",2.9776591697134,5.48539142684421,1,2
"1619",3.33607664114166,5.57023999927276,1,2
"1620",6.05637601041643,4.35401080025984,1,2
"1621",3.70066396706857,3.09364746557325,1,2
"1622",5.5336589509218,2.73264366604667,1,2
"1623",6.0604386322428,4.62282603829991,1,2
"1624",4.17245686699008,4.80863117003762,1,2
"1625",2.75664769218755,3.69389979199432,1,2
"1626",4.88519193978776,1.9660508955457,1,2
"1627",1.22553453801473,4.04975308700831,1,2
"1628",7.4402137422497,2.79189217325207,1,2
"1629",4.83609326080869,2.50030682625197,1,2
"1630",3.29620363303252,3.58328079353163,1,2
"1631",3.53755826928715,5.7692555153665,1,2
"1632",3.95113164746985,3.63129951074255,1,2
"1633",1.40415318648938,4.68484149585216,1,2
"1634",1.75020961147615,6.67183532313603,1,2
"1635",2.30428122197684,3.08693386047835,1,2
"1636",7.47672438656312,3.22794886475156,1,2
"1637",5.67493225419141,7.34665024976119,1,2
"1638",5.89618434122883,4.68468894973954,1,2
"1639",6.02819409865451,4.32675412937946,1,2
"1640",4.29958416261847,5.38790952980936,1,2
"1641",3.25848309149343,1.99234801881196,1,2
"1642",5.99834302873897,1.00175015117961,1,2
"1643",7.66170888819595,1.11612063061755,1,2
"1644",3.10604218727279,4.30469677640611,1,2
"1645",6.38797171754595,2.50902009593334,1,2
"1646",6.92439704905896,2.31945194841067,1,2
"1647",7.36201788876742,4.41428642684534,1,2
"1648",2.61383517358157,2.31645524998738,1,2
"1649",3.68992438980857,5.63267406134188,1,2
"1650",4.68669269168651,5.18274174081543,1,2
"1651",4.19349061766032,3.8311319387426,1,2
"1652",4.39671156371199,4.2027577013332,1,2
"1653",5.34933552130416,3.85913316473542,1,2
"1654",5.89369375059685,6.16521971055633,1,2
"1655",3.85213321293008,5.00794833878107,1,2
"1656",5.13346166335257,3.80237954965355,1,2
"1657",3.51350425225794,3.29794423330475,1,2
"1658",6.49815433694021,3.41714987181135,1,2
"1659",3.45614801306106,5.94956097538372,1,2
"1660",2.37797195949152,3.92562250801517,1,2
"1661",4.84333227039925,2.55289354189851,1,2
"1662",1.07560741570614,4.83994234511721,1,2
"1663",4.49011837975733,5.21973865123906,1,2
"1664",3.96265951782385,2.63644082578585,1,2
"1665",3.67757077259411,2.55018604291946,1,2
"1666",3.57478059093408,3.33091355775804,1,2
"1667",6.15712725128034,4.81519850689112,1,2
"1668",1.9952392260585,5.36612613497678,1,2
"1669",0.77701587064842,4.84737689174245,1,2
"1670",5.58251122961778,3.43733057285013,1,2
"1671",3.23715793918565,3.75182963375819,1,2
"1672",5.45923431591689,2.79099021672752,1,2
"1673",2.32623812868761,2.53465150392376,1,2
"1674",6.08285462329337,2.3914323958092,1,2
"1675",5.5012942886944,3.3953353686538,1,2
"1676",3.34350104168056,3.99981503106521,1,2
"1677",6.61420952667642,4.56848615812757,1,2
"1678",6.91674243600293,3.3677153199364,1,2
"1679",4.18745408388106,3.68013334228408,1,2
"1680",4.4299530491129,4.2370929422441,1,2
"1681",1.21795308347719,2.77495631251986,1,2
"1682",4.13131479751051,1.38201774846569,1,2
"1683",3.25648215151435,-0.532584277181388,1,2
"1684",6.99314012013465,3.51526812173024,1,2
"1685",2.89537182416862,5.3157036158268,1,2
"1686",3.6806251142121,5.24213432638881,1,2
"1687",4.42688817033317,4.95023392173623,1,2
"1688",6.83377119096552,2.56073334116417,1,2
"1689",4.76743656108724,5.30164752152197,1,2
"1690",5.88858631563853,5.78790444161456,1,2
"1691",3.28020523096648,3.76850897902086,1,2
"1692",3.85104503038066,3.70169690219667,1,2
"1693",7.70466818841833,5.6579707881341,1,2
"1694",6.26362824260027,5.68302479254481,1,2
"1695",2.44567603509675,3.74735463397236,1,2
"1696",7.88224785680729,3.24203709072851,1,2
"1697",4.61364742408726,2.91895356671586,1,2
"1698",4.46788715949155,4.58787801289218,1,2
"1699",3.0782947519092,2.41446306962386,1,2
"1700",3.8518047717158,3.21765407953039,1,2
"1701",6.8322258207755,1.57274390565773,1,2
"1702",1.11954325949864,3.54955237936953,1,2
"1703",4.99595611112805,3.33941152561154,1,2
"1704",4.72847078333175,3.28286908988597,1,2
"1705",2.56016696083901,7.20480082813708,1,2
"1706",5.70561569531915,4.14019775151444,1,2
"1707",4.9628923450991,0.330747494879127,1,2
"1708",3.74998267363868,4.75844709291893,1,2
"1709",4.45758701603841,3.85320495771814,1,2
"1710",4.49063927656896,6.65801821891197,1,2
"1711",5.23968114917633,3.61149086044012,1,2
"1712",5.59482532712877,4.78042995145234,1,2
"1713",3.46766491069664,6.86234782756607,1,2
"1714",2.24718077522487,3.086283042644,1,2
"1715",2.04469356114535,5.79365779530896,1,2
"1716",4.40651133552039,6.15899781139005,1,2
"1717",3.92705919964962,4.06187204433979,1,2
"1718",4.91725215176079,3.9821319974413,1,2
"1719",3.79207879733854,2.67389586553872,1,2
"1720",5.36626397080316,3.63835350994427,1,2
"1721",5.25730716960619,4.76524144804273,1,2
"1722",5.50481786248366,5.29066509108107,1,2
"1723",8.60593052525074,4.44628773770743,1,2
"1724",4.35254088061787,3.31005348325056,1,2
"1725",7.23770079636069,4.72334127871175,1,2
"1726",6.48718065755186,4.2297058973169,1,2
"1727",3.83342809352369,5.2871278546626,1,2
"1728",5.62725361928919,3.56099730848647,1,2
"1729",7.31542272688517,3.19701964479911,1,2
"1730",5.11992260871404,4.31904822024768,1,2
"1731",3.28078165441197,2.71629206071158,1,2
"1732",2.51331651304914,2.48083130753606,1,2
"1733",4.3212195024036,2.47105350219782,1,2
"1734",2.74514659316123,3.91647610848253,1,2
"1735",5.92170970885051,4.48445867422429,1,2
"1736",2.86718506361832,4.36835462726187,1,2
"1737",5.75762065299053,3.84070564152818,1,2
"1738",5.77267517730908,3.8595595980304,1,2
"1739",3.45053499416933,4.71114728706726,1,2
"1740",7.33882962476458,2.51660139591989,1,2
"1741",6.1695422209424,2.51817735538722,1,2
"1742",1.47310870205039,4.56704041189036,1,2
"1743",4.32402160755567,6.75909816384647,1,2
"1744",2.42351158998665,2.61928758955736,1,2
"1745",1.84852385888247,4.61310837846575,1,2
"1746",2.20864477880597,4.66338793611942,1,2
"1747",4.46220250207615,1.51274434446415,1,2
"1748",2.92032056305564,5.47568543720937,1,2
"1749",6.07975366853522,3.72232951708575,1,2
"1750",5.56463660335784,3.4609861603661,1,2
"1751",4.34976791149447,2.07729950281798,1,2
"1752",3.89994311581325,3.67364313901226,1,2
"1753",3.94869863147426,2.48944192124165,1,2
"1754",5.60203758549265,5.80683111764595,1,2
"1755",4.25386392540019,2.27531070950569,1,2
"1756",4.20257901837747,2.68209141458316,1,2
"1757",4.9880413349283,3.59760882104193,1,2
"1758",5.4297541349623,4.52781121084399,1,2
"1759",3.64039354198674,2.984222785536,1,2
"1760",4.35654405128485,4.27598172936881,1,2
"1761",4.98913242854319,4.62377186119449,1,2
"1762",2.89649440581846,2.09448348638331,1,2
"1763",3.8970859589284,3.88220879900634,1,2
"1764",4.57826351770842,6.13857130627008,1,2
"1765",6.46378433411397,5.51785668696758,1,2
"1766",8.47789451162921,2.99127718786253,1,2
"1767",5.46783842567642,4.70960664277803,1,2
"1768",3.49907903347755,4.16426164669687,1,2
"1769",3.18243156412864,5.11323424428786,1,2
"1770",5.25333798934457,6.13435900162026,1,2
"1771",3.27204202092221,5.48357311715106,1,2
"1772",4.90309515620981,3.1007046815443,1,2
"1773",5.61528718727287,3.87048343161839,1,2
"1774",3.23635823839238,4.82656829528834,1,2
"1775",5.19725766427963,3.3169619714022,1,2
"1776",2.63765432518431,2.14228429890882,1,2
"1777",2.29705790082761,5.53130740321669,1,2
"1778",5.8566640841906,5.86405102363693,1,2
"1779",5.48099316871549,1.56387205970634,1,2
"1780",5.20813846340983,5.52547347622836,1,2
"1781",3.19775075538609,1.18907468136137,1,2
"1782",4.81879559802003,5.3126893618825,1,2
"1783",2.82247316060439,6.14624638538073,1,2
"1784",3.19092586849981,3.58378035999833,1,2
"1785",1.79334544990969,2.23689317940824,1,2
"1786",2.07509047829387,6.32376296519312,1,2
"1787",1.66648973760005,4.13354304470913,1,2
"1788",3.59466839281391,3.89446128690195,1,2
"1789",2.24332480298784,5.20368507955015,1,2
"1790",3.21308187160453,5.1189277746943,1,2
"1791",5.51652471404207,5.98519731607724,1,2
"1792",4.93280479691121,1.34346749772639,1,2
"1793",3.27894917098496,3.53552085238904,1,2
"1794",6.03433640140602,1.69001786056031,1,2
"1795",7.14528228818068,2.47308783740417,1,2
"1796",-0.396229319013159,6.40100713246668,1,2
"1797",1.97694259039274,2.10747370482492,1,2
"1798",4.9943141418329,2.37544395065497,1,2
"1799",4.20333728287666,0.448320416414157,1,2
"1800",4.70417139570658,3.28082424341297,1,2
"1801",5.09213393655544,5.65988878316293,1,2
"1802",4.19012383259804,5.65936632254201,1,2
"1803",2.69965253371883,2.51794536409453,1,2
"1804",1.84170796374206,2.72685722116198,1,2
"1805",4.85853794725226,3.49368709728457,1,2
"1806",3.29296430858184,3.85571182472475,1,2
"1807",3.40435097178204,3.51160847697964,1,2
"1808",4.78096417980623,6.32675984516882,1,2
"1809",5.5258561092426,2.61086577813712,1,2
"1810",4.3460683173983,4.1746466133329,1,2
"1811",2.66261820267727,3.16095478303025,1,2
"1812",6.28323748793369,2.39326666748347,1,2
"1813",3.9529420502988,2.70281408760527,1,2
"1814",5.65517390692805,2.17538076686044,1,2
"1815",5.774350705013,5.28047909390085,1,2
"1816",3.4146416542909,3.50479285871696,1,2
"1817",3.816495543088,5.36929681548605,1,2
"1818",1.88734486597385,4.06002660323866,1,2
"1819",3.62640639979793,4.29753063742043,1,2
"1820",3.48103826540751,0.366548956657163,1,2
"1821",2.46281077825773,0.245948825665124,1,2
"1822",5.17526840353203,5.62979196576239,1,2
"1823",4.1248179065586,3.09808408458905,1,2
"1824",2.36687548782546,4.0777586048103,1,2
"1825",5.9142520460632,3.7478323997301,1,2
"1826",2.41914070695524,2.35233139765542,1,2
"1827",5.43933455660992,0.892938408223935,1,2
"1828",4.35358093942021,4.38761356177317,1,2
"1829",6.40980179710559,2.20331212518039,1,2
"1830",4.48856390796067,3.59311507860944,1,2
"1831",4.77604077514785,1.50664694765253,1,2
"1832",5.76242308189814,5.23060692461557,1,2
"1833",4.15910543729557,5.4054865325823,1,2
"1834",4.10712472326295,6.14652886484386,1,2
"1835",2.77945623880608,2.04435948243016,1,2
"1836",6.20756639498074,3.7874521214544,1,2
"1837",1.93737819462736,5.54053420136991,1,2
"1838",4.94997150161828,5.39077221763092,1,2
"1839",7.00610234181524,6.4415763796036,1,2
"1840",4.76557210551407,5.04259506857251,1,2
"1841",3.99113219064393,5.28502828246094,1,2
"1842",6.39072938638582,4.07337621032444,1,2
"1843",3.4202680565396,4.59314522274831,1,2
"1844",6.83547817089231,0.52975088052697,1,2
"1845",6.52012044460789,5.87943244115189,1,2
"1846",3.41188392181146,3.70077164906229,1,2
"1847",3.46195476126666,5.53023804154694,1,2
"1848",4.56663614286591,5.00194093300291,1,2
"1849",5.64877770561306,1.83188147734945,1,2
"1850",4.84082416311248,3.68807875947393,1,2
"1851",5.35687979255729,3.49138693704229,1,2
"1852",5.83844761648326,3.4246222622219,1,2
"1853",4.07264682403992,3.43694901354304,1,2
"1854",2.66576236016564,4.9567325142362,1,2
"1855",4.7215582571361,3.73731749007221,1,2
"1856",2.61891673667805,4.64253807962755,1,2
"1857",4.34599985598521,3.89980873523652,1,2
"1858",2.43366115609852,3.51346345187793,1,2
"1859",3.00564474110266,5.39183686607085,1,2
"1860",7.73290751889059,3.38836077664315,1,2
"1861",4.10963204335329,4.59170947284417,1,2
"1862",4.85123941991654,4.3664231542045,1,2
"1863",6.82520521614076,4.04012875971451,1,2
"1864",3.54903608744694,5.19783404889472,1,2
"1865",3.05890638842931,5.02409597494086,1,2
"1866",4.01586451990695,3.91041905786819,1,2
"1867",6.02322036129773,5.56066362786701,1,2
"1868",4.30450452286341,6.31883283798559,1,2
"1869",4.95538027559998,2.21669305602493,1,2
"1870",5.30594545197415,0.621955220726654,1,2
"1871",4.11142138464784,4.94440207548384,1,2
"1872",6.36260829750167,4.20235752982208,1,2
"1873",1.5849121270946,3.45405956242582,1,2
"1874",3.24138350754034,2.70133891944004,1,2
"1875",7.41292706330644,5.227697629596,1,2
"1876",3.78201304767663,1.9687332745235,1,2
"1877",6.41981377987918,6.09870590613605,1,2
"1878",2.57631064957105,4.74123946998691,1,2
"1879",5.09940182152505,3.30820088758573,1,2
"1880",5.02470218088441,2.998256604991,1,2
"1881",2.73267133669528,3.00502488940724,1,2
"1882",4.58228150475118,4.51421223204803,1,2
"1883",3.73849922437538,4.82554608197436,1,2
"1884",3.45030093593687,5.23283695468218,1,2
"1885",5.28427231587956,3.44341855980924,1,2
"1886",1.86545808355849,2.50157118710415,1,2
"1887",4.27396984726025,2.49501598038401,1,2
"1888",2.86095273104268,1.60497442546131,1,2
"1889",4.42382998984058,6.68771187226501,1,2
"1890",4.1410677112596,3.07643497692206,1,2
"1891",5.42273298739,7.03613887017499,1,2
"1892",5.67410164611278,4.59386919499743,1,2
"1893",2.95673152172544,1.59953157946113,1,2
"1894",4.26291524885239,4.01238294942576,1,2
"1895",5.87155624696082,4.30046850591453,1,2
"1896",3.64960218898142,6.25236790949115,1,2
"1897",2.79476487494867,3.20223977812283,1,2
"1898",4.25024628045053,4.9380354293108,1,2
"1899",3.28544728238323,2.46459693715162,1,2
"1900",3.60075099059738,3.25268924070499,1,2
"1901",4.2362451496106,5.34647487050675,1,2
"1902",2.59045860121383,0.749348418323075,1,2
"1903",3.5693471597245,4.66024631605864,1,2
"1904",4.12218144054501,5.40726107224307,1,2
"1905",1.03695852528617,3.91508172618038,1,2
"1906",4.65041819289598,5.43915085740594,1,2
"1907",5.32598393025362,4.46749703883428,1,2
"1908",4.89873587588839,3.79175671529386,1,2
"1909",5.59875179656132,2.76949955442904,1,2
"1910",1.83892014550463,4.08389727272849,1,2
"1911",3.55574846111879,5.50725068003658,1,2
"1912",2.26463107646054,5.7900837009853,1,2
"1913",2.3567463233881,4.10228717192818,1,2
"1914",4.86395479430925,4.42920376255395,1,2
"1915",3.62639211620527,1.52472959256698,1,2
"1916",4.88618581495304,2.75511279653411,1,2
"1917",5.0069057707643,1.19772444630125,1,2
"1918",3.36414059639921,4.34748437719238,1,2
"1919",3.70512846585328,2.63818375373295,1,2
"1920",4.87121267095531,5.40092196595133,1,2
"1921",5.0413426058861,4.51903007788704,1,2
"1922",5.75722073472505,3.6938176499347,1,2
"1923",4.24590499508059,5.23543860480754,1,2
"1924",4.99391290751264,3.57170610197214,1,2
"1925",3.05167376721669,5.03156278832508,1,2
"1926",3.74261090937126,6.14782520309549,1,2
"1927",3.33449175552756,5.07426565241034,1,2
"1928",1.74377619230428,3.83202076072366,1,2
"1929",4.29826855923929,3.09929801925598,1,2
"1930",6.17506457097882,3.51016874872928,1,2
"1931",2.76491870414983,4.61676932973525,1,2
"1932",4.38075488380419,2.52027354083851,1,2
"1933",3.63824977307305,5.03606105765764,1,2
"1934",3.70473071471663,3.19010162472425,1,2
"1935",4.35871857287057,3.39238944656849,1,2
"1936",9.74650585541885,4.27342112138169,1,2
"1937",3.13040806511877,3.72349352010265,1,2
"1938",5.42677251208649,3.46079889556911,1,2
"1939",2.63556777955444,3.84548970706887,1,2
"1940",2.38867653988076,3.30086138449859,1,2
"1941",6.44522296294282,6.0211720993235,1,2
"1942",6.41880904147461,5.17220330323172,1,2
"1943",5.27419656737641,5.01639710655514,1,2
"1944",5.77248003231959,1.81472854164342,1,2
"1945",5.0709234518068,2.50478481117336,1,2
"1946",4.64879711531819,3.3452221749366,1,2
"1947",6.42464577959348,4.72360079480584,1,2
"1948",5.8571713007603,4.48563331443318,1,2
"1949",5.72414791926779,5.40891606423988,1,2
"1950",2.32516097918403,3.85023276387231,1,2
"1951",4.88221093780287,3.76802239308477,1,2
"1952",5.38275216246323,1.54097707259601,1,2
"1953",4.20002573662891,3.94608045159455,1,2
"1954",4.50017572160084,3.00227466376933,1,2
"1955",4.75005604000981,2.83785888192313,1,2
"1956",4.62244190987228,3.23438127081699,1,2
"1957",3.61985260955226,3.67842271108113,1,2
"1958",4.29053825154866,5.81542951580275,1,2
"1959",3.72928257050706,4.69741734739823,1,2
"1960",4.08603583337269,5.20630463023493,1,2
"1961",5.70332595644108,5.06664795211753,1,2
"1962",4.32637132761645,2.11846933654434,1,2
"1963",3.06503394186583,2.96232900105342,1,2
"1964",3.86796271299385,1.72116406413035,1,2
"1965",2.44866752925844,1.54911451487924,1,2
"1966",1.53383374199035,1.48347513522763,1,2
"1967",3.56775621351749,2.53981153125928,1,2
"1968",6.22639232784292,3.44621114267894,1,2
"1969",1.91533108060311,4.23847089554661,1,2
"1970",5.01541999778658,5.8636949475117,1,2
"1971",1.69257998161289,6.19191545480932,1,2
"1972",4.30939098036894,2.8156347540034,1,2
"1973",1.98732445138369,5.33957678178382,1,2
"1974",5.68180411444473,3.23555179826144,1,2
"1975",6.08267918398108,5.73266290827954,1,2
"1976",3.93927171854429,5.22904932888573,1,2
"1977",1.87051599956997,9.31611057356928,1,2
"1978",4.56802258022572,1.57613158026811,1,2
"1979",2.37542004785039,3.63676674172779,1,2
"1980",1.51892609942719,3.56351547477778,1,2
"1981",2.48638850815017,3.8302903481188,1,2
"1982",5.4474487340553,1.80752560762023,1,2
"1983",2.62665043118458,2.13703416274019,1,2
"1984",5.05583244829378,5.45774611517189,1,2
"1985",1.36417084594993,3.64050235892299,1,2
"1986",4.26338119565484,5.50603053341069,1,2
"1987",5.10194001044795,5.15437513262249,1,2
"1988",5.62625829618903,6.13623947289276,1,2
"1989",7.5451749689885,3.88317777704645,1,2
"1990",1.95391737626566,3.56324240954856,1,2
"1991",3.20493092978851,4.23856814492462,1,2
"1992",4.97294407061061,3.42845818154512,1,2
"1993",2.92142628360549,4.6920878520127,1,2
"1994",2.37664208663099,5.74642664857752,1,2
"1995",5.8705938498547,3.32294235109679,1,2
"1996",3.89370744768614,4.6633861309932,1,2
"1997",3.3589032633771,4.54066561084322,1,2
"1998",0.918714574036822,3.28465538691902,1,2
"1999",7.08147664239834,2.26513639547178,1,2
"2000",6.28276882164857,0.0837478045073272,1,2
