"X1","X2","component","subcomponent"
"1001",7.81836574559915,29.9179907566451,8,6.5
"1002",8.50429429346626,25.8111305452373,8,6.5
"1003",7.31527193150812,24.9649969286363,8,6.5
"1004",8.58728949806072,29.6097823280047,8,6.5
"1005",8.21278947986464,28.6030064168082,8,6.5
"1006",7.05593806717935,29.1154255588514,8,6.5
"1007",8.17591182549117,24.7204922105205,8,6.5
"1008",8.45692008772669,27.0688482829805,8,6.5
"1009",7.96460663350599,30.845942726637,8,6.5
"1010",8.71581482720169,25.0321764138957,8,6.5
"1011",7.45351783653743,27.9910116472924,8,6.5
"1012",6.89395418727409,27.1457066445603,8,6.5
"1013",8.18689180100431,25.8709505319385,8,6.5
"1014",9.11362103965447,25.3330364980244,8,6.5
"1015",9.16861348448436,29.9503331170715,8,6.5
"1016",8.33295226309375,29.0797278763098,8,6.5
"1017",7.35575432931033,25.13090906105,8,6.5
"1018",8.6219989248194,24.7316306505049,8,6.5
"1019",9.40066589719624,26.9474540587839,8,6.5
"1020",7.23246412653513,28.9495778900664,8,6.5
"1021",6.8165916589563,26.4362263741961,8,6.5
"1022",8.64100444812629,24.0615115819525,8,6.5
"1023",8.55917776431138,26.0831051258488,8,6.5
"1024",5.37013512605426,21.778575049293,8,6.5
"1025",8.78276833556263,29.9041348355488,8,6.5
"1026",6.53735412412846,22.3031109793048,8,6.5
"1027",8.53540194338627,28.3141505880112,8,6.5
"1028",7.73248496990782,24.7697880679104,8,6.5
"1029",8.566582680399,29.0833841375204,8,6.5
"1030",8.03161136977741,26.9488252706223,8,6.5
"1031",7.95574072767318,26.0904094401626,8,6.5
"1032",7.22675716671233,24.2764125014075,8,6.5
"1033",8.0820945520123,22.7277236418622,8,6.5
"1034",6.80425359224179,30.0414286809517,8,6.5
"1035",7.38099807337585,27.7788900355308,8,6.5
"1036",6.09884002512441,20.2093036697583,8,6.5
"1037",7.98834760727442,31.2802148241278,8,6.5
"1038",8.18142625890826,29.0942538744576,8,6.5
"1039",7.83405293950076,21.1845539345563,8,6.5
"1040",9.90829219043398,27.6626083550079,8,6.5
"1041",9.04838577232414,22.4206015578672,8,6.5
"1042",7.6505019433402,26.4778897596125,8,6.5
"1043",7.76318846315527,24.4109408114558,8,6.5
"1044",8.30143941877429,27.5329386300085,8,6.5
"1045",6.5493322679016,23.6492107415658,8,6.5
"1046",7.83404359003185,28.1168270465506,8,6.5
"1047",8.68018391211609,25.0305297811316,8,6.5
"1048",8.16195359078433,26.8405905730018,8,6.5
"1049",8.13178952997481,24.902231484792,8,6.5
"1050",7.67364953431866,31.6402461778431,8,6.5
"1051",6.77171574448526,24.3184926017469,8,6.5
"1052",9.59954625620158,29.648293224996,8,6.5
"1053",7.99812097554764,24.6831403961582,8,6.5
"1054",8.59175414436179,21.2758652659589,8,6.5
"1055",6.38935157067528,26.4198726958053,8,6.5
"1056",8.75560153610954,26.4785625133093,8,6.5
"1057",9.32988820602872,30.6962118207295,8,6.5
"1058",8.54126594376065,24.6610752865458,8,6.5
"1059",9.00843296121018,24.5224363816272,8,6.5
"1060",8.50398868407561,28.7895349315605,8,6.5
"1061",8.04573008451761,24.9070780762282,8,6.5
"1062",9.08138900466464,24.9757295956799,8,6.5
"1063",6.10251764026106,28.709080861551,8,6.5
"1064",9.21796253512994,27.8475516284756,8,6.5
"1065",7.07220776387073,29.2802818637398,8,6.5
"1066",7.96041156392961,23.7921910026498,8,6.5
"1067",5.66674638011771,18.9023856823056,8,6.5
"1068",8.34942573943687,26.4978136757859,8,6.5
"1069",7.68219729845672,24.6981223562379,8,6.5
"1070",8.49875861392298,25.9795084066497,8,6.5
"1071",7.39153435970087,26.6654745757478,8,6.5
"1072",7.26068020522764,26.3831387869053,8,6.5
"1073",6.7951429271104,25.5344114869399,8,6.5
"1074",7.50339923096664,25.7465406579884,8,6.5
"1075",7.06347716293685,32.2120633385422,8,6.5
"1076",10.3987064867215,25.4212183331099,8,6.5
"1077",7.14242997407309,29.9571983442074,8,6.5
"1078",8.55804268134381,26.9208773986934,8,6.5
"1079",8.39662748512615,23.4592875769783,8,6.5
"1080",6.29461043336691,25.1819470390575,8,6.5
"1081",6.03840219480679,27.880300655521,8,6.5
"1082",8.43520524045559,23.543669102303,8,6.5
"1083",9.16522806637258,24.346843676496,8,6.5
"1084",7.61989685375161,27.6346001807222,8,6.5
"1085",7.32115612013023,26.6181652749158,8,6.5
"1086",6.6140351182112,25.8268454086865,8,6.5
"1087",9.32633684771629,28.2476744128801,8,6.5
"1088",7.23768014363472,27.9171153731497,8,6.5
"1089",8.97527965728023,23.6360901001717,8,6.5
"1090",7.82736670857098,26.961796165087,8,6.5
"1091",8.52952640792711,22.4674057963539,8,6.5
"1092",6.65499439795169,27.1234904973629,8,6.5
"1093",10.1465052606576,27.8026952618291,8,6.5
"1094",7.97705630533278,25.1902514935329,8,6.5
"1095",6.34114514453177,23.8282635509331,8,6.5
"1096",8.7849453098962,19.1220015276173,8,6.5
"1097",10.218737950742,26.1222562784939,8,6.5
"1098",8.11526345408381,30.4017176194697,8,6.5
"1099",8.4028508368621,26.5852523951367,8,6.5
"1100",6.41157777151628,22.9297192134407,8,6.5
"1101",9.96413407251503,25.5597255505219,8,6.5
"1102",7.40932218711108,25.0848338941254,8,6.5
"1103",8.90041478176302,25.4793916166846,8,6.5
"1104",10.1138762948675,34.3279580469719,8,6.5
"1105",8.02867222634012,25.0545460546965,8,6.5
"1106",6.24082185836015,24.4431719210382,8,6.5
"1107",8.44141163917607,28.0529104740838,8,6.5
"1108",8.02651221802915,27.4862599500193,8,6.5
"1109",6.55839956060663,26.388580180701,8,6.5
"1110",9.23193130376291,25.3725260285699,8,6.5
"1111",6.88476591229203,21.8299348988043,8,6.5
"1112",7.42890872704806,28.1443729840983,8,6.5
"1113",6.71155076269035,27.3497154452005,8,6.5
"1114",8.88008803556087,29.796882216723,8,6.5
"1115",7.83041361736459,25.6152009943658,8,6.5
"1116",7.15068866889739,21.0272156067836,8,6.5
"1117",8.10272902427694,24.5567280172744,8,6.5
"1118",8.12269842302275,26.9837900416812,8,6.5
"1119",7.80779586613559,23.5806435817576,8,6.5
"1120",8.50946831946626,23.553357185982,8,6.5
"1121",8.29080126584342,25.5574943737793,8,6.5
"1122",11.5929116152884,30.4077826079941,8,6.5
"1123",8.98763623447437,30.1543250923867,8,6.5
"1124",8.60951888487901,23.297079948743,8,6.5
"1125",6.82640449036351,26.7053940159349,8,6.5
"1126",6.18024589928605,24.2592691082564,8,6.5
"1127",8.59267698732193,28.7686209134272,8,6.5
"1128",9.10889155357887,30.3154078885756,8,6.5
"1129",8.3049627011549,26.7424508009075,8,6.5
"1130",8.80165965720511,31.6594489163796,8,6.5
"1131",7.18632490735909,26.5993895278822,8,6.5
"1132",7.81641104103225,18.918561646037,8,6.5
"1133",8.42870171631059,26.5511696124876,8,6.5
"1134",8.99136945828362,29.0055585768205,8,6.5
"1135",8.94810807989741,28.489221187961,8,6.5
"1136",8.74053900506322,26.3450999899137,8,6.5
"1137",7.85249122800034,29.8982277583956,8,6.5
"1138",8.18169627271563,27.6503641353565,8,6.5
"1139",5.91750608755209,30.141951363582,8,6.5
"1140",9.10945952880076,28.0472120970728,8,6.5
"1141",4.58742823033723,21.9974139767009,8,6.5
"1142",9.3938020105127,24.2333362868359,8,6.5
"1143",8.62477007808192,28.1039332389233,8,6.5
"1144",7.80425364894238,25.6567383983038,8,6.5
"1145",7.83481032921333,26.965049546461,8,6.5
"1146",7.41365936095539,25.8868724581129,8,6.5
"1147",7.50012653318637,25.1118179632013,8,6.5
"1148",10.7474631317574,31.2701413303077,8,6.5
"1149",7.04777245457259,27.1398727793798,8,6.5
"1150",8.29823829049869,25.8918725296722,8,6.5
"1151",7.44600752128603,29.1056584769494,8,6.5
"1152",6.62073459224685,24.2920381261191,8,6.5
"1153",7.13716890687965,25.536725220781,8,6.5
"1154",8.71047368842664,28.9801873124772,8,6.5
"1155",7.18333824041288,27.6012828456595,8,6.5
"1156",7.18227440187733,23.1220603758766,8,6.5
"1157",7.58717247463487,26.1361077264419,8,6.5
"1158",8.72120026452821,26.4585833159438,8,6.5
"1159",7.01719165784104,22.9171351725472,8,6.5
"1160",9.4763909213016,25.1769186243936,8,6.5
"1161",9.32528687140814,27.8034861781673,8,6.5
"1162",7.36521851382586,27.5627465904031,8,6.5
"1163",6.28762733298296,25.2144116946497,8,6.5
"1164",10.5110988477789,31.2934090013036,8,6.5
"1165",9.67424797755082,24.7642637608802,8,6.5
"1166",9.92407311644081,30.4603072144954,8,6.5
"1167",9.1148647627604,24.8934613058611,8,6.5
"1168",8.8658824037255,24.0293366491994,8,6.5
"1169",9.71325816335071,29.203663263342,8,6.5
"1170",6.75082321289733,26.7775354202873,8,6.5
"1171",8.30048908423363,28.7498306397966,8,6.5
"1172",4.85459974701234,16.6167535691679,8,6.5
"1173",6.89943552467387,25.377376308998,8,6.5
"1174",8.36805588108348,26.7982684277786,8,6.5
"1175",8.63974752499442,24.0582916391672,8,6.5
"1176",8.86823862491615,25.7956310900485,8,6.5
"1177",12.1406599038511,27.7329850984758,8,6.5
"1178",9.66713290953011,27.8062967469776,8,6.5
"1179",8.94899480302388,30.7873663284865,8,6.5
"1180",9.74506224963794,28.0294094334485,8,6.5
"1181",9.5997229711942,27.0700527763305,8,6.5
"1182",7.46704418210236,28.1808025101566,8,6.5
"1183",10.4914843410086,30.0793289288524,8,6.5
"1184",8.48047975866452,27.6258570638355,8,6.5
"1185",8.30853223728617,31.4842174955967,8,6.5
"1186",7.82902630475409,27.8872235351941,8,6.5
"1187",6.91134707771688,23.5456276348376,8,6.5
"1188",11.0576260522962,27.2047639770166,8,6.5
"1189",8.64722145523568,26.5432616083623,8,6.5
"1190",8.72928948681311,26.9568340067373,8,6.5
"1191",6.44517377377479,25.9128069650453,8,6.5
"1192",9.061430255123,28.7898873927409,8,6.5
"1193",6.23272995687302,25.8560971262049,8,6.5
"1194",10.66637015693,31.4387679159964,8,6.5
"1195",7.02410221205923,23.9873915232573,8,6.5
"1196",7.85552765898012,27.1150519743817,8,6.5
"1197",8.4028384406014,30.8559373306157,8,6.5
"1198",6.18175704231832,25.5516117550726,8,6.5
"1199",8.46460960544627,23.2363296681186,8,6.5
"1200",9.46041115096471,28.8977621456208,8,6.5
"1201",7.08248787652606,27.0009210378796,8,6.5
"1202",7.44506668175,28.077275443426,8,6.5
"1203",6.08253352172252,26.5651248789604,8,6.5
"1204",9.15056324221334,26.507854413907,8,6.5
"1205",9.12295557080813,23.691365185173,8,6.5
"1206",8.35037582085752,24.6897348509405,8,6.5
"1207",6.88055520287238,25.1328205049642,8,6.5
"1208",8.03692298168519,28.1571039657556,8,6.5
"1209",7.15407177542785,19.8784973423468,8,6.5
"1210",8.54914218523531,29.6131375226902,8,6.5
"1211",8.94557180408268,26.7601187444874,8,6.5
"1212",8.01182976648524,23.7706868989169,8,6.5
"1213",4.85609863062124,20.3850343848525,8,6.5
"1214",7.73780935641455,29.5245886576099,8,6.5
"1215",7.12149695800518,23.2763882707241,8,6.5
"1216",6.69708436724455,29.3014121940489,8,6.5
"1217",6.26408280417972,28.9590130531519,8,6.5
"1218",7.1713033728131,27.7943703300312,8,6.5
"1219",8.97366578120497,26.5990504285224,8,6.5
"1220",8.38179721458372,29.2851545844688,8,6.5
"1221",6.11418066076344,26.0408387754921,8,6.5
"1222",8.4353005249285,27.4293539971069,8,6.5
"1223",7.66194432485197,26.4875098667924,8,6.5
"1224",7.98983179993388,26.3644880825326,8,6.5
"1225",7.29748063089961,24.8213089158801,8,6.5
"1226",9.48995458330668,27.5935239599221,8,6.5
"1227",6.74824178729739,27.2501406051271,8,6.5
"1228",8.65327221817098,28.837378113991,8,6.5
"1229",7.77509905016946,24.7960640575258,8,6.5
"1230",8.15315859191666,27.0323938726123,8,6.5
"1231",7.14864746314062,26.5649954878586,8,6.5
"1232",9.39789069807468,29.3323480348859,8,6.5
"1233",7.17019244730458,27.8757437500552,8,6.5
"1234",7.63930831032641,26.2587694073651,8,6.5
"1235",8.01482029441664,28.9846728880445,8,6.5
"1236",5.91924271691157,26.9053164648166,8,6.5
"1237",8.71675432510533,28.0011530036955,8,6.5
"1238",8.34763196786277,31.0770445645273,8,6.5
"1239",7.07221975481223,31.111972303128,8,6.5
"1240",8.88882472398444,30.914220455153,8,6.5
"1241",7.03252014432991,23.5330463375861,8,6.5
"1242",8.10016155318662,26.7349580695386,8,6.5
"1243",8.7011130783435,29.8948325834358,8,6.5
"1244",9.09067567761913,26.9150959811718,8,6.5
"1245",7.58556112776871,25.8285262249878,8,6.5
"1246",7.66483758600523,23.7579567761748,8,6.5
"1247",9.48501914431443,29.3731202714731,8,6.5
"1248",8.74221942081846,26.1507157250711,8,6.5
"1249",8.1034133307392,26.6677831580627,8,6.5
"1250",9.36254630058994,25.1181073018997,8,6.5
"1251",10.780048967641,32.4678819630592,8,6.5
"1252",8.80863242941117,32.4137577107288,8,6.5
"1253",9.05671189463485,22.8047697500588,8,6.5
"1254",7.55535261756068,27.4492552764034,8,6.5
"1255",8.5541170493056,29.7738766920252,8,6.5
"1256",8.82635435171195,29.6294273220966,8,6.5
"1257",8.254689691125,25.9466349188542,8,6.5
"1258",7.70213868043085,26.5185546160761,8,6.5
"1259",7.99223901448419,27.7097428311462,8,6.5
"1260",6.75176800845903,25.9149454689235,8,6.5
"1261",7.64045691450276,25.7509826203345,8,6.5
"1262",5.24974609749934,22.2125304794298,8,6.5
"1263",8.34405396383888,25.6320749623295,8,6.5
"1264",6.99602502619837,25.0573421202053,8,6.5
"1265",9.83956098453242,31.6234776252827,8,6.5
"1266",7.49822334869216,28.0480359207964,8,6.5
"1267",7.43101286143541,29.6683741911209,8,6.5
"1268",8.48433019405956,24.0157441513988,8,6.5
"1269",7.40423706286696,30.0892541789642,8,6.5
"1270",6.40622962164577,22.1923546116846,8,6.5
"1271",7.22379443533368,26.6519549743595,8,6.5
"1272",10.7694932125978,32.81111595824,8,6.5
"1273",7.16097947101904,29.7940101004694,8,6.5
"1274",9.0883084479642,26.9956003292106,8,6.5
"1275",9.19741410391525,24.393363927136,8,6.5
"1276",6.53304287542826,21.0420572248878,8,6.5
"1277",9.32821116684331,27.6291236796756,8,6.5
"1278",6.83243134263292,26.433642499879,8,6.5
"1279",9.84448077135743,30.8466159179476,8,6.5
"1280",6.65007529298639,26.9625917181334,8,6.5
"1281",9.68691747954517,30.0507185381064,8,6.5
"1282",9.37906456637797,26.0690652279268,8,6.5
"1283",7.58357661920116,27.9776083787453,8,6.5
"1284",7.71115891339677,25.4485175746264,8,6.5
"1285",5.68999775547644,28.1990608924467,8,6.5
"1286",7.80753599551836,25.6761155982945,8,6.5
"1287",7.79563892269494,26.4086343065868,8,6.5
"1288",8.12043541697584,31.5996060237184,8,6.5
"1289",9.98111733402096,25.7456214493487,8,6.5
"1290",6.18044986803569,26.0896046262953,8,6.5
"1291",9.60333482568464,28.4540275285436,8,6.5
"1292",7.11528028282622,24.1547533013112,8,6.5
"1293",8.07129046126157,26.2755498560331,8,6.5
"1294",7.82744363299561,30.1304391127706,8,6.5
"1295",9.03394260901048,25.7976872962642,8,6.5
"1296",8.27300879939006,22.9893594898052,8,6.5
"1297",7.82972944801724,29.0318492084241,8,6.5
"1298",6.72817917155658,30.2010032365644,8,6.5
"1299",7.70757418654221,29.9716933190832,8,6.5
"1300",9.0230044608924,32.4853578286905,8,6.5
"1301",7.45262589980858,25.7642970422979,8,6.5
"1302",5.97635351257555,27.160967537101,8,6.5
"1303",8.45418699414045,30.7204493974702,8,6.5
"1304",8.35860033699753,26.6663227975666,8,6.5
"1305",9.747444901266,27.1445811252941,8,6.5
"1306",6.3907078989712,25.7598013203208,8,6.5
"1307",8.73574816651529,27.4744481416548,8,6.5
"1308",11.3005817767469,27.3587183647191,8,6.5
"1309",8.16594248632776,29.5594537481048,8,6.5
"1310",8.83063919344083,23.37748958983,8,6.5
"1311",8.91540218192037,32.9307667621404,8,6.5
"1312",7.78213778854872,30.4985371324235,8,6.5
"1313",6.5077397524058,25.9446221407192,8,6.5
"1314",8.06666944781275,26.2845302495049,8,6.5
"1315",6.91418482531936,30.122358070934,8,6.5
"1316",7.15682376184318,25.5696626044014,8,6.5
"1317",8.53624193141367,28.5156306794683,8,6.5
"1318",8.07617610007529,29.0720314009921,8,6.5
"1319",7.5298412569475,33.2758881658537,8,6.5
"1320",7.8566439685411,29.7085472925286,8,6.5
"1321",6.07020018112876,26.6283330773396,8,6.5
"1322",8.19232898038522,28.8399815938693,8,6.5
"1323",7.72216322642131,28.0058738759515,8,6.5
"1324",7.24112741975793,23.7782451927977,8,6.5
"1325",8.77865914542038,29.0856355251233,8,6.5
"1326",8.75484923880413,27.6476448753757,8,6.5
"1327",8.79767247826971,27.6989974240204,8,6.5
"1328",9.39186610523089,27.2940195155383,8,6.5
"1329",8.44015694448041,27.7190570538852,8,6.5
"1330",10.5063082694986,26.0911169419962,8,6.5
"1331",7.40807054682131,26.2442429419218,8,6.5
"1332",9.25010383305691,25.6372562323762,8,6.5
"1333",9.40204655279486,27.9921652864498,8,6.5
"1334",8.34088427861262,29.7527046346659,8,6.5
"1335",5.94789014402302,26.989607420432,8,6.5
"1336",6.64903326042229,24.6378953343969,8,6.5
"1337",7.96001155547347,24.4264392419,8,6.5
"1338",9.52899749003281,23.9518300408776,8,6.5
"1339",8.35180442496791,24.264304499596,8,6.5
"1340",6.21135254966032,27.111914260544,8,6.5
"1341",7.97880581917194,27.614806298768,8,6.5
"1342",5.83540923172085,22.78025631129,8,6.5
"1343",8.27071360704233,29.308350781226,8,6.5
"1344",9.05170304474492,33.2261862944903,8,6.5
"1345",7.7655079998326,28.4331299085009,8,6.5
"1346",5.92533414862516,25.3571186099794,8,6.5
"1347",7.86753551853469,23.3323005548101,8,6.5
"1348",5.01897581681402,29.9259324462561,8,6.5
"1349",4.34420007947343,22.3196496087815,8,6.5
"1350",7.34805779790423,24.4296632446092,8,6.5
"1351",9.94884979988832,26.9076447565313,8,6.5
"1352",8.58371998438775,29.6728169518889,8,6.5
"1353",8.56786760959491,26.8668467163629,8,6.5
"1354",8.10785446977525,28.2492084046143,8,6.5
"1355",9.861187303384,30.1651938776304,8,6.5
"1356",10.2559643230594,26.3705997074773,8,6.5
"1357",8.2964010524662,30.8510935991372,8,6.5
"1358",9.2480333419312,27.9570739371034,8,6.5
"1359",10.824994402798,26.0511223434297,8,6.5
"1360",9.62792559368826,25.6423475166448,8,6.5
"1361",7.8735639035974,28.5353086517913,8,6.5
"1362",6.36652936121732,25.1652838241952,8,6.5
"1363",9.09747783204402,26.194956021767,8,6.5
"1364",8.62083063759938,28.7354240654932,8,6.5
"1365",8.37190015658762,24.0825876311892,8,6.5
"1366",11.1956854347663,28.6328547357133,8,6.5
"1367",9.96768748247761,28.4888097105804,8,6.5
"1368",7.15155675874371,27.2582091363863,8,6.5
"1369",7.74375231479958,27.2142347244202,8,6.5
"1370",8.50994948494358,26.8616663624853,8,6.5
"1371",7.54142306921208,27.7937275948152,8,6.5
"1372",4.58038876718829,25.6167253506018,8,6.5
"1373",9.2864618899452,25.8159121214186,8,6.5
"1374",8.03721007146387,32.4498069755722,8,6.5
"1375",9.72675229664177,26.1450668012366,8,6.5
"1376",8.28301231553123,28.049390758134,8,6.5
"1377",7.2507528353955,27.1921004900361,8,6.5
"1378",7.64776135575821,24.2608676571797,8,6.5
"1379",7.42088058998344,23.5658104601512,8,6.5
"1380",8.86273294135228,23.1068419384528,8,6.5
"1381",9.58600176114607,31.1055163762494,8,6.5
"1382",5.14965781088666,20.1956993243217,8,6.5
"1383",8.0345463832484,30.5563425413384,8,6.5
"1384",7.91843885716143,25.7678546403313,8,6.5
"1385",7.90029567949786,27.0172724823237,8,6.5
"1386",8.24384268541199,28.6523121891723,8,6.5
"1387",6.82855492226413,26.5766459434597,8,6.5
"1388",7.39624115942237,27.2886548176431,8,6.5
"1389",7.23728451260588,24.4260474154203,8,6.5
"1390",5.73549653168865,23.7710697479479,8,6.5
"1391",8.92908340908537,26.8068348004905,8,6.5
"1392",8.1079169426918,22.4312444905051,8,6.5
"1393",9.55105144021847,28.184293025079,8,6.5
"1394",8.39976519923267,32.8459283022953,8,6.5
"1395",6.03139197797697,25.4133605918438,8,6.5
"1396",6.21442041251052,22.9189536253903,8,6.5
"1397",7.1726738133912,23.1533536982507,8,6.5
"1398",8.25362694162204,24.617909680451,8,6.5
"1399",7.99913522526356,29.5947268277504,8,6.5
"1400",6.73931113545795,24.1823087208269,8,6.5
"1401",7.57881909322908,27.0316418457939,8,6.5
"1402",6.89876356255604,26.2324344175324,8,6.5
"1403",8.64362817773901,25.7824930419795,8,6.5
"1404",8.94754967318424,26.1274979861003,8,6.5
"1405",9.84428787410752,26.9580710243084,8,6.5
"1406",8.66520657428877,28.9807428482321,8,6.5
"1407",7.97668042733323,25.7642683688954,8,6.5
"1408",9.22864877444156,30.1056584730897,8,6.5
"1409",9.60074064837906,25.3333822090551,8,6.5
"1410",8.77438011219761,28.1257527193936,8,6.5
"1411",9.60419943728741,26.2789431963718,8,6.5
"1412",7.09020325245347,24.1781173187164,8,6.5
"1413",8.59336757433275,27.9749145818623,8,6.5
"1414",6.28708741535443,22.0312002872871,8,6.5
"1415",9.08812506008472,33.7988006973278,8,6.5
"1416",5.37193328511948,29.0318695580232,8,6.5
"1417",7.80954036238028,26.5380946178303,8,6.5
"1418",6.92256328066178,23.1556139209606,8,6.5
"1419",8.38387354752524,30.3393502611744,8,6.5
"1420",5.63113944687154,27.6178340377566,8,6.5
"1421",6.54586440575067,27.880857056514,8,6.5
"1422",9.01907972118588,26.9549663664205,8,6.5
"1423",7.7492639903129,25.655268437072,8,6.5
"1424",8.40186111731144,24.4830524842157,8,6.5
"1425",5.91589601680572,22.8630910104613,8,6.5
"1426",6.67215128215545,19.1820079672253,8,6.5
"1427",7.69586266657792,25.0993480169801,8,6.5
"1428",9.19633260017931,32.3158907502598,8,6.5
"1429",8.30055825306758,27.7449296144814,8,6.5
"1430",8.33549295588693,22.4879611177108,8,6.5
"1431",6.6690133393916,24.3318280185118,8,6.5
"1432",9.30058804234882,30.4648318490098,8,6.5
"1433",8.33583596177264,24.6783956662757,8,6.5
"1434",7.67918860273965,33.2297377517317,8,6.5
"1435",9.927328253639,28.6796248319094,8,6.5
"1436",9.02987272868701,27.4155430579619,8,6.5
"1437",7.47354333968014,29.19939531987,8,6.5
"1438",9.77806610960496,29.7910493997525,8,6.5
"1439",8.18128687029182,21.9557876883068,8,6.5
"1440",9.01008424825515,27.2154078701561,8,6.5
"1441",9.9135012662871,24.0278173067801,8,6.5
"1442",6.2264842366888,26.2215326621548,8,6.5
"1443",7.42516594636308,20.0418530052433,8,6.5
"1444",7.03252236523378,32.902307959814,8,6.5
"1445",7.71164025341142,25.3670141877691,8,6.5
"1446",8.71276218332661,30.4854612823349,8,6.5
"1447",8.20024362748238,25.1385516001217,8,6.5
"1448",6.16712824827208,21.3230883823601,8,6.5
"1449",9.30649584858174,30.5912826805094,8,6.5
"1450",8.54933232335366,26.0067308687645,8,6.5
"1451",8.92738089110958,30.5365779511879,8,6.5
"1452",8.28406206192405,24.3198919530802,8,6.5
"1453",7.68768294383552,28.4936928873539,8,6.5
"1454",7.71449284660121,27.3215749813905,8,6.5
"1455",10.7204490138437,26.0191608816406,8,6.5
"1456",6.81186153872196,26.1630115111161,8,6.5
"1457",6.69722573497842,28.6695256841728,8,6.5
"1458",10.439105652455,30.2982065705862,8,6.5
"1459",8.03923915843943,27.387499251328,8,6.5
"1460",7.76972621016492,22.2262708204646,8,6.5
"1461",7.88135007426745,24.1845499776568,8,6.5
"1462",9.28462114816489,22.4390136482006,8,6.5
"1463",8.87971360674265,27.2790621486885,8,6.5
"1464",7.11589301768292,28.9885696876333,8,6.5
"1465",6.84158606587033,24.1412407086818,8,6.5
"1466",9.06453224410546,28.3218110995864,8,6.5
"1467",8.54670368421178,28.4940097537861,8,6.5
"1468",8.24383557552165,20.3891274129442,8,6.5
"1469",7.0551198566989,24.2966585432393,8,6.5
"1470",6.92090846967081,26.7231358973831,8,6.5
"1471",7.80509483937336,27.5312506084437,8,6.5
"1472",8.16833246694988,26.7024258990212,8,6.5
"1473",8.32369743844764,29.4438783136615,8,6.5
"1474",6.59011153989147,24.4870076710484,8,6.5
"1475",8.60347412841459,29.006678839675,8,6.5
"1476",5.82798166471528,24.9905767840986,8,6.5
"1477",9.18973039538716,26.8173019831544,8,6.5
"1478",7.56522012292797,27.4516197456919,8,6.5
"1479",7.92681095439335,24.9295193863339,8,6.5
"1480",9.43861496533705,29.4759029722215,8,6.5
"1481",6.8763045043724,23.6418845229293,8,6.5
"1482",8.22582254384873,22.8100389806883,8,6.5
"1483",9.71661319714675,32.1822118127272,8,6.5
"1484",6.26981982293492,22.1922440003707,8,6.5
"1485",8.06571705844916,23.8052633939369,8,6.5
"1486",7.27248522952535,28.6531293302808,8,6.5
"1487",5.53289807597181,24.3721587126649,8,6.5
"1488",7.71239879614982,26.6387981342411,8,6.5
"1489",10.4821950004689,28.8907122414502,8,6.5
"1490",6.795891308777,22.1162133006993,8,6.5
"1491",8.13698809147138,27.8063154908856,8,6.5
"1492",6.9240213966132,26.0561485502663,8,6.5
"1493",10.4176580825846,34.1073020611711,8,6.5
"1494",7.54617152725336,29.7666148974511,8,6.5
"1495",8.23336567073897,28.0265739179443,8,6.5
"1496",10.3536199397373,29.1992014847876,8,6.5
"1497",8.75932757348459,23.7059005657222,8,6.5
"1498",5.98902235424086,25.9754810293768,8,6.5
"1499",8.89143407867711,32.2668121669221,8,6.5
"1500",5.63473970166588,25.313940725993,8,6.5
"1501",9.35349600732204,25.2871018121599,8,6.5
"1502",7.50565243301177,28.6870208352636,8,6.5
"1503",8.12082848235082,27.3685883630101,8,6.5
"1504",10.1656877435238,28.9016204127497,8,6.5
"1505",8.44642732244628,25.6121908895002,8,6.5
"1506",8.49249356108935,24.535244605122,8,6.5
"1507",8.41019046651466,25.7725806065254,8,6.5
"1508",7.88558247430184,25.9306583967807,8,6.5
"1509",7.88079560975697,28.9176629656103,8,6.5
"1510",7.47932224052798,25.4937995471382,8,6.5
"1511",9.47613330271425,26.3349423897548,8,6.5
"1512",8.83949239355761,24.5563547406856,8,6.5
"1513",7.36990936899992,26.1291881683507,8,6.5
"1514",6.64578177401393,23.3974177858377,8,6.5
"1515",6.47605083594882,23.1490558333698,8,6.5
"1516",7.07924406835366,28.6880562355677,8,6.5
"1517",8.31290835325888,30.0193189738581,8,6.5
"1518",8.82754222953503,29.4256832961834,8,6.5
"1519",8.75515662612507,27.2389873650827,8,6.5
"1520",7.95580966745465,22.2230909405714,8,6.5
"1521",7.72116497738154,29.7404574366247,8,6.5
"1522",7.93732634903076,28.2834635276539,8,6.5
"1523",7.60623816167757,27.0157872075351,8,6.5
"1524",9.17056649575964,26.4062685394515,8,6.5
"1525",8.08081492818508,30.5288086634999,8,6.5
"1526",8.40827732263363,22.9595870146132,8,6.5
"1527",7.71357534757327,29.1361950311327,8,6.5
"1528",6.98294671945516,26.827766111351,8,6.5
"1529",11.0803493275402,29.5968741237407,8,6.5
"1530",10.922739108422,27.4569545536771,8,6.5
"1531",9.83668503645529,30.2712516970943,8,6.5
"1532",9.64106117787357,33.1426876166922,8,6.5
"1533",10.3464311066881,30.4038034884476,8,6.5
"1534",9.13166545054273,25.1212424139241,8,6.5
"1535",7.40562919493062,27.74479703942,8,6.5
"1536",6.08519073636687,29.6260860445295,8,6.5
"1537",8.04829761344981,28.102250559406,8,6.5
"1538",8.04571595148257,29.1457812854333,8,6.5
"1539",7.48588883980297,29.1816639425684,8,6.5
"1540",8.4936514295251,25.2812422153485,8,6.5
"1541",9.09714524670854,28.8972250156,8,6.5
"1542",8.49566030499197,25.1947173386142,8,6.5
"1543",8.69046348433019,29.4417104621716,8,6.5
"1544",8.42913436181212,28.9670575577373,8,6.5
"1545",10.571435262634,28.8415612907734,8,6.5
"1546",7.59036332546006,29.1440626395734,8,6.5
"1547",10.7317979028367,32.6362749272548,8,6.5
"1548",8.85680342795477,27.2673143504318,8,6.5
"1549",9.25790283370724,29.7521809295673,8,6.5
"1550",10.4136370058265,22.7424923811314,8,6.5
"1551",7.75181810519514,22.034166798086,8,6.5
"1552",9.81438568286399,31.4569124351823,8,6.5
"1553",6.3281458305831,23.6154726227278,8,6.5
"1554",7.12500595892147,22.1113064293811,8,6.5
"1555",12.0755388712775,31.5292747714966,8,6.5
"1556",8.39179995086129,28.464397188896,8,6.5
"1557",5.8667974255046,26.07711164057,8,6.5
"1558",6.84932833965784,25.4071197532406,8,6.5
"1559",8.41607995451386,27.625413360521,8,6.5
"1560",7.1885347881603,22.0902050253547,8,6.5
"1561",8.93780150811041,27.3691610703152,8,6.5
"1562",6.12798850335371,22.1018404364516,8,6.5
"1563",5.70508726087282,24.178660906846,8,6.5
"1564",9.1585840146745,24.4682221989268,8,6.5
"1565",6.49082309237323,27.3799767637126,8,6.5
"1566",6.72477041882095,25.9399917631653,8,6.5
"1567",5.63373769407584,23.6956683969467,8,6.5
"1568",8.32626409372197,22.7417491286583,8,6.5
"1569",9.36528920981283,29.6287078666069,8,6.5
"1570",7.50115890515756,23.2697973482786,8,6.5
"1571",8.29399749608148,28.2689978897664,8,6.5
"1572",8.49286944312609,29.1896099076909,8,6.5
"1573",7.50021826835372,28.9268662948112,8,6.5
"1574",5.64806237499181,29.154529867278,8,6.5
"1575",10.6616065223066,30.4381658884927,8,6.5
"1576",7.27939767899603,26.380980859335,8,6.5
"1577",5.49573377087766,24.9933143020505,8,6.5
"1578",7.65746924915238,29.9300439915181,8,6.5
"1579",8.40639547357624,25.5413024494637,8,6.5
"1580",9.97530916907892,29.8636644568436,8,6.5
"1581",5.66719433061597,23.7001752685251,8,6.5
"1582",6.81818504758111,27.8812600117686,8,6.5
"1583",6.193382926974,26.84289569052,8,6.5
"1584",8.09851225046681,24.8534838428951,8,6.5
"1585",11.0111242724281,27.3861312890146,8,6.5
"1586",8.3671458184597,23.9582784735776,8,6.5
"1587",7.1885375970651,28.598187530164,8,6.5
"1588",6.81941940917191,21.2808490439573,8,6.5
"1589",7.93682358402556,23.7321599992877,8,6.5
"1590",7.45328603482836,23.9489127105863,8,6.5
"1591",7.53779607702852,23.212861229569,8,6.5
"1592",7.17594427068961,19.1149038482605,8,6.5
"1593",6.88117909231563,25.9204777935661,8,6.5
"1594",9.06314258040356,26.7897242809191,8,6.5
"1595",7.07955865812475,27.1697301600591,8,6.5
"1596",8.20206316739366,26.2888651092516,8,6.5
"1597",8.06507617295897,26.7014608397956,8,6.5
"1598",8.14220245602723,25.6393773586862,8,6.5
"1599",7.37163139833662,28.4995839440375,8,6.5
"1600",6.24258816645859,27.8370373285752,8,6.5
"1601",10.2574768557882,31.2543614555669,8,6.5
"1602",7.6111132383696,30.5746879764203,8,6.5
"1603",5.55778970175318,28.4233562308465,8,6.5
"1604",5.96339202013852,21.0949027618432,8,6.5
"1605",10.2304179153202,28.1906784453624,8,6.5
"1606",4.72077442637433,21.1419823566589,8,6.5
"1607",6.88728991479845,28.5571350233064,8,6.5
"1608",6.52889768907004,22.0270931799599,8,6.5
"1609",10.5011415070857,31.4721489211085,8,6.5
"1610",7.82644542367217,22.5778910996966,8,6.5
"1611",8.54081479288885,25.9077949109835,8,6.5
"1612",8.50998081972415,30.3380901896297,8,6.5
"1613",9.61398876729938,24.9312962656926,8,6.5
"1614",9.06355367942658,30.5742302833748,8,6.5
"1615",9.05040750249268,26.1122757033349,8,6.5
"1616",9.27948348586521,27.7768893960369,8,6.5
"1617",7.55847879127159,25.5029056434476,8,6.5
"1618",5.95946593301577,23.2428250160838,8,6.5
"1619",8.00121093344735,26.3305776572277,8,6.5
"1620",10.0446581383931,29.9777505229725,8,6.5
"1621",7.95787925782637,26.0723231309654,8,6.5
"1622",7.71113386392528,22.0901425847165,8,6.5
"1623",7.55664854290811,23.63339043686,8,6.5
"1624",9.40077651513446,28.7386655494512,8,6.5
"1625",8.51918000156684,29.4332413462931,8,6.5
"1626",9.86024079167891,37.3160917342007,8,6.5
"1627",8.07784547442787,26.3883447043896,8,6.5
"1628",8.78995813129133,27.5928289845996,8,6.5
"1629",10.1904860551771,27.119990383354,8,6.5
"1630",9.28822378216392,30.8290545188737,8,6.5
"1631",7.41778168785732,26.8232711268549,8,6.5
"1632",7.19172456588056,23.4219622579832,8,6.5
"1633",9.35608520102784,29.115212506705,8,6.5
"1634",6.06187517110137,25.5276331856197,8,6.5
"1635",7.59865656962191,20.0988275678935,8,6.5
"1636",6.82831955050618,34.0560555302383,8,6.5
"1637",8.64979456851104,26.2047382435626,8,6.5
"1638",9.90454731656289,25.6851589224067,8,6.5
"1639",9.4216575177289,31.5574599957381,8,6.5
"1640",9.27687789506926,27.4751913560136,8,6.5
"1641",6.52048729946472,18.4593762050281,8,6.5
"1642",7.3966407924607,24.1638147893249,8,6.5
"1643",7.86278168893644,27.4916958894791,8,6.5
"1644",9.96904744299941,34.9777815268363,8,6.5
"1645",9.39467490235391,28.8910095610702,8,6.5
"1646",8.31713112156331,24.2937205869655,8,6.5
"1647",8.45715630288357,28.9529270606862,8,6.5
"1648",9.43483987121868,25.0312143295191,8,6.5
"1649",9.7175468853422,29.995253731287,8,6.5
"1650",6.42887920105038,27.9524134028076,8,6.5
"1651",7.77444469550866,22.1611948964139,8,6.5
"1652",6.46995462483586,27.6457606192297,8,6.5
"1653",7.69339445901909,26.6649029579354,8,6.5
"1654",7.81926878995066,27.843536131253,8,6.5
"1655",8.02846269842264,28.5409853352143,8,6.5
"1656",6.511145266372,26.1486155961267,8,6.5
"1657",8.40739819428104,25.2090378870272,8,6.5
"1658",8.38724877309258,29.7294245214066,8,6.5
"1659",7.76470325289517,24.6491025104096,8,6.5
"1660",8.69104977359163,26.9727054731789,8,6.5
"1661",8.68513468973131,28.2088741006359,8,6.5
"1662",6.85132706902697,27.9393642479103,8,6.5
"1663",6.54344548662863,28.9770187531748,8,6.5
"1664",7.70108394039154,25.7147737397006,8,6.5
"1665",7.4995687508245,27.9925646500592,8,6.5
"1666",9.20658222460008,26.8550124111683,8,6.5
"1667",8.3766103725969,24.2124213407722,8,6.5
"1668",7.49044692778302,28.7891298370037,8,6.5
"1669",7.55799975652247,23.8013763327108,8,6.5
"1670",8.32040610824337,27.1908640106299,8,6.5
"1671",6.29251888327375,21.1999554488974,8,6.5
"1672",8.0995375282796,28.0198583762318,8,6.5
"1673",6.50871933458007,25.3845594244037,8,6.5
"1674",9.90033346215225,27.0965496980267,8,6.5
"1675",8.23373304370462,27.8711792622431,8,6.5
"1676",9.15630981730971,25.9553256514402,8,6.5
"1677",6.8347294587049,26.8652526960151,8,6.5
"1678",7.7625397620542,26.4848033846797,8,6.5
"1679",5.81852527857016,22.6299913294541,8,6.5
"1680",6.1937862466222,29.6373306300895,8,6.5
"1681",8.71393837779089,29.9866173172301,8,6.5
"1682",8.89501134263421,28.6547259144391,8,6.5
"1683",6.95345151561603,26.1964604636728,8,6.5
"1684",6.7744145567433,27.9925444147411,8,6.5
"1685",7.62774933282378,30.6774006372874,8,6.5
"1686",7.55023194770344,29.0857424430335,8,6.5
"1687",9.025138420971,30.5573544745911,8,6.5
"1688",7.12165001920233,28.6403421779525,8,6.5
"1689",6.83965307510837,24.4121251115847,8,6.5
"1690",8.3155488795492,25.0926384663996,8,6.5
"1691",8.02325528100113,23.2749977992978,8,6.5
"1692",5.15240903507888,21.7998549776157,8,6.5
"1693",6.65686975638016,25.3071594874113,8,6.5
"1694",7.98311693654447,28.0199886631587,8,6.5
"1695",6.80205608821609,22.308770138803,8,6.5
"1696",4.29636086952036,25.2050306749665,8,6.5
"1697",6.88880918951472,24.1150209270758,8,6.5
"1698",4.95948774237368,24.9997340757097,8,6.5
"1699",6.78353819802102,20.1757222362406,8,6.5
"1700",9.37216601700635,31.7570168982034,8,6.5
"1701",8.8169912684401,32.0089497021317,8,6.5
"1702",6.29202845893482,27.3331576809504,8,6.5
"1703",9.02210610971262,26.7733106023189,8,6.5
"1704",5.67975294992725,20.640438256701,8,6.5
"1705",7.59498496199531,29.0635161526646,8,6.5
"1706",6.9354373305446,29.319697921247,8,6.5
"1707",7.84601075187741,19.3462891542264,8,6.5
"1708",8.98752319605563,23.9764206431451,8,6.5
"1709",10.061677677669,30.9658829128516,8,6.5
"1710",9.03460826252319,26.1481816387096,8,6.5
"1711",8.1422283259593,26.3749951055634,8,6.5
"1712",8.50680340485518,26.5839915397067,8,6.5
"1713",7.06631718772011,27.1892597076525,8,6.5
"1714",7.82791999187694,25.0275063145719,8,6.5
"1715",9.57270135721443,24.3416609993978,8,6.5
"1716",8.27621444697549,23.0649766787906,8,6.5
"1717",6.44605748124649,27.9055109668834,8,6.5
"1718",8.45870354465255,25.2107385442181,8,6.5
"1719",8.0860226737168,29.3050059513621,8,6.5
"1720",9.58428298927082,28.6159263800705,8,6.5
"1721",7.86767381727854,30.5521533112473,8,6.5
"1722",8.88396630806509,26.4841668033368,8,6.5
"1723",9.67483596001799,29.0027160877494,8,6.5
"1724",8.90124179782227,25.8718870915669,8,6.5
"1725",5.31124276100243,29.2033448139927,8,6.5
"1726",10.4566969681791,31.8675010484853,8,6.5
"1727",7.64789340867137,26.719040966145,8,6.5
"1728",8.72828306848759,25.0010497299004,8,6.5
"1729",6.36910416092417,25.4455380781063,8,6.5
"1730",7.75219900426269,25.6561306140181,8,6.5
"1731",8.51279559662761,26.0499675677364,8,6.5
"1732",9.86758441431698,27.6279679468631,8,6.5
"1733",7.51292056347714,21.7579498295985,8,6.5
"1734",6.31643694474552,24.6965069589749,8,6.5
"1735",6.51148784719447,26.7684046045491,8,6.5
"1736",11.3581118118401,29.1941268588324,8,6.5
"1737",7.1770275427467,27.8941443395974,8,6.5
"1738",7.71867324947969,26.9036229796285,8,6.5
"1739",6.92600117664041,24.3445076708307,8,6.5
"1740",9.07446366204895,24.3569229605246,8,6.5
"1741",6.91770240386886,29.67832285888,8,6.5
"1742",7.7842121231688,27.5725780807438,8,6.5
"1743",6.62193477864821,22.9716270092264,8,6.5
"1744",7.0437331289271,29.7590965283312,8,6.5
"1745",8.13415871446662,26.6583981217823,8,6.5
"1746",7.30630405876204,24.765718845393,8,6.5
"1747",5.37496685226961,25.6741306301947,8,6.5
"1748",7.10978232131989,30.8142333581389,8,6.5
"1749",7.62072340141784,28.5924067878254,8,6.5
"1750",8.4838440541858,26.2441692378845,8,6.5
"1751",7.41200353005012,27.3621666435319,8,6.5
"1752",7.23010724529994,28.2873092416294,8,6.5
"1753",5.59585019036227,24.074017106496,8,6.5
"1754",8.7619519637027,29.9953272680402,8,6.5
"1755",8.64262800547794,30.7175909875835,8,6.5
"1756",8.92523298294754,30.0421703967553,8,6.5
"1757",8.07995033286113,22.2465288618261,8,6.5
"1758",6.30825921503339,26.3554275144606,8,6.5
"1759",8.81584458731729,27.9204330464224,8,6.5
"1760",8.24568904346224,27.5893597136249,8,6.5
"1761",8.47059275482533,29.9896478385022,8,6.5
"1762",7.91449532414148,25.1119319637704,8,6.5
"1763",9.78461010968444,27.5869367867971,8,6.5
"1764",8.6411772387933,25.5742099220279,8,6.5
"1765",9.20598175104907,24.4769075326476,8,6.5
"1766",7.23376974434452,23.3921275149261,8,6.5
"1767",7.08176650563313,25.3445835969039,8,6.5
"1768",5.92169700518476,26.1775349073261,8,6.5
"1769",9.0194289887545,28.9579102815472,8,6.5
"1770",7.97978225229505,23.440670969421,8,6.5
"1771",8.0996583564012,22.6959388801889,8,6.5
"1772",9.38778151539357,24.1052156952708,8,6.5
"1773",8.86730242910927,26.3804975583852,8,6.5
"1774",8.09308092719992,25.2332566679899,8,6.5
"1775",10.0148830841732,29.5975820305747,8,6.5
"1776",6.51803869647502,25.1045568122663,8,6.5
"1777",9.44004917430262,27.3460786563054,8,6.5
"1778",7.81733534147088,24.8487729833072,8,6.5
"1779",10.2748733375335,29.887840728928,8,6.5
"1780",8.27142431398395,28.532693756111,8,6.5
"1781",7.11342139561302,24.7803122276857,8,6.5
"1782",8.37219545104569,31.235889576221,8,6.5
"1783",9.32678869349861,23.6654299723646,8,6.5
"1784",6.11457748323515,27.0911720042082,8,6.5
"1785",8.83185504424359,27.7664183196032,8,6.5
"1786",5.72433097431894,26.1937197549322,8,6.5
"1787",7.82363510984212,25.5303378546812,8,6.5
"1788",8.50353545597688,24.4144960089576,8,6.5
"1789",6.13145775150033,26.2496951764955,8,6.5
"1790",6.21524569811977,20.4769085085725,8,6.5
"1791",8.1024325093774,26.1925198909911,8,6.5
"1792",7.14102714730506,27.457697733931,8,6.5
"1793",7.66739580414114,25.7167844540148,8,6.5
"1794",7.94929315217727,30.6527384391273,8,6.5
"1795",8.30267159835325,31.1626038484543,8,6.5
"1796",8.10217215004128,25.9503655028639,8,6.5
"1797",6.41462278241412,23.1465471854005,8,6.5
"1798",8.00945428736431,25.9576361179358,8,6.5
"1799",8.18806541816216,25.7688671626297,8,6.5
"1800",7.87571705146465,28.7427786298302,8,6.5
"1801",7.75276488557955,27.4288060637957,8,6.5
"1802",7.08618281862656,23.5217880866027,8,6.5
"1803",9.03491904732713,27.9599763568517,8,6.5
"1804",7.31442795654489,23.0517264638469,8,6.5
"1805",5.17264481621379,31.4631636246386,8,6.5
"1806",7.21157716295421,29.7619459580631,8,6.5
"1807",8.45238522119376,25.9941260635554,8,6.5
"1808",8.38276434788947,26.8587292622808,8,6.5
"1809",7.89913631882159,22.9485754444658,8,6.5
"1810",7.43044512650008,23.5350030330318,8,6.5
"1811",8.20509073481986,28.3499509235839,8,6.5
"1812",8.52194025007773,23.7491991250875,8,6.5
"1813",4.52477489248283,27.7455939402192,8,6.5
"1814",6.77199075712972,22.0869216650985,8,6.5
"1815",9.01987229807877,27.8372099709325,8,6.5
"1816",8.4603283168932,28.8396017319004,8,6.5
"1817",7.80065558930852,27.9638552439149,8,6.5
"1818",7.44858146036029,25.1984676204635,8,6.5
"1819",6.80568817697842,23.6784446691151,8,6.5
"1820",5.90903811973116,27.5558294654105,8,6.5
"1821",8.22434733092296,32.8740624264237,8,6.5
"1822",6.86072410559241,26.8973103905603,8,6.5
"1823",7.87149857421154,30.2178072579787,8,6.5
"1824",8.3045091133329,30.9899055212835,8,6.5
"1825",7.42722606140834,26.1746928153655,8,6.5
"1826",7.56501719095919,21.5542344277896,8,6.5
"1827",6.4729114339212,27.1776099519278,8,6.5
"1828",5.95281552609815,22.781819948167,8,6.5
"1829",9.38697542773722,26.5505030382237,8,6.5
"1830",7.75029527670764,26.781821942119,8,6.5
"1831",7.23117653940037,23.0258930776503,8,6.5
"1832",8.71902835374066,26.9710995525604,8,6.5
"1833",9.26124655752355,29.5970073086647,8,6.5
"1834",7.44258173112288,26.6127877860155,8,6.5
"1835",6.93001890248158,24.2693063025205,8,6.5
"1836",10.4911186027381,29.3211494426629,8,6.5
"1837",7.76070950906436,32.5648769203982,8,6.5
"1838",9.97903258011557,30.8668857675316,8,6.5
"1839",7.65962987352994,27.7325380620982,8,6.5
"1840",7.95936152376812,26.4272996069128,8,6.5
"1841",7.79760583364982,25.8320764788267,8,6.5
"1842",6.23103097229459,26.8862650904283,8,6.5
"1843",8.10181622959098,29.2475465387602,8,6.5
"1844",8.27448208891327,24.734012791669,8,6.5
"1845",8.75702440693092,25.9236082023228,8,6.5
"1846",7.23862523782023,21.88463071455,8,6.5
"1847",7.25237213876804,28.7142831746547,8,6.5
"1848",7.80031880874833,25.2000275730971,8,6.5
"1849",8.35707089680268,26.9768592473024,8,6.5
"1850",7.60677680078711,23.2769671965065,8,6.5
"1851",7.55285924963685,27.1492562325377,8,6.5
"1852",6.96996309379242,27.5577390074785,8,6.5
"1853",9.17319528801076,27.1964488483395,8,6.5
"1854",7.95074194703645,31.2948867418788,8,6.5
"1855",9.74078627316307,28.0855381021964,8,6.5
"1856",6.32632454378228,29.2139520711095,8,6.5
"1857",5.70480613277207,25.6393169717683,8,6.5
"1858",6.25011981805277,26.4237768349824,8,6.5
"1859",6.48339097762668,25.8536183065742,8,6.5
"1860",6.79520053249659,23.8241005888783,8,6.5
"1861",8.33810843470216,23.5796905362124,8,6.5
"1862",7.84927134115648,30.5578419495634,8,6.5
"1863",7.59545155956036,24.5680796568001,8,6.5
"1864",6.19740804828798,25.4241798330853,8,6.5
"1865",9.39669542109388,27.4470514371747,8,6.5
"1866",6.16369741969346,24.5299724876605,8,6.5
"1867",6.82446241303224,19.4279928044058,8,6.5
"1868",8.01401598015273,26.1166103745384,8,6.5
"1869",6.69497464438062,26.9767329172937,8,6.5
"1870",7.37675839321638,26.7674946175361,8,6.5
"1871",6.7117677755541,27.076381159236,8,6.5
"1872",9.35898552645708,32.6587467050896,8,6.5
"1873",7.73062146058716,27.9797597281476,8,6.5
"1874",8.22392548982257,24.6763017440214,8,6.5
"1875",8.14757927747143,25.9066091403901,8,6.5
"1876",8.75387466911064,30.6097671887456,8,6.5
"1877",5.4260305078313,24.1871193762163,8,6.5
"1878",9.01812775740502,25.900277510957,8,6.5
"1879",8.79043486945896,24.5246826550462,8,6.5
"1880",8.85529905249272,24.9443525868908,8,6.5
"1881",8.0251367430655,27.8212869789085,8,6.5
"1882",8.1757704695489,27.0477607998853,8,6.5
"1883",8.64751192344053,28.7389247530013,8,6.5
"1884",7.3156757872529,26.3022987078861,8,6.5
"1885",6.2967242737145,24.0081543205019,8,6.5
"1886",7.22683418801598,24.0121359398148,8,6.5
"1887",7.52868241415102,28.7840958211967,8,6.5
"1888",9.8363089414933,28.833535250946,8,6.5
"1889",6.8195437624764,25.301738264675,8,6.5
"1890",9.72316098594252,28.1245821106516,8,6.5
"1891",6.83106186261926,26.7241351054289,8,6.5
"1892",8.95476271797307,23.8260523417713,8,6.5
"1893",7.19925949283617,24.8588379236233,8,6.5
"1894",7.27432975547203,26.7481188846357,8,6.5
"1895",8.15844385525975,27.4450648233983,8,6.5
"1896",9.51547564574523,33.7797199787559,8,6.5
"1897",9.2530243047103,27.5435630732867,8,6.5
"1898",6.92423258005264,23.3695869424291,8,6.5
"1899",6.81639850153963,29.6515967598005,8,6.5
"1900",8.43222978952865,23.4500592699103,8,6.5
"1901",7.2960548440752,29.3527606146866,8,6.5
"1902",9.59123535380138,23.4873789345192,8,6.5
"1903",8.81884207363244,25.6858822942763,8,6.5
"1904",8.75442860655814,27.5994004101076,8,6.5
"1905",10.4436190475534,31.3651179991086,8,6.5
"1906",7.84385475706612,25.7980353510991,8,6.5
"1907",8.85496413231259,36.0048538380506,8,6.5
"1908",7.6818723380936,27.6089312109921,8,6.5
"1909",8.3057272691699,25.2178679418792,8,6.5
"1910",8.25487863930563,24.6493032959265,8,6.5
"1911",9.46365089587371,29.3756829813071,8,6.5
"1912",10.3531396524665,26.6464324131877,8,6.5
"1913",10.0581319090492,28.8073933391684,8,6.5
"1914",7.33997691201885,26.3337423525757,8,6.5
"1915",7.01163462447167,23.2750256032748,8,6.5
"1916",7.50681379383359,27.6830801755005,8,6.5
"1917",5.76271841546034,19.2228165995855,8,6.5
"1918",6.81987017602458,29.0130885500344,8,6.5
"1919",9.11003831861417,31.4513822118284,8,6.5
"1920",6.19029888671186,26.1090179787462,8,6.5
"1921",9.19498535621083,26.0263614058721,8,6.5
"1922",8.38972714324151,26.955707277566,8,6.5
"1923",9.2491963280558,26.0605376333699,8,6.5
"1924",6.5923262842139,27.9811094385348,8,6.5
"1925",8.46600217190808,26.7865884054583,8,6.5
"1926",7.0722522663345,25.8438850925097,8,6.5
"1927",7.58772394955185,26.8482044324303,8,6.5
"1928",7.86846756262746,23.389454630026,8,6.5
"1929",7.54863754763641,25.7276375726687,8,6.5
"1930",8.23138544623669,27.5511658175069,8,6.5
"1931",6.55157311023813,24.2042896957629,8,6.5
"1932",8.82414217096844,26.4231292412347,8,6.5
"1933",9.94712385827796,31.6641965785311,8,6.5
"1934",8.56366544397611,27.7658626509522,8,6.5
"1935",7.81737965825736,27.1686005556184,8,6.5
"1936",7.92910476047931,25.7577947060921,8,6.5
"1937",8.87227188514272,24.9385185468506,8,6.5
"1938",7.35088055885387,21.7695206472655,8,6.5
"1939",6.8173705098115,25.237859140723,8,6.5
"1940",8.4820038502912,29.1769042204464,8,6.5
"1941",7.93715747602806,27.8780411458918,8,6.5
"1942",7.72414471286242,25.5299075572518,8,6.5
"1943",5.5629563528771,25.9770227111717,8,6.5
"1944",6.84916149714651,24.930811217233,8,6.5
"1945",6.89247962209463,26.9848238168342,8,6.5
"1946",7.0772968995057,28.1014664766218,8,6.5
"1947",8.00472116402474,21.0046844453973,8,6.5
"1948",5.8879386578674,25.6451714131557,8,6.5
"1949",11.3673313121081,28.5415634504003,8,6.5
"1950",7.79366264416102,25.2264122845979,8,6.5
"1951",8.305092382509,26.1378802485102,8,6.5
"1952",7.05305380807196,27.5879634689648,8,6.5
"1953",7.94646845391401,30.32913845241,8,6.5
"1954",8.28662230811031,24.0831259797322,8,6.5
"1955",10.1435760276902,27.0977466523971,8,6.5
"1956",6.94722260037211,28.0200713878553,8,6.5
"1957",6.77620588075106,27.3178898026615,8,6.5
"1958",8.31797022184298,23.2470291423896,8,6.5
"1959",7.68746508478698,26.9561657754882,8,6.5
"1960",8.91301810234261,25.6720536074514,8,6.5
"1961",6.96223747143658,26.5075217800676,8,6.5
"1962",8.54427489577344,28.5672592946851,8,6.5
"1963",6.5298225683202,25.6417687259628,8,6.5
"1964",7.78112895548579,23.2322021928801,8,6.5
"1965",7.89337678032979,33.0881044393138,8,6.5
"1966",10.4867766782801,25.1106907313964,8,6.5
"1967",8.83248776359653,26.2505474415407,8,6.5
"1968",8.35718675660228,29.1375974475823,8,6.5
"1969",8.49839937479098,25.1849063848264,8,6.5
"1970",8.81789239418652,26.8644609625983,8,6.5
"1971",8.32329164453364,25.9155051828044,8,6.5
"1972",6.89279456086832,26.6046211162994,8,6.5
"1973",8.25121952176857,31.6733097134675,8,6.5
"1974",7.2821914771683,22.7904091367468,8,6.5
"1975",8.32924149687263,25.9363310620016,8,6.5
"1976",7.61456855163673,29.057476357848,8,6.5
"1977",6.05625061776809,25.4733598320183,8,6.5
"1978",8.82382719418888,29.4198842681491,8,6.5
"1979",7.24919809890315,25.9579553893337,8,6.5
"1980",7.92137096012483,29.7818687134602,8,6.5
"1981",8.96882699306583,25.4534099074277,8,6.5
"1982",6.31638393100375,23.9607828155226,8,6.5
"1983",6.30583062408615,27.8315519434621,8,6.5
"1984",9.56595624514549,28.3984895053854,8,6.5
"1985",9.68249985770402,31.2749431936629,8,6.5
"1986",6.83746466630971,25.9227624559637,8,6.5
"1987",8.44985420993522,31.050153608122,8,6.5
"1988",7.23919643786142,29.2127364039672,8,6.5
"1989",7.32557969549756,23.4436962757566,8,6.5
"1990",11.3128604085208,29.8318700006983,8,6.5
"1991",6.12090353583081,27.2790745773854,8,6.5
"1992",6.15864079570337,25.1387447621616,8,6.5
"1993",7.08858093626547,22.7030232919575,8,6.5
"1994",8.8701483756445,26.9888810967564,8,6.5
"1995",8.11150935762411,30.0223122385511,8,6.5
"1996",8.19395041354757,24.1314422191625,8,6.5
"1997",6.20234427321009,28.3052734712005,8,6.5
"1998",7.33664221874197,26.0636808333967,8,6.5
"1999",7.10902155128801,32.7073664249819,8,6.5
"2000",8.90781795067139,27.4573992064477,8,6.5
