"X1","X2","component","subcomponent"
"1001",6.32779195967685,7.21975706656648,1,1
"1002",4.98361599716623,0.559372810815403,1,1
"1003",3.41692096896773,7.01284621028855,1,1
"1004",5.42628567094577,2.7287571533475,1,1
"1005",6.10327567165243,2.39331560999163,1,1
"1006",7.63558841740253,0.190571944164735,1,1
"1007",5.10351758703409,5.53612639493947,1,1
"1008",1.61833633384507,5.45707441815494,1,1
"1009",7.49548102747053,6.80541735555453,1,1
"1010",7.39818449176747,7.81086239353762,1,1
"1011",5.57950153420606,6.20192676628181,1,1
"1012",8.87783547505008,6.94188520647616,1,1
"1013",6.62140943401913,0.39564095636995,1,1
"1014",6.41332762372354,0.95255451273087,1,1
"1015",6.27445668241032,5.38810936439131,1,1
"1016",8.45142518208192,3.51974754889039,1,1
"1017",6.44498106635289,4.81296686125106,1,1
"1018",4.7556743044937,7.02857116196733,1,1
"1019",7.51657432566898,3.39366432255885,1,1
"1020",5.49259195590903,3.42226738929599,1,1
"1021",6.03883328467075,1.56907777675862,1,1
"1022",5.79932168199983,3.08359966942192,1,1
"1023",7.19171949192109,5.95402022364664,1,1
"1024",6.17644904538336,5.1608621100428,1,1
"1025",6.27206769820281,4.36987208994513,1,1
"1026",8.20285443033377,4.32343924226383,1,1
"1027",6.62846309732184,4.02936605183354,1,1
"1028",9.69065823047291,4.4252877623783,1,1
"1029",7.13200851694839,3.42869574870575,1,1
"1030",7.33530694923524,4.87026086590432,1,1
"1031",5.87398044910633,7.07462906501326,1,1
"1032",11.3869908522355,9.14669241236353,1,1
"1033",6.32018862288501,4.05628249759995,1,1
"1034",4.46605364965114,3.42251147413237,1,1
"1035",3.5463591128165,5.44216223611284,1,1
"1036",2.72653170208915,1.79969928871009,1,1
"1037",7.38716556435585,2.11351624327981,1,1
"1038",8.11332914041221,2.5193354224614,1,1
"1039",3.29506065390084,4.04105412261563,1,1
"1040",5.85802388595697,3.32683993819301,1,1
"1041",8.10311955476303,4.47680748327958,1,1
"1042",8.27803797525831,4.08825948751698,1,1
"1043",8.31006842052959,6.37815408189935,1,1
"1044",4.97704422963385,1.83856308103753,1,1
"1045",6.09007632304795,3.66831902813015,1,1
"1046",-0.717564163721485,3.14324752721947,1,1
"1047",1.96396300216368,4.32895468589832,1,1
"1048",5.40361522450856,3.97159320036951,1,1
"1049",3.22969684868724,4.15035427439133,1,1
"1050",5.43613143057569,1.63367143109593,1,1
"1051",5.27150513432533,8.37775653208531,1,1
"1052",3.46679495042912,2.388369097701,1,1
"1053",5.35618245611287,6.90501689656613,1,1
"1054",5.03398831841421,5.07334982896289,1,1
"1055",5.55629767705007,2.30468049371146,1,1
"1056",1.14537276910999,5.33049631748461,1,1
"1057",4.13095686150139,4.66098709897044,1,1
"1058",6.53278032733911,3.05887843430882,1,1
"1059",11.020489080186,7.23177599370892,1,1
"1060",5.40959172289014,2.69519686555966,1,1
"1061",4.59412540154811,2.5255654285628,1,1
"1062",8.36596760408423,1.64548320905753,1,1
"1063",4.15512227728067,1.74801501537761,1,1
"1064",3.35148454320999,5.6421050370966,1,1
"1065",7.05872504609482,6.57150144089048,1,1
"1066",5.69513457040175,3.125415993735,1,1
"1067",7.30353055031123,4.94568732137276,1,1
"1068",4.73773642504856,4.68829390486138,1,1
"1069",6.40490037891484,3.587751437406,1,1
"1070",4.64551491959626,2.50190728223064,1,1
"1071",7.75599575587529,4.89163303774878,1,1
"1072",9.11728394447096,4.75000495147775,1,1
"1073",6.40419040797027,4.6715493018273,1,1
"1074",9.11745239720883,5.23121678430273,1,1
"1075",9.23981159633341,4.16108139627115,1,1
"1076",3.29221498751744,3.97649249561887,1,1
"1077",8.02303021001123,2.8720107843547,1,1
"1078",7.690685696933,4.76938521061962,1,1
"1079",6.4195756723778,3.18263160668425,1,1
"1080",5.85220745382223,4.51669167027576,1,1
"1081",7.32147131376022,4.44950418043203,1,1
"1082",-0.338995015718048,3.49499490136818,1,1
"1083",11.1903474020902,5.63520212738232,1,1
"1084",3.64550546963107,5.67872276936913,1,1
"1085",3.961246345626,2.22139558165607,1,1
"1086",2.50000554177942,4.01701263786501,1,1
"1087",5.73844713889201,4.76569661103003,1,1
"1088",8.84690732196768,4.43376145937741,1,1
"1089",1.41465364446594,3.88640460317342,1,1
"1090",2.02600771516162,3.02550251638088,1,1
"1091",4.26188637234825,6.05637535550116,1,1
"1092",8.87934258511695,3.7344260195693,1,1
"1093",1.81400928454984,1.40309321511653,1,1
"1094",7.61371041064272,3.66003193329938,1,1
"1095",8.2821062016113,2.68272562160279,1,1
"1096",9.76024714706038,3.48589271198151,1,1
"1097",7.50251781349985,3.64924094586758,1,1
"1098",4.58231793646085,4.64791097445998,1,1
"1099",5.67185376801319,6.07812582860518,1,1
"1100",8.29483867045623,3.82055295337008,1,1
"1101",9.94020658927606,5.81623586560588,1,1
"1102",7.01505152965971,6.85645152601338,1,1
"1103",4.59427221796102,4.34909535948241,1,1
"1104",7.53445511290877,4.92635643949449,1,1
"1105",4.964135417672,2.42439096096898,1,1
"1106",6.87400300865578,4.83729305331921,1,1
"1107",6.72288558763734,4.6348147516542,1,1
"1108",7.4742554322441,3.5442821164225,1,1
"1109",8.79648981890237,3.27522371256105,1,1
"1110",8.14473764617525,2.30641558502362,1,1
"1111",8.3466890406421,4.46012020459092,1,1
"1112",5.08743972175074,5.86707600759105,1,1
"1113",8.35769783172177,5.0492574056789,1,1
"1114",7.76140920717529,5.05099977714692,1,1
"1115",6.80836803401076,1.47066904594497,1,1
"1116",4.70365138359995,5.89339415293509,1,1
"1117",10.3128122418921,3.39248683852694,1,1
"1118",4.1510162735808,4.76332924680184,1,1
"1119",4.81834016689384,1.13914241203424,1,1
"1120",5.86334988862716,2.26624206748338,1,1
"1121",4.07768295793884,4.51578678402287,1,1
"1122",7.97896753123505,2.97715716875378,1,1
"1123",6.0201433975011,3.30920805324194,1,1
"1124",5.67540661567288,6.93943304392849,1,1
"1125",5.12773309482545,3.95251518858141,1,1
"1126",6.65597192849157,5.43979514749791,1,1
"1127",2.93372782906724,2.23424740028021,1,1
"1128",3.97589125883252,2.20037773891676,1,1
"1129",4.87258260355026,2.06626956904199,1,1
"1130",6.15378200974567,6.57620692951432,1,1
"1131",7.70893076451606,3.23246434182284,1,1
"1132",6.76599961678158,0.723978243807519,1,1
"1133",3.80130677508035,3.82377199937756,1,1
"1134",6.12249365689057,4.09531737650074,1,1
"1135",10.7320130146926,2.91991257780781,1,1
"1136",7.53733987215848,-0.541460988791263,1,1
"1137",7.65433628483494,1.28915711847172,1,1
"1138",6.66389322115318,3.11675570543783,1,1
"1139",0.895342607397569,3.78456798835719,1,1
"1140",5.35984897320898,4.24158849491082,1,1
"1141",7.92817119752543,6.82266357959713,1,1
"1142",5.73169308765559,1.9951848503956,1,1
"1143",7.26127400671844,3.25710844934151,1,1
"1144",11.7616705430466,5.1686725386165,1,1
"1145",11.1741926638723,2.65447428082722,1,1
"1146",6.15080425465258,1.22729126114649,1,1
"1147",2.21758286747672,4.6767821876705,1,1
"1148",6.13066108284919,3.5108338542869,1,1
"1149",7.27898664068343,2.36329747275883,1,1
"1150",9.17235261748897,3.9927624949325,1,1
"1151",5.28280653660467,3.94786589029469,1,1
"1152",7.25507866510926,2.03673441117851,1,1
"1153",7.98755642434374,8.24317135377815,1,1
"1154",10.9893375593386,0.272679414009249,1,1
"1155",6.71906565109374,4.83491893264118,1,1
"1156",5.33950865756806,4.16515412934219,1,1
"1157",2.89242451103968,3.33960787768746,1,1
"1158",5.98842017710299,4.60095618568883,1,1
"1159",8.51178934005937,3.43894383836333,1,1
"1160",5.92814386551331,3.09533143573505,1,1
"1161",8.17966802168471,4.41939960927633,1,1
"1162",7.18232554080686,5.45116400987669,1,1
"1163",4.56942612486079,5.09354785140943,1,1
"1164",5.4466763760057,1.94924609284918,1,1
"1165",5.34858701460842,1.99871559560087,1,1
"1166",8.18468830015186,4.02449460086039,1,1
"1167",3.12630154859258,6.09748496255645,1,1
"1168",7.35014467725218,2.42055573975086,1,1
"1169",6.5525509960783,5.05402104324709,1,1
"1170",5.34145291627102,3.07003065045002,1,1
"1171",8.57593707487255,3.48564851930655,1,1
"1172",10.23463718952,2.8140808429587,1,1
"1173",6.35915705747915,5.81353505411466,1,1
"1174",8.02071746193705,2.81156837925315,1,1
"1175",4.97777014892328,4.11260562700086,1,1
"1176",5.08217452645031,2.51673027491881,1,1
"1177",8.72535498363444,2.82819861263718,1,1
"1178",7.66629408257025,2.82686834194887,1,1
"1179",6.4694009596624,4.99150913179263,1,1
"1180",4.77660471550288,0.913458311728324,1,1
"1181",7.21868175257303,6.99211265088484,1,1
"1182",10.0059321600666,3.90136063520996,1,1
"1183",7.2471629768976,4.19553070827897,1,1
"1184",3.55654964821256,3.98716608051772,1,1
"1185",7.51531467994847,3.53409139049605,1,1
"1186",7.28682042842268,2.80167275426556,1,1
"1187",5.44408120670284,4.36232692617381,1,1
"1188",4.70810358178425,6.72851992351189,1,1
"1189",0.8937042665399,2.77017506597795,1,1
"1190",5.55922864549294,4.01370796365178,1,1
"1191",8.35688639582203,3.92423792875156,1,1
"1192",2.90294914228047,1.72043521269439,1,1
"1193",9.44021576857321,4.99745357897917,1,1
"1194",4.3842949331742,4.03173673136146,1,1
"1195",4.99973764504524,1.03814988459852,1,1
"1196",4.42482940556403,3.65754217410572,1,1
"1197",2.95692137500745,5.79533063078037,1,1
"1198",5.2829460685712,5.36112859221105,1,1
"1199",8.37390914943076,5.56549888196852,1,1
"1200",1.24620233580824,1.6796525561834,1,1
"1201",4.20191103131961,3.70732848788715,1,1
"1202",10.2097989102117,0.108186071283294,1,1
"1203",7.63255556539295,3.90766912672015,1,1
"1204",8.18892574215893,4.83464394535566,1,1
"1205",2.81388852814141,3.84728581058314,1,1
"1206",2.55208954445767,1.74099746952229,1,1
"1207",3.3099850292786,1.18642833676268,1,1
"1208",5.64994545109563,6.23529085860253,1,1
"1209",5.17650278554042,2.92502216697954,1,1
"1210",-0.437961640272259,4.17435546440569,1,1
"1211",5.64898431015119,4.02981431750584,1,1
"1212",3.50387371570174,2.93911129848674,1,1
"1213",8.73540581278285,5.61447646539151,1,1
"1214",5.36883042078479,3.54422366954537,1,1
"1215",4.65632066209814,4.71168539696157,1,1
"1216",5.26391930162558,1.11975289889395,1,1
"1217",9.3543769381027,4.77114350586333,1,1
"1218",1.8271514565362,0.907425585341597,1,1
"1219",4.42688911805426,4.28079546390844,1,1
"1220",5.13396920892639,3.02501600085432,1,1
"1221",5.63836512094221,1.09503513494392,1,1
"1222",2.80980256132756,4.79108683724424,1,1
"1223",3.32511040670037,6.10804438420518,1,1
"1224",2.71860859770203,2.18986754329474,1,1
"1225",5.28975559835955,1.44326404369893,1,1
"1226",5.223684968112,6.97100533644891,1,1
"1227",3.56427267312633,6.47810166257286,1,1
"1228",4.87026780494307,1.51614301449406,1,1
"1229",5.41192904982617,0.448816685368073,1,1
"1230",5.55731183641382,4.8900571839198,1,1
"1231",6.57360661632574,5.80295071250139,1,1
"1232",7.48980629378388,5.05656313815329,1,1
"1233",5.73045441349007,1.11984455567968,1,1
"1234",6.98425828409605,2.36266734937412,1,1
"1235",6.58152292067721,4.32921150640993,1,1
"1236",4.16400851192525,4.76230683761232,1,1
"1237",5.21571089403805,3.20539586182929,1,1
"1238",1.18569520284997,3.75261866431724,1,1
"1239",5.806300818945,5.71566851823811,1,1
"1240",9.53546879907676,0.406256082100783,1,1
"1241",7.99514759204581,4.92367777078083,1,1
"1242",8.59269330084103,2.6712258254581,1,1
"1243",5.22946726216464,4.41143460215489,1,1
"1244",4.95623646943181,3.44381195646764,1,1
"1245",6.73491515909653,5.47216825365455,1,1
"1246",2.43719209986207,3.26675356767493,1,1
"1247",7.14458757573892,6.19814098866576,1,1
"1248",6.95433273384736,7.55597470267937,1,1
"1249",8.75896141267152,1.7013865305944,1,1
"1250",5.80731093470277,5.52855849676717,1,1
"1251",8.71522340222366,2.37605344700905,1,1
"1252",8.07318980593414,4.15047282211405,1,1
"1253",9.01225868007531,0.56765588023658,1,1
"1254",3.56557901621875,3.46007572967065,1,1
"1255",6.88789674788927,0.336683742804731,1,1
"1256",0.851723683692835,4.44548076084342,1,1
"1257",6.35835196828808,3.5917859444407,1,1
"1258",3.23505047686667,3.56724749107859,1,1
"1259",7.05107647784918,4.42887879791359,1,1
"1260",7.40812909119273,3.95132015064594,1,1
"1261",9.11075188967542,4.95299106217699,1,1
"1262",9.44486738495491,5.1307168979481,1,1
"1263",6.23905650729485,6.49414365447815,1,1
"1264",3.13801640541278,5.78963334748561,1,1
"1265",6.58998327380211,2.36695840290577,1,1
"1266",9.02780776411028,5.86653808618764,1,1
"1267",4.09393368554295,4.73985748750901,1,1
"1268",7.45433269343515,5.62193533072281,1,1
"1269",3.24455693105105,5.81091851883773,1,1
"1270",3.71297483620991,1.29533533039007,1,1
"1271",8.89617559628753,5.28104982972339,1,1
"1272",3.82632730897956,4.20761836771635,1,1
"1273",5.38366451253863,1.31314981498601,1,1
"1274",7.09709970034443,3.14791810425078,1,1
"1275",5.61118652953579,3.12459037898178,1,1
"1276",8.5274584482965,3.70402171480536,1,1
"1277",2.62448213431459,4.5737782333058,1,1
"1278",4.56235737543101,5.81517593546153,1,1
"1279",7.60240425470888,8.13992452607457,1,1
"1280",7.5175813465376,7.50864772537254,1,1
"1281",5.10570417282524,4.49693416216456,1,1
"1282",3.31929121791234,2.12937911510053,1,1
"1283",8.58693966371263,5.8546684277117,1,1
"1284",6.66494796457818,1.95397288143378,1,1
"1285",6.54327262507741,2.05019983430789,1,1
"1286",4.10591182575677,5.13540851721621,1,1
"1287",5.19749573827657,4.78383726593708,1,1
"1288",4.27868033154922,3.00969283324624,1,1
"1289",7.27893771085301,1.83481673142164,1,1
"1290",-0.537570490706091,5.31263669469694,1,1
"1291",3.63354860790729,0.0385861588956127,1,1
"1292",5.91307284201929,4.83002699729588,1,1
"1293",5.86786491246923,6.88062495694281,1,1
"1294",6.65838671866317,3.67023676038725,1,1
"1295",9.18003117499296,0.426155783061456,1,1
"1296",6.00777157048711,4.31754389879052,1,1
"1297",11.4848867605125,2.9554842238036,1,1
"1298",6.3469001429744,3.10282987570175,1,1
"1299",4.14016877210574,3.19993206757686,1,1
"1300",2.20655215166957,5.05725224285928,1,1
"1301",10.378151402086,1.51398222212278,1,1
"1302",7.7216313699028,1.26619344878707,1,1
"1303",5.39985429367405,5.85968834653306,1,1
"1304",3.68931048719986,5.27373415448535,1,1
"1305",5.63273540107371,5.17513147426137,1,1
"1306",4.07795967176251,5.19104530843004,1,1
"1307",1.96369338962767,3.78927060815887,1,1
"1308",4.76451215963293,3.84261563015451,1,1
"1309",3.87026571076524,4.5636920872743,1,1
"1310",8.01443515642471,3.04034246236028,1,1
"1311",10.4098587656524,4.02449056063263,1,1
"1312",6.99539378525994,1.54440541420607,1,1
"1313",6.11825531038089,3.36834415679915,1,1
"1314",6.92535664001445,6.16309960855446,1,1
"1315",3.54117684909751,5.59274081383839,1,1
"1316",5.65589644111978,4.31471789974458,1,1
"1317",10.4095229821454,5.39558763599894,1,1
"1318",6.30095307577463,2.90654542963003,1,1
"1319",5.90405689489939,3.60344484115417,1,1
"1320",4.95196562918306,3.86653510651746,1,1
"1321",4.35062466822684,6.14556192041606,1,1
"1322",4.91761888901928,4.31617873616501,1,1
"1323",7.18045638360049,4.28332620674082,1,1
"1324",8.45527004220909,4.94962585771207,1,1
"1325",7.17437069633711,5.63723346699869,1,1
"1326",3.23243504566842,1.87952743352234,1,1
"1327",6.61028288575762,4.75574422555745,1,1
"1328",8.31471937930335,3.08833114217716,1,1
"1329",8.53185480485141,4.51301910609552,1,1
"1330",8.03336973649617,2.04653960612244,1,1
"1331",6.76407122397558,1.53772304911005,1,1
"1332",5.74900938587319,2.86064307161793,1,1
"1333",8.11936746569618,3.88953385289572,1,1
"1334",6.2691251957922,4.66371528094901,1,1
"1335",10.3043192779399,4.25143761757849,1,1
"1336",5.43757551566616,2.06512169101124,1,1
"1337",7.80631369104505,3.0484924595561,1,1
"1338",6.52683984865905,3.66716766770523,1,1
"1339",2.93597304855594,4.08723966482365,1,1
"1340",2.98662533044424,4.05187329046021,1,1
"1341",6.52280646987907,3.06041348738548,1,1
"1342",5.97163809050732,5.14887986283688,1,1
"1343",5.29800540385659,5.40647653797999,1,1
"1344",3.21239343996194,6.48996916386134,1,1
"1345",4.41873225479557,3.10150850729706,1,1
"1346",3.22436961527581,3.72176885212007,1,1
"1347",6.08586590115971,1.4910455644128,1,1
"1348",4.84447662747775,3.97790841617133,1,1
"1349",5.4125391625642,2.17900732424507,1,1
"1350",9.37018186446785,5.01916843896246,1,1
"1351",7.62430153330957,5.12541431897151,1,1
"1352",6.80193096792993,2.41221017802692,1,1
"1353",5.60964212651911,3.99350427812615,1,1
"1354",6.15140885756224,3.38386032157993,1,1
"1355",2.78965329315344,6.52089492539511,1,1
"1356",6.34185284029631,4.92845037510722,1,1
"1357",6.78167345891802,3.33278061638775,1,1
"1358",5.46966663860642,4.75597088759111,1,1
"1359",4.30229115367848,5.07840547638885,1,1
"1360",7.45188817262277,-0.196506471103254,1,1
"1361",3.70926123043069,0.710805355077816,1,1
"1362",5.64159190973801,3.30648037355242,1,1
"1363",6.83926234984264,3.05988392450543,1,1
"1364",7.87438851750134,1.78050483356021,1,1
"1365",4.16729415826062,3.72682069177019,1,1
"1366",3.83791914701976,4.29795110272601,1,1
"1367",8.54081703277155,4.30123217703349,1,1
"1368",5.1798661076941,2.77362337063654,1,1
"1369",5.73521166204481,4.03756150452473,1,1
"1370",7.28016535453011,3.09352284930432,1,1
"1371",7.19132348811679,4.23264842200422,1,1
"1372",7.78650086117119,4.41494352214398,1,1
"1373",5.0307101655266,5.88911365439869,1,1
"1374",4.83157766918599,3.07387035864651,1,1
"1375",5.01391284449967,5.36550059474706,1,1
"1376",6.89663158433283,3.20132342461891,1,1
"1377",6.27877138229695,4.16996835369438,1,1
"1378",7.86366226887139,6.79275364271592,1,1
"1379",5.80812481485572,4.58190304190387,1,1
"1380",6.808304021192,1.43235346580576,1,1
"1381",5.8511604647992,1.20314749220534,1,1
"1382",8.08808987309097,2.77304611247193,1,1
"1383",3.47174593567613,3.60700981574247,1,1
"1384",5.74655878827584,3.05306454663523,1,1
"1385",8.19228075910717,2.59969186121824,1,1
"1386",8.14669300614953,5.46717501280411,1,1
"1387",4.56563283767283,3.06285322055588,1,1
"1388",6.16288793641211,1.30621235068157,1,1
"1389",3.70709712046999,5.32017647703949,1,1
"1390",6.16860620769144,3.87996219611874,1,1
"1391",4.88460919510093,3.50789824508353,1,1
"1392",4.31714776058642,5.23588314609353,1,1
"1393",6.40641941713822,2.48251847767886,1,1
"1394",5.99994070406326,4.58044593476767,1,1
"1395",5.60378226150262,3.68234578598459,1,1
"1396",6.9840999155382,2.83444285415635,1,1
"1397",8.89176510879606,2.32130978478823,1,1
"1398",9.60088642833293,2.79194222471417,1,1
"1399",7.41809383662662,3.17381180209379,1,1
"1400",5.1682717069792,4.68396420909518,1,1
"1401",8.83716765527799,5.2730881347224,1,1
"1402",4.78759963858533,2.95901536465925,1,1
"1403",7.98299950677581,4.92919820121328,1,1
"1404",4.29564531305677,2.82915182203807,1,1
"1405",7.1084140230088,4.49285751565247,1,1
"1406",5.59280438636907,1.60080012182805,1,1
"1407",1.71108745465821,4.9332575392575,1,1
"1408",5.63184840011832,1.13198369115563,1,1
"1409",9.6404366293429,4.91367079839314,1,1
"1410",4.23646905560809,4.06017225947258,1,1
"1411",1.40758747022056,4.67600390996121,1,1
"1412",1.88145670689352,4.05427058906143,1,1
"1413",3.90180253723351,2.22992684271145,1,1
"1414",6.16069584602321,3.0017545588214,1,1
"1415",5.05924789009153,2.12563704477949,1,1
"1416",5.56565771323996,3.17728033129702,1,1
"1417",5.25585390930678,3.17169355174188,1,1
"1418",7.28990377722376,3.07629739362275,1,1
"1419",7.97172516120944,6.41985010498959,1,1
"1420",1.87967885985461,5.70135187558349,1,1
"1421",3.03203791574251,5.53280696079045,1,1
"1422",7.79297765583902,2.05296265156656,1,1
"1423",6.87972274129893,2.94855502230589,1,1
"1424",5.21575076212356,3.77880906725993,1,1
"1425",7.7028330993269,5.38332370534848,1,1
"1426",6.76978207818556,6.65696543895501,1,1
"1427",4.33049169613698,2.18720862252496,1,1
"1428",4.28909793026561,3.44544880915231,1,1
"1429",4.51827975293435,3.42874845355107,1,1
"1430",6.01064382885111,3.21595844720426,1,1
"1431",6.80714730183188,4.69772525814665,1,1
"1432",3.88452111362968,4.38942555810928,1,1
"1433",8.26828583145095,1.86513128021524,1,1
"1434",1.8947931368071,5.06967812609244,1,1
"1435",3.02245180994637,5.36510439324872,1,1
"1436",8.37462189864641,5.434382892885,1,1
"1437",4.6307670699841,4.34788547370856,1,1
"1438",6.04122787096304,4.29248780685232,1,1
"1439",7.34041560317507,2.3016841085262,1,1
"1440",6.99483417958563,3.54667983756513,1,1
"1441",5.61265312209369,5.0712866745609,1,1
"1442",6.95710347305856,2.72994945976588,1,1
"1443",8.58170033556764,2.91427958116091,1,1
"1444",8.24901778520733,3.98904869542321,1,1
"1445",3.97575624473086,4.86721359841259,1,1
"1446",7.06649756773749,5.25364984643795,1,1
"1447",2.84850725490522,5.48300109219701,1,1
"1448",0.938177894962481,4.1629686737803,1,1
"1449",7.44648512250259,4.6642388397797,1,1
"1450",5.42577327251413,4.9894155621143,1,1
"1451",6.70563534818293,7.91077759845619,1,1
"1452",5.76495379651515,4.53298037884915,1,1
"1453",9.18000343858511,1.39727868961328,1,1
"1454",7.27632545040991,5.64140093510429,1,1
"1455",3.44882132701541,1.34445230272468,1,1
"1456",11.5248950275885,4.14308017471423,1,1
"1457",5.02316368140798,2.22398870004788,1,1
"1458",2.06843393148593,1.21712572343876,1,1
"1459",8.83232454294736,1.89652933019642,1,1
"1460",7.5674393923371,5.91824147327221,1,1
"1461",5.43047126179234,3.80786649493098,1,1
"1462",5.81107126754814,5.68193499217439,1,1
"1463",9.08646250820161,4.06368468177453,1,1
"1464",5.36938494186036,5.19554691865524,1,1
"1465",3.24603096513031,2.6633424529527,1,1
"1466",6.43822829132271,3.024162872904,1,1
"1467",9.96866033102127,4.04467947633753,1,1
"1468",4.87885212790414,5.59730117664386,1,1
"1469",5.23379765847834,3.04382482148701,1,1
"1470",5.12459700666111,3.54363059385845,1,1
"1471",2.99199080912277,5.14149329363543,1,1
"1472",5.92491066008264,6.75725074046588,1,1
"1473",5.23515982063157,2.65582618882851,1,1
"1474",7.17656887410302,3.41201267687287,1,1
"1475",7.52104154700368,5.11815817699796,1,1
"1476",2.90413810025052,6.70994107698736,1,1
"1477",10.9388009611519,4.17701638646496,1,1
"1478",6.32767583412585,1.53107880278832,1,1
"1479",6.52874353967094,2.46421528495043,1,1
"1480",6.45796301945697,2.57058208034496,1,1
"1481",8.08274127224999,4.33948848803075,1,1
"1482",7.30948843668733,4.37703041117901,1,1
"1483",2.21521137933476,2.28016588514032,1,1
"1484",9.72497675794892,0.393969676034443,1,1
"1485",8.4088975608296,2.1333731883611,1,1
"1486",7.66792189406734,2.11762548539795,1,1
"1487",5.601642427504,4.4326999913578,1,1
"1488",5.25764348279929,0.26506056531434,1,1
"1489",7.27736288014118,4.86989783739207,1,1
"1490",6.66810319140765,5.7410428059169,1,1
"1491",4.09010366071917,3.35975644845785,1,1
"1492",9.0535595366573,7.84985137265924,1,1
"1493",6.32828480331596,6.39539022873505,1,1
"1494",9.55490265149307,4.52367096856157,1,1
"1495",5.26706465363334,4.23375569873546,1,1
"1496",5.38413977738621,1.90603772056009,1,1
"1497",2.84552743182227,3.00562836956537,1,1
"1498",0.936909542128887,-1.17546885397798,1,1
"1499",7.12434888780346,4.38888616079977,1,1
"1500",7.72343072915094,3.37400591597369,1,1
"1501",4.78527216550174,2.69240557590653,1,1
"1502",7.36073992976354,6.00112839547371,1,1
"1503",5.87905457302757,5.27027092344222,1,1
"1504",6.28821774083642,7.99285518626849,1,1
"1505",7.07167368334537,2.59737745268191,1,1
"1506",6.89332072161053,0.557078003203348,1,1
"1507",5.96587962179791,5.28008727849704,1,1
"1508",0.647075042528387,3.39712042476928,1,1
"1509",6.81466109975789,0.726462907586137,1,1
"1510",6.53888753315022,2.51389461452143,1,1
"1511",3.43503355625633,3.05895642911972,1,1
"1512",4.17028806589813,4.90172115831476,1,1
"1513",3.88335385900472,4.85987078805009,1,1
"1514",6.75447480229474,2.9041307709342,1,1
"1515",0.462060004195892,4.4623216714622,1,1
"1516",4.11193805957877,4.77480049273802,1,1
"1517",7.9812104071022,4.62698563502408,1,1
"1518",5.79655549799881,2.69554905490198,1,1
"1519",4.57210924317493,6.42136939564085,1,1
"1520",4.16359858459694,5.35714888648917,1,1
"1521",5.3635250458263,4.42875825569862,1,1
"1522",4.16097289007053,3.16453653335764,1,1
"1523",3.29642536026763,2.09770856760124,1,1
"1524",8.81648458142089,2.88079735068917,1,1
"1525",5.91397370048981,5.63857659123876,1,1
"1526",8.52977195568019,7.05593433950718,1,1
"1527",8.30944718911015,1.80633011205848,1,1
"1528",6.05152592008971,5.11454786556629,1,1
"1529",6.69332009821743,3.2131288809223,1,1
"1530",4.35809668529645,7.37554126024468,1,1
"1531",4.29622434549591,4.11655539228513,1,1
"1532",5.14250400774043,4.32918009492032,1,1
"1533",3.27465690255106,5.60829682946991,1,1
"1534",5.97059885216904,4.99086758862289,1,1
"1535",7.96353267975183,3.3244267442946,1,1
"1536",5.35290197221785,3.42490707319252,1,1
"1537",7.23035994796679,3.09689232050466,1,1
"1538",7.32135380707204,3.72212360255127,1,1
"1539",6.90078168566359,2.75626759687583,1,1
"1540",4.87433530999378,3.03809778962611,1,1
"1541",5.55532614596749,3.79642382275336,1,1
"1542",9.86445301386687,3.36909118535403,1,1
"1543",4.68798388155688,5.65653053289641,1,1
"1544",1.21877308071212,2.77503914224995,1,1
"1545",5.28750094563799,7.77998771469234,1,1
"1546",9.16953926072786,4.28534480742576,1,1
"1547",6.26159052105388,3.84369508371666,1,1
"1548",6.74508456500275,2.29610605574575,1,1
"1549",6.07855574300849,1.28212671854109,1,1
"1550",9.44207588928117,4.534741576241,1,1
"1551",4.31483775986588,3.64804702023254,1,1
"1552",8.39351180923422,2.13463177852184,1,1
"1553",8.64123845662339,0.297679058016387,1,1
"1554",8.22799843447716,3.89844954734535,1,1
"1555",6.96205195998869,5.88497717868269,1,1
"1556",7.91608896324011,6.27970361238196,1,1
"1557",10.278807101966,3.7614598383812,1,1
"1558",9.48782582086032,5.25667611088328,1,1
"1559",3.50653026571326,2.99696811606154,1,1
"1560",9.70292699354748,2.08308275038067,1,1
"1561",4.00106255741528,3.97056406923371,1,1
"1562",6.51371809618818,6.02980673354659,1,1
"1563",8.14927196731111,2.22618551593356,1,1
"1564",6.77521377323403,2.79719748647123,1,1
"1565",10.4371599706568,1.3970090763071,1,1
"1566",8.5701753493308,2.3182565848905,1,1
"1567",8.5375132663288,4.24748008504637,1,1
"1568",2.08420413047771,4.75278340465992,1,1
"1569",8.00110716341381,4.42738214070505,1,1
"1570",8.05879836423916,5.22145879808562,1,1
"1571",10.4830021551392,5.79492651862249,1,1
"1572",7.9841112974053,3.27837729642855,1,1
"1573",2.92907330400742,4.88410266646707,1,1
"1574",6.85477324377974,2.18846068700056,1,1
"1575",2.53292746331733,5.88387019317111,1,1
"1576",0.296915917165183,5.34504221150349,1,1
"1577",7.63338849102987,3.82235798785155,1,1
"1578",4.55432433483341,1.71127757744858,1,1
"1579",5.2487003109122,4.78262620743742,1,1
"1580",6.65934195061545,4.60312272919072,1,1
"1581",8.26065647932206,4.46253267853092,1,1
"1582",2.10027066440114,4.9868765151111,1,1
"1583",7.7919283944684,1.22250638297007,1,1
"1584",10.7163294822933,4.32575477164468,1,1
"1585",8.09494962892456,5.79393371986018,1,1
"1586",4.36060590140484,3.80865525811731,1,1
"1587",11.0911477540652,0.257793240768859,1,1
"1588",6.74804866708156,4.75418466999963,1,1
"1589",5.97908197493949,6.28560179623715,1,1
"1590",3.51393910968025,5.40559520024457,1,1
"1591",7.0730531100947,3.34090987152868,1,1
"1592",7.32550379760956,4.44301352052365,1,1
"1593",4.95794444048795,6.88539037383863,1,1
"1594",8.44586068299879,6.45262961667882,1,1
"1595",3.07713801911007,2.06791683445674,1,1
"1596",5.55101257950132,6.80876299519927,1,1
"1597",7.55324232928183,3.44188775845792,1,1
"1598",4.89275706241297,5.23091495107019,1,1
"1599",6.00336468935817,1.73460372675174,1,1
"1600",7.44395753882213,3.18315827203667,1,1
"1601",3.31470210340398,2.52146758932411,1,1
"1602",6.20966901027945,1.66208423202571,1,1
"1603",3.61871474560294,2.16608929464781,1,1
"1604",8.05217185170247,5.65957293264451,1,1
"1605",6.91510944750805,4.55581558976466,1,1
"1606",5.06489171606945,5.43662995580101,1,1
"1607",9.23269090437157,3.74827679068416,1,1
"1608",5.82198470763354,2.99461480229866,1,1
"1609",8.83844169266655,4.0220075812188,1,1
"1610",6.27923427311304,1.21267066535862,1,1
"1611",4.64737981577453,-0.330742176315887,1,1
"1612",2.57297459739875,5.35715736991142,1,1
"1613",7.50502692570951,4.06093205863324,1,1
"1614",4.92900689056128,2.58600241307521,1,1
"1615",7.18419260275799,0.810224328004034,1,1
"1616",6.38590731668541,0.472728196822157,1,1
"1617",5.4502456262457,3.21496180119928,1,1
"1618",4.22875974812856,4.87467062463168,1,1
"1619",6.03713636266143,3.45943211622023,1,1
"1620",6.33801143434058,0.904917370139571,1,1
"1621",7.29985693307724,-1.02266334954396,1,1
"1622",2.00195198786005,1.19697024215969,1,1
"1623",6.135170025912,3.11222350641483,1,1
"1624",7.90765747699299,2.66751803290902,1,1
"1625",8.457743202572,6.98174248885962,1,1
"1626",6.87923765553596,1.53770621892869,1,1
"1627",3.53338600312255,2.75876091539248,1,1
"1628",3.87615424541629,3.96990295163569,1,1
"1629",4.40960716145032,3.77163307693088,1,1
"1630",5.5463120639112,4.50898172789321,1,1
"1631",1.44039785351391,5.30550210888307,1,1
"1632",9.37576891281449,4.90977587868703,1,1
"1633",6.81033869671711,5.83695787378191,1,1
"1634",1.63276752699271,6.1154023978587,1,1
"1635",6.90154188519688,6.89394058471885,1,1
"1636",3.94990816467293,2.58908980352884,1,1
"1637",10.8846142205401,3.95154723708183,1,1
"1638",0.954916987561704,4.23767493004914,1,1
"1639",2.76009918201844,3.1356723370092,1,1
"1640",4.70050316079275,5.00302846585443,1,1
"1641",2.45810544227299,1.19218983418283,1,1
"1642",6.08740302358246,7.65453691087334,1,1
"1643",8.40881270773874,5.35641193552262,1,1
"1644",5.77208150440893,1.92003579260854,1,1
"1645",6.18837752729449,7.01421371509274,1,1
"1646",6.57018770101719,2.57567484430366,1,1
"1647",6.57177693103878,2.11020155340204,1,1
"1648",4.82184991735984,3.96877888732521,1,1
"1649",9.1571981912928,5.0983624598003,1,1
"1650",7.22554230420823,1.42989929874595,1,1
"1651",5.48892400319682,5.87929194002028,1,1
"1652",3.75833832428948,5.4325163738884,1,1
"1653",7.69058163797081,4.44079793389985,1,1
"1654",5.34522967934775,4.39076228170198,1,1
"1655",3.75576199622683,3.65644945007176,1,1
"1656",6.59384342068929,1.16924975924308,1,1
"1657",5.67024923224583,4.19274949483128,1,1
"1658",0.525393594629677,4.03809071020473,1,1
"1659",5.88011968575226,3.70268343091605,1,1
"1660",4.38280106050714,4.87514087305532,1,1
"1661",5.80929772774019,3.63164142341404,1,1
"1662",5.28604403403603,3.5342639027687,1,1
"1663",4.88407546882428,2.43239101153464,1,1
"1664",5.42318291725879,2.23953541034705,1,1
"1665",7.30731820455276,3.03889812955286,1,1
"1666",4.22526884689459,4.14443620455253,1,1
"1667",12.5296085333514,2.52866918925712,1,1
"1668",6.49897552285295,3.12632032715105,1,1
"1669",6.22215700801494,1.57140022060416,1,1
"1670",8.25653158083092,0.25448105501078,1,1
"1671",8.11376849681811,3.56766450243401,1,1
"1672",4.3742260678868,4.20241938831856,1,1
"1673",7.75312278254106,2.87570002292908,1,1
"1674",6.69795809148478,3.73956176370944,1,1
"1675",5.02226660997536,2.36546274656232,1,1
"1676",8.34050061501881,0.950393884717031,1,1
"1677",8.84071860585284,4.38202417523542,1,1
"1678",5.96337339566026,7.8108510572827,1,1
"1679",4.51648967460913,4.01701733108573,1,1
"1680",6.62885279587222,4.63820831048479,1,1
"1681",5.85796124120474,5.72602519306558,1,1
"1682",6.79411177075406,3.22696708786923,1,1
"1683",4.47804748005993,3.84872519208289,1,1
"1684",1.63050518559414,4.33551848998895,1,1
"1685",7.28695901516655,2.13203991000707,1,1
"1686",10.425170304488,5.78995103043126,1,1
"1687",9.35875183625783,6.62645180384298,1,1
"1688",2.36927935990354,3.47986849198616,1,1
"1689",5.33236524712911,5.05344516696051,1,1
"1690",3.7851464366088,1.14413834813838,1,1
"1691",9.33081569774719,2.81489408852199,1,1
"1692",4.37155870539368,3.40029842498881,1,1
"1693",6.4673449240441,5.74728791920258,1,1
"1694",0.998047833591099,2.89062676721683,1,1
"1695",3.85608070619294,2.65305954271308,1,1
"1696",3.22917432485874,3.21579136535858,1,1
"1697",6.24848493029457,7.39665587988895,1,1
"1698",5.95537121636676,2.81565861944317,1,1
"1699",4.01584581088879,2.05629415462216,1,1
"1700",12.4218930467073,4.51859845021094,1,1
"1701",9.50759288148062,3.67272679450999,1,1
"1702",7.12473666671196,5.04820222540412,1,1
"1703",3.63477646285828,1.73391790671532,1,1
"1704",8.68525145978351,6.19553319453971,1,1
"1705",6.78414531575393,5.13476984793759,1,1
"1706",6.78876034622003,6.61032885488735,1,1
"1707",8.3324482307796,3.97564582402231,1,1
"1708",6.68481127821079,3.87856105954547,1,1
"1709",6.6999075673946,6.82645123758266,1,1
"1710",2.13766299034628,5.67701660152056,1,1
"1711",8.26584013511244,6.00494370270624,1,1
"1712",6.15857826267039,2.69701627506072,1,1
"1713",6.98086026096071,3.37802790239632,1,1
"1714",7.83716743560221,6.72359442234426,1,1
"1715",4.11409575644296,1.95478614821311,1,1
"1716",4.63026187681535,3.78119184202981,1,1
"1717",5.26454667610482,6.70089300132432,1,1
"1718",8.38361503044029,2.29138201865319,1,1
"1719",7.33357021978539,1.59710252855834,1,1
"1720",5.87314772886483,2.82714385211406,1,1
"1721",6.0741325519639,3.47432441751656,1,1
"1722",6.85587756972227,3.96817931044323,1,1
"1723",7.26106219584237,2.38397731652892,1,1
"1724",8.4639494489631,6.19607404298936,1,1
"1725",5.52859230879062,5.01620745458651,1,1
"1726",9.75400010620676,0.538436263949532,1,1
"1727",5.07429064240052,4.3058810044268,1,1
"1728",5.09344695018508,3.00696049360556,1,1
"1729",5.81974809341342,3.89500402402806,1,1
"1730",7.2782984377246,4.72161685555103,1,1
"1731",4.97622608772773,1.78773107618946,1,1
"1732",5.67377959606852,3.6099937064377,1,1
"1733",10.9879224744767,5.09335037809902,1,1
"1734",4.42650875733528,2.49106118088915,1,1
"1735",5.86054704998968,3.34230106221126,1,1
"1736",2.91963024532501,8.18933006937662,1,1
"1737",9.19877309889203,1.92196241944795,1,1
"1738",4.33045172831231,4.762178801512,1,1
"1739",7.97000084368948,3.43120814399842,1,1
"1740",8.48992547871076,1.7649900252868,1,1
"1741",6.8441402165596,1.74238350794151,1,1
"1742",5.08282419413651,3.73911881050339,1,1
"1743",5.53334500200269,1.70498845253356,1,1
"1744",8.51852734744579,3.65998625158086,1,1
"1745",6.49532700026999,4.1905840655278,1,1
"1746",6.46771159536174,4.77157207556071,1,1
"1747",6.40226925791909,3.9714323118183,1,1
"1748",7.38937102572527,5.49200322600477,1,1
"1749",5.98582737332365,2.66640568587453,1,1
"1750",4.50521017168475,7.01671721002343,1,1
"1751",6.00209539475731,7.51040946576641,1,1
"1752",6.09537018377683,4.80121387898504,1,1
"1753",4.20518940200771,5.21337946250425,1,1
"1754",4.9002547928695,4.49650322592723,1,1
"1755",7.41588972891112,4.934761730233,1,1
"1756",9.56857867714349,3.04296423323169,1,1
"1757",7.64062896174234,2.94208683501106,1,1
"1758",5.96627619262182,3.16875796771371,1,1
"1759",7.02593813904895,3.75913047153219,1,1
"1760",5.33809379221721,-1.2630692727865,1,1
"1761",4.16560110562042,4.98810442303171,1,1
"1762",10.5163874724988,2.35707754470695,1,1
"1763",7.90766318460382,2.73017167285908,1,1
"1764",5.7756868110057,2.96591431529932,1,1
"1765",8.50799534353153,4.76735210502622,1,1
"1766",7.79098877728987,7.37894839116349,1,1
"1767",1.9240713556558,5.53752488245638,1,1
"1768",5.55188722723555,4.91007916468317,1,1
"1769",3.03892480725094,0.965240522422779,1,1
"1770",6.14453227243051,1.06777010297926,1,1
"1771",9.35918679316643,4.37707872335668,1,1
"1772",3.97837118298891,8.33858672217129,1,1
"1773",2.81326543731379,4.30003063501019,1,1
"1774",8.02039965431025,5.10782582072121,1,1
"1775",6.01818999279486,2.54035619106508,1,1
"1776",2.96385102224202,5.35049603220056,1,1
"1777",7.63049023810375,3.71233201379245,1,1
"1778",6.85274821266117,3.39447157200719,1,1
"1779",4.52354792849339,2.86354657631021,1,1
"1780",4.511288788018,1.88296073578256,1,1
"1781",3.4386028143487,5.40316123535131,1,1
"1782",5.37579677058469,5.10769013537048,1,1
"1783",10.3775261026259,4.70690884116832,1,1
"1784",10.0933351610939,3.04717932884273,1,1
"1785",6.9070544537499,3.52063075113285,1,1
"1786",3.36198412705457,3.29112597475553,1,1
"1787",5.82897899833824,0.457878685292028,1,1
"1788",6.20821611186972,3.95712549307679,1,1
"1789",8.89132442814334,2.99826045395976,1,1
"1790",3.38119533162162,6.84772348430549,1,1
"1791",6.89569003527318,5.73395963757756,1,1
"1792",6.59377185524551,5.38357916481679,1,1
"1793",10.1238612760545,4.17249052266138,1,1
"1794",0.874277615561875,7.4689916643744,1,1
"1795",8.42383799605847,3.54482895167597,1,1
"1796",8.0268396450471,4.17848448296932,1,1
"1797",5.63886122783172,3.72961869880633,1,1
"1798",4.10088542044807,5.97087578943561,1,1
"1799",5.95742304273869,1.79801276497397,1,1
"1800",5.59685820297023,3.41942996202059,1,1
"1801",7.27191003808476,4.82093821144971,1,1
"1802",3.41329546342267,4.0918684534433,1,1
"1803",6.32327810886553,3.62527321523271,1,1
"1804",5.79020163308204,1.35849878437308,1,1
"1805",8.50387705092276,4.25179673432246,1,1
"1806",3.55428856719123,3.80285762379013,1,1
"1807",5.43854556112189,5.13882174712542,1,1
"1808",2.03875526699726,4.08427341927864,1,1
"1809",2.17967926836681,4.86900836185468,1,1
"1810",5.09284385335393,5.49313497925705,1,1
"1811",5.6149500857873,4.59787719517422,1,1
"1812",6.52630662410441,3.76843342442208,1,1
"1813",9.06419547162673,3.31371815459238,1,1
"1814",6.01864859478058,2.90509246456552,1,1
"1815",4.67182421998246,1.00782090839962,1,1
"1816",5.88703624423465,4.51756720407193,1,1
"1817",7.73890893237406,3.80571783508624,1,1
"1818",3.34948600088089,3.6187176376402,1,1
"1819",3.84484620897433,4.79051644227785,1,1
"1820",2.85214970539793,0.904682773125985,1,1
"1821",2.96047596193563,3.7903446253601,1,1
"1822",7.8434458749681,5.88799879312448,1,1
"1823",4.98797741829698,3.86692395459909,1,1
"1824",8.4671466243865,7.41918950871456,1,1
"1825",6.24255918452938,3.79177931510285,1,1
"1826",9.02229684583163,7.67361326254874,1,1
"1827",10.7296896868761,3.38514586377825,1,1
"1828",9.68616592865213,3.35685725317598,1,1
"1829",10.0087373128253,4.53176568752261,1,1
"1830",9.19938415554472,2.07226657069761,1,1
"1831",3.91006799232009,4.44547399988855,1,1
"1832",3.98343889053036,1.3650042967258,1,1
"1833",5.03601593521201,7.54322345645853,1,1
"1834",3.4707450058443,2.68055898277463,1,1
"1835",5.62437027078855,2.10549140281327,1,1
"1836",11.2627459248069,2.03102576807228,1,1
"1837",3.71771932161904,4.90297118888251,1,1
"1838",6.01650023521296,6.0439625753638,1,1
"1839",8.09284236234626,4.79709647449454,1,1
"1840",5.12026977078898,8.06856980760601,1,1
"1841",9.32640713338694,1.87035597982181,1,1
"1842",3.46357793753728,6.3226281605157,1,1
"1843",2.21786230239243,5.07099808552431,1,1
"1844",7.04260877299688,4.54638859431379,1,1
"1845",5.37284254580577,4.48177099762932,1,1
"1846",7.34738648128813,4.09084927977939,1,1
"1847",5.82241371021776,3.7204665430956,1,1
"1848",6.17940871195862,1.85258918475158,1,1
"1849",11.5768907193533,5.51576742653342,1,1
"1850",7.13688378741309,3.48085810799576,1,1
"1851",4.7676622468226,4.2739580297873,1,1
"1852",7.21746969149752,6.5542073063041,1,1
"1853",10.2535950820395,2.62141433115925,1,1
"1854",5.61485994476192,6.80162108695394,1,1
"1855",3.23358284264332,5.48907763294207,1,1
"1856",2.57383372370304,4.03156638060398,1,1
"1857",7.11321819078812,3.7180505694231,1,1
"1858",6.63941171752654,3.37345474897587,1,1
"1859",5.94044151141252,4.57711524857173,1,1
"1860",8.7922450798154,2.52309361187903,1,1
"1861",3.55057606951548,6.974377368064,1,1
"1862",1.83000084478926,7.23131134227587,1,1
"1863",4.82002829684619,2.37111076969497,1,1
"1864",8.41571013408785,5.59153471646933,1,1
"1865",6.38778543357904,4.73358834428649,1,1
"1866",7.80566249054585,2.18882007364926,1,1
"1867",10.1511393499368,2.30904368444421,1,1
"1868",5.71136844756363,2.21439425475138,1,1
"1869",7.40109802966649,1.21663714348949,1,1
"1870",10.6327969591939,4.56626872237082,1,1
"1871",6.58043875938414,3.60199251484283,1,1
"1872",9.32206662021714,3.67714639926846,1,1
"1873",7.62091444589446,3.76461300886461,1,1
"1874",7.10674638322136,1.38757629461619,1,1
"1875",2.93136411390667,2.66220311453787,1,1
"1876",5.52349123796051,5.68329420331102,1,1
"1877",6.32770394921146,4.55236311739524,1,1
"1878",7.20257876270694,4.94518051202185,1,1
"1879",3.89424231809467,4.09120676561277,1,1
"1880",8.65262292729871,5.66618044561143,1,1
"1881",8.54403848907745,3.33599866739012,1,1
"1882",3.37172456399971,6.62912140400339,1,1
"1883",9.67768811998306,2.99262631543316,1,1
"1884",8.52600806901061,4.73476189922642,1,1
"1885",8.73066289614479,2.30902251726217,1,1
"1886",6.60814852075982,4.04679180798136,1,1
"1887",6.19342705308402,1.97812263118486,1,1
"1888",5.39666226300696,4.26553155490773,1,1
"1889",5.78602298198188,4.46280084648709,1,1
"1890",8.07977368042572,5.32646514965717,1,1
"1891",6.96882302354456,2.82430771946678,1,1
"1892",4.04876304782904,2.11359849872294,1,1
"1893",3.69863271590485,3.82100400872043,1,1
"1894",7.33069944377469,2.03685043048903,1,1
"1895",5.86039715922798,4.28597832499901,1,1
"1896",6.3724822932258,0.406461062299676,1,1
"1897",10.4244404700288,6.05442412409599,1,1
"1898",7.53236277609419,3.44757274230573,1,1
"1899",6.16392863640163,5.72908315411876,1,1
"1900",3.51139666745926,3.77176192634391,1,1
"1901",6.51628784057046,1.45664340985212,1,1
"1902",6.11216652060364,6.46464728732856,1,1
"1903",6.41642182376325,1.40628618606787,1,1
"1904",9.1607601086792,5.49351730958633,1,1
"1905",5.71400956292416,4.3477875726431,1,1
"1906",6.70232948815806,2.33812770971018,1,1
"1907",3.93602426867951,5.71879572224385,1,1
"1908",3.31032835666157,4.85086672889448,1,1
"1909",6.05616920050802,6.23829556111581,1,1
"1910",8.74449703998427,3.39171465119342,1,1
"1911",3.72518251397118,0.394509862852646,1,1
"1912",3.29066892632471,2.7802373555215,1,1
"1913",6.5810781990751,5.35488954609098,1,1
"1914",4.52795121589165,4.96283664912831,1,1
"1915",7.61419913178547,5.55119427170461,1,1
"1916",6.08816493817005,4.11275178794571,1,1
"1917",5.50872236630279,2.16711403318129,1,1
"1918",3.90826097304734,2.6879466851147,1,1
"1919",4.42924774093633,2.4453476338379,1,1
"1920",5.20166985830973,1.78584152821376,1,1
"1921",5.19795299094814,0.976505845092807,1,1
"1922",5.36502956023833,3.64214026130316,1,1
"1923",6.11232279124828,8.10151940737371,1,1
"1924",5.83581698990381,2.69647299267289,1,1
"1925",6.62384476165791,4.33500025267212,1,1
"1926",6.57884006410095,4.6144738058589,1,1
"1927",4.87079977699753,5.95473650449487,1,1
"1928",2.52149982617496,2.15984875382193,1,1
"1929",7.03803484362624,2.46780907186816,1,1
"1930",4.9995134536808,4.66948632713531,1,1
"1931",5.30089404306242,6.08150311844886,1,1
"1932",5.7225954564186,4.09960307329695,1,1
"1933",4.53426563964336,3.3974802264201,1,1
"1934",6.00686097198024,4.0836686986925,1,1
"1935",6.02380211745286,6.37184799253266,1,1
"1936",6.24387415939032,6.36765280914081,1,1
"1937",1.73121742601193,3.30351118305257,1,1
"1938",5.04587189301809,5.35200666315366,1,1
"1939",6.29828769065755,1.95528898564586,1,1
"1940",7.23928401357923,1.84795545743458,1,1
"1941",6.09608380059542,2.75523058131622,1,1
"1942",4.81847240374886,4.7646714437726,1,1
"1943",4.90132769805555,2.63578746584393,1,1
"1944",6.38016888939404,3.59563655395576,1,1
"1945",5.96621242048332,4.82563386021415,1,1
"1946",2.70199149352244,5.59920713908834,1,1
"1947",3.7129197499094,6.3442146138162,1,1
"1948",3.31425609854865,2.54813126579191,1,1
"1949",6.51285706685413,4.23187033681572,1,1
"1950",8.36896963054946,-0.211810079160581,1,1
"1951",5.63589751055101,3.1538828041785,1,1
"1952",4.53823432391316,2.46195064977181,1,1
"1953",7.37059482241254,2.33540139362776,1,1
"1954",4.44343105294333,4.28959749249638,1,1
"1955",6.03737173219382,7.05025031836737,1,1
"1956",4.977815886137,5.71105489111104,1,1
"1957",4.1354890578328,1.64085008423042,1,1
"1958",4.74688601575939,3.01449458832776,1,1
"1959",6.5959130763143,3.7638341716724,1,1
"1960",13.1224688588686,1.43336564565666,1,1
"1961",5.91211985156397,3.94934685252068,1,1
"1962",9.16076208918406,2.85163748073365,1,1
"1963",3.35646761874608,1.80917593257942,1,1
"1964",2.99875661356974,5.14524014822247,1,1
"1965",3.82549710593659,3.04618239160263,1,1
"1966",2.6765910870448,3.19446820883852,1,1
"1967",4.89059435678973,3.57727431883982,1,1
"1968",7.06683853197821,5.40801654234198,1,1
"1969",5.43416055502912,1.50166123841495,1,1
"1970",5.19746457724946,5.44844103583424,1,1
"1971",4.63198824098933,4.55933999574154,1,1
"1972",8.18677090880775,8.15768458658968,1,1
"1973",5.98586404101789,5.99565647966239,1,1
"1974",4.65668570651151,2.37768907877867,1,1
"1975",5.40902371521393,0.876066320594685,1,1
"1976",6.79604086552119,4.05836795962826,1,1
"1977",9.99304457303959,3.12030202764937,1,1
"1978",8.86933893095398,5.08323276271735,1,1
"1979",6.75198780055294,3.64616379054862,1,1
"1980",7.73099821024413,2.37441839236886,1,1
"1981",7.2835350785112,4.96387067867268,1,1
"1982",7.65812608724549,7.60477396664441,1,1
"1983",3.68409209001966,3.21862289841259,1,1
"1984",4.56717792162896,2.40837351278317,1,1
"1985",4.67130855988274,4.22994752833771,1,1
"1986",8.67211619594567,2.73217979643165,1,1
"1987",3.12521178134117,4.60234949505481,1,1
"1988",6.13046817801116,0.417494051346849,1,1
"1989",2.59803242735681,6.69069125552248,1,1
"1990",7.8335729595203,6.09727711034196,1,1
"1991",4.40951597340245,7.13460758826103,1,1
"1992",7.7405171747015,0.500856174324195,1,1
"1993",5.79431405044772,3.55899997902728,1,1
"1994",6.82561498291434,2.43029042086114,1,1
"1995",5.28027418033594,5.11566715036775,1,1
"1996",4.65211692692705,1.93058118141721,1,1
"1997",5.4477871985451,3.05084288260455,1,1
"1998",5.53500892903663,2.0806397109552,1,1
"1999",5.77419791207665,4.14565262860015,1,1
"2000",6.18360007161709,4.60287456338384,1,1
