"X1","X2","component","subcomponent"
"1001",10.0197923944808,33.7581981959797,8,7
"1002",7.92190317666868,32.4816156884506,8,7
"1003",9.5638635422494,33.1894340147509,8,7
"1004",8.38413008892413,27.1947830355046,8,7
"1005",8.81710161841827,31.1163188055391,8,7
"1006",8.06957586425072,26.7086723979843,8,7
"1007",7.69429009965374,33.1587938113247,8,7
"1008",5.81531623239175,36.1685706399924,8,7
"1009",8.4991222100739,29.9077390363799,8,7
"1010",8.58157790898705,39.5049178855192,8,7
"1011",8.36109870058086,33.6059672663878,8,7
"1012",9.5614682218788,35.8550691050837,8,7
"1013",7.12457242779814,37.6854736343987,8,7
"1014",7.8286635766293,34.6359689517985,8,7
"1015",7.96250460425074,32.4043843494601,8,7
"1016",10.6961676524619,29.0531760211457,8,7
"1017",7.91010439921623,32.540219150113,8,7
"1018",7.37817131485362,29.6656968248953,8,7
"1019",6.68221264368573,29.55903645838,8,7
"1020",7.22517925328188,24.0801788721477,8,7
"1021",7.87838035334088,34.6377155933989,8,7
"1022",9.97506623369839,29.4097335478613,8,7
"1023",6.66034569743771,36.8614789557713,8,7
"1024",10.1411364193112,29.751759452787,8,7
"1025",10.271005257023,35.1010999718847,8,7
"1026",7.88905388025186,26.4909839227958,8,7
"1027",7.65166086659041,34.0844529420307,8,7
"1028",6.70885485502361,35.7656230228609,8,7
"1029",3.84581528699035,28.8297759469494,8,7
"1030",9.98393365351571,29.0421736746911,8,7
"1031",11.7886868861502,29.1734738286403,8,7
"1032",6.75937118778246,27.3008110886749,8,7
"1033",6.93758699155247,25.8796158786174,8,7
"1034",8.87908923085617,26.9340959128805,8,7
"1035",9.84741454928868,24.040910371354,8,7
"1036",7.17990910272228,34.7117855434986,8,7
"1037",10.3118902772111,22.5773536861787,8,7
"1038",6.17786873726942,30.5848404810827,8,7
"1039",7.91042655628702,34.6389742555598,8,7
"1040",6.6563024104306,34.533383841866,8,7
"1041",6.85830155582247,28.8144281676213,8,7
"1042",9.71655229423007,31.5993842641884,8,7
"1043",9.79175294064053,32.4584139855099,8,7
"1044",8.98521883644649,22.7011946789483,8,7
"1045",7.25152811097477,26.4207022469288,8,7
"1046",7.61165381887674,25.9825641322125,8,7
"1047",8.69594940053104,36.9023593292709,8,7
"1048",6.57611561054359,22.199451004637,8,7
"1049",9.32072129827377,37.6216384610786,8,7
"1050",11.5238618716781,26.8806277113818,8,7
"1051",11.76177464423,32.0043587894858,8,7
"1052",8.45927124181958,37.6318489868982,8,7
"1053",7.90326576366749,31.1675845204331,8,7
"1054",8.4709494469005,24.9076178179047,8,7
"1055",9.40156184786751,28.230633065395,8,7
"1056",9.62251079859562,31.7041255520157,8,7
"1057",8.12499278122432,23.2796095419117,8,7
"1058",7.1612821942839,29.8138898352896,8,7
"1059",7.00765827423241,25.9376592724357,8,7
"1060",10.0196784368123,30.8052925585704,8,7
"1061",8.0532483617769,29.0452147656234,8,7
"1062",10.1320324533727,30.0873815312031,8,7
"1063",8.21155002627067,25.5568306246544,8,7
"1064",7.35270368383592,34.3285766700029,8,7
"1065",7.91505585379493,36.4259973430458,8,7
"1066",4.8326952420165,31.3499777963289,8,7
"1067",4.44640136968122,29.5088856554586,8,7
"1068",7.31886107375188,26.1903809693599,8,7
"1069",8.85856453952932,34.4190781628339,8,7
"1070",7.98231062980441,25.9238899199176,8,7
"1071",8.8738597198668,30.7352589612702,8,7
"1072",8.32033553595407,28.9237287376117,8,7
"1073",6.06656699810751,34.0563642732414,8,7
"1074",9.81923645488835,30.5055974097446,8,7
"1075",8.6219697360225,23.616036345953,8,7
"1076",6.68395935133857,38.1409759296672,8,7
"1077",6.61988277371647,22.2366566591279,8,7
"1078",8.5236284060198,31.4836839977265,8,7
"1079",4.63879967993048,27.6629709661738,8,7
"1080",7.0075035161214,32.6078919792852,8,7
"1081",9.63047921272438,30.0483073531172,8,7
"1082",7.49887003936063,32.1357129996723,8,7
"1083",7.62075574775654,23.3023281846266,8,7
"1084",9.29439276506845,30.2794491761526,8,7
"1085",5.82307934495899,30.5109461403454,8,7
"1086",5.72020598652527,33.7335613080858,8,7
"1087",9.73219451421692,29.9296827148173,8,7
"1088",9.0877768851728,31.9567809867623,8,7
"1089",10.4311078364405,24.4504186500785,8,7
"1090",8.06426457518662,32.517179898936,8,7
"1091",10.2720263295626,27.3579189103459,8,7
"1092",6.41718443678531,24.6016751198165,8,7
"1093",10.5523900118004,36.3099652628246,8,7
"1094",6.78881415643437,28.5510845268029,8,7
"1095",8.12004805957886,28.9769442740938,8,7
"1096",8.92034126467768,32.6325230285806,8,7
"1097",7.34155103800571,36.713782431078,8,7
"1098",5.54434773592194,28.7721907231176,8,7
"1099",7.67564444412576,30.212515794768,8,7
"1100",7.48194178760518,25.6532182852846,8,7
"1101",7.1049523883531,32.097197583077,8,7
"1102",9.83181829884291,25.7673282589744,8,7
"1103",7.81884553341753,35.8682502785559,8,7
"1104",7.22515354588457,30.7334101574831,8,7
"1105",8.60317750470161,33.1613506123677,8,7
"1106",7.31218194385264,37.4287993739274,8,7
"1107",7.94970598297547,33.9548400420418,8,7
"1108",7.01126470575395,34.577534252496,8,7
"1109",9.31872906339843,27.1445825673032,8,7
"1110",6.04607156003828,22.9085189214292,8,7
"1111",6.35058122877864,28.362527523263,8,7
"1112",6.49853802505792,34.7520219848866,8,7
"1113",7.90227769152009,28.2611972472207,8,7
"1114",8.81671308972213,28.8635119349771,8,7
"1115",8.07653851601944,36.8811233121358,8,7
"1116",5.21761132381505,29.2651581075187,8,7
"1117",10.3226495451108,32.6281184332618,8,7
"1118",10.2217897058984,28.3658133920876,8,7
"1119",10.5304677651872,32.2941790422784,8,7
"1120",7.17749002367873,36.2945429058142,8,7
"1121",7.67544494837509,28.2098987735954,8,7
"1122",7.25567279562607,40.711536521693,8,7
"1123",7.85564936298284,35.6425906092354,8,7
"1124",9.95531618521136,30.6745971969332,8,7
"1125",9.01684806714524,26.5886253862714,8,7
"1126",6.87361740867831,40.7674826590938,8,7
"1127",8.78475930211583,30.1763061689097,8,7
"1128",6.24572747737727,31.977188129013,8,7
"1129",8.68923146231147,28.063623017456,8,7
"1130",9.04906138181737,30.1159269794141,8,7
"1131",7.58061686706157,31.2436829050183,8,7
"1132",9.23998744975469,31.4663090744172,8,7
"1133",7.99554762358762,39.5107135964289,8,7
"1134",7.18123607927709,26.3955027562779,8,7
"1135",6.21387965758978,25.6099935074514,8,7
"1136",6.42280017339278,39.31721768562,8,7
"1137",6.00430234109714,30.8933947799732,8,7
"1138",12.534811240096,27.9564637385147,8,7
"1139",4.77228518191828,22.8036385634085,8,7
"1140",4.10864654025845,30.2536193428831,8,7
"1141",5.96898053001986,30.6963347592204,8,7
"1142",7.19957340278544,26.993496822096,8,7
"1143",6.34865822385419,31.2305112578986,8,7
"1144",8.36398691240984,28.0909080945642,8,7
"1145",8.97351464608272,34.1970394773521,8,7
"1146",7.20820429671041,29.2615378719754,8,7
"1147",8.60805646668956,25.5056222082412,8,7
"1148",5.51789639834077,26.8704993667181,8,7
"1149",11.02481627793,15.9189045651305,8,7
"1150",9.34914299888599,32.0516766158679,8,7
"1151",8.60879403798214,29.2062601464768,8,7
"1152",7.05072264884743,30.2326329579518,8,7
"1153",5.74204872588595,20.336064078293,8,7
"1154",6.87619105685654,31.3718360324701,8,7
"1155",9.52506073718344,28.2271497239145,8,7
"1156",7.90008402259912,37.7106629186637,8,7
"1157",7.31341679690192,32.6495097068564,8,7
"1158",6.70313602922334,27.8432801467305,8,7
"1159",8.77010109663493,26.4577826656478,8,7
"1160",7.07500064644808,29.3465881963668,8,7
"1161",9.13953201560586,36.1992032800849,8,7
"1162",10.2477140606308,27.1339058438556,8,7
"1163",8.11221506811476,29.4204285490527,8,7
"1164",7.68567621463307,40.0599002165779,8,7
"1165",8.50802949028187,35.1822935831898,8,7
"1166",8.51090905199297,29.9068148242049,8,7
"1167",10.3968515656499,31.8911056031235,8,7
"1168",8.11813278211367,34.1113445061445,8,7
"1169",7.77729054357988,30.6541818772153,8,7
"1170",10.0454280784977,27.6427172848758,8,7
"1171",8.20659561670689,30.1788056289253,8,7
"1172",6.33792928547112,25.6414641667195,8,7
"1173",12.210836824838,33.2823816307706,8,7
"1174",9.35997763383262,31.5936515075063,8,7
"1175",11.4689676344973,29.9983736648984,8,7
"1176",8.1306824523613,25.4113316009499,8,7
"1177",7.92883398729098,37.2816476864676,8,7
"1178",8.47507754552097,31.1256903823388,8,7
"1179",6.4781387835685,26.7356302440258,8,7
"1180",10.3772137883967,32.2651059218839,8,7
"1181",8.62144385404042,35.9669254825775,8,7
"1182",8.59421645247733,27.9407499291052,8,7
"1183",9.29666770997686,35.0015574087518,8,7
"1184",6.23533529722664,31.8081735979191,8,7
"1185",7.49467919940444,34.7416175770568,8,7
"1186",6.24696987030693,24.7905793426843,8,7
"1187",8.49411431700319,35.8095196795623,8,7
"1188",6.62468203686808,34.8853524819647,8,7
"1189",9.51400604577094,29.3341922231791,8,7
"1190",8.24048463365823,18.2122346566916,8,7
"1191",6.24495243603794,23.8820318186147,8,7
"1192",9.31931038659612,33.2305125051639,8,7
"1193",7.7154783643448,24.5962979008834,8,7
"1194",7.36734570892649,37.2190570939254,8,7
"1195",8.15901448961711,23.0888109520944,8,7
"1196",8.34047235009045,32.0325390796727,8,7
"1197",7.89436895919635,26.7094694769602,8,7
"1198",8.60991763760005,30.3585023540421,8,7
"1199",7.72097189348048,25.7651079805582,8,7
"1200",10.7783607686994,26.9699069902221,8,7
"1201",9.32066938402953,34.7625345741711,8,7
"1202",8.10461050141339,30.0170177705923,8,7
"1203",9.30597631669444,33.4678610479008,8,7
"1204",9.78314669020933,30.658790732492,8,7
"1205",9.16723055172028,30.3658100989851,8,7
"1206",7.93144399367439,18.4958156926607,8,7
"1207",8.67274125942731,32.7179909738897,8,7
"1208",6.85945579258878,36.4242202753353,8,7
"1209",5.68719442791161,32.2266818880934,8,7
"1210",7.34412549906587,34.7787461972115,8,7
"1211",7.02594598202054,25.6055563566957,8,7
"1212",8.70409110262796,29.507222544537,8,7
"1213",6.22711037622346,34.5156717923431,8,7
"1214",8.2449028882709,27.8189486865114,8,7
"1215",7.40803577078398,29.9221937215492,8,7
"1216",10.3291290632661,38.9746927006341,8,7
"1217",7.97675086879506,34.8670536607749,8,7
"1218",6.71049445310159,27.6093945041652,8,7
"1219",7.30233858379232,27.2241363526732,8,7
"1220",7.00733461845083,37.7817398240711,8,7
"1221",9.76533943831801,30.3066566390094,8,7
"1222",8.77917294083444,33.0482900213432,8,7
"1223",8.1408306515902,32.5723867942309,8,7
"1224",10.6949657391319,29.9619090634379,8,7
"1225",6.39766801515502,26.8694850238337,8,7
"1226",10.7031325174512,38.5869122370843,8,7
"1227",7.21291459916905,31.8762287490415,8,7
"1228",7.58011055184078,38.1453566400173,8,7
"1229",7.01738378635442,30.5444222089533,8,7
"1230",6.45383865027509,29.2311661300396,8,7
"1231",7.16624625927875,26.5519957394339,8,7
"1232",6.3078088106661,36.1852974367036,8,7
"1233",6.98032933506637,31.6779721436781,8,7
"1234",7.98105095028828,32.7995715974244,8,7
"1235",6.72011047847879,30.7918846485832,8,7
"1236",7.78159831739672,34.9703319261191,8,7
"1237",7.94344818989055,27.5008088027278,8,7
"1238",7.40566601290818,32.06596424168,8,7
"1239",9.38951869264897,42.2678172406221,8,7
"1240",9.40112320812096,32.7161910663927,8,7
"1241",5.72023306631395,27.6099508839372,8,7
"1242",8.76719306552841,32.2027197818357,8,7
"1243",7.67277093362558,33.4386329972171,8,7
"1244",7.79256510379024,31.8180535473776,8,7
"1245",11.8953528028489,32.4654769278481,8,7
"1246",7.72980361364054,34.2640667246791,8,7
"1247",7.93135143679485,33.8925558839032,8,7
"1248",8.36290292506959,29.3239178133551,8,7
"1249",7.15366771813694,25.8150372293074,8,7
"1250",8.38746001994578,27.5142105904778,8,7
"1251",6.83806682772997,32.2926928650189,8,7
"1252",9.59375406234156,26.4467232564403,8,7
"1253",7.64055381793032,39.2844143624731,8,7
"1254",9.33419703918496,32.9717226713263,8,7
"1255",7.14704294552205,29.3178662735349,8,7
"1256",7.35156674761935,33.0197915018545,8,7
"1257",9.02294324287403,32.4449419646007,8,7
"1258",7.28264590873761,31.1127239282596,8,7
"1259",7.12239912405375,31.2343102855786,8,7
"1260",8.57347174702705,29.4927073901397,8,7
"1261",8.24511539006643,32.8738356258188,8,7
"1262",7.37640047963897,27.334181536053,8,7
"1263",7.43259305089237,28.8830426391972,8,7
"1264",9.0539923063054,32.5412059881923,8,7
"1265",11.1102763743616,36.1196010641587,8,7
"1266",7.90529303074914,23.7087034513283,8,7
"1267",6.69294357675465,25.5261755033157,8,7
"1268",8.13238602103126,27.626272165853,8,7
"1269",7.26473103424899,24.4279013860961,8,7
"1270",7.19816258154828,32.4101944130343,8,7
"1271",8.05753822479996,32.103687941536,8,7
"1272",6.4107917087942,27.2009040619256,8,7
"1273",9.97382480059272,25.2608763713211,8,7
"1274",9.35880913691238,32.3381480880205,8,7
"1275",9.03313247560841,24.4201598382979,8,7
"1276",5.6078428777735,34.0398190097864,8,7
"1277",8.9018929349845,27.7058849909925,8,7
"1278",9.71708173996836,30.1460967978671,8,7
"1279",10.091767218993,40.9230808165744,8,7
"1280",8.07669433047587,32.5018815537052,8,7
"1281",7.80655946375072,32.1693317762596,8,7
"1282",6.59050389149943,22.077047248033,8,7
"1283",10.1586422853557,25.9035567784174,8,7
"1284",9.59571480642887,27.4896362188572,8,7
"1285",7.3016903741605,30.6153877920149,8,7
"1286",7.30576459673251,28.5133845436959,8,7
"1287",7.80106031248793,31.5524338137321,8,7
"1288",8.36765461290176,32.5233703332728,8,7
"1289",6.83152714380116,26.0587580705316,8,7
"1290",10.6075975474928,32.3307819951563,8,7
"1291",7.58714784544355,31.092727780029,8,7
"1292",7.9273174298422,27.106141454834,8,7
"1293",8.54702351395395,34.4355800489382,8,7
"1294",8.18138283586316,32.9064928876705,8,7
"1295",9.63543820721413,35.221197405618,8,7
"1296",10.2941723754461,37.624984469739,8,7
"1297",8.9184821369101,26.7629782114727,8,7
"1298",8.71565542133481,33.958321161171,8,7
"1299",10.250660483493,24.7598146164422,8,7
"1300",6.79465214866007,31.8225725663034,8,7
"1301",7.81964649398733,24.5008101571061,8,7
"1302",7.85694783116127,26.6478550409624,8,7
"1303",8.76057565670935,23.7812617659549,8,7
"1304",9.30324135048667,30.874199381397,8,7
"1305",6.03442723282683,37.0096182678879,8,7
"1306",4.94918687906556,25.8923003257963,8,7
"1307",6.59839577998416,28.6228748969755,8,7
"1308",11.3486805295795,32.5495562990203,8,7
"1309",9.56654257643393,38.5040066885058,8,7
"1310",7.35607272864422,32.3033357449284,8,7
"1311",7.0412343390219,24.7666449811848,8,7
"1312",5.12751160027696,35.0753320088536,8,7
"1313",8.62442066999641,29.6205509731387,8,7
"1314",10.3381837438249,31.8785853066953,8,7
"1315",7.8988024959466,38.6431299224993,8,7
"1316",7.91664556265579,22.8552941122647,8,7
"1317",5.56305412351455,30.2279673960739,8,7
"1318",7.34289380502594,27.9205690329013,8,7
"1319",8.9156925717193,37.6158603772113,8,7
"1320",7.32504689242409,35.1848817870208,8,7
"1321",8.1136654731876,31.5375904642159,8,7
"1322",7.41299764252861,28.1504730428784,8,7
"1323",9.3659295605458,27.0832691408168,8,7
"1324",9.10066152975872,33.1854108298054,8,7
"1325",8.41497722015329,31.4957526723181,8,7
"1326",7.24852708036849,40.6450708278012,8,7
"1327",8.47502239422275,38.6552772456617,8,7
"1328",10.0256416582106,31.8873963505501,8,7
"1329",10.0241593318704,35.7029395357816,8,7
"1330",8.47425168975659,28.0856765081406,8,7
"1331",9.39067794056805,27.3916336215639,8,7
"1332",6.68151368075532,22.9911772775328,8,7
"1333",5.96443789339285,35.9924382816429,8,7
"1334",11.8084335606455,39.9496556169089,8,7
"1335",6.42248887859806,32.52538107705,8,7
"1336",7.86259777225407,31.5045257771282,8,7
"1337",8.90926915701892,31.6924066358594,8,7
"1338",6.28912663217648,26.2345476695721,8,7
"1339",5.2322147043116,25.3278841805481,8,7
"1340",7.13745175176088,33.2068088245764,8,7
"1341",5.11525956602461,32.9931442926977,8,7
"1342",7.26534878896048,30.00436703628,8,7
"1343",5.8897519958316,32.361559716658,8,7
"1344",9.74338907886779,28.8257431442187,8,7
"1345",7.45294403544702,31.0717490156035,8,7
"1346",8.14375406252424,33.6641183790262,8,7
"1347",8.94390608788843,30.3844847202733,8,7
"1348",7.03679145342781,31.1966484758621,8,7
"1349",5.21504128353306,36.4530133203943,8,7
"1350",7.1982279514756,30.753347980112,8,7
"1351",7.38725734245894,28.8750355440483,8,7
"1352",5.7027268741429,30.8418858995383,8,7
"1353",7.76168810847596,38.0136929920591,8,7
"1354",9.78432353922274,34.0712450767831,8,7
"1355",6.85622575916882,29.197864537377,8,7
"1356",7.84631074667648,37.7079405143831,8,7
"1357",9.83606826413989,34.2788717819824,8,7
"1358",6.94487518986611,23.2215243517902,8,7
"1359",9.71842685196448,28.2833203408733,8,7
"1360",9.83090816104599,36.1953986194791,8,7
"1361",7.48487893264612,26.8442282447584,8,7
"1362",7.82840014237128,29.7524870555304,8,7
"1363",8.09936200305387,34.5241182750079,8,7
"1364",7.18143120051113,22.6165055026025,8,7
"1365",6.57102042151897,29.8214061623283,8,7
"1366",6.73828462955154,30.7249969684317,8,7
"1367",6.17988301964171,28.14761707467,8,7
"1368",8.15756711746857,34.6877162604022,8,7
"1369",10.1195243232465,34.3510917212204,8,7
"1370",6.91832074840837,30.9334033665299,8,7
"1371",6.73379961617625,27.5686332947404,8,7
"1372",8.04761669547999,37.6894108557173,8,7
"1373",8.82344741057131,34.3874399828227,8,7
"1374",10.4844603118133,31.5621610084524,8,7
"1375",7.91216858935253,35.2034997313122,8,7
"1376",7.24726008807553,28.5465091157683,8,7
"1377",7.29085907178703,31.336240699443,8,7
"1378",7.31364234704134,30.886079350623,8,7
"1379",8.55000752578073,35.1497360015249,8,7
"1380",8.95279294488396,34.9532892412845,8,7
"1381",5.36094362999507,33.9359392751117,8,7
"1382",7.78711727796545,24.765733563919,8,7
"1383",7.3450623229019,34.5731515900044,8,7
"1384",5.53273397282967,36.264766980359,8,7
"1385",9.36209227144275,25.2492534179779,8,7
"1386",9.28221179272084,32.2721456764212,8,7
"1387",6.39491355956588,29.0190936465647,8,7
"1388",11.7551517675091,34.4062393929595,8,7
"1389",8.75116511698482,32.1437964163689,8,7
"1390",6.96174273653221,28.1439161402615,8,7
"1391",7.22985862146395,30.5556939007879,8,7
"1392",5.87289163486226,25.104353408912,8,7
"1393",6.62296137870263,25.6782132465668,8,7
"1394",10.292737118923,25.6248190866444,8,7
"1395",5.75547144444806,21.8037872836741,8,7
"1396",8.00174471383829,34.9443195799144,8,7
"1397",5.40775229228589,26.0512316857204,8,7
"1398",7.54050722002956,28.1586431611002,8,7
"1399",8.9066103071236,35.6629462802573,8,7
"1400",6.20183360093693,26.9888336459377,8,7
"1401",11.9774785163249,33.8826281700188,8,7
"1402",5.46001873598098,29.09097219677,8,7
"1403",10.2812215425114,21.2481969141008,8,7
"1404",7.78630901564321,31.0153206747611,8,7
"1405",7.66877654797849,23.2290972884871,8,7
"1406",7.51481760025883,31.3974040776113,8,7
"1407",7.97224821405389,26.3766091243998,8,7
"1408",8.73557154455721,28.3031215409657,8,7
"1409",5.2147738385458,28.3362559108879,8,7
"1410",6.12786148091763,32.6152780142856,8,7
"1411",7.85465375941021,30.4776300322503,8,7
"1412",6.91074133204022,31.7963341406265,8,7
"1413",11.5050800054598,31.3103038397163,8,7
"1414",6.13017912149946,28.539278591209,8,7
"1415",9.30730505854871,29.6570670821191,8,7
"1416",5.63010412277599,31.5561495059699,8,7
"1417",5.66567791378802,35.3356492916511,8,7
"1418",6.3017642234154,27.0949860648605,8,7
"1419",7.56970051595862,26.8333344777559,8,7
"1420",8.20829455029827,40.4446219368277,8,7
"1421",8.65140877538664,27.8879714033309,8,7
"1422",8.88988368313042,25.0593514216217,8,7
"1423",11.7441069692921,28.0910260942321,8,7
"1424",7.293583347874,27.6469167996985,8,7
"1425",7.59788194788593,27.5018157095885,8,7
"1426",8.15764787504884,25.0142450466134,8,7
"1427",8.56198342298891,29.2129849811092,8,7
"1428",7.26224277624157,26.9217238666001,8,7
"1429",7.23692671846952,26.6907458827702,8,7
"1430",8.12734026369327,25.9638876430217,8,7
"1431",7.31702940835608,33.0665651189072,8,7
"1432",9.28191135336868,27.1963472422389,8,7
"1433",9.48842369886018,28.970423542,8,7
"1434",7.45019530587709,27.9285263047211,8,7
"1435",7.8306276131547,29.7773785131589,8,7
"1436",8.69850993562231,32.1165696123265,8,7
"1437",6.0008107895679,30.9543485384175,8,7
"1438",7.77631120813381,30.9002785847216,8,7
"1439",8.63600323410295,31.4533317536464,8,7
"1440",6.73593576623907,30.582850234715,8,7
"1441",7.46231463596186,28.5975292441422,8,7
"1442",9.54566941714938,39.8341749903488,8,7
"1443",9.8565680391985,28.1750072421759,8,7
"1444",7.34856123106869,34.0404029736108,8,7
"1445",7.91748335215613,26.1931703868567,8,7
"1446",9.5059979173349,34.1257247539797,8,7
"1447",8.14446757516302,35.3760620439257,8,7
"1448",9.84662137538409,28.9023709607359,8,7
"1449",7.77936073650582,24.5162279620429,8,7
"1450",8.80209992005408,36.2282459980815,8,7
"1451",8.36884369262336,31.3438932863695,8,7
"1452",8.79414675995987,31.8082654529943,8,7
"1453",8.1790211355739,26.8354252917193,8,7
"1454",9.62855675293717,29.0312291353213,8,7
"1455",8.26179329920021,30.6638305792828,8,7
"1456",8.22746934031364,28.5213959614286,8,7
"1457",8.0947403857799,34.624951663019,8,7
"1458",7.39971912944221,32.8374921709306,8,7
"1459",5.77011050980131,35.5476080067648,8,7
"1460",6.90014957415792,33.1023696587558,8,7
"1461",6.19009035646486,29.739289303027,8,7
"1462",9.5373973548734,22.3286509072002,8,7
"1463",11.4489149525374,28.8658080794317,8,7
"1464",9.47214211998014,30.5493433575775,8,7
"1465",7.88791927569428,21.9490934527168,8,7
"1466",9.35997703363504,26.9047771725842,8,7
"1467",8.44240835488314,24.0404353141869,8,7
"1468",6.92245247490243,24.254898001054,8,7
"1469",4.73011994150368,35.1407357624729,8,7
"1470",8.11505551948463,30.8013877250408,8,7
"1471",7.28719524045504,25.66785410299,8,7
"1472",9.43321345696569,31.3654803491116,8,7
"1473",7.28682734887527,28.2478960610068,8,7
"1474",8.07655524598186,33.4640449791645,8,7
"1475",11.2092915492433,32.3217302669134,8,7
"1476",6.44300070301203,27.7739042002801,8,7
"1477",7.03580412424374,27.7833810787252,8,7
"1478",6.98542172390252,34.6091528528317,8,7
"1479",6.30973707971486,32.4299305909288,8,7
"1480",6.98312872560707,29.4811486447931,8,7
"1481",8.52644908695772,28.7390916526833,8,7
"1482",9.19771035651037,30.2096746633579,8,7
"1483",7.43566529322769,36.9966875077425,8,7
"1484",8.16959990392275,25.9304774454484,8,7
"1485",9.68749942991466,29.9040677445431,8,7
"1486",7.37364730924239,38.071894208712,8,7
"1487",6.15307023183046,36.8687113302525,8,7
"1488",6.68460687152818,23.4133172383706,8,7
"1489",8.05743859604755,28.3099474030459,8,7
"1490",5.82385924285508,33.0698568222143,8,7
"1491",8.98405070234294,34.9645820258064,8,7
"1492",5.64915143721258,37.9933290392011,8,7
"1493",10.0115902466894,31.0543293805548,8,7
"1494",9.59826040153274,27.8650452976135,8,7
"1495",10.0810778230869,33.6306398400308,8,7
"1496",9.63427866488655,32.8034249388285,8,7
"1497",7.17499121419177,28.5045663131038,8,7
"1498",7.55078850359405,35.6435925674002,8,7
"1499",7.45016747262925,27.7081213695045,8,7
"1500",9.75274852153722,34.9744784563078,8,7
"1501",7.55163902998667,34.8633237718533,8,7
"1502",7.35142929080176,30.9217880709188,8,7
"1503",8.18157250788676,34.6636207615608,8,7
"1504",8.28164592130208,27.9092700211697,8,7
"1505",7.74289970199241,28.3028255643796,8,7
"1506",7.65665280054779,32.36180407712,8,7
"1507",6.19046430573278,34.2601216137139,8,7
"1508",9.85837106361257,25.4991516599881,8,7
"1509",8.73426770664691,32.6853464513782,8,7
"1510",8.87722534643713,35.1408314777849,8,7
"1511",6.53107069335775,26.386293948123,8,7
"1512",8.97857410490539,33.9501377570302,8,7
"1513",8.43986090671127,29.9906134816204,8,7
"1514",7.14026584280218,28.5694430421792,8,7
"1515",10.6410552485745,31.1797807445137,8,7
"1516",7.46989515911328,34.7702333144641,8,7
"1517",8.36044669299891,33.838692752151,8,7
"1518",8.83019255004173,34.4596368988882,8,7
"1519",8.31328993825303,34.6020680820426,8,7
"1520",7.32346690229452,32.0075732408421,8,7
"1521",6.84836484519963,30.4907526061636,8,7
"1522",6.00742266352973,32.3256955140171,8,7
"1523",8.59101260531367,30.5141526149249,8,7
"1524",7.30861854432113,29.409353306913,8,7
"1525",10.5737520809994,35.6904792570014,8,7
"1526",7.77224040641768,37.3379822378364,8,7
"1527",10.9190215327625,31.5914232817943,8,7
"1528",7.24030782755464,32.8884076524345,8,7
"1529",8.33848060695042,28.484056517414,8,7
"1530",6.83646169465882,33.4887618964126,8,7
"1531",7.78601062620922,28.5351197904514,8,7
"1532",10.1116720612905,28.6442751868937,8,7
"1533",4.91395992436609,30.9983667724224,8,7
"1534",3.99244638423593,28.9789767430418,8,7
"1535",6.82347593353945,33.391638907277,8,7
"1536",9.2702795145237,26.0503483840507,8,7
"1537",8.65986699399593,28.4573089694746,8,7
"1538",8.69163364783947,34.7584822067802,8,7
"1539",9.87533416237282,32.021845852117,8,7
"1540",6.7918359026788,40.8590832319287,8,7
"1541",10.8340910506552,28.2085607061684,8,7
"1542",8.31976025589004,32.1717762250596,8,7
"1543",8.13028836412306,32.5579954247976,8,7
"1544",5.8591872729648,29.7396721984538,8,7
"1545",6.29590078860059,32.3847331213189,8,7
"1546",6.67372004717136,32.73034112613,8,7
"1547",10.4578621222086,27.3728908859246,8,7
"1548",9.50706791248482,28.6199057550227,8,7
"1549",8.73189709615231,28.7508748517561,8,7
"1550",9.73007096435848,36.8145532260786,8,7
"1551",8.77101193577094,29.9194031771495,8,7
"1552",6.80696803115923,27.6427826233795,8,7
"1553",8.93340725428086,35.2888252163044,8,7
"1554",8.95249503770076,28.3546844721837,8,7
"1555",9.21557627048159,27.0406544512037,8,7
"1556",8.86514892874969,25.7177376397224,8,7
"1557",9.66891153239985,36.0195223149738,8,7
"1558",6.27882025883417,30.506164732542,8,7
"1559",7.86226976963139,31.8980743933748,8,7
"1560",7.13534477777914,32.4392069657445,8,7
"1561",6.38579170830522,39.5741939656731,8,7
"1562",9.92534830724249,36.9390440680564,8,7
"1563",5.49193358592872,35.7122948989991,8,7
"1564",9.59462037421625,31.5941373769478,8,7
"1565",7.2442519988748,29.595076042736,8,7
"1566",8.8527993969907,34.2283591953943,8,7
"1567",7.54812702197106,31.7792076827475,8,7
"1568",9.32900848312425,26.3287212434668,8,7
"1569",7.79695466807645,27.090806437693,8,7
"1570",6.8734693172281,29.4688137530304,8,7
"1571",10.593630800517,19.0564056063267,8,7
"1572",7.72726346968017,26.332131163687,8,7
"1573",8.54470333067809,33.0293292803409,8,7
"1574",7.91062031212262,35.2084025111904,8,7
"1575",8.7003587135809,28.8981215839212,8,7
"1576",8.65876418906862,31.7473428886929,8,7
"1577",7.86606907522927,35.6828036675765,8,7
"1578",7.23076571797966,30.9537605950104,8,7
"1579",7.57157799170841,29.7292259704242,8,7
"1580",8.56789752447217,29.5904355860045,8,7
"1581",7.13446402729069,29.1493243454241,8,7
"1582",6.40726271719091,31.4326678328228,8,7
"1583",9.29857517118689,31.0620654135967,8,7
"1584",8.26470765154655,39.6867973433372,8,7
"1585",7.95500525729795,36.0535811715973,8,7
"1586",7.38110578430797,32.1065973264073,8,7
"1587",5.94525112541964,32.8754014549069,8,7
"1588",8.17746424751836,25.3385466384784,8,7
"1589",5.09829677941688,26.5983995525385,8,7
"1590",7.65250266541498,32.1673281629036,8,7
"1591",5.69592498448066,39.594290243658,8,7
"1592",8.89193284555152,31.3059645617235,8,7
"1593",10.0457603431847,30.269891073767,8,7
"1594",6.9211251250517,28.7266058740087,8,7
"1595",5.54819710321172,26.184684700644,8,7
"1596",8.10358086741877,31.7074754994785,8,7
"1597",6.02915240683362,29.9710445031884,8,7
"1598",7.3566018930823,36.6269090906922,8,7
"1599",7.58003396233728,31.6163306942872,8,7
"1600",8.44543583527314,29.7671742162762,8,7
"1601",8.61785237266266,30.8712165700382,8,7
"1602",9.08939889740576,32.4206331358109,8,7
"1603",8.73215556519323,30.2662671213483,8,7
"1604",4.56030680321665,30.6356305971292,8,7
"1605",6.36969827833253,33.4013477502134,8,7
"1606",7.97596988457814,32.2397494411012,8,7
"1607",8.34262558067142,26.9871436701245,8,7
"1608",8.58554524534043,29.7927410745523,8,7
"1609",9.11629212494236,30.8617087897157,8,7
"1610",9.22312994213797,35.8213395163661,8,7
"1611",9.51546477986237,30.4573415302979,8,7
"1612",7.17981878136913,30.3208558977399,8,7
"1613",7.7347854865076,32.4018427413773,8,7
"1614",6.76825767427031,36.0941127623382,8,7
"1615",5.21640580030254,34.9991163426257,8,7
"1616",8.14364715820979,37.0663814016411,8,7
"1617",10.0828493359899,28.2834657668252,8,7
"1618",6.0127068128283,30.8383938971179,8,7
"1619",4.18867939024467,28.8328490084232,8,7
"1620",7.49811705976493,24.8522906860138,8,7
"1621",8.03408619385427,28.3936147752911,8,7
"1622",8.35333862753739,31.2654084808251,8,7
"1623",4.13528378877678,25.7611972828955,8,7
"1624",11.0449763502666,37.9825051277496,8,7
"1625",10.1859208734983,29.0163631764456,8,7
"1626",7.61430698317045,35.6951628886993,8,7
"1627",8.29282266048781,29.2987311458166,8,7
"1628",8.00826055718115,30.2782385758769,8,7
"1629",8.6401752921345,27.0799679070455,8,7
"1630",9.35282985035285,28.370930141821,8,7
"1631",6.53246146778346,37.4395648224251,8,7
"1632",6.31499742424975,28.9379525028105,8,7
"1633",9.60652174760978,31.9452163821686,8,7
"1634",8.86164769168777,24.2199571099702,8,7
"1635",6.07604053445961,35.0457628703592,8,7
"1636",8.75983884939735,30.7562049989893,8,7
"1637",5.8715811339393,30.4821114290145,8,7
"1638",6.84636864227872,32.3438943926762,8,7
"1639",9.51700690192314,33.8898253359482,8,7
"1640",8.45143784829007,23.8775734805475,8,7
"1641",6.50771789690931,29.6923176150869,8,7
"1642",9.4775930842782,29.991543785545,8,7
"1643",6.6847649827166,36.8686627788591,8,7
"1644",9.33101008327319,23.4160457831471,8,7
"1645",8.92211208798385,28.5252869617054,8,7
"1646",9.2384488622497,18.4134548155867,8,7
"1647",7.73688670288085,31.5799632783756,8,7
"1648",8.80906962978227,33.9394173072598,8,7
"1649",6.9501090499578,33.9933516213815,8,7
"1650",8.15277659613326,36.6898939549769,8,7
"1651",9.78641887090366,28.5418175063815,8,7
"1652",5.64694222831909,37.6835942786434,8,7
"1653",8.87031986426599,35.9712669432642,8,7
"1654",9.33193170031102,33.0473805088117,8,7
"1655",7.29411552454461,31.5404769452329,8,7
"1656",8.2096952410066,30.8749921594574,8,7
"1657",8.70519577837002,33.8423991589514,8,7
"1658",9.06782531300304,23.9592697730858,8,7
"1659",10.8707508804736,24.8330545231462,8,7
"1660",6.65825387726498,32.3950450041271,8,7
"1661",10.0345096448569,27.8447735539117,8,7
"1662",8.85713141459446,36.9536174042676,8,7
"1663",8.47631379204232,38.9369776516263,8,7
"1664",6.75089102214464,34.5924904260879,8,7
"1665",6.46372801600995,31.544741976974,8,7
"1666",6.50716859499407,30.4544026758908,8,7
"1667",8.10582994849111,28.3930408368718,8,7
"1668",7.70966131108871,31.0903705698571,8,7
"1669",7.79376957935713,33.4049176128266,8,7
"1670",9.0861343605721,27.9868602241143,8,7
"1671",9.0974709286617,29.2367714916988,8,7
"1672",11.3235565261271,32.7062931771031,8,7
"1673",5.8026441242532,29.7675556913667,8,7
"1674",8.74193053531524,37.645665054213,8,7
"1675",9.3822724780171,31.3836750299453,8,7
"1676",10.5944185066019,30.9327831859259,8,7
"1677",8.3544759107685,25.6669837144593,8,7
"1678",7.98747657800974,30.7625057921552,8,7
"1679",6.79722970448322,22.6169139184565,8,7
"1680",6.16609826338551,28.2687921185413,8,7
"1681",10.0544947152354,30.5530195389662,8,7
"1682",9.73354735222524,27.7039930772897,8,7
"1683",6.49446494860487,34.1762134994811,8,7
"1684",8.78979649570067,33.9526966415546,8,7
"1685",8.2851795925015,20.8551828332367,8,7
"1686",8.23473954921537,32.2432740502058,8,7
"1687",6.0637291022676,37.7381460747901,8,7
"1688",7.07630375121911,28.9913252044124,8,7
"1689",6.56778899628096,34.3751552439813,8,7
"1690",6.14522495301844,41.3889554585454,8,7
"1691",9.00615575292637,34.8838302040751,8,7
"1692",8.58930838023407,26.4721328412276,8,7
"1693",5.72809857234914,27.376366365009,8,7
"1694",8.11442513185294,30.6541597168522,8,7
"1695",9.98334965420592,37.2947306669395,8,7
"1696",6.46983141992916,27.7138176560001,8,7
"1697",8.02742271506846,32.6014116063154,8,7
"1698",6.76388991391183,29.7950402022804,8,7
"1699",5.99622298179193,23.0688377437493,8,7
"1700",6.85578986349991,42.2604917095457,8,7
"1701",7.95126379831311,27.4074156346029,8,7
"1702",8.13283154242274,28.3575725743939,8,7
"1703",11.4786630476865,37.8592337320678,8,7
"1704",11.1066865692144,27.0057007139945,8,7
"1705",5.73914259439648,27.0578169810156,8,7
"1706",8.32797176467791,23.8778659572913,8,7
"1707",7.99160378756188,34.2315991023057,8,7
"1708",6.89081285944882,33.0676397529947,8,7
"1709",6.62998335727742,36.1771027376472,8,7
"1710",6.49635216128958,27.2006616042702,8,7
"1711",7.23538573354575,36.34926485103,8,7
"1712",8.377306035178,35.2119564346358,8,7
"1713",8.56679767947757,34.6564300503679,8,7
"1714",6.27679966409977,30.0160605085186,8,7
"1715",6.73325288878092,25.544238892929,8,7
"1716",8.31496633961018,26.7593906028505,8,7
"1717",10.0912843565504,31.8259997405707,8,7
"1718",5.22107581184774,26.9615377204159,8,7
"1719",9.26570605547064,29.5180250619323,8,7
"1720",8.40521183976163,30.6036787129731,8,7
"1721",9.4090014229059,29.8474657314369,8,7
"1722",9.04241532372557,23.8222218179828,8,7
"1723",8.56016248352145,25.6916094359209,8,7
"1724",7.36352795561318,27.8443500444413,8,7
"1725",8.95499082418922,29.1504013360227,8,7
"1726",8.6183129342124,33.2465310708977,8,7
"1727",11.3506950042103,36.966707179934,8,7
"1728",11.4221539556348,29.3750827789212,8,7
"1729",7.24695156562628,22.497142036163,8,7
"1730",8.40684655146036,33.8588443352906,8,7
"1731",6.18146183364379,28.894266780639,8,7
"1732",7.95969899775753,28.6251578711419,8,7
"1733",9.80488111031355,28.5722525234304,8,7
"1734",10.3368544430341,25.0852657935728,8,7
"1735",9.54762652850226,39.0337877467361,8,7
"1736",9.9082202723087,27.3201618497937,8,7
"1737",6.69113282704239,29.3711674257737,8,7
"1738",7.22660812720822,36.4904987824852,8,7
"1739",7.52027430071771,26.3732372743827,8,7
"1740",8.63191034450952,29.5952908379729,8,7
"1741",10.1485862673397,32.9735066050903,8,7
"1742",7.37631881797144,31.4181475259566,8,7
"1743",7.20959631814872,36.1782936594679,8,7
"1744",9.30489063254517,34.7873201980055,8,7
"1745",5.77622876883854,31.6983566804185,8,7
"1746",8.89624938049198,33.355745947021,8,7
"1747",11.1447979812959,31.3431309226327,8,7
"1748",7.41817853294931,27.6675141060092,8,7
"1749",6.26371111697934,34.9669118011615,8,7
"1750",10.1842590992423,34.119209507409,8,7
"1751",8.22866564865909,25.7554274170883,8,7
"1752",9.87930260925271,24.7645915916408,8,7
"1753",7.07420269308075,26.3243556115769,8,7
"1754",4.48424946779649,27.2745881683259,8,7
"1755",9.07115617597237,25.1376390599943,8,7
"1756",8.88193783535614,32.661111933357,8,7
"1757",6.89105264989453,32.1535236272132,8,7
"1758",7.90918832844794,28.5597087921954,8,7
"1759",8.34120294380119,30.5244210036422,8,7
"1760",7.74093703763808,31.0238807771255,8,7
"1761",8.34008443837195,29.295980372447,8,7
"1762",10.6242857392946,22.2073956601577,8,7
"1763",9.8929192200689,32.5701767265178,8,7
"1764",7.06353795960682,32.3263499190844,8,7
"1765",7.47180719321135,25.8574513672587,8,7
"1766",8.68021904150591,22.9358743942743,8,7
"1767",10.5557630439254,30.740136613449,8,7
"1768",5.2334064327275,35.6334173595309,8,7
"1769",10.1207950576061,28.3995699681475,8,7
"1770",10.6039082574358,40.5137401043817,8,7
"1771",5.9810618836508,26.3600339756738,8,7
"1772",3.21700566353317,36.9469607794507,8,7
"1773",7.76427956330834,30.9910950573325,8,7
"1774",6.45848140373523,30.7887386530631,8,7
"1775",6.34567842532696,32.1245004236049,8,7
"1776",9.96496022064911,28.6157669722423,8,7
"1777",9.25287371479867,24.3991273350813,8,7
"1778",8.42440199715788,34.3347378922767,8,7
"1779",7.60752233412138,29.1627281010977,8,7
"1780",6.83141667142601,37.8804409894082,8,7
"1781",9.80044139239124,31.66954630379,8,7
"1782",9.2364910619941,32.7330395163025,8,7
"1783",7.98800648715907,33.4564560863066,8,7
"1784",7.87817817620158,26.9866442985029,8,7
"1785",8.93808572995686,35.6019148716513,8,7
"1786",10.7215515453974,31.8871335469889,8,7
"1787",9.74823402306119,23.0908863479686,8,7
"1788",7.42917151850915,34.344537884159,8,7
"1789",9.31487410645317,31.9530883928029,8,7
"1790",4.30810610802406,31.534575889266,8,7
"1791",7.67055424690471,30.6714474432141,8,7
"1792",5.96843880725263,33.0488201527875,8,7
"1793",10.2448940064342,37.366888585142,8,7
"1794",9.40421572636844,30.4558458389524,8,7
"1795",6.66717336727719,32.4311130139629,8,7
"1796",8.26672405220835,33.051182982116,8,7
"1797",5.11557559960806,33.7159991352762,8,7
"1798",6.22712833620839,30.5750751265796,8,7
"1799",2.00122978638809,25.89428145912,8,7
"1800",12.0403987690711,34.3750912744559,8,7
"1801",8.60172977500884,24.1938740505432,8,7
"1802",7.21482000245287,24.6663738170702,8,7
"1803",6.29952268315463,34.2436675429414,8,7
"1804",8.66708212225581,32.0250118201953,8,7
"1805",6.42581131492112,32.5420305224404,8,7
"1806",7.91678013647617,37.135431575605,8,7
"1807",6.9590893503877,35.5232276050642,8,7
"1808",5.81721741802346,39.1619767495221,8,7
"1809",8.14538511841829,31.9094727742356,8,7
"1810",6.84321507376821,31.1183805510824,8,7
"1811",6.28654412781636,28.1905906474707,8,7
"1812",11.9173902953056,28.6235794775157,8,7
"1813",7.47825561583384,26.9652501153819,8,7
"1814",9.10607040920529,34.5853598728658,8,7
"1815",8.09434828117524,31.395418670773,8,7
"1816",10.4165150299181,32.7570281749608,8,7
"1817",5.65322776987741,33.4443544642031,8,7
"1818",4.06819141121559,37.2392903045327,8,7
"1819",8.19710524612415,32.0734904797712,8,7
"1820",4.91555529111248,34.2099244193066,8,7
"1821",8.10444455557574,27.4054523515003,8,7
"1822",8.60864427159961,29.6408613683761,8,7
"1823",8.73774461896345,32.1910757662963,8,7
"1824",7.88542189440334,36.351820880729,8,7
"1825",7.32604442144822,38.0392689695719,8,7
"1826",7.67838454543115,29.9373461554036,8,7
"1827",8.35800260439955,29.3477016523539,8,7
"1828",10.4560256018491,35.7548570920836,8,7
"1829",9.64116471679407,32.304723730477,8,7
"1830",7.40361331045727,20.6424353402874,8,7
"1831",7.74843840601798,33.3331494087895,8,7
"1832",6.38445149229307,35.438714029879,8,7
"1833",6.38917580085091,29.723076688371,8,7
"1834",8.60945894429288,32.6665605835389,8,7
"1835",7.52872883873128,26.5841997202369,8,7
"1836",7.42653977428499,32.8700178776513,8,7
"1837",7.90357318045855,23.5079924685478,8,7
"1838",7.19508331705367,34.0384822223074,8,7
"1839",7.3228245281125,29.5797158846772,8,7
"1840",6.24593092742072,20.7035914442047,8,7
"1841",8.425826800173,32.3284662954252,8,7
"1842",7.20825422553627,32.0998903715557,8,7
"1843",8.76540012894272,30.1314648856948,8,7
"1844",6.3865962227609,30.5089061434092,8,7
"1845",6.86563799015568,33.6619681689255,8,7
"1846",9.53049741642228,29.7538800964113,8,7
"1847",8.33318458857779,28.7043468007782,8,7
"1848",6.63395867044087,28.740395832031,8,7
"1849",7.4032702657595,30.8961550873878,8,7
"1850",5.46701356553755,35.3024479286156,8,7
"1851",9.35117577687008,24.7146598965121,8,7
"1852",11.4751788843767,24.2171270785518,8,7
"1853",6.87182589236033,31.3655290751766,8,7
"1854",7.09141628493893,35.1186193862095,8,7
"1855",5.9040525353657,30.3224860951952,8,7
"1856",6.18617414846673,33.6366755570872,8,7
"1857",7.57780975683243,33.1159165055625,8,7
"1858",8.41458074689503,35.5363598730133,8,7
"1859",6.24336394888179,36.1638697028338,8,7
"1860",6.77193690787604,27.736052540634,8,7
"1861",7.2986933941887,33.5148440620108,8,7
"1862",5.27431041268491,32.300011816808,8,7
"1863",7.05873739421142,32.5949642246689,8,7
"1864",5.69586629678158,19.7130338923717,8,7
"1865",7.09592956024136,29.5777625940178,8,7
"1866",6.56197860357885,33.0176758702149,8,7
"1867",8.58115411981599,26.5728918570211,8,7
"1868",8.03653778867744,36.732261111002,8,7
"1869",5.19427975880955,27.1511076138553,8,7
"1870",8.47696519733695,34.4362532846917,8,7
"1871",8.70667960595186,35.637197209911,8,7
"1872",3.45188022497945,32.2028261290353,8,7
"1873",7.81611660821995,32.0374550502285,8,7
"1874",7.15094432601713,29.506222363137,8,7
"1875",8.3538351311012,37.2104003935263,8,7
"1876",8.81736910696722,26.9883995025091,8,7
"1877",7.25776580940133,37.6011730957539,8,7
"1878",8.68980321585328,29.7184261189403,8,7
"1879",7.85258456370323,29.5785747841821,8,7
"1880",10.6594685048823,30.5581056929198,8,7
"1881",7.59608380301414,32.4447063428117,8,7
"1882",9.22378733038471,39.743309323993,8,7
"1883",7.25781845191508,35.9951284233085,8,7
"1884",6.68678627641001,32.5165157588122,8,7
"1885",9.85229778877031,25.3338332686844,8,7
"1886",8.75258565882453,32.2870809827876,8,7
"1887",7.65181319852448,39.9514490795137,8,7
"1888",6.42688703363007,35.0290465365796,8,7
"1889",7.4245908541017,31.8875085744235,8,7
"1890",8.55706862521233,25.7320018189742,8,7
"1891",7.47279517710398,21.4848095302444,8,7
"1892",8.95751147940001,23.51727308523,8,7
"1893",8.34109722454133,29.9450650373614,8,7
"1894",8.61530718418362,36.1491354590353,8,7
"1895",5.79734043813221,30.979065550802,8,7
"1896",7.12285568870119,33.2059678911193,8,7
"1897",8.76533113756297,32.6089922691729,8,7
"1898",8.2969969195805,37.683898918881,8,7
"1899",5.49600539023131,28.4251280376261,8,7
"1900",9.52276971462633,35.3703824153302,8,7
"1901",6.0679710344517,25.8215613142959,8,7
"1902",8.2161251600628,27.2146065565338,8,7
"1903",7.65030509538446,37.4287778672105,8,7
"1904",9.36928489017535,33.0913386622681,8,7
"1905",7.12451515431808,34.8739770806134,8,7
"1906",8.05141313062018,32.7501749951835,8,7
"1907",8.36559185105311,31.508292017271,8,7
"1908",7.69862867826574,31.2564040606821,8,7
"1909",6.58581262575139,23.3851563903048,8,7
"1910",8.76010519711036,27.6616567218504,8,7
"1911",6.14392180071337,29.6151190077739,8,7
"1912",6.13383224834607,32.1859150441192,8,7
"1913",7.55814672783123,32.6766482459622,8,7
"1914",8.83148846690796,30.7396474023649,8,7
"1915",9.27723956929931,32.4423419581954,8,7
"1916",8.61890925255782,34.7635755694899,8,7
"1917",10.4357082342992,31.0379622155166,8,7
"1918",8.14160333225774,29.2105651437076,8,7
"1919",9.96776028774073,39.7331903481862,8,7
"1920",9.4985583818777,38.8085037076393,8,7
"1921",9.88182595272197,30.9962132914381,8,7
"1922",7.54096975849021,30.3761771128152,8,7
"1923",7.71470617240028,24.8449469614177,8,7
"1924",10.6231392321732,31.903728188213,8,7
"1925",6.50328828431798,31.8016495123188,8,7
"1926",7.09145373623441,29.4413303443117,8,7
"1927",8.57040453435532,34.1179570231719,8,7
"1928",8.29392064438266,29.4261258949036,8,7
"1929",7.26695895229044,30.8410599717812,8,7
"1930",8.64573295179818,33.2890343781444,8,7
"1931",7.60827610080733,30.1117639631771,8,7
"1932",7.08840833385595,36.735327107975,8,7
"1933",7.67081126669612,24.0045613003387,8,7
"1934",8.26214101191452,30.2736333434374,8,7
"1935",4.33570569461898,31.4225477527227,8,7
"1936",11.9793602249799,30.6573839124385,8,7
"1937",8.19481374854936,26.3964456785946,8,7
"1938",9.1206953502577,31.318141844043,8,7
"1939",6.91105861624187,33.754366403573,8,7
"1940",8.14123675760444,31.3077985926872,8,7
"1941",8.19297338600083,35.1346903229368,8,7
"1942",6.89253944433172,31.39675259512,8,7
"1943",7.38426982343424,27.2055959968395,8,7
"1944",8.00727974621535,24.5854659748413,8,7
"1945",6.02719349812617,34.3795861002552,8,7
"1946",5.09264947639213,31.4504083596196,8,7
"1947",6.95983146258764,37.3323169318744,8,7
"1948",12.0836348020817,31.3813869511712,8,7
"1949",7.65602490568574,33.9962294956741,8,7
"1950",7.56402838354103,29.3767044814114,8,7
"1951",8.47198724800316,33.6801923763176,8,7
"1952",6.77618017949738,37.1104500781147,8,7
"1953",9.21227913230562,31.2777747313071,8,7
"1954",8.3029266306985,28.0123578585491,8,7
"1955",7.36539762338774,32.7001628861049,8,7
"1956",8.3089260630521,32.6228493859568,8,7
"1957",6.76233219225353,22.8475458687817,8,7
"1958",9.36370064713009,31.946728286351,8,7
"1959",10.1138266237648,27.4451844667488,8,7
"1960",8.67441608612686,27.0922635686464,8,7
"1961",10.092943001306,35.3505322421292,8,7
"1962",8.54911146397607,22.904536638471,8,7
"1963",9.21981455858204,33.5931637041469,8,7
"1964",9.03841923556598,25.8044927428074,8,7
"1965",6.47570486765869,28.77278910753,8,7
"1966",11.9804448231217,33.4517750629952,8,7
"1967",7.02221071570099,35.4221924530806,8,7
"1968",8.46989706571488,30.6545861674822,8,7
"1969",6.64445507240706,31.2575877086936,8,7
"1970",8.4374369080618,35.5352899953867,8,7
"1971",5.67901805711575,27.5385036787719,8,7
"1972",8.70754872402659,39.4311069729327,8,7
"1973",6.74786861463429,27.8292960871806,8,7
"1974",7.07227911117563,29.2951629751911,8,7
"1975",8.78261844474189,23.5744595985916,8,7
"1976",8.73381949633474,33.3546274219558,8,7
"1977",8.3292313841502,34.1536099407329,8,7
"1978",7.63071418357548,34.4921374264129,8,7
"1979",9.52453627751832,28.8056837253733,8,7
"1980",6.51891748041154,28.1363949585853,8,7
"1981",8.85758695721559,29.9726096516597,8,7
"1982",8.85251691023579,29.3086491953286,8,7
"1983",9.69133552470643,23.9325494244243,8,7
"1984",7.64492419545141,32.8766389154523,8,7
"1985",4.86127639553162,30.0656579783611,8,7
"1986",9.6732994967429,28.4008582871127,8,7
"1987",6.12806520841157,39.4322506335867,8,7
"1988",8.97295416644931,33.4570568235567,8,7
"1989",5.03947633621639,30.8483194238107,8,7
"1990",7.04961675635784,31.9961143996439,8,7
"1991",8.13855693584557,27.527631508044,8,7
"1992",7.04695007786864,26.2931548713965,8,7
"1993",6.45403593373428,34.4339085352092,8,7
"1994",9.35320117966317,28.3792771943824,8,7
"1995",7.48723971464366,26.138969992231,8,7
"1996",9.34572252185739,42.6458134537612,8,7
"1997",7.42980780000475,31.9343481963117,8,7
"1998",10.8191169258734,31.868534413639,8,7
"1999",9.17460598606621,26.7540890236418,8,7
"2000",6.35229189440696,29.9491400854811,8,7
