"X1","X2","component","subcomponent"
"8001",23.8309515627796,7.55859208521667,12,8
"8002",22.0450648592324,4.00303954562104,12,8
"8003",20.1596001907624,7.41345881197958,12,8
"8004",20.6087698570616,7.15789020170227,12,8
"8005",25.4968452180743,5.97657367783224,12,8
"8006",17.6092425125737,7.65474741639128,12,8
"8007",18.4392837525954,6.456035180814,12,8
"8008",30.4517723305285,7.19660151946253,12,8
"8009",29.9789989473845,7.1698183481523,12,8
"8010",18.7433928316657,6.01579524459637,12,8
"8011",20.8890105085077,3.96625458825893,12,8
"8012",17.865038933026,8.70518691903254,12,8
"8013",23.2622939787598,8.68533520647136,12,8
"8014",25.0130725852592,6.5449438169331,12,8
"8015",23.781374159128,5.29591401554733,12,8
"8016",16.1603266193748,7.25992165932558,12,8
"8017",18.7677733875945,6.04112490758987,12,8
"8018",23.0379862558821,6.11440807152623,12,8
"8019",17.2601107457167,4.94317648042561,12,8
"8020",20.0962576225185,5.46858309264553,12,8
"8021",23.708965382611,8.18874292281182,12,8
"8022",23.7073479544598,8.01627422270498,12,8
"8023",31.0834478411807,7.2250927952562,12,8
"8024",23.8280087530829,7.76130864614624,12,8
"8025",26.3811463134914,8.87590066228922,12,8
"8026",28.8196172043487,7.85657268329075,12,8
"8027",23.9777315623299,8.02803694259617,12,8
"8028",17.1949540951867,5.52704678104556,12,8
"8029",21.233938226253,5.41304273536564,12,8
"8030",24.7265975650347,7.78327196842026,12,8
"8031",20.8364850360802,9.08645224291175,12,8
"8032",26.6746143141467,6.34633894353659,12,8
"8033",21.4702146726273,8.04588286410492,12,8
"8034",23.606147652796,7.6918301245491,12,8
"8035",24.2613190907836,5.52323472420138,12,8
"8036",17.4424667928798,5.60765804966216,12,8
"8037",20.7562085858807,7.67957116973736,12,8
"8038",22.5628104950482,4.30675641904317,12,8
"8039",28.0170190037914,6.01311282142017,12,8
"8040",27.5083124459016,8.60084326567208,12,8
"8041",24.6288631087385,6.64297389227178,12,8
"8042",18.8184020366071,7.60101965377004,12,8
"8043",23.3083353458874,5.88018471459577,12,8
"8044",23.3733002449964,7.80863669487748,12,8
"8045",26.1006696026802,6.87135311799905,12,8
"8046",26.6588010737032,3.7380596816453,12,8
"8047",26.3138984254971,4.51273107832453,12,8
"8048",20.3209847651713,5.25571424135379,12,8
"8049",14.1896468874735,7.75235027238091,12,8
"8050",18.2213916956293,5.71017210663703,12,8
"8051",19.0561227209884,6.4009733466623,12,8
"8052",24.9361844012749,7.80416302792139,12,8
"8053",19.1240968349275,4.71575968580162,12,8
"8054",26.8621857627347,6.90505269777491,12,8
"8055",16.9365077558337,5.58872745321917,12,8
"8056",26.4929155586527,8.36555417179063,12,8
"8057",25.1991014109115,6.7135709508817,12,8
"8058",24.1566915235664,7.37968982318319,12,8
"8059",25.5879526195512,7.593101233116,12,8
"8060",29.1395712277004,4.99634026451084,12,8
"8061",21.8710285633204,6.29030684708467,12,8
"8062",20.926837837063,6.14428439613635,12,8
"8063",23.3842255353934,5.07560324484812,12,8
"8064",22.9247515014126,5.54014338223415,12,8
"8065",22.8238049477126,6.73142088492354,12,8
"8066",23.7743181208733,5.05701532067035,12,8
"8067",24.8105013965179,6.60030649608147,12,8
"8068",16.7081439801846,6.78025087661805,12,8
"8069",24.6960186743427,7.82649466549162,12,8
"8070",23.5965542682048,8.01976703923514,12,8
"8071",21.5056736151613,6.0290425263095,12,8
"8072",23.7450259766836,8.0269328918506,12,8
"8073",19.3997780222994,9.43946227461493,12,8
"8074",19.1076531800019,7.61387559101683,12,8
"8075",20.2702263589741,7.65146296907916,12,8
"8076",19.7592519303324,8.3925352285657,12,8
"8077",21.6475310588243,6.13713300858904,12,8
"8078",23.8232126297587,6.25593969853337,12,8
"8079",25.4698267371723,4.69062793312284,12,8
"8080",27.6585946210819,10.032184610977,12,8
"8081",23.2712997556259,7.45847618919895,12,8
"8082",24.192882892491,6.0292928677466,12,8
"8083",27.3324311035673,4.87010361940345,12,8
"8084",21.7170735381243,6.11686817835142,12,8
"8085",21.8215046316217,7.80344514308651,12,8
"8086",27.4971198552578,9.10439980986973,12,8
"8087",28.5838779374896,4.78175903050055,12,8
"8088",19.6964445208464,4.50112384998804,12,8
"8089",23.8970479956588,7.86597077994949,12,8
"8090",16.5227411998454,5.0159541188787,12,8
"8091",16.5521920449394,4.5695806500688,12,8
"8092",18.7631429497701,5.150276391733,12,8
"8093",19.7914466934581,6.91473500370387,12,8
"8094",20.4219350758126,7.28205747285162,12,8
"8095",22.1361707276434,5.49303702557657,12,8
"8096",17.8173421797417,6.62303405599091,12,8
"8097",24.4366160197617,8.28547076819257,12,8
"8098",22.133284095061,6.19218390835443,12,8
"8099",22.1031698349868,7.82371749405674,12,8
"8100",19.4424733638688,5.81840557325506,12,8
"8101",29.3796465867738,8.33676878009293,12,8
"8102",16.325249290024,4.78248412561438,12,8
"8103",17.0009505023401,6.31175126210912,12,8
"8104",20.8406069190035,7.40065941097002,12,8
"8105",20.8290900399431,4.62520397199802,12,8
"8106",28.964144490407,7.12324648080814,12,8
"8107",22.2806424972264,5.58352486497183,12,8
"8108",18.770375752951,5.36981566099929,12,8
"8109",20.9981678032297,4.94891923815933,12,8
"8110",22.1955200364838,8.00584828518955,12,8
"8111",17.104781345577,7.92362258210408,12,8
"8112",21.8916382512938,7.66952424408435,12,8
"8113",22.5817246240118,6.00900668237654,12,8
"8114",25.0889228233581,10.3355493355284,12,8
"8115",31.3317734807317,2.84915429863449,12,8
"8116",22.8917754698743,6.61831515849481,12,8
"8117",15.0928031250749,7.65458673006445,12,8
"8118",23.5295525376027,4.26032500975301,12,8
"8119",29.2303709813139,3.98812606107962,12,8
"8120",23.4509647823369,4.79345164571626,12,8
"8121",18.7670613650284,5.89238108731778,12,8
"8122",19.6485308110655,3.41534910573262,12,8
"8123",23.3398177209265,7.63690761237392,12,8
"8124",23.8987003791209,4.88114481219238,12,8
"8125",19.749247438287,5.50244635119578,12,8
"8126",24.8286278761974,5.48825091774417,12,8
"8127",17.7284166004189,5.78219770117704,12,8
"8128",22.2339421023195,5.27992038285784,12,8
"8129",19.5540032476772,2.13930114587984,12,8
"8130",14.2241420947552,5.52033637898822,12,8
"8131",28.2784621802602,5.87533007950852,12,8
"8132",16.8094824922479,6.17466273921106,12,8
"8133",16.7517745136621,7.88492193215823,12,8
"8134",20.22594652708,5.35991043304912,12,8
"8135",25.7814407514691,6.76111907079393,12,8
"8136",23.4089022759679,5.89939497909278,12,8
"8137",24.8190056733931,5.89913201545281,12,8
"8138",23.3624850213041,6.85469794868221,12,8
"8139",23.8582298217256,6.92784987178765,12,8
"8140",24.9117308791467,8.30600137998719,12,8
"8141",19.7204352872847,9.28903577415794,12,8
"8142",25.5010164599364,6.37270115731225,12,8
"8143",23.9604593831772,6.8034142267735,12,8
"8144",30.4130779475004,7.50779489848974,12,8
"8145",17.6371643074546,6.39992160321752,12,8
"8146",21.9080050572547,2.7675029135814,12,8
"8147",22.2298863288591,4.57059134924708,12,8
"8148",19.3031668795645,3.4106347553562,12,8
"8149",23.1594774210768,4.03457735882451,12,8
"8150",16.627357514463,7.04170499181691,12,8
"8151",24.2485871134416,8.67142624676838,12,8
"8152",21.1397597723532,7.59083101239809,12,8
"8153",23.5748088912959,6.65050929924896,12,8
"8154",23.066543513173,6.92233386391487,12,8
"8155",16.9306183444594,4.42862822548272,12,8
"8156",26.5203875911663,4.24715397181335,12,8
"8157",18.5331859751717,6.45893625698978,12,8
"8158",15.2737193509853,5.41528693857727,12,8
"8159",23.5038943443373,8.03859228630435,12,8
"8160",21.5834269181592,4.14632568613789,12,8
"8161",22.9599089751318,8.57715045365045,12,8
"8162",24.0881400221403,4.54601904079501,12,8
"8163",24.2086058213462,6.1882430402968,12,8
"8164",19.9355077645504,6.02495829027174,12,8
"8165",19.8436513346525,7.31912316106461,12,8
"8166",23.0808182825607,10.4876498363936,12,8
"8167",27.6561798914061,9.51630444886455,12,8
"8168",21.6703436886813,4.41395251916009,12,8
"8169",24.2400358889667,5.85535004999306,12,8
"8170",27.4390047016745,7.46218687532953,12,8
"8171",21.5268268711595,5.55278324493955,12,8
"8172",22.4798353329246,9.61369820579966,12,8
"8173",21.8442489627272,9.14560880513761,12,8
"8174",23.4311528537795,7.43165938872888,12,8
"8175",18.6662957330293,10.3477488853562,12,8
"8176",16.3311863775617,4.46834289647603,12,8
"8177",21.6057380839953,3.996020008725,12,8
"8178",30.0679770594917,10.066266749808,12,8
"8179",24.8011525007598,8.18479085495429,12,8
"8180",13.8790745644446,4.02900502367741,12,8
"8181",14.5503169810858,6.45386254677989,12,8
"8182",19.0377022109186,8.60466152585814,12,8
"8183",19.405931726274,7.55535671592335,12,8
"8184",21.7112602878893,4.83735599464959,12,8
"8185",16.7415778787518,4.5782185768847,12,8
"8186",22.8577557833716,4.88071719964981,12,8
"8187",16.4570147520855,7.12104699251415,12,8
"8188",25.7365502374124,4.98846421284189,12,8
"8189",19.2462938075753,6.40189585122062,12,8
"8190",16.0720986378279,5.36084251339029,12,8
"8191",22.2029109294534,5.52547016530715,12,8
"8192",16.154986145906,6.85635050611254,12,8
"8193",21.8148873914981,6.16568069039737,12,8
"8194",21.6204404841685,6.24706319112913,12,8
"8195",16.3336535250229,9.18046547480927,12,8
"8196",19.0469012872244,5.92750060653988,12,8
"8197",22.7999450523588,5.97631022121988,12,8
"8198",20.6886062812362,5.90939591518281,12,8
"8199",18.5995245541472,4.77169400480559,12,8
"8200",30.136721765187,6.91630794336093,12,8
"8201",18.876585913377,4.79444724772851,12,8
"8202",18.9364631864113,8.7607337961639,12,8
"8203",24.3056380164062,7.77587110708319,12,8
"8204",15.7045713441262,5.40989529601477,12,8
"8205",22.6738999347651,6.08878451224859,12,8
"8206",19.5801678572189,3.75623685687898,12,8
"8207",23.3976792360688,5.52089425667925,12,8
"8208",23.6196311306262,7.51499782056763,12,8
"8209",19.5867885135198,9.67813418358864,12,8
"8210",26.210563892196,4.41267927724219,12,8
"8211",23.268972605532,5.1143543103145,12,8
"8212",34.6818854388706,7.52438227481205,12,8
"8213",16.2503359889822,4.73437699861209,12,8
"8214",23.1921759784973,5.03122206068444,12,8
"8215",13.8607000736087,4.99916006719277,12,8
"8216",28.6791326007506,7.56444608711508,12,8
"8217",24.677680004209,2.77115358988821,12,8
"8218",19.2215595520821,6.7717916444849,12,8
"8219",25.1447714331248,9.6268438901042,12,8
"8220",24.4832438535299,6.1252084498162,12,8
"8221",23.4531296005191,7.3029941646648,12,8
"8222",11.8060240431281,5.97583324389272,12,8
"8223",20.7817705131194,6.26762499714483,12,8
"8224",20.3544383022368,3.93128237521502,12,8
"8225",25.8378560210924,9.70900444315634,12,8
"8226",23.5318112051829,5.19333563778682,12,8
"8227",20.6345930467543,6.70020173987064,12,8
"8228",25.9680472135519,6.23137451544552,12,8
"8229",23.336306660674,3.88876715048269,12,8
"8230",25.1694634348424,9.50052024559293,12,8
"8231",22.3271404291481,3.72943378819388,12,8
"8232",15.9750341410435,6.23063009721001,12,8
"8233",18.0895603336124,7.52367337283416,12,8
"8234",19.5575870766048,5.3231918162961,12,8
"8235",24.3722516574845,7.11950753029061,12,8
"8236",20.5479148161203,7.52175547129491,12,8
"8237",21.6626714532731,7.95943942040586,12,8
"8238",27.5136708069472,7.98023242297754,12,8
"8239",18.7611985349879,9.90372638905985,12,8
"8240",21.4754432909197,7.13193582655807,12,8
"8241",20.362437851716,7.51822271530506,12,8
"8242",25.770691922857,6.68294023945634,12,8
"8243",19.5316826437371,3.98444368494393,12,8
"8244",25.9112742291507,5.47312503823265,12,8
"8245",24.6583779130261,6.04119254041441,12,8
"8246",20.2957184577643,5.93973396416502,12,8
"8247",17.9597170702636,8.0029892996507,12,8
"8248",26.3102817790877,9.34618115264026,12,8
"8249",20.3971364957401,6.90138624768185,12,8
"8250",19.5895180795445,6.80068327530087,12,8
"8251",26.4959488890994,3.12222240000243,12,8
"8252",22.5475367509248,9.30857986272804,12,8
"8253",23.7026850279309,5.10180401117497,12,8
"8254",21.7898304674489,6.80999323097208,12,8
"8255",18.1952716559274,7.61268613417058,12,8
"8256",21.1496666488489,3.71765385895133,12,8
"8257",29.6466785461655,5.31411732375535,12,8
"8258",14.8156820524979,7.42606481280873,12,8
"8259",26.7386575979305,8.32454444980854,12,8
"8260",24.9501614768615,6.31116603027803,12,8
"8261",21.7226341067493,5.69733971874735,12,8
"8262",22.1241493628126,5.46387430473816,12,8
"8263",23.4398552374301,7.86035728964824,12,8
"8264",21.3125132380788,4.75548547770931,12,8
"8265",21.2443744563709,6.942700141531,12,8
"8266",20.3311554436908,7.07103082715978,12,8
"8267",19.7678813900976,9.13702609442516,12,8
"8268",17.9395663964167,6.5803038571662,12,8
"8269",16.7789270400413,6.95484794620576,12,8
"8270",18.317419463706,6.029328518091,12,8
"8271",23.3069310744757,6.62050350132529,12,8
"8272",22.5099532051878,6.22584239583066,12,8
"8273",25.8008503373361,8.76877079181305,12,8
"8274",23.0346059696504,6.82537265484388,12,8
"8275",23.96179358121,6.00343723873401,12,8
"8276",21.4665200756103,7.08771988940888,12,8
"8277",25.2711921552227,6.81073901335206,12,8
"8278",21.5608876855532,7.97020980375452,12,8
"8279",21.2986152333059,6.54107587652262,12,8
"8280",20.8938835926055,3.59723473796521,12,8
"8281",26.4868538077423,7.50480187913854,12,8
"8282",20.9744591320479,6.00794843418045,12,8
"8283",22.302880940846,8.28686834213467,12,8
"8284",26.2112561493884,5.74571337217533,12,8
"8285",17.8774563321017,7.37759831764946,12,8
"8286",25.4146789087473,7.52117280267517,12,8
"8287",24.1988079470188,6.87073546161797,12,8
"8288",25.5537529399686,6.30824670030365,12,8
"8289",25.0404336376357,6.12095379718483,12,8
"8290",17.6764018129349,7.70735597633637,12,8
"8291",21.7697410321035,6.2553918664486,12,8
"8292",29.173535175883,9.92159267019402,12,8
"8293",24.0752610969953,6.49978078668399,12,8
"8294",20.1401148587727,6.48731280884611,12,8
"8295",19.3455458678589,10.4641992733895,12,8
"8296",21.7117580443261,5.96282890082809,12,8
"8297",24.6723071408792,6.20946199764167,12,8
"8298",18.3135846390452,6.63362079345623,12,8
"8299",20.9319816681549,11.5207263709099,12,8
"8300",14.6668241595451,6.9670209485015,12,8
"8301",20.5671782835608,9.12323632150557,12,8
"8302",18.7020314574104,9.67607741928113,12,8
"8303",17.466019193321,7.47258101424422,12,8
"8304",22.0663249356458,6.06898718496324,12,8
"8305",25.1860510214378,5.42113279867869,12,8
"8306",22.40310331749,8.64175763269856,12,8
"8307",23.9236658919007,10.7101428291358,12,8
"8308",30.6951265406578,5.22347237408374,12,8
"8309",13.3000864364859,5.14193528316193,12,8
"8310",23.5205887650421,5.08169641783698,12,8
"8311",20.4133547004936,4.47898543749915,12,8
"8312",28.2176207319139,8.71685773841109,12,8
"8313",22.077076064298,5.80993286515417,12,8
"8314",27.0721669566609,7.88876395917798,12,8
"8315",23.7198089689562,5.0362052786116,12,8
"8316",21.3139849079295,4.69081133350854,12,8
"8317",20.6065733867952,3.7227584284172,12,8
"8318",24.6883714148451,7.81099547948215,12,8
"8319",27.4815518513972,5.76317883400252,12,8
"8320",20.7787955760213,5.06881554433299,12,8
"8321",24.8784897114856,6.35705992656986,12,8
"8322",24.6579559388372,8.96126370933993,12,8
"8323",25.8956494074154,4.86814220090902,12,8
"8324",20.3023240212057,6.70663507463146,12,8
"8325",22.4259806550048,4.18021421083494,12,8
"8326",18.4529452680349,3.92122843967579,12,8
"8327",21.0818490216508,6.11688742546544,12,8
"8328",22.4247139031362,6.59201199121449,12,8
"8329",23.8917064024585,8.35156269637295,12,8
"8330",25.2292435765448,8.1162782421266,12,8
"8331",25.5823360559429,8.89352087170798,12,8
"8332",19.7096844692846,4.52343854340851,12,8
"8333",24.6140582996677,4.73753414949453,12,8
"8334",19.4270633798502,2.99759778856955,12,8
"8335",19.2902175777936,6.33816096699053,12,8
"8336",25.3370913616887,8.8525595109952,12,8
"8337",21.6818317359536,8.22829598256063,12,8
"8338",21.1302307692156,6.40430646131817,12,8
"8339",27.5726199810575,8.27681561332988,12,8
"8340",11.323659038094,4.95381234758395,12,8
"8341",20.5121155058171,4.0695889820984,12,8
"8342",21.0142615947564,5.03583375091922,12,8
"8343",24.9820149973968,6.37244401449028,12,8
"8344",28.4149460775865,7.73635940576651,12,8
"8345",27.1568427203029,7.11799384640453,12,8
"8346",24.3829042553992,8.18292253295574,12,8
"8347",24.5119750423864,4.89081981920685,12,8
"8348",20.7476143681531,6.69795242689314,12,8
"8349",24.9622139938021,8.59182078638917,12,8
"8350",22.9085393299966,5.30079904348441,12,8
"8351",23.4515506617897,10.1711040940039,12,8
"8352",29.4839223725054,6.32327286150752,12,8
"8353",21.3230904138132,5.51429611628156,12,8
"8354",22.3447124941898,6.06354200716065,12,8
"8355",22.3336135547183,6.92853117885192,12,8
"8356",21.2108786490187,9.66077904367179,12,8
"8357",25.2938754307262,3.18883049655188,12,8
"8358",21.1295186558164,7.63945178096435,12,8
"8359",25.0103501960943,6.53116802172285,12,8
"8360",20.5803370040177,4.40261169144016,12,8
"8361",21.6344250035203,7.40928470535185,12,8
"8362",25.2718956439715,7.06220173698164,12,8
"8363",24.4752683332001,5.42219951410395,12,8
"8364",22.0015541801536,6.07824650450204,12,8
"8365",26.7737966004773,4.28908630607736,12,8
"8366",17.5344190892672,5.17066515674983,12,8
"8367",20.9361738586328,8.4578354785681,12,8
"8368",20.5155571770344,5.33162795795199,12,8
"8369",17.96597635746,4.04622215270261,12,8
"8370",15.1721290349629,7.2085273229463,12,8
"8371",17.3811101416276,5.143604659959,12,8
"8372",18.6423115747764,5.96234134204985,12,8
"8373",18.7239671015007,5.915289448065,12,8
"8374",21.8194537888741,4.22537934627436,12,8
"8375",14.0431133265878,4.00829217002567,12,8
"8376",24.169973014165,9.46489121583116,12,8
"8377",17.8939803763861,10.4600595825642,12,8
"8378",21.668294175427,4.51797239941987,12,8
"8379",20.161281924803,5.20931843203005,12,8
"8380",29.3007078530123,6.39425099200078,12,8
"8381",13.1936188035962,2.62706335651252,12,8
"8382",20.2229272047322,6.85529230465662,12,8
"8383",27.2140487947265,7.23092766225209,12,8
"8384",17.7153254223954,9.2699468105708,12,8
"8385",20.6147595784064,5.57058473363654,12,8
"8386",23.3841356160247,7.04247913838885,12,8
"8387",20.3053601852117,5.98854884039575,12,8
"8388",23.0911847095689,7.1978630976053,12,8
"8389",24.0780983571237,5.58027232377918,12,8
"8390",25.5504122766344,7.00562603387776,12,8
"8391",17.0230269178465,8.18431652619241,12,8
"8392",26.174411247141,7.16909722641349,12,8
"8393",22.9170961043644,4.24471314689558,12,8
"8394",26.7240968210617,7.55406630353649,12,8
"8395",21.4422524570032,7.51426767946889,12,8
"8396",22.3426171894343,8.64312551188667,12,8
"8397",19.4267181502619,4.53300532041783,12,8
"8398",27.4842797326353,7.81608322612584,12,8
"8399",25.0410778587542,5.21775578733919,12,8
"8400",22.1836612099661,6.36261281554456,12,8
"8401",24.7542669666968,5.58818363331118,12,8
"8402",22.246173234171,5.88588487975418,12,8
"8403",24.4101603586048,4.97080192119748,12,8
"8404",21.7067708811845,5.29626420778878,12,8
"8405",22.1372276380568,5.94528422571,12,8
"8406",17.7916677052407,8.6447709589394,12,8
"8407",21.1281235143783,5.16307489105423,12,8
"8408",24.4812714632357,11.6889689894068,12,8
"8409",21.1116058820666,6.98983245770797,12,8
"8410",21.4026551498037,7.1423240409548,12,8
"8411",23.8635086850713,7.40817141432675,12,8
"8412",21.8586135071045,6.44434395713323,12,8
"8413",26.9133823132563,6.28050276015001,12,8
"8414",15.827721604681,7.69069049061708,12,8
"8415",19.997988324043,4.95852161186305,12,8
"8416",24.1475971737307,7.53248475871906,12,8
"8417",23.9651183366999,8.03926123286672,12,8
"8418",24.564568184474,5.40597756884043,12,8
"8419",22.476066145136,4.0784465056782,12,8
"8420",19.4280433355447,8.08213679541368,12,8
"8421",23.622391640135,6.88229311310228,12,8
"8422",25.6178355024048,8.10571710622116,12,8
"8423",23.4229745884913,5.31625242386972,12,8
"8424",19.4074878116643,5.27774581100564,12,8
"8425",26.8197191972237,5.02105829268344,12,8
"8426",20.7905761843133,9.05011603695271,12,8
"8427",17.677341411943,8.04152959827357,12,8
"8428",21.2729416549925,4.26626126582943,12,8
"8429",21.1644804529036,4.47417203599964,12,8
"8430",23.7112914768123,8.26297473174676,12,8
"8431",24.5800480245265,8.07948595971306,12,8
"8432",14.7942227117971,9.22108790029653,12,8
"8433",15.7914517875204,5.74189217901984,12,8
"8434",23.3865274893905,8.39225428080285,12,8
"8435",14.3036528178359,7.61391575975913,12,8
"8436",21.7299616804177,5.02495879295861,12,8
"8437",27.5609888036857,6.4034387377025,12,8
"8438",22.8608641676227,5.12642518312565,12,8
"8439",19.8514651604765,5.78767055594287,12,8
"8440",22.0393752055676,6.19449647495858,12,8
"8441",24.2467995252289,4.42671475459513,12,8
"8442",22.8552155019844,5.97893842491718,12,8
"8443",17.6768727354107,4.99976323628916,12,8
"8444",16.5761015024337,8.20321964155188,12,8
"8445",23.7540756501174,3.78846816073594,12,8
"8446",16.8730158229747,6.01947291567048,12,8
"8447",19.1075098207683,6.37148070011233,12,8
"8448",21.3464579225053,7.52998895991523,12,8
"8449",21.1403044049391,4.76202643927409,12,8
"8450",20.0991297248373,6.30202069451588,12,8
"8451",15.7543645367741,4.7648036767067,12,8
"8452",18.4400945383731,5.88396530472776,12,8
"8453",23.2588067130034,10.0642305810985,12,8
"8454",27.4734057548753,4.92472758788161,12,8
"8455",22.7030434931901,3.80377678474783,12,8
"8456",22.1312464154707,4.63230619633083,12,8
"8457",23.0950541632872,6.41196198833437,12,8
"8458",23.1656810899528,8.75881905830521,12,8
"8459",26.920881442315,8.20577573506547,12,8
"8460",22.4461561994954,7.09997875148753,12,8
"8461",18.2130204435482,6.29186057555889,12,8
"8462",19.193873370219,6.40251250631787,12,8
"8463",22.9109549559781,6.10854991746976,12,8
"8464",23.1299752339551,6.32074980114711,12,8
"8465",20.6918180987791,7.09035007046758,12,8
"8466",17.3339466490832,6.34478227518579,12,8
"8467",19.9342433927376,3.61760116116038,12,8
"8468",17.6489338918675,5.44081414474967,12,8
"8469",20.2873477276925,6.19623791422724,12,8
"8470",21.0405267475989,5.41713146244881,12,8
"8471",28.0065754108591,2.55320908055291,12,8
"8472",22.2710535723521,3.86159728150805,12,8
"8473",17.7019950986285,7.29575115478494,12,8
"8474",23.5754124053951,7.87123295768186,12,8
"8475",22.4436821786687,5.7460264331695,12,8
"8476",26.1088476463025,6.94560949823317,12,8
"8477",23.0460088714593,7.74417215032856,12,8
"8478",22.7359059061579,6.80801803373804,12,8
"8479",19.9360285503251,4.05649487539021,12,8
"8480",23.4234596864505,9.79915616337543,12,8
"8481",15.622556402417,10.0100581881765,12,8
"8482",19.48090208107,9.29535722290224,12,8
"8483",28.8464124640626,4.30166553557459,12,8
"8484",18.5610394602331,3.10733925606338,12,8
"8485",24.4314256375009,6.0979518010094,12,8
"8486",31.5608389723708,6.98579169577885,12,8
"8487",26.573480603969,6.53296961890562,12,8
"8488",21.7668614502189,6.96079384779958,12,8
"8489",18.567590289137,7.54294500383344,12,8
"8490",19.1913920094133,4.14720530714409,12,8
"8491",25.4363565559988,7.83074902293432,12,8
"8492",19.3434616828231,7.98860725849477,12,8
"8493",23.2337940119709,5.6295782006481,12,8
"8494",22.5076261589227,7.57184418813952,12,8
"8495",24.4193579293153,6.31124260796498,12,8
"8496",22.7424655501406,7.7576913470816,12,8
"8497",21.9866836365466,5.02948373463286,12,8
"8498",28.1415841569584,4.57918294232173,12,8
"8499",12.1466828257564,6.96101404054856,12,8
"8500",19.1222501555842,7.39367995541346,12,8
"8501",22.3598257851015,7.75775604705766,12,8
"8502",23.6688859173464,6.08647144306188,12,8
"8503",17.6964462749161,10.1884825201049,12,8
"8504",18.587519486205,6.85104109458891,12,8
"8505",14.9970312895742,8.70611765209173,12,8
"8506",23.3197420117401,8.05595067564006,12,8
"8507",24.5036121873387,6.50706631244618,12,8
"8508",22.2167793203248,7.25347733486306,12,8
"8509",22.1201799610024,7.75915832425912,12,8
"8510",19.0692289126798,6.78928287690878,12,8
"8511",24.2887936211347,8.2144797427539,12,8
"8512",17.8208683266083,6.81688243999687,12,8
"8513",25.2097716538412,7.44366399385254,12,8
"8514",22.113429872409,4.57684090247462,12,8
"8515",20.4564945382045,7.27084970088653,12,8
"8516",25.7661640902381,6.22947583933826,12,8
"8517",22.5915563346288,3.2867442104657,12,8
"8518",25.3618092867491,6.98444295302262,12,8
"8519",25.9000635615572,6.19900554019723,12,8
"8520",24.385197507412,6.22328196498779,12,8
"8521",18.1879864839247,4.0444757535948,12,8
"8522",25.0765695734529,5.48470327457545,12,8
"8523",24.9629726442859,4.3708190213909,12,8
"8524",23.0251649669058,4.96713549358711,12,8
"8525",17.5447245925345,11.0231226306334,12,8
"8526",25.1699066142333,5.39388605449216,12,8
"8527",22.6195451449258,7.22279011227474,12,8
"8528",22.7195887137703,8.58496052671876,12,8
"8529",27.5264918056194,2.79371656591339,12,8
"8530",26.6907477052206,4.95291588763201,12,8
"8531",14.9472330509198,3.47325287532568,12,8
"8532",21.9526528600271,8.84833907359598,12,8
"8533",20.3123609861857,6.65393183452139,12,8
"8534",21.5514246992584,9.95957262089072,12,8
"8535",15.8008473676388,8.3375547939826,12,8
"8536",19.4422511955737,6.82937764870529,12,8
"8537",18.8414659870158,8.45493411743948,12,8
"8538",16.6712267556473,6.93804024581178,12,8
"8539",20.9977899855345,6.2783648274819,12,8
"8540",21.7711798627381,8.2028482119531,12,8
"8541",16.345387242884,4.1876291826882,12,8
"8542",23.7399808422833,6.16148279001111,12,8
"8543",20.5001583696991,8.90814412871241,12,8
"8544",18.032556984156,6.25360583516048,12,8
"8545",18.5805680521769,7.36358125491718,12,8
"8546",24.1764525404378,5.98483154602137,12,8
"8547",25.1177533942691,6.42062179077041,12,8
"8548",22.0059113206337,3.47528677157107,12,8
"8549",20.3138293419314,7.98035084181698,12,8
"8550",19.1296822974342,6.33990096145497,12,8
"8551",16.7082771787485,8.75951320399544,12,8
"8552",23.1878565532873,4.69334650033956,12,8
"8553",22.5003446159417,7.90634247073104,12,8
"8554",23.5937556483606,5.26553274472337,12,8
"8555",28.403778554206,7.78678143871384,12,8
"8556",19.91218954348,5.24855815773231,12,8
"8557",26.5245944098047,5.80656054086253,12,8
"8558",25.4924431175104,5.03713003056526,12,8
"8559",20.8528167871167,6.88238447885019,12,8
"8560",21.1543229334477,5.54346447794184,12,8
"8561",20.2215871123509,7.90527848067599,12,8
"8562",23.1992534670081,6.2339070365174,12,8
"8563",23.3405302599775,5.0851136082866,12,8
"8564",16.9534063518353,5.11624302563486,12,8
"8565",26.8582045506892,6.75790254941823,12,8
"8566",27.7100633380981,6.375160987111,12,8
"8567",23.2593667155397,9.43441326815611,12,8
"8568",17.317529223583,7.34275197858285,12,8
"8569",22.3385306037097,6.07901973337495,12,8
"8570",16.6556849140986,6.77868997490618,12,8
"8571",19.0314516912223,6.87898211524469,12,8
"8572",23.7396776832529,9.29471534684108,12,8
"8573",24.0383272943491,6.16514225826498,12,8
"8574",19.8566002468342,4.05940276605862,12,8
"8575",23.812356478387,4.46112521889903,12,8
"8576",27.9635861850317,6.02070999505499,12,8
"8577",25.8721432211608,4.81883667951211,12,8
"8578",19.3703604685094,6.61573217625471,12,8
"8579",18.0196989285047,4.17387718186372,12,8
"8580",21.7981705720253,5.32964034551107,12,8
"8581",22.3455101837109,5.14247989843062,12,8
"8582",18.8977889445748,6.88095704574591,12,8
"8583",20.5645323739828,9.1138999627723,12,8
"8584",24.3372159503873,7.28146446422958,12,8
"8585",17.317584216913,3.03727173094851,12,8
"8586",28.1704461750856,4.48152282753911,12,8
"8587",25.9442795903823,3.87470232464974,12,8
"8588",28.7503902359962,6.44435752743433,12,8
"8589",16.5809095834195,9.49370723601965,12,8
"8590",28.4323270870111,7.49328370576285,12,8
"8591",20.7723042994587,4.64321288990113,12,8
"8592",28.0599182882562,9.30396882706847,12,8
"8593",20.3619409892385,7.74970365881976,12,8
"8594",25.5842202810447,8.51919566942302,12,8
"8595",28.4530323731177,7.0471983284511,12,8
"8596",24.8167418363319,8.49919885333659,12,8
"8597",17.7950978623477,9.18880401987139,12,8
"8598",15.880092031674,9.96006059697315,12,8
"8599",19.4091065040751,7.81529318496458,12,8
"8600",22.6127849923136,9.19727876913249,12,8
"8601",20.5127867765312,7.49001910783246,12,8
"8602",27.916360973243,5.59417017208586,12,8
"8603",22.27611164936,9.62398773947849,12,8
"8604",24.3383799159575,4.51278520253371,12,8
"8605",18.3887999398853,6.44357566228864,12,8
"8606",24.3302673885653,7.2417504309602,12,8
"8607",23.3878041631746,7.43644942592909,12,8
"8608",17.4230843264651,6.57375594406467,12,8
"8609",22.8709237665671,6.84295522049712,12,8
"8610",21.4539148606978,7.82205117275962,12,8
"8611",21.9376653567406,6.23929130054313,12,8
"8612",23.0659816606913,5.53506760055503,12,8
"8613",26.878953490429,5.26448698732292,12,8
"8614",16.7017090536169,6.58568285951474,12,8
"8615",21.1146601962095,5.7243306231598,12,8
"8616",21.996780144187,3.22522015256116,12,8
"8617",21.5159100324042,8.80370454704856,12,8
"8618",24.3503102380235,8.81734693306701,12,8
"8619",18.8909447782643,7.58864000354734,12,8
"8620",18.3740622488743,7.93177121936687,12,8
"8621",19.894708141009,4.62658238440184,12,8
"8622",26.5034236599913,7.12859831039907,12,8
"8623",16.7477562894877,4.66346333973722,12,8
"8624",22.7546186047531,6.90078387792307,12,8
"8625",30.5852243444153,4.28802623902193,12,8
"8626",23.6696303580264,6.87065544387756,12,8
"8627",26.6721835885906,4.89951901478562,12,8
"8628",14.2479615934338,3.89832444121916,12,8
"8629",31.3314918859996,7.56053869157258,12,8
"8630",14.6364876776848,8.22988798089469,12,8
"8631",22.8072616512737,5.85006224916317,12,8
"8632",19.4362514836611,5.94147815763869,12,8
"8633",24.9179738960309,6.13895356757153,12,8
"8634",20.6575478870198,8.75593873104619,12,8
"8635",22.3753933955571,4.70022079667768,12,8
"8636",20.9069655292688,7.13193441014834,12,8
"8637",16.6260652659965,11.0923807707211,12,8
"8638",20.4381855701267,5.94683600631523,12,8
"8639",23.1009013019254,7.20770298433592,12,8
"8640",24.0355582176039,5.77565659246989,12,8
"8641",21.7157333076935,4.75609315291973,12,8
"8642",19.3351726593643,8.38851248906015,12,8
"8643",19.552815301182,5.96736537025565,12,8
"8644",23.5536233241424,9.70714050965083,12,8
"8645",24.4755223144354,4.18131904509604,12,8
"8646",24.3166438604952,6.32693757523373,12,8
"8647",17.7099884195322,1.34581392912448,12,8
"8648",22.3459920059648,4.46059554215988,12,8
"8649",26.5218961325183,7.1422371485291,12,8
"8650",25.2931361990511,8.7123422257753,12,8
"8651",17.7147799585731,7.23534748926373,12,8
"8652",24.1205608103907,8.68430268350624,12,8
"8653",15.8689817818821,8.06212818563408,12,8
"8654",23.6566484754244,4.76043138347759,12,8
"8655",29.9003653449034,5.4729729651177,12,8
"8656",22.2740531122217,4.10903066021599,12,8
"8657",20.6278619227765,7.25101679500975,12,8
"8658",21.0131385973824,5.4737793592757,12,8
"8659",26.2557747121547,2.69218435550173,12,8
"8660",19.6709000154243,3.81194478501869,12,8
"8661",16.5789314898699,6.79137844190247,12,8
"8662",20.2371473132643,6.78697804289925,12,8
"8663",17.022387850243,4.76735095505394,12,8
"8664",24.5912769734001,9.55739050441993,12,8
"8665",19.3264736948192,5.69150403414675,12,8
"8666",27.6823326312851,6.0382862216098,12,8
"8667",21.0340260645257,9.84838158613635,12,8
"8668",26.8026063814259,7.84459941877626,12,8
"8669",22.5864479284839,5.81152317212152,12,8
"8670",20.3443101040353,5.71883774214049,12,8
"8671",29.8206469163487,5.86930336424968,12,8
"8672",26.7160547239312,8.73035565733635,12,8
"8673",19.3334038789508,7.43411342631131,12,8
"8674",19.7782538537335,6.81104783216127,12,8
"8675",21.64069999153,5.80243634544813,12,8
"8676",22.5951692040896,8.13177554272299,12,8
"8677",20.8633638906296,5.52763959746555,12,8
"8678",29.7602564764826,4.29399963264965,12,8
"8679",21.9621538905762,6.93886626393054,12,8
"8680",20.6456793410673,7.88366680177637,12,8
"8681",16.7707078156096,4.95060955696206,12,8
"8682",20.6581436679177,6.3391820622687,12,8
"8683",29.3375980365306,7.50075659164311,12,8
"8684",25.2428498351627,3.69696624706923,12,8
"8685",19.2033815805362,4.73151151742667,12,8
"8686",15.8820215737137,6.65792843309701,12,8
"8687",26.2466083327243,7.72957671329911,12,8
"8688",16.266318625649,6.47301769054056,12,8
"8689",25.7495186691252,8.90902300513696,12,8
"8690",25.5913824720244,6.95231710924511,12,8
"8691",21.1513838570941,5.58992604875715,12,8
"8692",20.0258162175136,3.24590215773115,12,8
"8693",25.6663321060142,3.64853970180533,12,8
"8694",25.4602000683483,7.56313326646601,12,8
"8695",22.8084577576087,7.91212282132991,12,8
"8696",24.7400618667427,5.58936186482743,12,8
"8697",20.4495711024228,4.42236680829586,12,8
"8698",21.8826529838485,5.53380513654718,12,8
"8699",25.8603834060514,7.80561854525141,12,8
"8700",21.2049583144228,6.48862237902426,12,8
"8701",21.8061835542249,7.29542545799681,12,8
"8702",17.120491945908,6.2368321723098,12,8
"8703",21.816752353806,7.66331898749385,12,8
"8704",15.9676715190623,5.92469081110473,12,8
"8705",22.4299005533608,6.74645455953491,12,8
"8706",20.6444129500768,7.86163524546309,12,8
"8707",26.367465831768,7.73315099001371,12,8
"8708",20.929062917871,5.8691960447073,12,8
"8709",20.3469717773333,3.92948344131447,12,8
"8710",28.6526038831471,5.70494631980801,12,8
"8711",24.3075781739924,4.49887943451434,12,8
"8712",24.1531835472711,6.29561114798603,12,8
"8713",18.6625242031067,5.69965295519002,12,8
"8714",22.4873118835049,9.23413366312321,12,8
"8715",20.7934169074235,8.03762971065596,12,8
"8716",21.1848079742134,11.9618255161541,12,8
"8717",25.0433542887871,5.24897087971534,12,8
"8718",20.3290125263741,4.9317944449861,12,8
"8719",23.2449349104837,4.28790954227768,12,8
"8720",19.9706755248801,8.7198450957035,12,8
"8721",17.9940091815421,5.80072627365894,12,8
"8722",27.8917978227651,7.2751289213998,12,8
"8723",23.2115521109262,5.55406011079105,12,8
"8724",25.1970273975278,4.34406617958179,12,8
"8725",20.6686729366371,7.78369199093637,12,8
"8726",17.6841525191067,5.33617692364276,12,8
"8727",16.0976546490362,8.62234821894358,12,8
"8728",20.8089103829678,4.40945966818072,12,8
"8729",21.7944243428638,8.2181827078793,12,8
"8730",18.0905835736015,5.63739362872885,12,8
"8731",21.2674499913962,9.42034133598605,12,8
"8732",23.6659702208225,2.65374991009504,12,8
"8733",23.0518750365439,6.61713089378666,12,8
"8734",24.9802185611256,11.3814482910018,12,8
"8735",23.6072229293026,7.73345347682265,12,8
"8736",24.1311284405481,6.27951219097478,12,8
"8737",23.8204994452747,9.72283067754026,12,8
"8738",14.7566802818841,7.81987345793423,12,8
"8739",21.9520923938265,4.98546147859662,12,8
"8740",22.785055925785,8.14068514522172,12,8
"8741",25.1371955152075,8.46832245572195,12,8
"8742",21.0514662652696,4.4158620740441,12,8
"8743",23.3700458135287,6.2788359985937,12,8
"8744",18.3659929786405,4.2610808341465,12,8
"8745",22.0512455547532,5.26364052249893,12,8
"8746",18.8206914857687,5.3984752720651,12,8
"8747",20.5173545821553,8.04543084448175,12,8
"8748",20.1810084821832,5.25185467398817,12,8
"8749",15.4533406447161,5.42112650651974,12,8
"8750",26.0960219133743,8.31783624595236,12,8
"8751",28.5211511488581,5.46639110881832,12,8
"8752",22.2102142133314,8.66124289786302,12,8
"8753",18.3676202800983,4.08500729738533,12,8
"8754",23.0978000984279,8.88528107518027,12,8
"8755",24.5195756880938,7.78436306250376,12,8
"8756",21.0468599174301,7.93489716966354,12,8
"8757",22.0400034675665,10.0624761491978,12,8
"8758",21.6827411610438,8.35912816498566,12,8
"8759",20.5137120783189,2.62282270242962,12,8
"8760",23.2022131884943,6.15900933360737,12,8
"8761",23.9050557016758,5.78472587497834,12,8
"8762",20.9904885537975,8.05383418108645,12,8
"8763",30.5267649215749,5.57161488285773,12,8
"8764",17.5745998455072,10.1910888178912,12,8
"8765",18.2678476106553,3.53187912023232,12,8
"8766",20.6703782954346,4.01994604159664,12,8
"8767",17.7273492563441,8.24448873524995,12,8
"8768",23.2865167760356,7.86581286425567,12,8
"8769",26.6740737119217,7.43280178154239,12,8
"8770",25.2384912435491,6.84620393626508,12,8
"8771",20.278022269374,3.97300914147535,12,8
"8772",14.658402985465,4.98639249797191,12,8
"8773",20.5316030108485,3.46709828715636,12,8
"8774",27.1142298189898,6.85766885489526,12,8
"8775",20.0630309925072,6.1820549053251,12,8
"8776",29.8595048992485,5.22131209229351,12,8
"8777",20.6939206819835,5.33705445229973,12,8
"8778",28.3670167736567,6.04147308468311,12,8
"8779",21.7810206947919,4.89285776779512,12,8
"8780",11.8457916226764,7.03615034372023,12,8
"8781",22.7287325115646,5.37806051504884,12,8
"8782",23.1165653086993,6.32832702769224,12,8
"8783",20.7842270770877,6.71069147862135,12,8
"8784",22.0679075138275,4.90325830544273,12,8
"8785",25.4182047379408,6.27333556224774,12,8
"8786",21.8608791544661,7.10633923240787,12,8
"8787",24.3357025904756,6.37083674223547,12,8
"8788",17.4567869506907,6.33067339635833,12,8
"8789",23.7848749297081,6.72998517617149,12,8
"8790",25.8561014269331,3.69130046383327,12,8
"8791",18.1571214700047,7.12234654762863,12,8
"8792",24.6336152795639,6.28748769874923,12,8
"8793",20.2366275819599,4.3733516000026,12,8
"8794",23.1954802251876,4.37301156680896,12,8
"8795",18.0439950129524,6.49142263661178,12,8
"8796",28.3385668209712,3.94441491673715,12,8
"8797",21.1073965551097,8.35804913925509,12,8
"8798",23.0344574841678,7.53368170379481,12,8
"8799",21.1364967026411,4.27913071966032,12,8
"8800",20.3652838867695,8.19918213633608,12,8
"8801",24.5591910996852,7.39246578824503,12,8
"8802",24.9179176933004,3.78376211757611,12,8
"8803",19.93662705693,4.86906350244954,12,8
"8804",26.3121099113454,10.8334971337653,12,8
"8805",25.5437923520479,6.96741892428412,12,8
"8806",24.2447015154595,3.42445929707159,12,8
"8807",20.6365983832979,7.78407716501706,12,8
"8808",26.3370830536861,7.13188862165453,12,8
"8809",22.7813491701944,6.00870308398849,12,8
"8810",22.1310518969508,4.69439893974608,12,8
"8811",19.3745855783207,6.41990107160662,12,8
"8812",29.1171801829889,5.71295870714375,12,8
"8813",21.0926010580856,5.01639568866505,12,8
"8814",25.6539924209517,6.39708769485267,12,8
"8815",20.1684054106954,7.43159431649383,12,8
"8816",21.808305666182,7.74255534180388,12,8
"8817",28.8341157048844,5.2169547479038,12,8
"8818",22.4812437371492,6.54834005083309,12,8
"8819",17.2681303551228,6.57181191218024,12,8
"8820",22.0374474530924,6.26518565788506,12,8
"8821",18.0689289132573,6.77085698546872,12,8
"8822",27.0523680436044,5.86549405084164,12,8
"8823",21.1783339654199,8.3125500119301,12,8
"8824",16.5457685444546,2.48046880806053,12,8
"8825",26.9278806761356,5.86877624320699,12,8
"8826",20.773669283539,6.50070332441042,12,8
"8827",27.1331152072815,8.58289065749684,12,8
"8828",30.8864996843556,10.7867061741234,12,8
"8829",28.3257758685364,5.68663676218366,12,8
"8830",30.1219157604166,6.30490957654521,12,8
"8831",25.7909601518073,7.15078533328336,12,8
"8832",22.6521166138244,5.33183701882914,12,8
"8833",25.9073769414033,8.80778422984116,12,8
"8834",26.0417235446435,5.06593094062363,12,8
"8835",19.7947703030121,5.81154372253976,12,8
"8836",24.7455840089089,8.6308590879666,12,8
"8837",26.428377201753,5.16970704689358,12,8
"8838",27.5152010817888,7.21705024888803,12,8
"8839",27.2542042851196,2.94989765202212,12,8
"8840",20.8051909744316,7.53805024029889,12,8
"8841",18.2548268578527,3.89914809792485,12,8
"8842",18.0643228930774,7.26268776197986,12,8
"8843",22.9122266766805,7.4759003463379,12,8
"8844",26.473990354694,4.91175120016948,12,8
"8845",18.7771506956433,8.49817246008242,12,8
"8846",20.3624549409639,5.92630334170286,12,8
"8847",18.250707495216,7.43573112724299,12,8
"8848",19.9226020533141,8.41139214501414,12,8
"8849",19.063147069887,8.60055489336563,12,8
"8850",21.8055501010115,4.62773683564252,12,8
"8851",19.996434378913,4.28125983901367,12,8
"8852",17.3822829216911,5.15171038704346,12,8
"8853",20.2734706950445,6.26666911311168,12,8
"8854",20.7167842908063,5.58319587183511,12,8
"8855",22.1961157498641,7.47539988809232,12,8
"8856",25.0243553402603,5.87481991159867,12,8
"8857",22.0620904076672,6.93208801896764,12,8
"8858",22.0647225275764,4.18074501174288,12,8
"8859",23.3984732037575,7.74211284700241,12,8
"8860",26.9958911021461,8.70199707324608,12,8
"8861",23.454601565804,7.88273759851604,12,8
"8862",20.0996167896998,7.17524763022156,12,8
"8863",23.2678994517646,7.4029322108752,12,8
"8864",13.0689582912504,5.68122992389655,12,8
"8865",24.6588399778761,5.9728310227096,12,8
"8866",20.9856443827805,5.02056852766463,12,8
"8867",19.2900555818944,7.11310712913482,12,8
"8868",22.9929499452246,7.5760222028881,12,8
"8869",20.8752791297422,7.47346959831647,12,8
"8870",17.4464510428766,8.12992287531987,12,8
"8871",18.4800927434807,9.05168288498822,12,8
"8872",19.6138965282809,5.95944287136588,12,8
"8873",13.3744308663865,6.55762733485607,12,8
"8874",20.4950090824725,8.96562355551959,12,8
"8875",14.4835491253109,7.07278996753272,12,8
"8876",25.7736791106735,6.9535472844227,12,8
"8877",23.092966436539,5.62137232712762,12,8
"8878",24.2505199776297,8.20156386759646,12,8
"8879",16.4738140615467,5.2145095772895,12,8
"8880",23.7952414338844,4.50231746228276,12,8
"8881",24.8114787440502,7.44033279510267,12,8
"8882",21.4830346668005,7.05340022460606,12,8
"8883",19.3035656239743,6.35068006146898,12,8
"8884",29.9177245439355,7.9915690617512,12,8
"8885",16.9473206851816,5.58237075829179,12,8
"8886",29.991348019563,3.35112444692851,12,8
"8887",16.7907073894768,5.93245775323639,12,8
"8888",22.2090448893736,7.19173170809369,12,8
"8889",17.7725395748467,6.2097991968595,12,8
"8890",22.2543503496047,9.16411854003281,12,8
"8891",21.2384836538544,6.35974948071039,12,8
"8892",19.9791367372822,5.15448433512954,12,8
"8893",14.963100206609,7.98278180709183,12,8
"8894",22.3455784856542,8.05082472901764,12,8
"8895",24.4284078988475,5.55900671178087,12,8
"8896",22.4829640065289,7.55279112368147,12,8
"8897",22.7895254385481,3.99917247924594,12,8
"8898",23.6949781420343,5.65191425241748,12,8
"8899",18.2468562982325,6.29234883681301,12,8
"8900",16.2731038261989,3.38882489637094,12,8
"8901",24.6444689855871,5.70285917757021,12,8
"8902",18.5629307709597,8.45109519783786,12,8
"8903",22.0444562200088,7.27163839779898,12,8
"8904",19.0053647083423,7.39709994608148,12,8
"8905",25.9585502526865,6.01846627223234,12,8
"8906",20.0582903974339,4.53304276242866,12,8
"8907",24.9428409142488,8.95551861095109,12,8
"8908",19.0799980101768,7.50774326283631,12,8
"8909",23.5148765328523,7.05475647844409,12,8
"8910",27.896368594784,7.44274733856923,12,8
"8911",20.5852670133565,0.490497465442121,12,8
"8912",23.4926565859889,6.70519360629016,12,8
"8913",21.2657770384867,9.88940617227465,12,8
"8914",25.38048152288,9.2009735259596,12,8
"8915",24.2421414402998,1.87128709290173,12,8
"8916",18.1796166855505,8.47391056368724,12,8
"8917",18.3038237788775,7.99544739580284,12,8
"8918",23.9814269138626,7.22013673306963,12,8
"8919",24.9876750733972,7.75261571345059,12,8
"8920",21.6144328120633,7.01816912323136,12,8
"8921",15.9671935795064,6.84293895873067,12,8
"8922",19.0027081202802,8.15411995461288,12,8
"8923",19.9803560926957,4.93079143325161,12,8
"8924",27.1552328167654,4.71604671321227,12,8
"8925",19.6682774216602,8.51990360386901,12,8
"8926",18.1197874732719,7.14981428287163,12,8
"8927",28.0101078216103,7.09296138541268,12,8
"8928",26.9668221228273,6.33150151917738,12,8
"8929",21.5475668770406,6.92926845830921,12,8
"8930",21.3191036909554,6.47633135793786,12,8
"8931",24.8038516692753,5.23411701574531,12,8
"8932",24.9772149590233,8.92014499144571,12,8
"8933",19.037357760182,7.94615803740305,12,8
"8934",17.3266110159284,7.1779161085077,12,8
"8935",16.009436504335,4.55865687942713,12,8
"8936",16.3921219815792,8.09339906060213,12,8
"8937",17.4893468686784,9.17183604932446,12,8
"8938",28.5173696950343,6.67956968820941,12,8
"8939",23.632007753277,7.68019027985228,12,8
"8940",24.8820356565739,8.66630986904604,12,8
"8941",20.9668029754254,10.766347428066,12,8
"8942",24.1530489450622,6.137094757288,12,8
"8943",23.9567372062463,7.01314733207692,12,8
"8944",20.2495214496454,2.27005932289872,12,8
"8945",19.2699338893607,4.60251126309212,12,8
"8946",18.4442824746821,4.56394119684476,12,8
"8947",17.5640294895304,8.73683422797616,12,8
"8948",20.8642928267151,8.28174651532973,12,8
"8949",18.1305967819256,6.84823333933197,12,8
"8950",22.8050529048826,9.21196765797801,12,8
"8951",33.6119498394994,6.66166616275119,12,8
"8952",22.3300579541118,8.58941844364133,12,8
"8953",25.5580835937523,8.35510477330739,12,8
"8954",22.5080130083358,6.52388300691134,12,8
"8955",19.0995561814803,5.51768701576017,12,8
"8956",23.2425945274854,2.82875348427044,12,8
"8957",15.4656657086128,8.09774144778693,12,8
"8958",21.2594530319201,7.61380641458796,12,8
"8959",28.907765973364,7.29054066344448,12,8
"8960",15.8714932945903,4.82368171117616,12,8
"8961",25.7741322569355,4.65121398374804,12,8
"8962",19.915902711908,8.20591516326728,12,8
"8963",21.6665955186778,6.14049461706345,12,8
"8964",25.8925532421288,4.56062034386916,12,8
"8965",23.1560686450749,6.19590744086726,12,8
"8966",20.6524915886297,4.45809884599556,12,8
"8967",20.113646861565,7.70139069349323,12,8
"8968",21.247802264863,5.63891681712198,12,8
"8969",22.3058786153842,7.62240941958887,12,8
"8970",27.6577424889263,6.47390194619683,12,8
"8971",20.6670106579573,5.85029492842674,12,8
"8972",19.8628054978171,5.5467420851143,12,8
"8973",17.6475884895031,3.35553153068025,12,8
"8974",23.4645270598448,2.79991973049416,12,8
"8975",17.982316230556,6.60899631087214,12,8
"8976",21.3498454757227,5.92825624199581,12,8
"8977",22.3786986267224,5.52739712477887,12,8
"8978",20.5271844190903,7.06589885360186,12,8
"8979",19.0713977519521,5.30688442875803,12,8
"8980",20.1623966577024,6.65473727140529,12,8
"8981",24.8796135804631,7.76884051238552,12,8
"8982",17.1028923980034,5.34769752862498,12,8
"8983",26.3937889166567,6.80336361521381,12,8
"8984",20.7013763138506,7.46257092637925,12,8
"8985",24.8656504008405,7.06172099602937,12,8
"8986",19.7390094093059,9.68322771253109,12,8
"8987",26.5375412112461,6.71035639025112,12,8
"8988",22.9142085126742,9.9211956295834,12,8
"8989",28.9413165678392,6.87750194611291,12,8
"8990",15.4376604078808,5.79557431391285,12,8
"8991",26.4494711987012,7.35755127617688,12,8
"8992",20.7629755480689,8.61742557110186,12,8
"8993",25.9388152672592,6.0672628163341,12,8
"8994",15.3984980996573,5.8991190053238,12,8
"8995",15.583616445926,7.75132700773995,12,8
"8996",25.1025536039478,3.88522876426051,12,8
"8997",18.7927947816616,8.05167760057425,12,8
"8998",25.5057979553364,3.20100991937071,12,8
"8999",16.7111899774606,4.27463485635061,12,8
"9000",22.1193475062088,4.35137508381513,12,8
