"X1","X2","component","subcomponent"
"8001",21.2910970748042,26.6428454061393,4,4.5
"8002",19.5825448754516,28.7748352003007,4,4.5
"8003",19.7902734611623,29.2390502922234,4,4.5
"8004",20.8460697976309,29.7381800261872,4,4.5
"8005",21.384075917715,23.244617248716,4,4.5
"8006",20.1258845786926,21.9832127949602,4,4.5
"8007",22.3662011734186,22.3320701111802,4,4.5
"8008",20.7136804510378,28.6855492374766,4,4.5
"8009",21.2518128900504,28.3552226996485,4,4.5
"8010",21.5672747967524,24.0131571847765,4,4.5
"8011",20.3393509375541,25.2213339577258,4,4.5
"8012",19.8618040599744,25.6544927808542,4,4.5
"8013",21.4319231431515,26.8543305026441,4,4.5
"8014",19.6234539555258,25.8220479987555,4,4.5
"8015",21.2911584952053,22.8450357714126,4,4.5
"8016",21.3208229380998,20.8460597062587,4,4.5
"8017",20.3552513858818,27.1550898269451,4,4.5
"8018",18.6432403401254,24.7258496649337,4,4.5
"8019",19.6577520768003,22.9083555869432,4,4.5
"8020",21.3281430434602,26.3778023494425,4,4.5
"8021",19.1651310388874,22.3448171762599,4,4.5
"8022",21.5557907476273,26.1448803025675,4,4.5
"8023",22.2208813914575,26.3339930179097,4,4.5
"8024",19.3662574335865,24.5668708729994,4,4.5
"8025",20.1352194370576,25.5757756611172,4,4.5
"8026",20.7228000853636,27.0669482304716,4,4.5
"8027",20.2350476893106,23.7503902992034,4,4.5
"8028",19.8859370425569,25.1669978279575,4,4.5
"8029",22.5307901096175,22.405343414282,4,4.5
"8030",18.6365541180539,29.9739213948298,4,4.5
"8031",21.228192288951,26.3954526983643,4,4.5
"8032",20.3954434026825,25.5411601977758,4,4.5
"8033",22.3823553634747,25.0274488567227,4,4.5
"8034",20.082466041908,27.4554392285798,4,4.5
"8035",20.9285825981461,20.0381224370338,4,4.5
"8036",19.251696968074,27.1873300036414,4,4.5
"8037",19.6979801642037,26.5773877739585,4,4.5
"8038",22.1982337061578,25.6958105848337,4,4.5
"8039",19.2881018606326,25.214129895748,4,4.5
"8040",19.5778027030397,22.0141766066218,4,4.5
"8041",19.272880267772,27.4431436950238,4,4.5
"8042",19.7252370916293,27.4068356534864,4,4.5
"8043",21.0296920621808,18.3067996106483,4,4.5
"8044",20.0219506605929,25.7164485778994,4,4.5
"8045",19.9045489239918,22.8308879662477,4,4.5
"8046",21.1044662226873,28.3848036722237,4,4.5
"8047",18.7547014281321,28.8107684592325,4,4.5
"8048",21.208004949537,26.3960863271515,4,4.5
"8049",20.9415904149462,26.4770188927542,4,4.5
"8050",20.3869440944597,24.0239163637213,4,4.5
"8051",21.0539643171379,19.2479652698804,4,4.5
"8052",19.7568494003159,24.9487107845154,4,4.5
"8053",20.5855286786306,22.5751154848923,4,4.5
"8054",20.8577764943249,22.6632592104939,4,4.5
"8055",22.9006883057686,25.9131999164585,4,4.5
"8056",20.2375579184117,30.2833950534812,4,4.5
"8057",20.3342179183977,28.5656672239369,4,4.5
"8058",22.0885755582041,22.32646660375,4,4.5
"8059",18.9497368996649,25.899649870117,4,4.5
"8060",22.7889253722357,30.8678808796547,4,4.5
"8061",21.139310858767,22.7205311048777,4,4.5
"8062",19.9814809887416,21.5747912086834,4,4.5
"8063",21.2539405351897,23.1943108535744,4,4.5
"8064",21.575080947326,31.3485041781596,4,4.5
"8065",19.3020189597232,22.4977224227099,4,4.5
"8066",20.7506906601256,25.3687851356096,4,4.5
"8067",20.9494605506754,26.5605407099202,4,4.5
"8068",20.7801490281818,22.1390690812543,4,4.5
"8069",20.8642351525983,29.8745454977905,4,4.5
"8070",20.4682607222103,24.910932768567,4,4.5
"8071",20.293079201586,23.5711081137966,4,4.5
"8072",19.2797671926107,31.3284213341049,4,4.5
"8073",19.0813958257083,20.3998611966837,4,4.5
"8074",20.5677751895626,26.491233026532,4,4.5
"8075",20.8027250248692,28.1591212106692,4,4.5
"8076",20.7030587198323,22.8277938222268,4,4.5
"8077",22.1191657978641,25.8505957169573,4,4.5
"8078",22.2209008428116,27.6697348540785,4,4.5
"8079",19.386004466079,17.9238375414097,4,4.5
"8080",20.3103284824244,25.4039611215324,4,4.5
"8081",22.1971657612278,24.9842461570805,4,4.5
"8082",20.1641704160363,25.8968534406207,4,4.5
"8083",20.1744311664583,24.4681016934605,4,4.5
"8084",19.9362306656204,29.5763588375553,4,4.5
"8085",21.2705430273161,31.1373578376089,4,4.5
"8086",19.6982150131946,26.9975722464957,4,4.5
"8087",21.7847037950134,23.1777434925049,4,4.5
"8088",20.5151141038409,32.5909970539273,4,4.5
"8089",21.9722711987079,27.6942703873844,4,4.5
"8090",23.5314221829528,27.0918334253572,4,4.5
"8091",19.1202955978761,21.4820727489746,4,4.5
"8092",19.5955182681839,26.8016186613593,4,4.5
"8093",21.8716920989174,27.9668487653671,4,4.5
"8094",19.5595681539149,26.0849731848545,4,4.5
"8095",21.8421104347289,26.0974561593591,4,4.5
"8096",18.5364413377515,27.2665906097917,4,4.5
"8097",19.96386608638,25.9805971896138,4,4.5
"8098",21.9171468954072,27.3294287149016,4,4.5
"8099",22.2242651990439,23.3710190873541,4,4.5
"8100",20.310712682053,24.589056034765,4,4.5
"8101",21.502021247477,26.5815827719469,4,4.5
"8102",20.3953969553264,28.2707011528909,4,4.5
"8103",21.5218748473024,23.7341770084733,4,4.5
"8104",20.5082426480568,26.0760914954229,4,4.5
"8105",17.5638111161923,29.4030469316596,4,4.5
"8106",20.476755765501,26.6605006689237,4,4.5
"8107",20.5375982179344,24.8197921814025,4,4.5
"8108",21.4712337947314,21.6957954089801,4,4.5
"8109",19.257105438311,22.9077633966644,4,4.5
"8110",21.4619528536885,21.8272498012782,4,4.5
"8111",20.0514063948405,29.5996934829399,4,4.5
"8112",21.8166422915637,27.9884994875037,4,4.5
"8113",21.8907344037501,22.2769075212283,4,4.5
"8114",18.1996218987403,23.3202043491258,4,4.5
"8115",19.8933392682285,25.3046788624315,4,4.5
"8116",20.8856825459887,26.064300250558,4,4.5
"8117",21.2180327396556,28.3723745195761,4,4.5
"8118",20.6691153511073,26.8112199553583,4,4.5
"8119",19.6529815346075,27.2295304005022,4,4.5
"8120",20.5895230565134,24.9761887868428,4,4.5
"8121",19.3887861498417,25.3143148941835,4,4.5
"8122",19.3296268683584,28.1289994134442,4,4.5
"8123",18.9614210014635,26.3798201835363,4,4.5
"8124",19.2305828630993,26.0681539282984,4,4.5
"8125",19.6784058569718,24.1372502036423,4,4.5
"8126",21.1785697409444,26.7527676927271,4,4.5
"8127",21.026748595521,22.9645256824539,4,4.5
"8128",20.7543717344411,23.6208174208114,4,4.5
"8129",21.2235109394217,27.4509416601353,4,4.5
"8130",19.8848959813382,26.1421589246228,4,4.5
"8131",19.1199234801404,23.9202598114625,4,4.5
"8132",20.9485335126187,21.2466625558381,4,4.5
"8133",20.3810970967712,28.1054136743273,4,4.5
"8134",22.2646937891063,27.2319470151595,4,4.5
"8135",20.725607373775,26.6511126677932,4,4.5
"8136",19.1608690855063,24.0643166395067,4,4.5
"8137",20.4023840575695,27.5720046017013,4,4.5
"8138",19.8403255054723,27.9116067929952,4,4.5
"8139",19.7043435150988,24.748707781984,4,4.5
"8140",22.0229136292252,28.9625079240928,4,4.5
"8141",19.5846413577004,23.7944898994513,4,4.5
"8142",20.2949095283324,22.8384034728494,4,4.5
"8143",22.6117393772632,26.3674711841342,4,4.5
"8144",21.2619909730625,24.959898424438,4,4.5
"8145",21.4459410790711,29.9722302510128,4,4.5
"8146",20.2786729906011,22.4953034780503,4,4.5
"8147",22.1165560988053,28.0330395630615,4,4.5
"8148",20.1000376378282,25.252679461182,4,4.5
"8149",20.0720356489605,22.6301691500933,4,4.5
"8150",20.6178999298955,27.3018122406293,4,4.5
"8151",21.8924772664296,24.6892267400407,4,4.5
"8152",22.0018969301767,24.9782951462513,4,4.5
"8153",21.0731569219499,23.6100258886248,4,4.5
"8154",22.9225696292953,26.1138141152402,4,4.5
"8155",21.2574674632027,29.1314161830324,4,4.5
"8156",21.2778255354503,28.1380425464401,4,4.5
"8157",20.023489771083,25.1122452693912,4,4.5
"8158",22.0248368458593,22.6144731899701,4,4.5
"8159",21.5678232151735,25.3296000228338,4,4.5
"8160",20.6559689014249,26.7286551808464,4,4.5
"8161",20.1073605938772,27.6088217811798,4,4.5
"8162",20.1302124012064,24.4399892974461,4,4.5
"8163",19.9775862290426,24.9419645257928,4,4.5
"8164",21.6908485902505,26.8455220639929,4,4.5
"8165",18.430080937791,26.0744800691355,4,4.5
"8166",20.6923510090349,27.2949551924486,4,4.5
"8167",20.3766960939017,28.3314472431767,4,4.5
"8168",19.4481813178635,26.0819665343384,4,4.5
"8169",20.4628216102915,25.7438693975907,4,4.5
"8170",18.9835554235904,29.7204034459752,4,4.5
"8171",20.2053960945179,32.9090186202697,4,4.5
"8172",19.994077343663,27.5717417310836,4,4.5
"8173",21.5188704286274,27.6348364706197,4,4.5
"8174",19.8902308478804,29.1764859226175,4,4.5
"8175",20.0175379218226,29.5752977163513,4,4.5
"8176",19.9685737073505,21.8906424530367,4,4.5
"8177",21.245898822663,26.8430792379642,4,4.5
"8178",20.0986214083347,31.8455306874291,4,4.5
"8179",20.5448533540791,33.2919883644042,4,4.5
"8180",21.9758570154579,27.1055750482592,4,4.5
"8181",21.1894974852298,24.4989226419254,4,4.5
"8182",19.8589206635853,25.0821995436656,4,4.5
"8183",19.9787974681075,26.1429317085623,4,4.5
"8184",20.5201142112698,24.0287711799411,4,4.5
"8185",18.5603444607315,26.5116179071466,4,4.5
"8186",20.7909798824787,27.1239116491321,4,4.5
"8187",20.3058196336605,24.5443001436143,4,4.5
"8188",20.7744624516608,28.2931109133482,4,4.5
"8189",22.9562746284072,26.8714067634815,4,4.5
"8190",19.7540551074214,24.9191712363135,4,4.5
"8191",20.3657799510645,19.1398024753875,4,4.5
"8192",21.8514298244523,21.736477963296,4,4.5
"8193",18.9456792019193,29.1996265108509,4,4.5
"8194",18.6052374167284,29.1287431623413,4,4.5
"8195",20.5762887582474,24.6110223431928,4,4.5
"8196",22.0795630343046,28.2813323496953,4,4.5
"8197",21.3459717447455,26.738077963321,4,4.5
"8198",20.2407300925907,33.2062077575167,4,4.5
"8199",19.659815690792,25.732841720712,4,4.5
"8200",20.4408722380313,21.1637221613734,4,4.5
"8201",19.8390134585063,23.8917088477676,4,4.5
"8202",21.1236064579392,23.4528291278591,4,4.5
"8203",19.5546076955348,23.3474937465456,4,4.5
"8204",21.7914841039069,25.6362754602414,4,4.5
"8205",21.7238813029367,26.8742306849212,4,4.5
"8206",21.364077494728,25.6090015502707,4,4.5
"8207",20.732166156469,26.7677463615646,4,4.5
"8208",19.8459675096058,23.5306220074177,4,4.5
"8209",21.3364303692459,26.3739640021741,4,4.5
"8210",19.2388777153325,24.1448826304809,4,4.5
"8211",19.8339985444112,27.4329812700516,4,4.5
"8212",20.7234943108609,23.4946791571256,4,4.5
"8213",19.1249900930528,29.7153553498074,4,4.5
"8214",22.2173269523733,19.870751763858,4,4.5
"8215",20.3981188400159,25.9357048181495,4,4.5
"8216",20.4626754082844,26.7070968070536,4,4.5
"8217",20.226210609534,28.4176291245019,4,4.5
"8218",20.0129437662255,25.1324272558477,4,4.5
"8219",19.4547906337273,24.8726701482425,4,4.5
"8220",21.9592682022155,28.6544954180198,4,4.5
"8221",19.8090558326302,26.0806821684418,4,4.5
"8222",19.6684914467336,27.649354251321,4,4.5
"8223",21.181646050619,22.2825405678809,4,4.5
"8224",20.3357994708876,30.0564841618468,4,4.5
"8225",19.6080193754308,28.0381107086574,4,4.5
"8226",22.3936555217297,20.4019608989571,4,4.5
"8227",19.6068526338128,28.521458094013,4,4.5
"8228",22.6154820137989,25.7391436337424,4,4.5
"8229",17.883883113069,25.662125260435,4,4.5
"8230",19.4234334979145,27.0880463451437,4,4.5
"8231",19.8395293817993,25.9868742025792,4,4.5
"8232",20.5416984244483,29.8082204191542,4,4.5
"8233",18.3087839087785,28.1216971670385,4,4.5
"8234",18.8072368018705,24.5529497138262,4,4.5
"8235",19.5199649976522,29.4956398144965,4,4.5
"8236",22.944112120361,26.5863282591421,4,4.5
"8237",20.7638743807197,22.1969862252809,4,4.5
"8238",21.2290148360812,20.1499171560173,4,4.5
"8239",19.3932460375992,25.9352088779611,4,4.5
"8240",19.7625423903058,27.8294772639576,4,4.5
"8241",19.4264709013258,27.5528962669563,4,4.5
"8242",21.147881497918,27.2052641670928,4,4.5
"8243",20.2032189283886,25.0262583225493,4,4.5
"8244",21.7477702470064,26.0560377465679,4,4.5
"8245",20.566533536609,18.069577788677,4,4.5
"8246",20.3474394108619,28.5040400493884,4,4.5
"8247",21.9435940597484,25.0844529984313,4,4.5
"8248",21.5808822162277,28.3471938640675,4,4.5
"8249",19.7335568434915,23.0310198832799,4,4.5
"8250",20.9912593796957,27.651675649292,4,4.5
"8251",18.8574341985916,28.776868648567,4,4.5
"8252",21.3845058276724,28.0385161253723,4,4.5
"8253",19.4578588212785,24.7579326738465,4,4.5
"8254",21.6065322884585,22.834571479983,4,4.5
"8255",19.9613021766247,27.2216993381446,4,4.5
"8256",22.9014649033605,22.3998528056939,4,4.5
"8257",20.8241388662863,21.7134216199492,4,4.5
"8258",21.0182383813809,24.5862147279974,4,4.5
"8259",19.1690971742626,22.2015261446896,4,4.5
"8260",24.0534380922461,21.9211572194502,4,4.5
"8261",19.9740146612664,25.5697549893796,4,4.5
"8262",21.9224091997541,26.769690757811,4,4.5
"8263",20.6632696612902,26.5096986211769,4,4.5
"8264",21.4420551671498,28.5943969870968,4,4.5
"8265",20.4933059208711,21.5960695133108,4,4.5
"8266",19.937520404622,23.4146078350207,4,4.5
"8267",20.090733031543,22.7893341946439,4,4.5
"8268",20.8229870442666,25.0047106578614,4,4.5
"8269",21.3202495274537,23.9053329968722,4,4.5
"8270",23.5050837151867,26.5597310158464,4,4.5
"8271",21.0225453482449,23.7346672605149,4,4.5
"8272",21.240427784754,23.0228545039889,4,4.5
"8273",19.7150819593108,27.583787795753,4,4.5
"8274",22.3483943838507,23.7213608054845,4,4.5
"8275",20.735466192792,30.6330044796847,4,4.5
"8276",21.1403172381261,25.482301208573,4,4.5
"8277",20.5654861695488,22.1691844517489,4,4.5
"8278",21.1181222998674,24.9957809551905,4,4.5
"8279",19.8197716840982,28.3862310338643,4,4.5
"8280",20.7303156563479,26.3287905059719,4,4.5
"8281",17.0810955067592,25.5979828420163,4,4.5
"8282",20.7227481535653,26.2114108802213,4,4.5
"8283",22.5655799402961,28.2375143647819,4,4.5
"8284",21.0232908043919,31.3112823942412,4,4.5
"8285",19.4444829999284,22.4249740186438,4,4.5
"8286",21.0758172154253,24.7062742995229,4,4.5
"8287",21.4584862087569,29.2851731051657,4,4.5
"8288",22.4820288852129,21.2861130908053,4,4.5
"8289",19.454835353635,21.4604621038266,4,4.5
"8290",19.0812374510738,20.7100233538094,4,4.5
"8291",18.5933895724923,23.374167466604,4,4.5
"8292",20.5480144871517,24.4521805555692,4,4.5
"8293",19.9767898189881,18.7660538376913,4,4.5
"8294",19.9415493294475,29.374770714088,4,4.5
"8295",18.5698334316969,29.6218625997396,4,4.5
"8296",20.7217575418717,29.6436490913064,4,4.5
"8297",20.7807909597754,26.3816152906753,4,4.5
"8298",21.4942063183758,24.532540110686,4,4.5
"8299",20.7729630882207,24.1979861305833,4,4.5
"8300",18.7831059440501,26.0070131714169,4,4.5
"8301",20.0542718521199,23.1740108733012,4,4.5
"8302",19.7914716832068,30.0917709534233,4,4.5
"8303",20.2674840913434,26.1877856946249,4,4.5
"8304",21.4139979760998,27.810229168841,4,4.5
"8305",22.1092791767796,25.5231183705624,4,4.5
"8306",20.5355526013703,24.0165924102276,4,4.5
"8307",21.6953458741606,24.7798758979763,4,4.5
"8308",20.0463909110773,21.0365084381699,4,4.5
"8309",18.2560584863557,24.6879570832872,4,4.5
"8310",20.8240533599079,25.1904527272712,4,4.5
"8311",22.0049875441762,24.9682735856298,4,4.5
"8312",21.3713211647484,22.3736704911406,4,4.5
"8313",20.6375085155029,27.9836530090008,4,4.5
"8314",21.9046325859255,25.6468354123626,4,4.5
"8315",18.6590871253295,29.226873174563,4,4.5
"8316",21.796880346315,28.2012823309897,4,4.5
"8317",19.6202436400001,23.7309753905922,4,4.5
"8318",21.1527423324017,26.4611268358716,4,4.5
"8319",21.1490016957967,28.8271354451261,4,4.5
"8320",20.2464773664386,23.1905171669796,4,4.5
"8321",20.4902124177391,26.519132861742,4,4.5
"8322",19.7493634497683,30.0940648383321,4,4.5
"8323",21.8270615709107,22.7188192788747,4,4.5
"8324",19.9329123252983,28.1866195707702,4,4.5
"8325",21.4908894450103,25.6874587876592,4,4.5
"8326",21.2959982175657,25.6978243801201,4,4.5
"8327",20.0479574550108,24.4267855770108,4,4.5
"8328",20.553325667101,28.6440486712337,4,4.5
"8329",20.8417208591775,27.2943813009923,4,4.5
"8330",21.1234014969711,20.7822291603149,4,4.5
"8331",21.7396213373589,24.3571271035443,4,4.5
"8332",19.5596185064695,22.6369187299801,4,4.5
"8333",17.8583147955156,28.4252311857925,4,4.5
"8334",20.5663746897958,25.6135299012901,4,4.5
"8335",21.8359349185197,26.7931553660605,4,4.5
"8336",20.9234040461045,28.7520123969018,4,4.5
"8337",20.0927456312441,31.0972803926162,4,4.5
"8338",19.9911040956062,23.5601321631313,4,4.5
"8339",22.0493925700755,23.3285105860793,4,4.5
"8340",20.091916653041,22.9758175719455,4,4.5
"8341",18.843087939513,24.3274533437667,4,4.5
"8342",21.1320341822357,23.4441390991895,4,4.5
"8343",20.2902184600442,24.1147435583574,4,4.5
"8344",19.7171779366194,23.8873285190988,4,4.5
"8345",18.1096810166553,31.8410765042569,4,4.5
"8346",22.353542742353,27.6319052948149,4,4.5
"8347",19.0299070590691,26.6729805588675,4,4.5
"8348",22.9644517037573,22.7175664191307,4,4.5
"8349",21.3290842284582,24.2598591724393,4,4.5
"8350",21.1458062737555,21.009824626813,4,4.5
"8351",19.5390104534606,30.5231225898467,4,4.5
"8352",19.8026636276868,27.4939629466637,4,4.5
"8353",21.6599790483321,22.8832252315672,4,4.5
"8354",18.6459701697839,21.7081506500183,4,4.5
"8355",21.9348369408236,25.0010270367116,4,4.5
"8356",20.9633333601967,20.0104597187049,4,4.5
"8357",19.81641651836,25.6935117150758,4,4.5
"8358",21.1539651496798,22.1083503057654,4,4.5
"8359",21.7091763559941,23.5554840230864,4,4.5
"8360",19.5535115859145,26.5696352072192,4,4.5
"8361",20.2329099388833,25.4356142540718,4,4.5
"8362",22.0651800957854,24.2579219320733,4,4.5
"8363",20.6306226509222,26.3868696712222,4,4.5
"8364",19.6308766798675,25.9425293650632,4,4.5
"8365",21.3640156530766,24.2677251715994,4,4.5
"8366",21.2767305015559,20.2311730078145,4,4.5
"8367",20.4197231832622,21.455529822152,4,4.5
"8368",20.9754001560022,21.0985387360286,4,4.5
"8369",19.3040503787265,24.1926989603786,4,4.5
"8370",19.2058619180555,25.5968154784849,4,4.5
"8371",19.2185245226031,21.9159141974946,4,4.5
"8372",19.2472283576608,26.7669576508793,4,4.5
"8373",19.4767884499199,28.6532365205888,4,4.5
"8374",21.0440887745792,22.5637007392857,4,4.5
"8375",21.7373241746869,25.6049896527952,4,4.5
"8376",21.0798461513829,22.5749162589828,4,4.5
"8377",20.9829857063977,27.1777139430133,4,4.5
"8378",20.9550139298124,26.9440615334168,4,4.5
"8379",20.7430216384732,25.8995717571895,4,4.5
"8380",20.87116668164,24.4192482511393,4,4.5
"8381",21.1380475658796,27.0987960802438,4,4.5
"8382",20.5870516165032,26.9555690483279,4,4.5
"8383",19.6031148899022,27.1508954473633,4,4.5
"8384",20.074836330698,26.6913455832212,4,4.5
"8385",19.7262041306457,25.439044998329,4,4.5
"8386",20.2496340833697,20.7668762110946,4,4.5
"8387",19.6045328923824,19.5288266202215,4,4.5
"8388",21.4761583206022,24.7770552714014,4,4.5
"8389",19.0523167027625,28.4341927700318,4,4.5
"8390",20.6669916896612,27.3058481516606,4,4.5
"8391",20.4348114561342,26.285727471152,4,4.5
"8392",20.1724027049869,16.2781582838421,4,4.5
"8393",19.2203006657114,24.1307604305858,4,4.5
"8394",21.3806323535278,27.901171034881,4,4.5
"8395",22.1041506469362,23.2942644819889,4,4.5
"8396",20.0420079816832,27.3824097073375,4,4.5
"8397",21.0566727054014,21.1192818306002,4,4.5
"8398",20.9639327548414,26.6298778599245,4,4.5
"8399",21.9047810163393,27.1172931043925,4,4.5
"8400",22.5298012454158,31.3293029627935,4,4.5
"8401",18.8205287812081,23.8777789237036,4,4.5
"8402",20.0425023559503,25.677621607569,4,4.5
"8403",22.0696771337023,24.3993493101674,4,4.5
"8404",21.8244737971022,29.3768906259528,4,4.5
"8405",18.9587398632864,28.7807313378878,4,4.5
"8406",19.745005608852,24.1174226189402,4,4.5
"8407",20.0101308647658,25.6366666880493,4,4.5
"8408",21.0599740509133,25.7510740334002,4,4.5
"8409",21.7309028053457,27.733959429744,4,4.5
"8410",23.1567464305041,25.1708547683948,4,4.5
"8411",20.1629157345665,28.2067275809825,4,4.5
"8412",21.5904499568013,22.9085205955707,4,4.5
"8413",21.9232230139761,30.6921409047428,4,4.5
"8414",22.2773128622653,28.9379755959349,4,4.5
"8415",18.4318494010212,30.2213831253796,4,4.5
"8416",21.3561520354545,27.8675411343692,4,4.5
"8417",20.2531499347481,27.2718799687271,4,4.5
"8418",21.4752778821791,22.9131358070153,4,4.5
"8419",21.1506103080376,23.2456633718227,4,4.5
"8420",19.4396313278075,29.0925641151254,4,4.5
"8421",20.4801258526294,24.2534542689526,4,4.5
"8422",22.1038119496245,28.7932661212035,4,4.5
"8423",21.0598827934069,28.6671482506441,4,4.5
"8424",20.6506594455553,23.7506827728864,4,4.5
"8425",20.3455147837333,25.7535002704423,4,4.5
"8426",20.7067030981811,20.0869186579519,4,4.5
"8427",22.6066233537245,26.0250838886411,4,4.5
"8428",20.8944399957296,22.1858525664075,4,4.5
"8429",19.7243986875986,23.9514784112887,4,4.5
"8430",19.4400941701953,20.8795184066569,4,4.5
"8431",21.5467028760882,20.8946447304219,4,4.5
"8432",20.9555219305916,26.6586872755632,4,4.5
"8433",21.2691025993526,19.1445957094261,4,4.5
"8434",20.9810190056627,21.093966526376,4,4.5
"8435",21.9317611995248,28.287570169125,4,4.5
"8436",19.754159639369,27.1153287828197,4,4.5
"8437",21.2301102153936,28.1824155895235,4,4.5
"8438",20.7915569413006,25.1631901325069,4,4.5
"8439",21.3815947262727,24.5407468956039,4,4.5
"8440",21.9075793259452,29.4570246295653,4,4.5
"8441",21.1332479234636,22.0473681605311,4,4.5
"8442",20.2228524697501,21.8330222624289,4,4.5
"8443",19.5600715388118,26.2211366193059,4,4.5
"8444",19.9799431235569,28.7124679265129,4,4.5
"8445",23.4430605994983,22.4826400601286,4,4.5
"8446",19.8955217125182,22.8990725988973,4,4.5
"8447",20.9925752885271,24.2668733579994,4,4.5
"8448",21.1144096202511,29.2895758315559,4,4.5
"8449",19.4077367599602,25.3945086682664,4,4.5
"8450",18.3952391690766,26.3941697798614,4,4.5
"8451",20.9060330556909,26.1473357223817,4,4.5
"8452",19.9126897481029,21.3511939326461,4,4.5
"8453",19.5539353684842,25.8149657127486,4,4.5
"8454",20.2873467386252,25.576336325913,4,4.5
"8455",22.6226587391321,26.1863284550336,4,4.5
"8456",19.9122705378153,24.3582900473313,4,4.5
"8457",20.2259311511062,27.6961142062076,4,4.5
"8458",21.0862590883425,29.0303771456175,4,4.5
"8459",18.2478226671431,26.1502275385865,4,4.5
"8460",20.6333047283618,26.4737660993431,4,4.5
"8461",20.0103395566501,32.7016772769824,4,4.5
"8462",20.5021837886208,24.5732875777032,4,4.5
"8463",19.1354962567765,28.7035677999537,4,4.5
"8464",17.9320965182362,21.8639412360313,4,4.5
"8465",21.6521035815148,27.4801999896362,4,4.5
"8466",19.0570973917759,31.6541394747149,4,4.5
"8467",19.6050117752136,26.8406805349344,4,4.5
"8468",20.6509606057013,25.6865717145978,4,4.5
"8469",21.7673858728064,29.0818133850946,4,4.5
"8470",19.9690900084227,28.2676917710971,4,4.5
"8471",20.1487600378733,28.4736097657098,4,4.5
"8472",19.0931725219541,31.0928246557279,4,4.5
"8473",19.0873429813663,26.9731359237647,4,4.5
"8474",21.2449140387361,26.1122398473946,4,4.5
"8475",20.0867334826816,27.502806249842,4,4.5
"8476",21.2606109340498,25.110555072388,4,4.5
"8477",21.2279356776031,28.1225461742268,4,4.5
"8478",20.2264405716748,25.2676447205095,4,4.5
"8479",19.0413554046931,23.8571214157683,4,4.5
"8480",20.1538436084926,30.5361500373267,4,4.5
"8481",22.972824971866,21.8400870060184,4,4.5
"8482",18.837169594711,27.39826941704,4,4.5
"8483",20.7174130071349,26.3831914350197,4,4.5
"8484",20.7767495764882,25.9654593872838,4,4.5
"8485",20.7464866798991,26.0296304321884,4,4.5
"8486",20.4092708009117,24.4727570969115,4,4.5
"8487",21.7034671264725,26.4139703946895,4,4.5
"8488",19.097204950527,26.3412200045033,4,4.5
"8489",18.2173933981521,23.5460575011883,4,4.5
"8490",20.4603913903027,21.9805873937867,4,4.5
"8491",22.1630883070296,19.1182421585479,4,4.5
"8492",19.829385823985,22.4427020547141,4,4.5
"8493",20.2357218114791,25.79121593409,4,4.5
"8494",20.8070286008278,32.39655407078,4,4.5
"8495",21.0614008630185,21.2271008121722,4,4.5
"8496",19.3343085359066,19.8770594055347,4,4.5
"8497",18.8502801866362,32.4043432657149,4,4.5
"8498",21.4797344506308,21.3908638143412,4,4.5
"8499",20.3483652582639,25.9953703458861,4,4.5
"8500",21.1641003522202,27.731687583486,4,4.5
"8501",18.0433239812148,28.3639823138481,4,4.5
"8502",20.0821769421335,23.3785920086539,4,4.5
"8503",18.7935291924323,27.3552437209517,4,4.5
"8504",20.7249680132773,31.5598646865394,4,4.5
"8505",20.7765540140892,24.3962294380962,4,4.5
"8506",19.8810017422267,24.6458139587412,4,4.5
"8507",21.2728025850439,26.1851876583093,4,4.5
"8508",21.7035772691085,21.7405750082566,4,4.5
"8509",21.0322172687863,21.8209355774822,4,4.5
"8510",22.6010136146067,23.098192728844,4,4.5
"8511",20.3928605818943,24.1435708150645,4,4.5
"8512",21.1591956682375,24.8957335676743,4,4.5
"8513",21.544488347121,25.1323988780071,4,4.5
"8514",23.074621719695,31.56094944837,4,4.5
"8515",22.2673102767016,33.4914066412049,4,4.5
"8516",23.1085448029623,28.0535423644885,4,4.5
"8517",22.4592243752174,28.2583836509211,4,4.5
"8518",21.5179256685781,24.8157474620873,4,4.5
"8519",20.7736414061865,26.1099224664679,4,4.5
"8520",22.1125899622563,26.4287022846823,4,4.5
"8521",19.660910624217,24.5681547799668,4,4.5
"8522",19.7878417676761,27.7803697748267,4,4.5
"8523",20.1789394721229,21.4322083565533,4,4.5
"8524",18.0533171981435,28.5720381167572,4,4.5
"8525",21.9726327666533,19.0705151436392,4,4.5
"8526",22.1879669829055,26.4335696492069,4,4.5
"8527",19.5014150412972,22.516949841861,4,4.5
"8528",20.1619959210501,27.7364915472642,4,4.5
"8529",18.9997179103135,27.3799785619703,4,4.5
"8530",18.8629197832533,29.651533983929,4,4.5
"8531",19.768285040414,22.922563806088,4,4.5
"8532",20.0829392996149,27.3037269169113,4,4.5
"8533",19.633358985628,27.6296540601518,4,4.5
"8534",20.7974953939264,27.0213678462577,4,4.5
"8535",19.2387070043575,27.7036221142445,4,4.5
"8536",20.8508569126946,26.1655783342755,4,4.5
"8537",22.0331609284377,24.4275223336934,4,4.5
"8538",19.8186471450924,28.3471434986227,4,4.5
"8539",20.6366459679797,31.7909105022377,4,4.5
"8540",22.5476405745272,27.0701418500261,4,4.5
"8541",21.2825978511562,21.5976114190147,4,4.5
"8542",20.1421227080578,26.5544645625938,4,4.5
"8543",21.9244787770156,27.6393457738766,4,4.5
"8544",20.7615850156912,30.5418317685151,4,4.5
"8545",19.8821857952498,28.0011453975887,4,4.5
"8546",21.5314906803445,23.6781655675222,4,4.5
"8547",19.8096993849669,23.5984836721846,4,4.5
"8548",20.2086548987888,29.5231444461871,4,4.5
"8549",21.4307012194056,26.0183907997858,4,4.5
"8550",22.2189312989306,24.298649547082,4,4.5
"8551",20.2750523598754,25.172893158074,4,4.5
"8552",20.0324629809155,17.8816678847886,4,4.5
"8553",21.5585268278669,20.7330674867955,4,4.5
"8554",19.2882205220184,24.2086418552613,4,4.5
"8555",19.8493124928348,30.0260679634727,4,4.5
"8556",19.8237809996669,29.1936346010169,4,4.5
"8557",19.6046345850913,24.3732017489205,4,4.5
"8558",20.0961541835849,26.7037487228063,4,4.5
"8559",20.0653069720794,26.1370840375484,4,4.5
"8560",21.1810385258712,20.8621442776573,4,4.5
"8561",20.9875574285143,30.0452649547056,4,4.5
"8562",20.4766421608337,24.8660926805611,4,4.5
"8563",19.9015968705381,26.1921167211258,4,4.5
"8564",22.3906545360635,25.3062141674717,4,4.5
"8565",20.8752943955672,17.6238427523539,4,4.5
"8566",19.7539548423395,29.3777645130121,4,4.5
"8567",20.8230358753474,31.860555730005,4,4.5
"8568",20.6341716694615,31.5233736926681,4,4.5
"8569",21.745605396257,23.1424336472829,4,4.5
"8570",20.8690651785845,22.8382545970619,4,4.5
"8571",20.7080460893247,24.8545598617572,4,4.5
"8572",21.0748659913035,25.1593236848356,4,4.5
"8573",21.583460925107,24.8330411145778,4,4.5
"8574",21.1007309351677,23.1169927601936,4,4.5
"8575",21.0589649124077,22.5406768872785,4,4.5
"8576",20.8018228662717,28.0612782797544,4,4.5
"8577",19.0587370251025,24.6987043017991,4,4.5
"8578",20.700833265144,26.6465425073423,4,4.5
"8579",19.5082032205339,24.8218589708973,4,4.5
"8580",20.0359764409463,27.7477387107549,4,4.5
"8581",20.6869968217954,29.1976322066724,4,4.5
"8582",22.3207237984907,22.9236452352218,4,4.5
"8583",21.9086445953141,29.3863473752129,4,4.5
"8584",21.324665820657,25.1467873147324,4,4.5
"8585",19.3773660310869,23.5036363251964,4,4.5
"8586",20.8948749025803,21.9666595818797,4,4.5
"8587",17.7400429781605,19.4359283006002,4,4.5
"8588",21.0265502444566,23.9599071176756,4,4.5
"8589",20.1498027300235,25.3666926521835,4,4.5
"8590",21.0790994032872,25.4658054780434,4,4.5
"8591",20.0388380397242,22.1604654350381,4,4.5
"8592",21.0524566130722,26.3862906059878,4,4.5
"8593",20.4814506729705,25.372904984305,4,4.5
"8594",19.3688964335167,27.8496493705931,4,4.5
"8595",20.0168097577016,23.1518291635974,4,4.5
"8596",20.0964883445888,26.916669834038,4,4.5
"8597",21.546436249211,26.5288117335623,4,4.5
"8598",20.2540216021126,26.5763499976891,4,4.5
"8599",20.0366869307108,25.1190944670884,4,4.5
"8600",19.255665563167,32.0937747846544,4,4.5
"8601",22.0141597607151,25.7296810734076,4,4.5
"8602",19.6647446009218,29.5757336643841,4,4.5
"8603",19.6268613217988,27.0974657840357,4,4.5
"8604",19.8311622743336,23.1620901162085,4,4.5
"8605",21.5478780454309,29.005691932596,4,4.5
"8606",18.3362787348134,23.8762857757639,4,4.5
"8607",20.0881705415352,21.4679248675539,4,4.5
"8608",19.3876168258736,20.4833797506164,4,4.5
"8609",21.004922517809,27.988037531285,4,4.5
"8610",20.8020686562715,21.4515747690619,4,4.5
"8611",18.7112931734373,26.2522712851925,4,4.5
"8612",18.0689020449097,28.2400610501208,4,4.5
"8613",20.4234381886284,24.4652084804397,4,4.5
"8614",19.4738298599084,29.7613207256705,4,4.5
"8615",20.9967117857227,28.7719811340022,4,4.5
"8616",20.8969192026143,27.8847280298678,4,4.5
"8617",18.4017625906621,22.3754301772879,4,4.5
"8618",21.3736980867631,21.0125364927995,4,4.5
"8619",19.9794200487805,29.728062637974,4,4.5
"8620",19.7977767485185,23.1991120681304,4,4.5
"8621",23.2605277044658,23.3837555505955,4,4.5
"8622",20.680361507018,24.7618094272188,4,4.5
"8623",19.0885865449144,25.8800619467084,4,4.5
"8624",21.9546142609061,24.391476752416,4,4.5
"8625",21.7300552536329,28.8282430394257,4,4.5
"8626",20.2108698533055,25.2798734250823,4,4.5
"8627",21.2870591187994,25.339281005002,4,4.5
"8628",20.2911662336461,22.6903490397334,4,4.5
"8629",22.6931877080181,23.4328801065829,4,4.5
"8630",21.4176203893665,30.8591301784071,4,4.5
"8631",21.5633772341959,21.7846924087153,4,4.5
"8632",20.4155788454947,24.9264993630969,4,4.5
"8633",20.2192429535115,27.5646312939955,4,4.5
"8634",19.7843144739504,27.583162237399,4,4.5
"8635",20.1644132759177,29.2652919048255,4,4.5
"8636",17.7421614092816,24.3460987392298,4,4.5
"8637",19.7610424503396,24.9311933078158,4,4.5
"8638",21.7054328394451,28.4705742136273,4,4.5
"8639",19.2101527669208,24.0512079576991,4,4.5
"8640",19.0436417830984,21.243802719499,4,4.5
"8641",18.0946018498513,25.6323985952314,4,4.5
"8642",23.0021350900227,23.0011260470843,4,4.5
"8643",21.276663609175,25.9661216633424,4,4.5
"8644",20.5777678342363,26.3847004198614,4,4.5
"8645",19.3998125562849,24.7348579776353,4,4.5
"8646",20.3104099286228,23.1610952349505,4,4.5
"8647",20.6130128831819,26.3601612778474,4,4.5
"8648",21.3385501763697,24.2044779811682,4,4.5
"8649",21.4516200723165,30.4868744823455,4,4.5
"8650",22.48141612956,22.3298230863639,4,4.5
"8651",19.2370701497814,29.4943932988591,4,4.5
"8652",20.6109563342884,26.9542443540931,4,4.5
"8653",20.7942939920119,24.9957944420148,4,4.5
"8654",19.087000160755,24.0919843699689,4,4.5
"8655",19.4097550655023,25.0756136441725,4,4.5
"8656",21.2397371999792,22.4962595957971,4,4.5
"8657",20.9010789606898,33.3105676061679,4,4.5
"8658",21.6251064159417,30.3584131003683,4,4.5
"8659",21.3341393309962,22.8048898955376,4,4.5
"8660",19.0445859907954,26.0254531712342,4,4.5
"8661",21.7800620745031,29.3201933150559,4,4.5
"8662",21.268481463209,27.0262267826863,4,4.5
"8663",20.7931298400783,24.3856298186883,4,4.5
"8664",19.2560069945649,25.4619518191728,4,4.5
"8665",20.5784980127615,25.3836830792335,4,4.5
"8666",19.2712350134267,25.2635228314411,4,4.5
"8667",21.0512219717617,22.192594667592,4,4.5
"8668",21.2623261138368,25.6245565830137,4,4.5
"8669",20.3398858386983,23.8878564595896,4,4.5
"8670",20.3067973714256,21.8834909015997,4,4.5
"8671",21.1889742886674,26.9965687568906,4,4.5
"8672",20.7145856430422,28.7150927116475,4,4.5
"8673",20.9934595001485,25.3300965948863,4,4.5
"8674",19.315075779036,22.9932355089398,4,4.5
"8675",19.4361607273858,25.2822635233711,4,4.5
"8676",20.1129288972539,27.5062919504848,4,4.5
"8677",20.2254705335814,25.2426019120729,4,4.5
"8678",19.5732111905868,22.2903752973334,4,4.5
"8679",20.7142633441973,24.7774777616185,4,4.5
"8680",21.5956316366802,26.0746974913173,4,4.5
"8681",20.7130372246077,27.4037879097428,4,4.5
"8682",19.0166430762026,23.524917252824,4,4.5
"8683",20.7203851027653,26.8275021877728,4,4.5
"8684",21.8418172608647,25.7179355043283,4,4.5
"8685",20.1113869207554,26.847999936503,4,4.5
"8686",21.5666712372017,25.7719369294114,4,4.5
"8687",19.3888469815146,22.1133847866755,4,4.5
"8688",19.9803269947802,22.5064260613307,4,4.5
"8689",19.8990252774573,21.8439134037768,4,4.5
"8690",21.8156003499014,21.9601343991777,4,4.5
"8691",20.4785703587315,18.9141290241717,4,4.5
"8692",21.0493137660335,25.4493090522779,4,4.5
"8693",22.7042313416342,21.318362129509,4,4.5
"8694",20.7970775496352,30.6180094955818,4,4.5
"8695",20.8903392130789,27.1922588936602,4,4.5
"8696",19.1072026864899,26.06602594045,4,4.5
"8697",20.327170396918,25.0254345619824,4,4.5
"8698",20.1603362735235,22.6364818378514,4,4.5
"8699",21.8944266792562,31.6138684868833,4,4.5
"8700",18.4327127129991,24.2979087240399,4,4.5
"8701",21.6081553237743,19.4000544758797,4,4.5
"8702",19.1602325483658,29.8259006153042,4,4.5
"8703",19.2439862376524,23.7344383010134,4,4.5
"8704",18.8841580230359,27.6701104578259,4,4.5
"8705",19.6582024369258,28.3437827604718,4,4.5
"8706",21.1396363919433,29.8667799088253,4,4.5
"8707",19.517395998523,26.7616177318454,4,4.5
"8708",22.2668880404541,28.1510386750994,4,4.5
"8709",19.229650786207,27.1737191584872,4,4.5
"8710",20.636601521024,27.6913259901038,4,4.5
"8711",19.3836015008746,24.4480583453251,4,4.5
"8712",19.2744165048534,30.067338212458,4,4.5
"8713",19.8508430091836,25.7140281247331,4,4.5
"8714",20.6388591919561,17.6282325640185,4,4.5
"8715",21.2497246647183,22.6938220051003,4,4.5
"8716",22.0239768376936,25.0057207308384,4,4.5
"8717",19.5951686404628,27.033244262107,4,4.5
"8718",20.5040216237846,27.7571077852703,4,4.5
"8719",21.9031880039746,22.4250487457191,4,4.5
"8720",20.5252660783527,24.4864436478892,4,4.5
"8721",18.3394981189463,19.8572203153396,4,4.5
"8722",20.5214124278256,24.1501672266717,4,4.5
"8723",20.8264188951681,23.3221035305889,4,4.5
"8724",21.8576582506156,26.3325735835294,4,4.5
"8725",22.119967351025,22.975345602686,4,4.5
"8726",20.1363908129691,30.7260070127571,4,4.5
"8727",22.9934456543836,30.2749101837646,4,4.5
"8728",20.9351603088431,25.1460794945896,4,4.5
"8729",17.9820385175305,20.644965144117,4,4.5
"8730",20.0099869959916,28.2040843743621,4,4.5
"8731",20.358484132388,23.5362256059226,4,4.5
"8732",20.2189938661757,19.8316088432728,4,4.5
"8733",20.6969253441216,21.7964316166334,4,4.5
"8734",20.2833926583796,25.1222492204671,4,4.5
"8735",21.1269751804659,24.7401385531512,4,4.5
"8736",19.8492874052522,20.3741861889423,4,4.5
"8737",20.3790217400456,20.847896407265,4,4.5
"8738",21.2232911334378,23.3013678837173,4,4.5
"8739",19.7238716051497,21.5386103420061,4,4.5
"8740",19.5450222341797,27.7079676099414,4,4.5
"8741",19.4427686884944,24.4490148514714,4,4.5
"8742",21.4394000701586,25.0335981880268,4,4.5
"8743",19.6188803773501,25.1227223805202,4,4.5
"8744",19.4804270484159,21.8607492659054,4,4.5
"8745",20.3504300857678,28.5230534879928,4,4.5
"8746",22.3855573417547,20.0503104153369,4,4.5
"8747",20.5014499971528,18.5427803801173,4,4.5
"8748",22.4798972620594,23.7571696925538,4,4.5
"8749",21.0919624649207,27.3254466826923,4,4.5
"8750",22.1858782405085,25.3027579927088,4,4.5
"8751",20.617586456001,27.683424644783,4,4.5
"8752",19.4580043054693,30.813010053756,4,4.5
"8753",19.9818887611144,23.9386551886577,4,4.5
"8754",20.003326071297,26.4356665897873,4,4.5
"8755",19.561405790492,26.3383223854799,4,4.5
"8756",20.3612092087824,23.5753151133827,4,4.5
"8757",20.760526573639,25.8170414170528,4,4.5
"8758",21.1850992286697,25.8116716021488,4,4.5
"8759",21.8254385571387,24.7579360752579,4,4.5
"8760",20.4141999600642,28.773602424047,4,4.5
"8761",20.384108389659,25.6167322485083,4,4.5
"8762",22.5030095630708,24.5252207309568,4,4.5
"8763",20.1702892302546,26.9543566159101,4,4.5
"8764",20.9622714571604,26.4441905336549,4,4.5
"8765",19.9336923764187,22.2341602769144,4,4.5
"8766",18.5785246010026,26.6362037931241,4,4.5
"8767",21.5775383918302,23.4570263880597,4,4.5
"8768",20.8996566942598,25.2216399505285,4,4.5
"8769",20.8423523155413,26.8396331684706,4,4.5
"8770",20.6063362065161,24.2035517774409,4,4.5
"8771",22.4022635228115,19.980363457402,4,4.5
"8772",19.7152382111345,22.1256648653223,4,4.5
"8773",20.9449138380813,27.8060079178528,4,4.5
"8774",19.5624106077837,29.2197275735135,4,4.5
"8775",21.2034037012018,25.3465082136261,4,4.5
"8776",17.4331474343709,26.9572723914983,4,4.5
"8777",19.1834364298916,31.1125268558234,4,4.5
"8778",20.2517807015632,29.852750577386,4,4.5
"8779",21.2207701054303,24.50680371055,4,4.5
"8780",20.4323175127109,21.3033699073585,4,4.5
"8781",19.9191735178904,26.5517030867209,4,4.5
"8782",21.369482300246,27.9400315643965,4,4.5
"8783",22.8864230360541,28.7990278707242,4,4.5
"8784",19.4497795701661,27.0905202712507,4,4.5
"8785",18.8859077475685,28.0500357405009,4,4.5
"8786",21.1482573798676,21.5996603654201,4,4.5
"8787",18.6961396323195,20.9130511949377,4,4.5
"8788",20.5714882533121,26.804126656114,4,4.5
"8789",19.9521418611493,27.4131341166111,4,4.5
"8790",22.0961036498333,26.5862072678353,4,4.5
"8791",20.3900651190894,29.1758429167214,4,4.5
"8792",20.4573151097957,24.2258915686416,4,4.5
"8793",20.5164267687095,20.6261697036353,4,4.5
"8794",20.8881154137667,27.4536310581478,4,4.5
"8795",21.2932884691458,26.5563961210824,4,4.5
"8796",22.2685164149262,25.1169103811024,4,4.5
"8797",23.3243736161899,28.0866100404098,4,4.5
"8798",21.9436186562155,29.1681024335713,4,4.5
"8799",20.0194194486348,25.6871341597673,4,4.5
"8800",21.3549021713584,25.9423820727117,4,4.5
"8801",20.7771949604379,30.7257596865522,4,4.5
"8802",18.4219854067814,26.021863632875,4,4.5
"8803",20.2943423451885,24.3581410225562,4,4.5
"8804",21.7559796985738,22.8458206359175,4,4.5
"8805",19.2918955769336,24.3694147834061,4,4.5
"8806",19.9742096739929,28.1395970136327,4,4.5
"8807",21.5499991367305,23.8987171672801,4,4.5
"8808",19.461454125774,29.9463319399736,4,4.5
"8809",19.2736933544805,28.043937340864,4,4.5
"8810",22.5062735910628,24.6151162094364,4,4.5
"8811",18.4045901202488,26.5555355622918,4,4.5
"8812",20.6045554457073,26.6707982167994,4,4.5
"8813",21.4832477775268,26.3854262378038,4,4.5
"8814",24.0489156268337,21.7716137981263,4,4.5
"8815",20.7247823177642,28.6903747515271,4,4.5
"8816",21.6268817482084,23.3721137075802,4,4.5
"8817",18.6524918097918,24.4706006117648,4,4.5
"8818",21.0407932942579,28.1661190587455,4,4.5
"8819",21.4586088569766,23.6378924531388,4,4.5
"8820",20.167976875664,23.0169616174067,4,4.5
"8821",22.1430312513331,23.7866138690157,4,4.5
"8822",21.9268851930897,28.6282807020924,4,4.5
"8823",21.7412898222092,27.8358218275453,4,4.5
"8824",20.8782638618753,27.5161629698688,4,4.5
"8825",18.9676485199538,25.7645936223888,4,4.5
"8826",20.8212602740603,29.1480916754977,4,4.5
"8827",20.6353604660171,26.8591151617103,4,4.5
"8828",19.3604175330356,22.6163179554665,4,4.5
"8829",19.3186342341629,28.0957868821023,4,4.5
"8830",19.8736321055803,28.8867279455591,4,4.5
"8831",17.7586423541963,28.7895320470206,4,4.5
"8832",20.7453510791566,27.7916606540239,4,4.5
"8833",18.9885280051919,22.1506665270864,4,4.5
"8834",21.858021538967,23.3238826638083,4,4.5
"8835",19.9773690337184,27.7446221041208,4,4.5
"8836",19.6212316696643,24.006119366408,4,4.5
"8837",21.6477766719838,27.9608556349465,4,4.5
"8838",22.2861839966314,21.1069030714183,4,4.5
"8839",21.112302394409,29.8399778569089,4,4.5
"8840",22.9691694546997,29.1248886010064,4,4.5
"8841",20.5386753271372,23.2315554464287,4,4.5
"8842",19.8479064511675,24.8313295993584,4,4.5
"8843",21.30096290939,25.5689512142591,4,4.5
"8844",20.3964397941018,24.5264779285191,4,4.5
"8845",18.9001809571456,25.9977004227463,4,4.5
"8846",20.2364409950827,22.7255721509977,4,4.5
"8847",19.3231602150332,25.3253750045527,4,4.5
"8848",20.055935466479,26.4132824044774,4,4.5
"8849",20.4211224154842,28.6927958994405,4,4.5
"8850",19.3831087520739,28.390124212231,4,4.5
"8851",20.0431314060476,24.9624336819581,4,4.5
"8852",18.5107543994775,23.9252009611767,4,4.5
"8853",19.3691010244519,27.3977705348096,4,4.5
"8854",20.7612599088226,28.0513961444428,4,4.5
"8855",21.9988979464079,27.0402636902635,4,4.5
"8856",20.0220688373569,28.7746169225018,4,4.5
"8857",21.2349088973804,28.523829375037,4,4.5
"8858",19.4158468500487,26.2869111837524,4,4.5
"8859",21.5987217431977,25.9236027126826,4,4.5
"8860",19.2570078122478,23.9888826795512,4,4.5
"8861",18.3263751033313,26.2825384528203,4,4.5
"8862",21.578400292639,24.2961424645236,4,4.5
"8863",18.817077073083,21.3138029248164,4,4.5
"8864",22.3283066561057,25.4217563092919,4,4.5
"8865",20.1778102737195,32.3804722019728,4,4.5
"8866",20.5187734609604,24.9953545832044,4,4.5
"8867",19.9963115488217,26.3443707086681,4,4.5
"8868",19.4990133279217,21.816119683251,4,4.5
"8869",18.8132658627211,26.2722990561202,4,4.5
"8870",19.4615787125449,20.8511476123281,4,4.5
"8871",18.6990315184162,27.8671796577383,4,4.5
"8872",20.9474723394535,27.6015629446523,4,4.5
"8873",19.3944784168749,26.4787717581699,4,4.5
"8874",18.9712926425353,26.918883938725,4,4.5
"8875",19.9907123346807,24.9587430888969,4,4.5
"8876",21.0258077979566,24.9994178875427,4,4.5
"8877",20.3379519671582,27.5162039071162,4,4.5
"8878",20.7535208937613,29.9327242295098,4,4.5
"8879",22.8385056513699,25.5711849910993,4,4.5
"8880",20.5926188493246,27.001154716234,4,4.5
"8881",18.581934648296,22.3249042556767,4,4.5
"8882",20.288049604682,24.0553476721901,4,4.5
"8883",21.1228627210199,28.1852105332291,4,4.5
"8884",21.2606096907966,21.8590835728915,4,4.5
"8885",18.1963227385759,27.427978462994,4,4.5
"8886",19.8695367599083,28.9624858482634,4,4.5
"8887",21.002330586862,23.8461546638539,4,4.5
"8888",21.249358011834,25.0297445828582,4,4.5
"8889",20.4515446390351,17.714811770601,4,4.5
"8890",20.0368089769212,25.7829596200743,4,4.5
"8891",20.3563861679266,25.3922108898979,4,4.5
"8892",20.3911149325072,25.0849425158956,4,4.5
"8893",20.4009530663174,26.6328077886841,4,4.5
"8894",19.9642094322888,28.8118604851839,4,4.5
"8895",20.8050483922378,22.8063445635145,4,4.5
"8896",22.6578105076022,29.0213549177433,4,4.5
"8897",18.4814627684685,25.0087125813841,4,4.5
"8898",19.561405374906,26.6381981743333,4,4.5
"8899",19.562317720594,20.5248338482521,4,4.5
"8900",20.4608612235922,22.3450186523024,4,4.5
"8901",19.0568852064774,20.5877177313626,4,4.5
"8902",20.0658509517616,25.278811084188,4,4.5
"8903",19.4355620904514,23.912225502029,4,4.5
"8904",18.2928384392984,21.9373745157168,4,4.5
"8905",20.2589569170495,25.9255921985617,4,4.5
"8906",20.2723149368112,22.842520630611,4,4.5
"8907",23.0703470255395,26.7849643695325,4,4.5
"8908",19.2035890879152,27.7071351101868,4,4.5
"8909",18.8716006078728,29.5225377476411,4,4.5
"8910",18.236015172317,27.9873035272672,4,4.5
"8911",19.414460125011,21.7516470609953,4,4.5
"8912",21.6974613887779,24.3797601921732,4,4.5
"8913",21.5572217993876,24.794856817134,4,4.5
"8914",21.2597026677917,24.0653675648499,4,4.5
"8915",20.6932084527151,22.2804674200875,4,4.5
"8916",20.6711109064238,27.0431704413348,4,4.5
"8917",21.5770204363317,27.1977630620508,4,4.5
"8918",20.2971802888181,25.7926917852376,4,4.5
"8919",20.7633102607615,22.8847008825026,4,4.5
"8920",19.6034197660384,26.2362592985283,4,4.5
"8921",20.9589517916637,25.5930990639643,4,4.5
"8922",19.5450201175076,24.1408290801406,4,4.5
"8923",21.3518564015075,27.0783536506374,4,4.5
"8924",20.3719091645247,25.2379656854491,4,4.5
"8925",20.510781946595,26.478394654574,4,4.5
"8926",20.0334295895521,20.7962828976233,4,4.5
"8927",20.5907462969801,23.6100859450373,4,4.5
"8928",20.3592696861278,27.1427121006574,4,4.5
"8929",20.5604229315884,20.2433149656443,4,4.5
"8930",21.3264302122726,26.7294153168147,4,4.5
"8931",20.1321264009672,28.9236873053113,4,4.5
"8932",20.1948291661075,25.6115973392023,4,4.5
"8933",20.1163006227069,27.3273161086579,4,4.5
"8934",21.0535469952969,27.6814910449383,4,4.5
"8935",21.0897228669672,26.8694136870592,4,4.5
"8936",20.7077715686429,23.4892209980086,4,4.5
"8937",20.0759287920911,25.7493960328883,4,4.5
"8938",20.306581894117,32.021575440524,4,4.5
"8939",23.9531342890303,29.9601731731778,4,4.5
"8940",20.6013748868065,29.5740035950677,4,4.5
"8941",21.4827688721984,25.3885130297271,4,4.5
"8942",20.1162405524624,25.1730516392614,4,4.5
"8943",21.736424750619,25.419672812313,4,4.5
"8944",22.3579135695268,27.845147430751,4,4.5
"8945",19.7567293732029,26.0868560854809,4,4.5
"8946",19.8048501163971,26.1524993289728,4,4.5
"8947",22.5200346707359,23.8236620330614,4,4.5
"8948",20.3985579915363,23.958033844266,4,4.5
"8949",18.696219331618,28.5789297520108,4,4.5
"8950",19.5438349204015,30.0643227628166,4,4.5
"8951",20.097378766136,27.6427333498991,4,4.5
"8952",20.8465227823063,30.1945643393766,4,4.5
"8953",21.9974572292639,21.7832492476502,4,4.5
"8954",20.4801592644512,26.8649431244176,4,4.5
"8955",20.5709855693408,24.415133128892,4,4.5
"8956",19.8610675236172,22.8512016057826,4,4.5
"8957",22.3709851343673,26.0711067367924,4,4.5
"8958",19.7760716538511,23.1102213363529,4,4.5
"8959",20.0885160353788,26.471688814985,4,4.5
"8960",19.5581906127456,24.4334841065745,4,4.5
"8961",18.9145802209621,20.1013331044043,4,4.5
"8962",18.6287832808364,28.8050287084652,4,4.5
"8963",22.4810299347437,25.6360459857871,4,4.5
"8964",21.5016529243912,20.8009382449597,4,4.5
"8965",21.0899944237211,26.2693569876715,4,4.5
"8966",20.0053989391966,23.3189297492475,4,4.5
"8967",19.2123826941552,26.1855128379674,4,4.5
"8968",18.4066437681729,23.7931980260468,4,4.5
"8969",22.3978732840848,24.7990109696953,4,4.5
"8970",20.4458009834844,27.5964967868702,4,4.5
"8971",19.910848845227,26.3539755290822,4,4.5
"8972",20.4096115150497,30.0554206698729,4,4.5
"8973",20.4773941387154,23.4237433212883,4,4.5
"8974",19.1806664976671,23.2706840178199,4,4.5
"8975",21.2464191028025,19.8948941182477,4,4.5
"8976",20.4917983187585,25.5744222261014,4,4.5
"8977",20.8762809891316,23.6316229762321,4,4.5
"8978",22.5063104973662,23.1363650434553,4,4.5
"8979",19.6291928172502,23.5013193509629,4,4.5
"8980",19.6957805723777,25.9416091025032,4,4.5
"8981",21.5106790167605,28.149839017463,4,4.5
"8982",20.8876923668147,24.8184114811929,4,4.5
"8983",22.3906453923527,21.5320475259713,4,4.5
"8984",22.9566251971997,31.1120337075652,4,4.5
"8985",18.9233246499294,24.7095072377215,4,4.5
"8986",23.0862696944376,26.1097249260086,4,4.5
"8987",19.3301794976285,25.7759968516051,4,4.5
"8988",20.0587261591214,24.3422961524861,4,4.5
"8989",20.2993135354107,26.1974473482167,4,4.5
"8990",21.0263590828589,26.9587903532064,4,4.5
"8991",20.7457259677062,26.1215929261524,4,4.5
"8992",18.1652583282297,24.7492059088648,4,4.5
"8993",19.6370736455654,23.4341944044725,4,4.5
"8994",21.8177317177997,22.6099249358403,4,4.5
"8995",20.8161654030812,25.4057032896262,4,4.5
"8996",23.9536106006039,22.9812196761283,4,4.5
"8997",21.5573614263481,23.7522387945839,4,4.5
"8998",19.3976030145059,27.0727295216092,4,4.5
"8999",20.1576470849114,26.0517120468395,4,4.5
"9000",17.4259292278853,25.7231801317042,4,4.5
