"X1","X2","component","subcomponent"
"8001",5.05833538640155,5.37051609978506,1,1
"8002",4.96812051401811,4.84485171876536,1,1
"8003",3.20558121262996,5.30373782810108,1,1
"8004",4.59107360411921,2.72630439968703,1,1
"8005",5.97506225198387,3.67674159338233,1,1
"8006",3.86629441982099,2.87076890207023,1,1
"8007",3.76150800493622,1.92305637513805,1,1
"8008",5.99626786862764,5.34386140013413,1,1
"8009",4.95758612243609,2.85162124644192,1,1
"8010",1.98682506203648,4.44630750270122,1,1
"8011",4.10405612323307,3.92347649093692,1,1
"8012",11.4893205009084,2.9943774182583,1,1
"8013",4.61177016115064,7.76557310137193,1,1
"8014",6.42857261339064,3.8637187961074,1,1
"8015",7.93523777772973,4.19769143049874,1,1
"8016",-0.00958661448824749,5.30368198858752,1,1
"8017",5.75386585508888,1.84820329144524,1,1
"8018",4.02875987494165,3.73062196799665,1,1
"8019",2.8602741305072,6.67969343087513,1,1
"8020",3.48735509492787,5.1629542274849,1,1
"8021",3.01221639367264,7.12780528591967,1,1
"8022",2.91743268226826,3.49663894940018,1,1
"8023",3.2168829880362,3.52710138203091,1,1
"8024",2.03457641456072,3.72733921405476,1,1
"8025",3.89177582921273,5.54765410788135,1,1
"8026",7.28531628109973,2.48037360676806,1,1
"8027",7.25078730525412,5.74356823512882,1,1
"8028",5.21085054897016,1.58039744881843,1,1
"8029",6.85838505976723,1.80046098248199,1,1
"8030",5.74901085739987,3.53607799645408,1,1
"8031",3.7548748085194,5.62787143586524,1,1
"8032",6.36302454426099,3.46978413898215,1,1
"8033",2.06189391918448,2.12589487082105,1,1
"8034",2.14849714827968,3.1529156245277,1,1
"8035",4.29890385126016,2.74846336577533,1,1
"8036",4.84291528276927,3.89608367176175,1,1
"8037",3.65686480711085,4.93754073265691,1,1
"8038",4.90292195175842,6.27682698163243,1,1
"8039",2.81148042566904,6.22121176699266,1,1
"8040",9.39192636837891,2.66247240745704,1,1
"8041",0.490915428486961,3.50513227376595,1,1
"8042",5.96455863634954,6.18148354632076,1,1
"8043",10.5569700672114,3.70878604395514,1,1
"8044",9.98021362816399,1.98941913823474,1,1
"8045",7.46163567076415,2.50877880555286,1,1
"8046",6.07520848570787,5.52595151929904,1,1
"8047",7.21876951092208,6.93396958932775,1,1
"8048",5.38303551141774,3.82687284937305,1,1
"8049",6.11294776723714,2.19999192071736,1,1
"8050",6.55276491000261,4.25488222366026,1,1
"8051",5.36196271346296,3.35904977819344,1,1
"8052",6.15022461559759,3.66877517587641,1,1
"8053",6.16128294180921,2.82969904879955,1,1
"8054",7.95219893012181,7.54269438947179,1,1
"8055",2.4992897767107,3.22750468755576,1,1
"8056",8.56104934476694,3.72513102518333,1,1
"8057",3.59577538030567,4.38943103788901,1,1
"8058",7.00305825708209,3.28111232077993,1,1
"8059",10.1966609121558,3.71942840718669,1,1
"8060",4.15854277162342,3.0424122244583,1,1
"8061",6.74710471768826,3.33139924386094,1,1
"8062",5.31882405293157,0.420912405481614,1,1
"8063",8.12415392714258,5.23696324199353,1,1
"8064",6.34454731803398,5.36534293312483,1,1
"8065",2.44047413705608,3.25574811018163,1,1
"8066",5.7753734276836,6.3771634279022,1,1
"8067",5.0202295825064,2.82253113668837,1,1
"8068",6.25205983057032,2.58928969973412,1,1
"8069",7.6558826986036,1.78886918793932,1,1
"8070",6.19626490834438,1.02838865379669,1,1
"8071",6.52210122150205,5.51341627191078,1,1
"8072",6.77868165282567,4.45714230332014,1,1
"8073",8.32924488352891,5.82354120946376,1,1
"8074",6.18427234152879,3.80658998034513,1,1
"8075",7.80603604503404,3.36087126186396,1,1
"8076",6.22354106939887,4.0346058247016,1,1
"8077",7.03462326842226,2.84118680558392,1,1
"8078",5.45113493418884,1.28450949633588,1,1
"8079",3.37025773849489,4.04081970620977,1,1
"8080",2.64628569507869,2.01769179489173,1,1
"8081",7.1619854600126,-0.141956229560702,1,1
"8082",5.09100444121061,2.76448144168621,1,1
"8083",3.95337553489307,1.45882935972061,1,1
"8084",6.47932915056384,4.54808635647808,1,1
"8085",8.00081638012798,4.6354353146475,1,1
"8086",7.32934495840219,6.56705541556307,1,1
"8087",7.45707181904186,2.65848400017056,1,1
"8088",2.2826264325436,4.81670342700894,1,1
"8089",4.90142588231987,3.09458136319011,1,1
"8090",5.9322666477415,4.08121542557237,1,1
"8091",4.83267387344002,3.54881399159875,1,1
"8092",5.60491402252401,4.32833354930208,1,1
"8093",7.29379478198328,2.81158437712919,1,1
"8094",5.19947617483234,0.450535007859875,1,1
"8095",5.16876681827438,1.2995718940941,1,1
"8096",6.66410939095888,5.66802987514026,1,1
"8097",2.56779977825668,3.27446064225649,1,1
"8098",5.51401533373677,4.03550634837706,1,1
"8099",5.1806336904898,-0.126206566976039,1,1
"8100",2.13888773197052,5.89643375975634,1,1
"8101",2.89766988834507,5.31111995970087,1,1
"8102",6.58690326373494,5.58111254524752,1,1
"8103",4.81534849204483,2.75777870581123,1,1
"8104",4.0491247898398,2.6957804584928,1,1
"8105",5.62217374640195,4.8116261488085,1,1
"8106",4.13400368044496,3.46172883516704,1,1
"8107",5.84929584202552,0.810808979842819,1,1
"8108",8.78100788144281,5.9514576131304,1,1
"8109",6.07593081365323,6.51900709669797,1,1
"8110",4.41046092783158,1.64623850540857,1,1
"8111",1.87172295323565,5.982300007787,1,1
"8112",6.05459706657525,3.22368436851231,1,1
"8113",6.26969710859139,2.37649281885443,1,1
"8114",4.14828875323211,0.76595051999088,1,1
"8115",5.68674031628126,7.87610975290754,1,1
"8116",6.15201586862512,1.64547404308121,1,1
"8117",7.74228062594578,5.26023433064784,1,1
"8118",6.11265424012106,3.35869430541198,1,1
"8119",4.74910448394764,6.24028921016706,1,1
"8120",5.19702095470322,6.65824613121109,1,1
"8121",3.64407926483229,3.44461960325431,1,1
"8122",8.32263903813927,3.44114970687528,1,1
"8123",4.66358538694732,6.435636220931,1,1
"8124",2.52481271919464,1.21157149634715,1,1
"8125",7.29283050408734,0.49015531620686,1,1
"8126",2.32399860024179,1.78974815558705,1,1
"8127",5.18892264277269,6.71339214725267,1,1
"8128",2.93702663427082,4.35544236682493,1,1
"8129",9.55256079528436,3.51826620512497,1,1
"8130",5.67997693369178,4.84685356291537,1,1
"8131",4.65893800004013,4.56124523519333,1,1
"8132",4.21128930015893,0.22437883503408,1,1
"8133",6.42006729696209,2.09225073148136,1,1
"8134",8.16218447618329,2.54627423789104,1,1
"8135",3.74253701068757,7.15566486597987,1,1
"8136",7.25880582378441,1.17270756061456,1,1
"8137",4.62423692629496,2.47645450567122,1,1
"8138",2.14652547956205,2.65002793917131,1,1
"8139",6.09174342774039,5.81598059778534,1,1
"8140",3.3614605382774,3.10717631883488,1,1
"8141",6.29819189867823,2.01569086851325,1,1
"8142",8.54313617012307,2.67452454399912,1,1
"8143",4.00950394173828,2.22136300059749,1,1
"8144",3.76867688989114,4.54113889963267,1,1
"8145",5.27172790260023,0.854099511158445,1,1
"8146",1.5792795706992,2.06768231601074,1,1
"8147",3.83921536431915,7.6931643153981,1,1
"8148",4.54238046895168,3.60256259841535,1,1
"8149",4.07998613311126,4.95387146372577,1,1
"8150",3.85123456063441,4.45677917465268,1,1
"8151",3.93389016968444,4.85560897230456,1,1
"8152",4.92149237906979,4.72311319913548,1,1
"8153",4.84840925690445,4.48259585302721,1,1
"8154",7.99579366416477,5.11821569909623,1,1
"8155",4.05232390342219,4.68811776323979,1,1
"8156",4.05990870443426,3.97815191786896,1,1
"8157",4.86331421769503,4.82937261988902,1,1
"8158",4.79885405947201,2.75392375932529,1,1
"8159",5.88839719579355,3.41096027134641,1,1
"8160",6.26770959636452,5.93214882712482,1,1
"8161",6.73271247057847,5.27780723488558,1,1
"8162",9.16790625605402,6.31647474811193,1,1
"8163",4.37488203072154,2.30433322961428,1,1
"8164",3.76724615311862,4.41855381987453,1,1
"8165",5.08500209413906,5.92941355189388,1,1
"8166",2.90652671041861,5.67173277200227,1,1
"8167",4.3662549790405,2.52437109811712,1,1
"8168",3.25580539585928,6.17402923060171,1,1
"8169",7.25075907801654,5.22532873429631,1,1
"8170",8.3516218646237,7.0902884591104,1,1
"8171",7.07881114849096,4.36137712541094,1,1
"8172",1.89660363755323,3.84149283110871,1,1
"8173",5.85216202089381,3.67510606717698,1,1
"8174",2.25294604109641,4.50647824511134,1,1
"8175",4.76087488922463,6.03526184341703,1,1
"8176",7.66688256384176,4.74613690654172,1,1
"8177",9.49599062285012,2.3644680782732,1,1
"8178",4.61703190804965,4.91332788506071,1,1
"8179",7.18834163062746,4.19099010694242,1,1
"8180",4.27459349291793,0.392832183687944,1,1
"8181",6.44673518625872,4.14043793204941,1,1
"8182",4.52355042088604,5.73997162924123,1,1
"8183",6.36399938212759,5.69216829472678,1,1
"8184",7.15382115882873,3.44667509752071,1,1
"8185",3.07099732681452,4.40196603421054,1,1
"8186",4.02894506647756,5.10995808010228,1,1
"8187",4.21929866899298,3.89217661118531,1,1
"8188",3.01767623301544,2.21749150068739,1,1
"8189",3.91599695748009,2.14459077313635,1,1
"8190",7.7717309727662,5.35357126242705,1,1
"8191",6.35387780369232,4.29829826791775,1,1
"8192",9.46090132370485,2.93705873391952,1,1
"8193",7.47929906230365,5.36035484777046,1,1
"8194",7.28723679755371,2.95680529074722,1,1
"8195",6.61705628086331,1.96784871814545,1,1
"8196",3.13499411024518,3.02717203515489,1,1
"8197",6.17226145371679,5.93100963461146,1,1
"8198",7.58880084959131,3.04609482723604,1,1
"8199",4.27917807562684,3.41847685270423,1,1
"8200",6.23037633118004,2.65678798697511,1,1
"8201",9.63767021044388,5.50732096879339,1,1
"8202",5.00733231670236,2.83482709354752,1,1
"8203",8.15308105560122,7.22370621719893,1,1
"8204",3.61492470777139,3.57735173618478,1,1
"8205",8.24070265142525,2.82307744508918,1,1
"8206",7.7279737280357,2.67315330457293,1,1
"8207",3.50790461631683,2.78585075403399,1,1
"8208",7.536740354411,4.01746613878509,1,1
"8209",6.88930522827806,6.2315720784391,1,1
"8210",10.0135853717546,3.02087275462757,1,1
"8211",5.62360658409299,6.97395091262093,1,1
"8212",8.68217960434132,4.77507034047252,1,1
"8213",7.59407188603338,3.85479101334122,1,1
"8214",6.32324383821327,1.91550999092632,1,1
"8215",3.71202678171071,1.31001014025605,1,1
"8216",6.86301106969312,3.20386267308115,1,1
"8217",5.2753369795385,5.43394273277443,1,1
"8218",6.41668934286081,6.37246668798219,1,1
"8219",5.93508834127834,6.25162962171336,1,1
"8220",7.22260598931845,0.738758751051747,1,1
"8221",2.69326701132796,3.0795353623927,1,1
"8222",5.02514866656835,3.96908202568726,1,1
"8223",6.40153716751073,3.4494093202468,1,1
"8224",3.9922395642819,1.57965836494631,1,1
"8225",6.45036486668746,4.89039295547196,1,1
"8226",4.1416133086036,3.40806916516757,1,1
"8227",5.60629841051647,3.85240323031118,1,1
"8228",5.60022359281377,1.6879341494614,1,1
"8229",7.97134539975857,3.11421909846409,1,1
"8230",6.94184869792459,3.17454877491823,1,1
"8231",4.52484134701967,1.14588512234306,1,1
"8232",6.51239644926769,7.7787910801989,1,1
"8233",8.4875516920561,4.19164885189864,1,1
"8234",7.55086953217512,4.83899347188945,1,1
"8235",6.99616444110815,4.90619965689294,1,1
"8236",6.45407352350206,0.405252562041512,1,1
"8237",3.55680514740997,0.710420976604357,1,1
"8238",4.97560241554355,4.25740312692078,1,1
"8239",3.70242369302993,4.09338015073677,1,1
"8240",5.84698343807247,6.84004586220102,1,1
"8241",4.37620732700372,3.93852470094946,1,1
"8242",4.52878982411979,5.27858278446687,1,1
"8243",9.4898194627295,6.5740842137808,1,1
"8244",4.87720213106622,5.949573133302,1,1
"8245",5.93284437476984,1.88936265091926,1,1
"8246",9.57884812716691,4.46889697518388,1,1
"8247",6.55966554679584,1.49124463481128,1,1
"8248",5.27941274818471,2.82365289679258,1,1
"8249",10.1014065167555,3.02638512571293,1,1
"8250",8.92700470019031,6.12466647058123,1,1
"8251",9.88590156544328,2.19581965188265,1,1
"8252",4.96657311479707,4.32628950272023,1,1
"8253",7.70151090289715,8.34905790325519,1,1
"8254",4.38557785433884,2.27539897378078,1,1
"8255",5.83887276362255,1.23532277387613,1,1
"8256",-0.506964091588234,5.77169442619617,1,1
"8257",3.24190512776092,4.85700532067275,1,1
"8258",3.52879082687561,5.36452123099032,1,1
"8259",7.60330102256557,4.04172365202022,1,1
"8260",7.47896563082151,1.25764431459882,1,1
"8261",7.8052455635983,3.73188847720218,1,1
"8262",6.96527576010596,2.03547367277622,1,1
"8263",5.94279574797439,7.11948857279733,1,1
"8264",6.68312448499952,0.785542367813766,1,1
"8265",5.11463804039151,1.45114256104378,1,1
"8266",6.71368745771512,4.57385313045502,1,1
"8267",5.92030469902124,0.447250808094933,1,1
"8268",7.99772391839069,3.32730311390362,1,1
"8269",4.88580108054658,5.51330352090109,1,1
"8270",3.94391991952685,5.78047355477272,1,1
"8271",7.58601796379916,3.50020410254417,1,1
"8272",6.81207428216062,1.13850291826149,1,1
"8273",10.0495549511046,3.35758966896299,1,1
"8274",5.03599827430942,3.07031695027603,1,1
"8275",4.84991816091041,5.87202427650219,1,1
"8276",4.52636477777353,1.59028399011889,1,1
"8277",6.08691514757294,1.24691864149247,1,1
"8278",5.95994897948927,3.54500580894435,1,1
"8279",0.03084180498624,3.03665978895975,1,1
"8280",7.87587667284124,5.17573790357906,1,1
"8281",8.65803556004414,4.36219701911654,1,1
"8282",4.89764550546331,4.85967947973691,1,1
"8283",5.47061243264961,1.69236883956896,1,1
"8284",4.69494945070692,7.3660862084317,1,1
"8285",6.05089290515592,2.27751391309438,1,1
"8286",6.79682328571652,5.95837640689579,1,1
"8287",5.65564610072936,4.06127166668203,1,1
"8288",8.63810168604086,1.66717322622244,1,1
"8289",8.51045336554131,5.5428416194038,1,1
"8290",7.52599792552687,3.44937312495807,1,1
"8291",4.92793461794741,4.89922944967915,1,1
"8292",1.60478181660943,2.61043635049363,1,1
"8293",7.75830084317435,4.82946414659355,1,1
"8294",7.68230675325363,7.47044157289992,1,1
"8295",5.37180791805839,3.68661516887089,1,1
"8296",8.33447946046153,5.92341834722025,1,1
"8297",3.41708879108295,4.51269978370773,1,1
"8298",5.96251846443496,3.897112319244,1,1
"8299",3.79202596476141,6.97779504274587,1,1
"8300",5.08292077738642,3.62379492558754,1,1
"8301",5.41854316179445,5.88902430116461,1,1
"8302",2.3224885700254,3.76101370378745,1,1
"8303",6.04098826901278,5.95428073797236,1,1
"8304",8.31109669483538,3.25982923845606,1,1
"8305",4.99121869149507,4.07067277017812,1,1
"8306",3.81117711610557,1.98025272286008,1,1
"8307",5.59270952465314,5.00287381980088,1,1
"8308",6.06346856649148,3.38215353261411,1,1
"8309",5.69702934979777,4.15373754983287,1,1
"8310",7.30823656540303,2.53442198080264,1,1
"8311",1.80067123469677,2.70941696778815,1,1
"8312",0.987126794644652,4.20510856201037,1,1
"8313",6.54346649814188,2.29012787875764,1,1
"8314",5.29580960713936,4.47518132829069,1,1
"8315",5.44502733363588,3.89494234595981,1,1
"8316",3.11423974847903,4.26911773163611,1,1
"8317",2.54319157352956,3.59294641983403,1,1
"8318",5.35194277637249,3.57222118719641,1,1
"8319",8.70630589180408,3.04697063464301,1,1
"8320",4.58933888307531,4.88134033871909,1,1
"8321",3.26362800204226,3.91087435126343,1,1
"8322",9.00907115188042,0.96651848705588,1,1
"8323",4.81554647905216,4.68477151808348,1,1
"8324",9.33464137697393,4.35410209441399,1,1
"8325",0.206730973850506,7.7459925994218,1,1
"8326",6.8063706635194,4.14313898675199,1,1
"8327",7.02698517152471,2.95634358558509,1,1
"8328",6.04434672159899,5.85091617277201,1,1
"8329",7.43443900244779,2.14114476675403,1,1
"8330",5.37016491528231,6.98143781124391,1,1
"8331",6.49547396803897,4.26361062395105,1,1
"8332",1.35045924156469,2.312930237337,1,1
"8333",5.35089212103501,1.43366297780948,1,1
"8334",6.67370097929782,2.32379400241569,1,1
"8335",2.35178061271732,1.69043683664315,1,1
"8336",8.11573821347794,5.07418115888147,1,1
"8337",4.61228821398953,2.16011787478475,1,1
"8338",5.7819001209699,6.74755092562932,1,1
"8339",1.26619626402923,5.84335746461381,1,1
"8340",2.52320291524851,3.30025463650024,1,1
"8341",10.3215762709283,3.93360580600317,1,1
"8342",4.41871164917308,6.6712574622507,1,1
"8343",2.95454744281229,6.71488134799658,1,1
"8344",7.50976614721051,6.01156896495845,1,1
"8345",6.82004916605854,5.29703643079203,1,1
"8346",8.551703787631,2.44434285329127,1,1
"8347",5.60547665192715,2.92239338770191,1,1
"8348",5.2963524447504,5.00248020073549,1,1
"8349",2.17763200550199,3.54540859413402,1,1
"8350",3.8677527580036,5.75860262815277,1,1
"8351",8.23040494887961,4.36418894500813,1,1
"8352",3.20428199673851,6.52818977495394,1,1
"8353",7.6602444441969,6.31106844476462,1,1
"8354",2.05127458869827,8.03065428281447,1,1
"8355",4.55114661153643,4.65188942830691,1,1
"8356",6.92232720813672,6.32219833735824,1,1
"8357",2.59542443939965,6.18098399531335,1,1
"8358",5.64784582955918,6.95620861348458,1,1
"8359",9.54223970150402,5.89828628127715,1,1
"8360",5.14484763731849,3.941024345916,1,1
"8361",6.67567079254986,3.97979674989256,1,1
"8362",8.9224466160726,2.16355928221148,1,1
"8363",10.1726287004456,4.78244484993285,1,1
"8364",6.14503682586473,1.72337044735899,1,1
"8365",6.34853938307966,4.05194712320747,1,1
"8366",6.8069748127083,4.38249435547294,1,1
"8367",4.19948992199198,1.00487794600083,1,1
"8368",7.30725608840894,3.73735165301191,1,1
"8369",5.33487435443731,0.87313614050901,1,1
"8370",9.68851674776037,5.4855521316909,1,1
"8371",6.85085161077575,3.49685103977338,1,1
"8372",5.16856363440107,4.96462795443907,1,1
"8373",2.17923444448212,3.80072200643111,1,1
"8374",3.58889668560161,3.08363975713816,1,1
"8375",3.31718691259734,4.24751159771372,1,1
"8376",4.97665304329853,2.39864039578212,1,1
"8377",7.23157677076892,3.61414805841318,1,1
"8378",11.1631223540383,4.91041548002644,1,1
"8379",4.52233271750905,6.18042695746564,1,1
"8380",8.72584209224594,5.31563452235239,1,1
"8381",2.30182979511368,7.71527575464977,1,1
"8382",5.72625647615484,5.03518456944326,1,1
"8383",10.4221277265413,4.1601801189969,1,1
"8384",7.20639025692736,2.82704575607197,1,1
"8385",4.24262881894223,1.20945199616706,1,1
"8386",4.17721634976706,7.63218150778021,1,1
"8387",7.15543869974254,5.99933132445151,1,1
"8388",2.77537766623826,4.18639347112093,1,1
"8389",4.16776175463292,4.00261575853799,1,1
"8390",12.6688572604582,4.77768654823101,1,1
"8391",7.80149050161551,8.0118781872735,1,1
"8392",6.03871281368258,3.88318997967916,1,1
"8393",6.08971154949627,4.77301739232484,1,1
"8394",6.51239859985407,4.34127014960162,1,1
"8395",9.70116352729303,6.05923567425836,1,1
"8396",5.34016181576526,4.15893508393594,1,1
"8397",7.01493374244465,6.57613503788836,1,1
"8398",6.57828112304743,1.95390413580253,1,1
"8399",4.59209241139579,5.26435383332892,1,1
"8400",4.26270702168933,5.22677950160134,1,1
"8401",4.84450194473898,4.26395929966756,1,1
"8402",10.2793835268849,1.67869514259947,1,1
"8403",6.92823748866466,4.37893664151066,1,1
"8404",4.92886416971938,3.20924503982821,1,1
"8405",5.02681164457852,1.3865750147911,1,1
"8406",2.27133123342401,5.65780162976489,1,1
"8407",5.62229961646128,2.373396606776,1,1
"8408",6.69868098690203,1.80123310715203,1,1
"8409",8.68978965257441,1.4455941856022,1,1
"8410",9.68637977609311,0.926581228775283,1,1
"8411",8.04361909135292,5.65815315360789,1,1
"8412",8.60432813296276,3.37402520059896,1,1
"8413",3.60277705462621,3.78020896224904,1,1
"8414",7.49985201336256,6.45948155937523,1,1
"8415",5.7246227574335,4.91347027512893,1,1
"8416",3.95898956393268,5.21524986258243,1,1
"8417",6.54859194339831,3.18824977425501,1,1
"8418",4.17153590301596,4.75303231089685,1,1
"8419",8.97505602799572,5.36912337439535,1,1
"8420",4.15045568170898,6.41845696032823,1,1
"8421",6.89823017608231,5.82311066990781,1,1
"8422",4.47243215051457,5.09751399494055,1,1
"8423",10.7128224385869,4.58877163093056,1,1
"8424",3.19483427208305,1.98789679200038,1,1
"8425",5.82887482174986,3.91356860235721,1,1
"8426",8.29305583579415,3.42900398768459,1,1
"8427",5.05010615202754,2.68039333737998,1,1
"8428",6.30613115640855,5.50529663361706,1,1
"8429",6.77646546976604,2.03479113806742,1,1
"8430",8.44806577268968,4.03224774587857,1,1
"8431",8.60636780337196,5.61317022366193,1,1
"8432",6.90420888542031,3.63343524773227,1,1
"8433",6.16290702278847,5.00240076149308,1,1
"8434",6.36610940502654,4.58913917202888,1,1
"8435",8.42975629791485,5.16057156077127,1,1
"8436",8.82955915497815,2.30098468675901,1,1
"8437",7.05566132568231,4.589553589857,1,1
"8438",8.4007332967278,6.2543250027136,1,1
"8439",6.91831487201869,6.42306713028943,1,1
"8440",4.30742508418437,1.57021765362874,1,1
"8441",5.11729127824384,3.06874055570282,1,1
"8442",5.39593907815124,4.48920973987599,1,1
"8443",2.93004410456739,3.25236947313093,1,1
"8444",4.36381275437647,3.48955655976529,1,1
"8445",8.96976097248428,4.47242683497003,1,1
"8446",6.48727991911633,4.50446826034311,1,1
"8447",7.78312462992226,4.92364759719566,1,1
"8448",7.23618943843669,3.97160112138883,1,1
"8449",6.31714817750367,5.47041831163858,1,1
"8450",6.91990104225521,3.93548093913223,1,1
"8451",8.58408936551683,0.967457149776374,1,1
"8452",1.79938520837565,4.1080546179311,1,1
"8453",7.7323569590918,1.41389399475623,1,1
"8454",5.2727017397727,4.14652371729801,1,1
"8455",6.23033988116645,2.66289931229935,1,1
"8456",1.86830063012478,5.6363660172696,1,1
"8457",3.27705548287737,2.819608228511,1,1
"8458",3.5787733043445,6.17546528949535,1,1
"8459",5.25571895645488,5.15486338030882,1,1
"8460",1.09469709831956,4.81719766441451,1,1
"8461",8.20443421592463,7.32436701308329,1,1
"8462",7.03317508418839,3.36337281095238,1,1
"8463",4.85782174763906,5.12548612295726,1,1
"8464",9.32302585745687,2.91938774657974,1,1
"8465",3.32780087475742,3.88719028755611,1,1
"8466",4.25299544557706,4.8506439427903,1,1
"8467",7.8390014381493,3.09016156250993,1,1
"8468",6.71007918035361,4.54307566864707,1,1
"8469",10.4887610826552,0.522234210957289,1,1
"8470",7.10909974514003,1.53159524709448,1,1
"8471",3.33541989911818,2.54599529095784,1,1
"8472",4.32365127164558,0.337219731030387,1,1
"8473",5.76664327553355,4.84441104643906,1,1
"8474",5.05789049156316,5.04838080876527,1,1
"8475",5.20935231499671,5.00519989769772,1,1
"8476",2.85390854431969,5.32987006866144,1,1
"8477",7.36160225102451,2.37165270547538,1,1
"8478",7.07839364992626,5.56317178723529,1,1
"8479",5.25857188252117,5.30688433973546,1,1
"8480",5.01324468514239,7.82783161590025,1,1
"8481",8.14788319296405,4.34486858799413,1,1
"8482",5.43880835333101,2.5046002298889,1,1
"8483",4.91419710333887,4.5100778056119,1,1
"8484",6.83666541961523,3.79206361508048,1,1
"8485",8.50253721987763,6.00319937070417,1,1
"8486",8.13634104206643,4.98938519297654,1,1
"8487",8.77258685621886,3.32287758142356,1,1
"8488",7.4140747531333,3.04248499342386,1,1
"8489",3.09733700490468,3.37200376119209,1,1
"8490",6.57486820347355,4.0751437560157,1,1
"8491",8.96789996499752,4.73162746893883,1,1
"8492",4.34439091159924,3.02805416880715,1,1
"8493",3.73718867442814,4.94361662655217,1,1
"8494",9.23687147316736,1.69983469063417,1,1
"8495",8.49946393492874,3.32555962188125,1,1
"8496",4.58887095419685,3.05712042071209,1,1
"8497",3.29360102896814,1.16840398245507,1,1
"8498",3.49526594801115,4.9448224516592,1,1
"8499",9.76644967170425,3.254116187375,1,1
"8500",3.93460748249932,1.89394814858638,1,1
"8501",3.5483878434523,5.25345114301058,1,1
"8502",4.86445628769423,3.79139226445209,1,1
"8503",6.73272994258828,4.2220114426806,1,1
"8504",6.3551357872588,4.15634700710618,1,1
"8505",6.3433339299304,2.14080693536116,1,1
"8506",4.43500099493054,4.86773139433905,1,1
"8507",2.94262384530615,7.83734053044555,1,1
"8508",7.09851540668426,4.42587994690223,1,1
"8509",5.64038664744087,0.805527756342915,1,1
"8510",8.51631331016748,1.53115606100162,1,1
"8511",6.23179637968119,4.18490223613367,1,1
"8512",8.2427268248873,3.53726402829225,1,1
"8513",4.3699673116785,5.93317452745022,1,1
"8514",3.49910163706322,6.45763754683051,1,1
"8515",7.72625649469017,5.24596198162069,1,1
"8516",6.56467136220127,5.82080145937115,1,1
"8517",4.50991542749377,4.01754779148504,1,1
"8518",7.70491194189382,0.198179806235838,1,1
"8519",4.33438519805858,4.70626634318057,1,1
"8520",4.47996531255538,3.20663053634278,1,1
"8521",7.08199360622611,3.62720029326798,1,1
"8522",3.49454905814462,5.36516793141014,1,1
"8523",6.21991776421533,7.07096968429717,1,1
"8524",4.13659565382108,8.3579317997429,1,1
"8525",7.73879868190209,1.47194581500387,1,1
"8526",6.30536427298509,2.12443415720365,1,1
"8527",6.94141933546831,0.626534717237459,1,1
"8528",3.07997362489936,5.42966002405085,1,1
"8529",6.00922784386481,3.98163127946502,1,1
"8530",12.2801817597626,1.99449432671487,1,1
"8531",5.70555101232986,4.77330583425491,1,1
"8532",7.64498050027142,3.12083909721454,1,1
"8533",5.99728297524104,4.49923213821128,1,1
"8534",6.20450417668351,3.30367108696704,1,1
"8535",12.4490956812488,6.3450217728129,1,1
"8536",8.85696725432696,4.71629668727499,1,1
"8537",5.65961405365213,4.86353068808769,1,1
"8538",4.87388408947086,5.09445010928693,1,1
"8539",6.52460317711471,2.6805377163514,1,1
"8540",8.56825978023238,4.87744404575875,1,1
"8541",3.58066195259409,6.57845089717916,1,1
"8542",4.62564790713301,5.50204631004766,1,1
"8543",2.53857509310401,-2.24094200496097,1,1
"8544",8.31058939727518,2.37874841340904,1,1
"8545",8.76754131057207,4.42228923987316,1,1
"8546",5.8876389408248,1.99427380981003,1,1
"8547",4.78584684155618,3.52546095677434,1,1
"8548",6.60005227142858,6.46045810748324,1,1
"8549",7.02706736626897,2.8655510521104,1,1
"8550",7.34053703321788,2.32722104137056,1,1
"8551",4.21223718100963,5.18468618944428,1,1
"8552",2.84521639075993,2.31313159573128,1,1
"8553",8.90399437291221,3.9467440568898,1,1
"8554",7.00804163361944,2.54773602522587,1,1
"8555",4.94139507990993,1.30894655606303,1,1
"8556",4.44012570655265,4.30402855515031,1,1
"8557",5.71775864320587,4.73197231797877,1,1
"8558",7.83961770421086,2.52160386947663,1,1
"8559",5.61581896812094,4.41501757370647,1,1
"8560",6.53002472163827,6.3278377001826,1,1
"8561",3.8143220565559,3.74146841529589,1,1
"8562",5.8200645089129,3.06619771646765,1,1
"8563",6.61552516024497,3.67952596987771,1,1
"8564",1.54175952440692,4.48883543787131,1,1
"8565",5.96579328172794,6.93651554403433,1,1
"8566",4.50630150404542,4.40790090750296,1,1
"8567",6.13546806693978,5.18504346403543,1,1
"8568",10.7671848813843,1.0441897380923,1,1
"8569",9.26527644121724,3.53886114568361,1,1
"8570",2.72916453723611,5.56409131596081,1,1
"8571",7.16283067747595,4.37448554778548,1,1
"8572",7.63242910990533,3.12881291966306,1,1
"8573",5.40618344241744,7.14341838685237,1,1
"8574",9.06085764239417,0.992990139055548,1,1
"8575",8.09066165175573,6.41408850384492,1,1
"8576",4.78916436412205,4.93040781928386,1,1
"8577",7.44295887642359,3.54802577199332,1,1
"8578",9.0387887620055,5.30791792583156,1,1
"8579",5.86247300841144,2.99320663989023,1,1
"8580",6.1700719896356,2.49397172023898,1,1
"8581",6.23896056130298,6.35435502106002,1,1
"8582",4.44483428899664,4.69316179421851,1,1
"8583",3.85545835280159,3.96499510628227,1,1
"8584",6.66637006221353,4.20650404145437,1,1
"8585",8.41997652942038,5.96571568899662,1,1
"8586",3.95018961358252,5.43567789647236,1,1
"8587",2.46591032572307,4.408111747685,1,1
"8588",5.73720989223728,4.37180857915321,1,1
"8589",8.71662750165118,3.01224125585724,1,1
"8590",7.93931246701567,5.03012534299061,1,1
"8591",7.48062981009321,6.4083083950154,1,1
"8592",5.87722885687847,4.32316385753908,1,1
"8593",4.24623639573512,3.94324973897415,1,1
"8594",6.29139480703665,2.77057771983558,1,1
"8595",5.64911121129578,3.33664953975245,1,1
"8596",3.96298081668512,4.3322706650771,1,1
"8597",7.12558217834371,2.63502710836954,1,1
"8598",4.79819549613494,4.27545546528988,1,1
"8599",6.25318774511129,4.47813726978689,1,1
"8600",8.51312722414356,5.68482895508885,1,1
"8601",6.4215992649269,3.29345002945943,1,1
"8602",2.43706490159872,4.29098239453301,1,1
"8603",2.90255949392478,6.50738522018846,1,1
"8604",7.03004779132049,3.57372210735689,1,1
"8605",7.41381075299773,3.3372748198725,1,1
"8606",8.23268141812876,3.97654899767817,1,1
"8607",6.88731321922862,3.51406346863737,1,1
"8608",6.97219472642803,2.76246855465154,1,1
"8609",1.56462968104322,3.68113679032061,1,1
"8610",6.22234843474546,5.8116748219031,1,1
"8611",8.0140987469655,4.392051545383,1,1
"8612",2.86913994599088,1.18631605118429,1,1
"8613",5.95025765383295,1.25308194459232,1,1
"8614",9.81532030708293,4.90761428872566,1,1
"8615",4.29409579398979,1.53624064382902,1,1
"8616",5.40374106207036,2.39625054893354,1,1
"8617",8.64556032223364,3.19525349100127,1,1
"8618",5.51701805768435,4.50780102914119,1,1
"8619",5.98983611689788,0.118503327891877,1,1
"8620",7.26322297188934,2.98401824501769,1,1
"8621",8.74427012596963,2.43059567038777,1,1
"8622",3.56251643374612,4.26063836574157,1,1
"8623",3.57236725755599,5.49936689595756,1,1
"8624",6.20050993510994,3.44045245304795,1,1
"8625",8.42883704396587,3.47325282641227,1,1
"8626",9.84001918130245,5.24619343776301,1,1
"8627",4.33235387875495,6.5413147978273,1,1
"8628",3.75200261796723,4.60543535779067,1,1
"8629",6.12113362766232,2.29750235525716,1,1
"8630",6.03627230207365,2.13171681299329,1,1
"8631",2.70362685778659,2.71669871302496,1,1
"8632",0.899456122377751,5.00494565132589,1,1
"8633",6.13594855691922,3.04446868330741,1,1
"8634",5.06183839592411,4.21846824468332,1,1
"8635",7.83942324853507,1.8421624872175,1,1
"8636",5.19410756288443,4.97555088196873,1,1
"8637",9.93352600872772,5.9255804818816,1,1
"8638",9.57563177283282,4.07802933652996,1,1
"8639",9.27258149541959,4.84695946006337,1,1
"8640",7.84545148566101,6.3096711401207,1,1
"8641",4.14967276616434,4.41280090090093,1,1
"8642",8.12688930553453,5.07785454552833,1,1
"8643",7.14442185487398,2.31679207771925,1,1
"8644",1.35409779885062,2.9462046608034,1,1
"8645",5.63753058243386,4.74088774786885,1,1
"8646",8.57395495129938,1.63428648166491,1,1
"8647",4.25857200907967,1.10857380002296,1,1
"8648",5.14616736645157,7.28299353764382,1,1
"8649",5.32347095664255,4.79879553605695,1,1
"8650",6.08822649486311,4.9128550731246,1,1
"8651",3.84729111287791,6.63015583130401,1,1
"8652",6.81887062991434,1.95615540159991,1,1
"8653",4.58980323959624,6.74582384494704,1,1
"8654",-0.25728969538196,4.97284437805377,1,1
"8655",7.6794911163658,2.09179095455171,1,1
"8656",6.08518356228812,8.23101125808838,1,1
"8657",9.18938577047081,6.75847758780677,1,1
"8658",5.24408823470416,1.68859628649746,1,1
"8659",3.74480244085564,4.66767048846036,1,1
"8660",5.44818126046207,5.36911508412913,1,1
"8661",5.66669728227585,4.21156519757509,1,1
"8662",4.63702167694314,4.96794569936224,1,1
"8663",10.4834314587819,3.83071255358748,1,1
"8664",7.33318672063864,7.05342991029935,1,1
"8665",4.19888205423815,5.85003246653862,1,1
"8666",5.22864410818109,1.7491346242981,1,1
"8667",5.24054955622392,6.40226126733804,1,1
"8668",4.32990090652969,2.88713057635402,1,1
"8669",6.35423042744311,6.80624574656205,1,1
"8670",2.24553060983142,3.19603230811658,1,1
"8671",7.48053210336982,2.88767349753101,1,1
"8672",10.4825521558153,3.94624578593188,1,1
"8673",4.8525373027583,-0.410789029759325,1,1
"8674",6.84673886229432,5.835907166206,1,1
"8675",6.84026029287006,3.5642511506548,1,1
"8676",7.53633657615421,4.02084276020643,1,1
"8677",3.48440086809332,1.44484214225045,1,1
"8678",1.90175946330254,6.69549191768782,1,1
"8679",5.13898282846234,4.20289988147594,1,1
"8680",7.33413081346438,-0.241158461281977,1,1
"8681",5.73106990089274,-0.261348263841607,1,1
"8682",5.74002934857337,0.21461140260298,1,1
"8683",6.6737026576607,2.44835230604965,1,1
"8684",1.35537579080507,3.01760955605065,1,1
"8685",3.40035700920159,-0.844311660604802,1,1
"8686",7.1014570902635,4.34963758347849,1,1
"8687",8.43063467793381,4.77661572231511,1,1
"8688",5.26032540067555,2.21321500930859,1,1
"8689",3.31747095271787,1.73185573343653,1,1
"8690",6.34569835346801,2.24595157979236,1,1
"8691",2.52813706389878,3.11308183089753,1,1
"8692",8.4795356802471,5.29660159340594,1,1
"8693",7.03046617355944,2.98000601956699,1,1
"8694",8.85096597937852,5.8936094554883,1,1
"8695",6.40695331940968,5.42045265496842,1,1
"8696",2.57290880882221,4.20199100818092,1,1
"8697",9.07898343855293,4.02558546705181,1,1
"8698",1.69224453942659,4.20216673150947,1,1
"8699",5.33494283594742,3.06609103845432,1,1
"8700",3.62997271278689,3.11096412280635,1,1
"8701",4.84201227881735,4.98997161979507,1,1
"8702",5.90420308198051,4.67129382900059,1,1
"8703",5.94381359518843,3.10138418065874,1,1
"8704",8.79891257943326,3.61124943604895,1,1
"8705",4.25143788222485,5.73106012276855,1,1
"8706",3.33868463206072,4.67640045229112,1,1
"8707",5.40568107245673,3.01567456754703,1,1
"8708",3.65709095160894,4.2361621358513,1,1
"8709",6.02888827073536,0.64084803295798,1,1
"8710",9.21720629683064,3.38750429768809,1,1
"8711",4.74230336485061,4.33789726356191,1,1
"8712",6.7513858301954,1.28510682179291,1,1
"8713",6.74826351277614,4.09516857299292,1,1
"8714",0.211951700076606,1.90276998134799,1,1
"8715",7.48561106129605,2.81358002281897,1,1
"8716",5.32629471109223,5.31845767764563,1,1
"8717",6.91623881822793,5.15927578397538,1,1
"8718",1.78081803724481,4.57106251198954,1,1
"8719",4.59927697462391,3.31171537094832,1,1
"8720",5.95393330629137,4.4041932081895,1,1
"8721",2.2588570737129,4.52294561244347,1,1
"8722",2.05940175171588,5.63722399366619,1,1
"8723",6.48726148685927,4.37822343707581,1,1
"8724",6.03742210072519,4.70810356178778,1,1
"8725",4.99884960486747,3.32884660062279,1,1
"8726",5.11475216993383,6.29850994934016,1,1
"8727",9.50860874882625,2.34383284560177,1,1
"8728",8.35604193613475,5.96411764417862,1,1
"8729",6.10484834777726,5.26060853811182,1,1
"8730",5.48880028352751,1.95251667978967,1,1
"8731",3.58129131849148,4.05461936965968,1,1
"8732",3.81104024757685,4.18774949717009,1,1
"8733",6.4822378509509,6.9384213804471,1,1
"8734",8.67724335575418,6.13574121664132,1,1
"8735",6.33484766467158,3.62304924344508,1,1
"8736",6.46242444817692,-0.300895221549836,1,1
"8737",9.332384419937,3.96855458772883,1,1
"8738",3.97528446935873,4.1005282417858,1,1
"8739",5.10534999630478,3.8281306772935,1,1
"8740",4.0910934842678,5.87670056500149,1,1
"8741",5.95326916549026,4.83820761785615,1,1
"8742",5.94095414976941,3.39135196554652,1,1
"8743",2.53318248589257,4.16513125463219,1,1
"8744",6.16946474104844,2.19645139568894,1,1
"8745",9.43382449423311,4.87185667818013,1,1
"8746",1.57900600943362,2.198400225031,1,1
"8747",9.76874953116774,5.21436230731192,1,1
"8748",5.95336519816877,3.97896364528757,1,1
"8749",4.80753609754274,4.75225337164208,1,1
"8750",3.66711051239212,5.14571512110021,1,1
"8751",4.89332810546165,4.12333998599253,1,1
"8752",1.07318581188814,4.39084366899891,1,1
"8753",4.27261218391215,6.4741962106701,1,1
"8754",7.62930440283622,3.72774059778225,1,1
"8755",6.84957719744919,1.38199222182266,1,1
"8756",4.7267420276715,6.89063525332968,1,1
"8757",4.29324398472985,3.85307054306275,1,1
"8758",6.49347838122165,4.48383543508448,1,1
"8759",5.28167676469375,2.46429078414529,1,1
"8760",3.59845347110992,4.24539414554402,1,1
"8761",2.63297838652487,2.53790330235476,1,1
"8762",1.54439975724167,2.09269391669689,1,1
"8763",7.48620675885246,4.41725210691279,1,1
"8764",6.67073101415629,4.392805233412,1,1
"8765",7.40078412103749,1.89466656182042,1,1
"8766",9.06128055358444,5.5356849485174,1,1
"8767",5.45954341948256,3.56737330864185,1,1
"8768",6.15992754654512,3.46604729531958,1,1
"8769",7.92759520325222,5.75722737227237,1,1
"8770",6.87772012942572,1.78727985737156,1,1
"8771",5.59091480181469,4.40217459783446,1,1
"8772",0.494207997351569,5.66243333488223,1,1
"8773",9.14256658371107,6.8923677076304,1,1
"8774",7.2204919788804,1.7137592955973,1,1
"8775",4.02404198872913,0.843844540306386,1,1
"8776",8.91832405167713,2.1201237710107,1,1
"8777",6.51059842298491,4.52796311042848,1,1
"8778",6.41211270167311,2.11918598503179,1,1
"8779",4.36349987438356,3.18625677042611,1,1
"8780",4.53535405126176,-0.728634017876495,1,1
"8781",9.10727613877739,6.1281168862224,1,1
"8782",5.56651637866645,4.64392764114064,1,1
"8783",1.99232427830516,0.659277611729208,1,1
"8784",6.68568293777497,3.69608346053543,1,1
"8785",10.3605303496684,6.17548514521674,1,1
"8786",9.2044047893061,4.62988403159698,1,1
"8787",8.18802003094456,5.17519936716992,1,1
"8788",6.09730680975974,4.44206883330562,1,1
"8789",6.21587786279841,3.60131422136559,1,1
"8790",4.41199488780667,3.32892810587365,1,1
"8791",4.45783484263252,3.77258736202486,1,1
"8792",3.46464347459089,3.14285008586113,1,1
"8793",4.92376322166647,2.39529449242604,1,1
"8794",5.50520898358691,4.21618276759411,1,1
"8795",3.10452543950395,2.70819095281202,1,1
"8796",9.03121931205806,3.64709098703787,1,1
"8797",5.14427868825078,0.211604324440482,1,1
"8798",4.33778868846112,5.2046946616785,1,1
"8799",6.51952194121795,1.27714154414686,1,1
"8800",8.66105707644015,6.69274154422231,1,1
"8801",5.94440052982882,3.71288342485974,1,1
"8802",2.75594516814066,5.71781558679485,1,1
"8803",6.70922287605487,2.90090327756373,1,1
"8804",8.83411972582245,2.11484394003079,1,1
"8805",9.70619796096634,3.33774611856597,1,1
"8806",8.78636089490129,7.114332019993,1,1
"8807",3.46833904404027,1.39034897878992,1,1
"8808",5.93569568248402,3.91770497149432,1,1
"8809",7.03118398055562,3.29721096122343,1,1
"8810",5.96489914462934,3.67163504514487,1,1
"8811",6.89084506348238,4.15938263382575,1,1
"8812",4.09821912719207,5.18568408982985,1,1
"8813",6.817367284668,2.80265028001624,1,1
"8814",4.46202832390497,2.34977877347259,1,1
"8815",7.57949048572941,0.74340391115865,1,1
"8816",6.04738386415078,0.426687243659576,1,1
"8817",3.45767935677587,4.49316007663821,1,1
"8818",5.44235872930563,2.15920222433104,1,1
"8819",6.15669671077904,4.78928417777417,1,1
"8820",0.257868735378929,2.99248518368438,1,1
"8821",4.45913231078043,4.48581834008724,1,1
"8822",5.79992349241196,5.10412583997469,1,1
"8823",9.82111630969839,1.96647109331327,1,1
"8824",9.08208492094606,1.63263947835141,1,1
"8825",5.00563413890642,3.33957280913584,1,1
"8826",5.01746493384865,4.00868407407047,1,1
"8827",7.19300127005434,0.779247581047295,1,1
"8828",5.78255361274764,3.99393452878205,1,1
"8829",8.72657554722566,3.7417296360628,1,1
"8830",7.31405619995672,5.32342197143513,1,1
"8831",7.33368851541741,3.61175084805726,1,1
"8832",6.75959096620298,2.59571195007987,1,1
"8833",2.35694774362818,5.3977450279724,1,1
"8834",7.0884317575654,3.94022841637239,1,1
"8835",1.86310151412045,1.53350961070541,1,1
"8836",6.22841411245886,3.73971403868801,1,1
"8837",3.05041622747085,2.87593820274761,1,1
"8838",6.32581199276513,4.42671726023259,1,1
"8839",7.45954827281877,5.3554299686382,1,1
"8840",10.9994962503253,5.0775015370974,1,1
"8841",6.00523879956884,2.00653030835151,1,1
"8842",9.74457352740237,2.54875569243334,1,1
"8843",4.58123254066138,5.08055382762202,1,1
"8844",4.20900803485068,3.50308715374014,1,1
"8845",4.01193294176368,2.71651267048174,1,1
"8846",2.90609658288126,-0.22121019631791,1,1
"8847",8.06856423402704,4.0286298279628,1,1
"8848",8.31641202553358,4.29674142348612,1,1
"8849",5.0664657857256,0.741930945537655,1,1
"8850",7.36416224289409,3.03861164801389,1,1
"8851",5.83595668144558,2.76308516434501,1,1
"8852",7.73397313247214,2.98448230424909,1,1
"8853",4.81712298025122,3.4812684611801,1,1
"8854",2.80144395724782,3.1103746666876,1,1
"8855",8.74980100748184,1.54897251769913,1,1
"8856",5.77700359404733,1.55522276888213,1,1
"8857",2.30715979224608,3.94719741512731,1,1
"8858",6.97262943151422,2.47015875918441,1,1
"8859",3.97053693226389,3.03747456136212,1,1
"8860",8.01308496022141,6.70330713679833,1,1
"8861",7.86395031297377,7.37112564066034,1,1
"8862",5.72353929059459,3.6067184681917,1,1
"8863",5.49804888433414,4.97821582896099,1,1
"8864",2.83221864325365,5.18806679952952,1,1
"8865",5.62464335282674,4.40045977321168,1,1
"8866",1.02828530629522,5.82478923483225,1,1
"8867",8.92064032785763,4.60509870320931,1,1
"8868",4.23974313069598,5.70760139641659,1,1
"8869",8.80770116866956,4.08568630375343,1,1
"8870",6.03267518536909,5.56418965429969,1,1
"8871",7.1709004421731,1.5676567620933,1,1
"8872",8.70718956609237,7.0698840607583,1,1
"8873",7.25019868037526,5.99215763409856,1,1
"8874",5.30410038584122,3.97112314556522,1,1
"8875",2.69046193063766,4.57719038491953,1,1
"8876",7.10712535961423,3.84478043685925,1,1
"8877",3.19409204657769,2.70073466107159,1,1
"8878",4.96729427191059,5.92168238791413,1,1
"8879",6.0828950155396,4.04712343283007,1,1
"8880",4.19818560836021,3.23921555956698,1,1
"8881",5.36290501974953,1.67183726623008,1,1
"8882",6.09934375537934,4.96287300817147,1,1
"8883",7.66336572999179,2.10205961448998,1,1
"8884",7.12497134855884,2.12487162667703,1,1
"8885",7.37040045529277,3.2475385867928,1,1
"8886",5.45288849620589,5.88623609324406,1,1
"8887",2.60893150595181,3.32058624752822,1,1
"8888",3.49041879473292,4.28513417935521,1,1
"8889",7.04189378319924,4.28886590613878,1,1
"8890",5.84429945299853,2.83664193869315,1,1
"8891",3.90004849938459,2.55090692128969,1,1
"8892",-0.712130914199037,1.66418678452951,1,1
"8893",6.27661582096301,4.63992968482556,1,1
"8894",4.9003468154743,4.36985562296417,1,1
"8895",7.46923043215131,3.27707160175689,1,1
"8896",7.10429152693987,3.73190995074488,1,1
"8897",3.37178180250638,5.48614665929369,1,1
"8898",5.01555950959502,6.26715386542682,1,1
"8899",2.94590166648826,3.85231528784233,1,1
"8900",4.45749996957051,6.50292658962777,1,1
"8901",5.0443727019935,4.87258531144358,1,1
"8902",9.37848232910462,4.43036995651938,1,1
"8903",4.70214057017041,3.04088285334478,1,1
"8904",5.61043656309797,7.23251463430988,1,1
"8905",4.54384807418612,-0.260731011521569,1,1
"8906",3.87664913520259,4.19364729384646,1,1
"8907",8.71133757391705,4.29905445424975,1,1
"8908",6.40564716497718,1.88568841827051,1,1
"8909",6.54125308694912,4.03688214849626,1,1
"8910",2.0092138808114,4.22288426579726,1,1
"8911",7.00679421979009,1.49322482470434,1,1
"8912",8.91181169829265,1.47532525789858,1,1
"8913",4.99817818074006,2.33364417130056,1,1
"8914",8.51966958956577,3.32044605123,1,1
"8915",5.99719476257889,5.32788177634365,1,1
"8916",0.696432134680448,5.12852386683083,1,1
"8917",1.65939343844299,3.24607215516854,1,1
"8918",8.09911368793605,-1.78862120788115,1,1
"8919",5.79613961431755,4.46741953430034,1,1
"8920",6.47320806073433,2.59143309504378,1,1
"8921",3.81315105250186,0.65958595657502,1,1
"8922",6.62761646172789,4.78799269373903,1,1
"8923",7.63670859096566,3.66262325542221,1,1
"8924",9.82267250295747,5.39197542473116,1,1
"8925",9.82539973760188,4.76026963201704,1,1
"8926",8.34120009145092,7.13893366639361,1,1
"8927",9.05743962388428,1.5079247922724,1,1
"8928",3.64451199912543,7.31916748776355,1,1
"8929",5.64418143962629,1.26604138811982,1,1
"8930",6.97650558446046,0.732389708473441,1,1
"8931",6.08982294089879,4.50042521041902,1,1
"8932",5.06793051538251,3.0945131894446,1,1
"8933",6.40726001289319,-0.297045371527834,1,1
"8934",4.48068420473204,3.65267717220437,1,1
"8935",6.11104170369396,4.11463239953315,1,1
"8936",5.77112698726178,3.19016462308223,1,1
"8937",7.38454750950859,5.09751221690385,1,1
"8938",7.36803707044449,6.248479775617,1,1
"8939",8.20516491561355,3.0914018153104,1,1
"8940",4.35948931055441,1.62651424623323,1,1
"8941",9.88544652820383,8.22286765779956,1,1
"8942",6.86610684001117,5.65464204844266,1,1
"8943",5.19856491656843,4.78866153391351,1,1
"8944",7.20312877429474,7.91043351526113,1,1
"8945",7.54321522290475,6.01132901541264,1,1
"8946",4.82497022746859,5.71131145856583,1,1
"8947",2.9964960314413,3.74990862351786,1,1
"8948",7.89062811748164,5.41782665475763,1,1
"8949",5.18493188862022,3.81579104788838,1,1
"8950",4.1777136090903,4.76378937530443,1,1
"8951",5.25893275912431,1.92253408546539,1,1
"8952",5.05899877420379,4.56384575479667,1,1
"8953",7.70446955967835,3.06526798099032,1,1
"8954",4.74688368699759,0.6588352594835,1,1
"8955",9.19563170474855,1.57330879679878,1,1
"8956",6.15353699906722,2.81811530456043,1,1
"8957",4.61449723775599,2.14733699668348,1,1
"8958",6.79495539500896,3.70397342280035,1,1
"8959",8.74108215141642,2.42078266392819,1,1
"8960",5.87048858084997,5.3173505173744,1,1
"8961",5.3058618111634,3.18208646304876,1,1
"8962",8.10629147889489,5.41932155478604,1,1
"8963",7.08044371501457,5.76127315711865,1,1
"8964",8.37696643178863,4.83009286637513,1,1
"8965",6.26691525680699,3.73321272137072,1,1
"8966",3.51697503726076,3.62971375224121,1,1
"8967",5.65938086070668,2.37598967871183,1,1
"8968",5.14053154970326,7.19603083053244,1,1
"8969",4.4899672170772,4.38844575167826,1,1
"8970",6.07020173412763,2.80732584482518,1,1
"8971",6.70745260710925,1.67037848403056,1,1
"8972",6.70464048389917,2.25529220872761,1,1
"8973",5.57593308331004,0.604639235129212,1,1
"8974",5.68041869793923,2.89570522955103,1,1
"8975",10.1300682244663,4.76056688610706,1,1
"8976",5.52250456730358,5.4033643442801,1,1
"8977",3.29154846665105,1.54568270887931,1,1
"8978",6.79504162798074,7.38888509123394,1,1
"8979",10.0027327069138,4.44337921716258,1,1
"8980",7.0141676888581,5.15276424853737,1,1
"8981",6.94592138494211,2.69882805669579,1,1
"8982",4.25854079427498,4.92517843756369,1,1
"8983",2.08137411349647,1.3255693258072,1,1
"8984",5.75201493887455,6.86628605042179,1,1
"8985",6.49890709985208,3.73376443568656,1,1
"8986",8.1046039975034,3.25003011847681,1,1
"8987",2.09697650926118,5.11551424125342,1,1
"8988",4.30905494730035,5.37785234112966,1,1
"8989",8.86142197264263,3.71612160832616,1,1
"8990",7.11121807066255,4.16718970425248,1,1
"8991",7.64272032271897,4.77863260250175,1,1
"8992",1.64034980462977,2.7851218613568,1,1
"8993",8.09162680216778,6.89420195359767,1,1
"8994",4.05656351666093,3.13047946550614,1,1
"8995",6.1124325147181,3.22223218110596,1,1
"8996",4.98454031955804,2.37808540637735,1,1
"8997",4.44442041027021,4.14868667703053,1,1
"8998",8.94158884046101,3.51781987543245,1,1
"8999",5.67616590264759,2.39220644780163,1,1
"9000",7.59630821670835,6.0581541421087,1,1
