"X1","X2","component","subcomponent"
"8001",2.56402704980655,12.2335131666571,1,2
"8002",1.11953685157477,5.55052786868702,1,2
"8003",4.07427998867638,0.224702895289885,1,2
"8004",2.40852275793273,8.11147836764246,1,2
"8005",2.77710554141434,5.32689400724582,1,2
"8006",0.747086895120119,1.04976567723062,1,2
"8007",1.38572331364084,3.62580895002425,1,2
"8008",-2.0254029721557,5.33334690333172,1,2
"8009",-0.545423767743266,6.04439044251373,1,2
"8010",-1.94006927022965,7.56927821588274,1,2
"8011",3.17770603304964,2.18047475384936,1,2
"8012",1.29882902503175,4.53617225692709,1,2
"8013",4.5794924514595,0.472111125502043,1,2
"8014",1.20554172900608,12.1082818963685,1,2
"8015",6.41372561790041,6.43139471356389,1,2
"8016",0.731394957214764,8.78057169637842,1,2
"8017",3.17621839544531,-0.180670209074251,1,2
"8018",-0.071723995579938,9.21130592867457,1,2
"8019",2.13622017159085,0.0475103783378961,1,2
"8020",3.4857424124412,5.49331819053946,1,2
"8021",2.61623712210854,8.90052912656779,1,2
"8022",3.36396935353925,3.46108171269814,1,2
"8023",3.46817991427756,0.899327892958978,1,2
"8024",-3.23865877410235,3.488430921371,1,2
"8025",1.6467938990498,3.52767214342744,1,2
"8026",3.9514574847344,6.70508453246429,1,2
"8027",0.481213457615109,2.57662749911507,1,2
"8028",2.82759971845003,1.35832090833322,1,2
"8029",3.32478725400616,6.69254766616672,1,2
"8030",-0.668243209500011,5.00022116752936,1,2
"8031",2.18323300066272,4.51625139768942,1,2
"8032",1.54621277450798,5.41573875102385,1,2
"8033",1.63358577680015,8.01772385510702,1,2
"8034",-1.5832630849134,6.01171385937381,1,2
"8035",1.39157974587947,8.89731202031671,1,2
"8036",-0.217768484161153,-1.75258906720748,1,2
"8037",0.33560698458919,0.318551861626985,1,2
"8038",2.19400096614428,9.66016977849305,1,2
"8039",0.761258236858222,-2.60642555195942,1,2
"8040",2.06293699793337,6.79610037772112,1,2
"8041",2.0108262218348,5.95719931567382,1,2
"8042",-0.355124174613968,10.9510875731652,1,2
"8043",1.89608792971109,7.82934050668016,1,2
"8044",0.529698566857803,4.4011872088414,1,2
"8045",-1.12502650145092,-4.15303693815501,1,2
"8046",4.98399937568793,2.01419809083286,1,2
"8047",0.0755087675275827,2.35614479561664,1,2
"8048",0.775806370724861,-4.6694096679276,1,2
"8049",0.371698878439064,8.35942034759234,1,2
"8050",1.82797709796152,6.94090333038231,1,2
"8051",1.50343682214135,8.14998539081284,1,2
"8052",3.25256383782896,8.38879888599995,1,2
"8053",1.26104720808734,8.6928936194514,1,2
"8054",2.91418335440462,8.73338479908481,1,2
"8055",3.86077451554903,5.79880441387195,1,2
"8056",-0.208182382699508,11.4371191175981,1,2
"8057",2.15604614916929,-3.17792379542403,1,2
"8058",1.83340487788632,2.90083156064066,1,2
"8059",1.49134205082636,3.95563954611369,1,2
"8060",4.6609822668922,9.49284818741322,1,2
"8061",-0.912636166634705,10.2794822286412,1,2
"8062",-0.901383285680372,2.85901870777286,1,2
"8063",1.03806935190559,1.01815576163215,1,2
"8064",-0.588908573381308,-1.00120364745408,1,2
"8065",-1.25411924392879,3.42113708219406,1,2
"8066",4.27539273303032,4.71615064631562,1,2
"8067",2.00105647898983,4.95484662054494,1,2
"8068",4.43226768562351,7.71930252911285,1,2
"8069",1.45031450616102,7.8136487686339,1,2
"8070",4.99037342518736,7.20045398069516,1,2
"8071",-0.755057828253191,8.03920898933933,1,2
"8072",-0.940166400094968,4.11848119928236,1,2
"8073",4.23054271785582,4.29475902644821,1,2
"8074",-0.750993738411621,4.76664296043989,1,2
"8075",-2.13463582675225,6.92330181356289,1,2
"8076",2.07765367122471,8.09052944578297,1,2
"8077",2.47992926864209,4.65904637218525,1,2
"8078",2.67281855600205,1.98924941511032,1,2
"8079",3.58653286579728,9.05990918016726,1,2
"8080",1.55606839806024,11.9607590117136,1,2
"8081",2.32035650308034,2.38231039064791,1,2
"8082",3.69558497396346,3.53954071666932,1,2
"8083",0.520984362404102,8.7057610883023,1,2
"8084",-2.47559687109013,8.69742707483313,1,2
"8085",-3.49399732842402,5.05263427894915,1,2
"8086",4.70881892645105,3.01487759934446,1,2
"8087",1.82630844430014,3.28706483213164,1,2
"8088",1.74869065857183,10.3622265163553,1,2
"8089",1.03800530963466,1.76750142155188,1,2
"8090",2.1478840371915,5.90874653169969,1,2
"8091",1.4321060826551,8.64523553644781,1,2
"8092",-0.441898239792434,0.391597497092792,1,2
"8093",-0.494508866426468,5.11968524295301,1,2
"8094",2.91877875028451,5.6276135486849,1,2
"8095",4.1482038286232,6.06085780718133,1,2
"8096",2.28609786292114,6.95114451510293,1,2
"8097",0.159371862929819,5.06842764117019,1,2
"8098",-2.24050685997944,7.06129427519065,1,2
"8099",2.26287166584532,8.27425799671769,1,2
"8100",1.71671493054582,0.417269648902554,1,2
"8101",-0.261103786201497,5.65516543981498,1,2
"8102",-1.85491041759852,-0.624971394076432,1,2
"8103",2.9441637553128,5.65978312668152,1,2
"8104",0.338243213908633,3.37277306335734,1,2
"8105",1.04384008931538,5.19703505000654,1,2
"8106",-0.600369881695521,0.79602699722262,1,2
"8107",5.61196268781274,4.65114012981614,1,2
"8108",2.09242437637238,7.96566548006623,1,2
"8109",0.801913488803953,4.8504246765784,1,2
"8110",1.05193424137771,5.71310287599209,1,2
"8111",2.84809939430608,5.548839018211,1,2
"8112",0.129510765262087,12.7262880204889,1,2
"8113",4.06642560119572,2.96822213908029,1,2
"8114",1.27870882944194,6.63694971461045,1,2
"8115",0.0947836496717758,4.97119437362671,1,2
"8116",1.20218366967816,4.72274722108387,1,2
"8117",4.37627871814692,3.56979123613986,1,2
"8118",0.697828098721213,5.1160476258177,1,2
"8119",0.615232701865337,5.91179616136049,1,2
"8120",2.00414623895228,3.47046687447257,1,2
"8121",1.78138201222845,1.75250625907264,1,2
"8122",0.287535964300857,1.26165057794477,1,2
"8123",1.94083342285454,7.15680633515194,1,2
"8124",1.82322798938782,0.0651249573945893,1,2
"8125",-0.216616411665935,5.38145382229476,1,2
"8126",0.306885767321159,5.50204576389515,1,2
"8127",3.51373974578827,1.86323466549003,1,2
"8128",1.22632996792007,5.58856869556475,1,2
"8129",0.710122691210003,1.29778431710645,1,2
"8130",3.08049975268195,7.62134109572005,1,2
"8131",-0.591562369437878,7.70964049625389,1,2
"8132",2.57931516322111,3.54470493966798,1,2
"8133",1.28965730125515,4.15549412920214,1,2
"8134",1.59132796469729,6.8522734292762,1,2
"8135",-2.13545150371916,9.07268146711555,1,2
"8136",-0.383049201723755,10.5838778705517,1,2
"8137",3.49000380848436,7.81405874357452,1,2
"8138",0.724222971478742,5.33592157013404,1,2
"8139",1.77471592781888,8.84792488517871,1,2
"8140",1.89039952988427,8.34067471526082,1,2
"8141",0.609363693544937,4.34065329323248,1,2
"8142",0.887405792015402,3.48904750947188,1,2
"8143",2.76082718603149,0.79150490849955,1,2
"8144",1.41757401274102,2.62858219409896,1,2
"8145",3.07640218531023,8.31811995887506,1,2
"8146",1.91455504292691,1.8792515386745,1,2
"8147",3.06431166509991,13.7610248040852,1,2
"8148",-1.41235799718355,4.55500087994648,1,2
"8149",4.10422250349239,3.71733616279899,1,2
"8150",0.220425273176766,4.64128703577593,1,2
"8151",1.72961590988033,4.07512134409797,1,2
"8152",0.0809439109506109,9.51469178436387,1,2
"8153",3.09210849954108,11.6325383718304,1,2
"8154",2.6814138325585,6.70726611634485,1,2
"8155",2.80087496124344,9.6778221506093,1,2
"8156",2.05140284115074,3.69557334568592,1,2
"8157",0.534971995761864,7.12787080146021,1,2
"8158",1.17322579156152,3.45295358443492,1,2
"8159",1.76684870868663,6.34892888655968,1,2
"8160",1.94842520076528,5.31928710481939,1,2
"8161",2.38684486051701,3.41933989814638,1,2
"8162",1.90796450698231,7.61166502544537,1,2
"8163",0.1360326416781,8.19103088515267,1,2
"8164",2.99915810849577,7.37224992726673,1,2
"8165",0.917755877355026,5.38501557498784,1,2
"8166",-1.9306916778742,7.09045976052437,1,2
"8167",0.897729292742288,9.6592015517013,1,2
"8168",1.0191125642776,5.20974986379,1,2
"8169",2.74846313636583,7.91159088341183,1,2
"8170",0.327692364243355,3.84869568081303,1,2
"8171",-1.21640328901759,3.78700527688325,1,2
"8172",1.25010671437581,4.17802325869574,1,2
"8173",0.498596993477745,-0.678021377061478,1,2
"8174",1.07555094011402,11.9724212886758,1,2
"8175",1.70876367071892,0.426519368666207,1,2
"8176",1.53454593071805,-0.703812454864259,1,2
"8177",-1.32392981926595,2.98798997390447,1,2
"8178",-0.608602047733184,3.12281929813674,1,2
"8179",-1.06035987475821,4.95800054136181,1,2
"8180",0.321213033064378,7.6371614245241,1,2
"8181",1.43053167061403,-2.33001646507013,1,2
"8182",2.92704212082769,2.09549181991066,1,2
"8183",1.70407554851779,8.02951501665502,1,2
"8184",2.84753889483015,8.03496416071854,1,2
"8185",1.36533892876399,5.88012880532242,1,2
"8186",0.125532893498067,4.03999382515281,1,2
"8187",-1.37870025340877,3.59225388492139,1,2
"8188",0.64588605323682,5.57815743826144,1,2
"8189",0.759924864563314,7.48785132201744,1,2
"8190",3.49635737413362,4.59127046604492,1,2
"8191",2.57956684156169,4.57896563241081,1,2
"8192",3.6955483076619,12.5422388884466,1,2
"8193",0.987370121646402,4.84072494120588,1,2
"8194",2.38228360746095,9.0797234973221,1,2
"8195",-0.0788458784775641,2.87714716582173,1,2
"8196",2.09122349092751,17.1726542213685,1,2
"8197",-1.29287978802786,10.3544620152338,1,2
"8198",2.60428296118533,6.46677098119687,1,2
"8199",0.754596645538264,1.81402356105349,1,2
"8200",1.4811444067277,6.38401911281992,1,2
"8201",1.87248203301299,3.82711292279812,1,2
"8202",-3.15379725722764,6.1369538321893,1,2
"8203",2.33112216475669,4.99461019502988,1,2
"8204",1.16877541128413,8.1417992504218,1,2
"8205",0.685695900492257,4.09503888414286,1,2
"8206",1.71737478457846,4.36090818753819,1,2
"8207",-0.239608514287865,4.57451120461188,1,2
"8208",3.25963279361252,1.19417945297404,1,2
"8209",0.708908037578707,8.58075676039752,1,2
"8210",0.711442189322683,2.8702998321812,1,2
"8211",2.97153750728278,1.00994569322256,1,2
"8212",4.55052162902023,9.499109779827,1,2
"8213",-2.1494149293148,6.53818051424135,1,2
"8214",2.39067858112445,7.35430474914508,1,2
"8215",5.28234717401984,4.44407648169906,1,2
"8216",1.36188805055856,7.2417743530504,1,2
"8217",-1.14102517990352,0.702252045851053,1,2
"8218",-0.668679300398717,6.1790683859296,1,2
"8219",0.974838716661038,4.29242217415244,1,2
"8220",2.56521441736157,4.84954661300119,1,2
"8221",1.18279975276514,-1.62094155231769,1,2
"8222",0.183566041509153,-0.552720458962006,1,2
"8223",0.22791473741941,7.94207491998546,1,2
"8224",1.62864267808322,3.76107944795283,1,2
"8225",3.83205778689885,7.24585858935727,1,2
"8226",1.7705064058347,2.70921175206754,1,2
"8227",2.4572787998475,10.2225206277574,1,2
"8228",0.716627180110676,5.26718334959204,1,2
"8229",0.13661585627209,5.87531723291471,1,2
"8230",-0.543238783381385,12.4530964537248,1,2
"8231",1.0700954959771,7.63319946965157,1,2
"8232",2.8947377635061,7.19365787703959,1,2
"8233",0.167729684866471,12.350121895553,1,2
"8234",2.83005587394666,4.61850071675961,1,2
"8235",2.77023459645432,0.704333239048054,1,2
"8236",-0.280810941810079,6.93610131304916,1,2
"8237",2.44130819887495,4.3703981672768,1,2
"8238",3.57124573124827,4.58649895129947,1,2
"8239",3.65326710867358,7.07595999872185,1,2
"8240",3.73287337937883,6.1654538031456,1,2
"8241",2.01637419095721,3.65103008978195,1,2
"8242",2.54871023443659,6.65293667202338,1,2
"8243",3.74215820476293,5.60746773307298,1,2
"8244",0.699089940191536,3.25489424125266,1,2
"8245",0.437220263851196,4.52586690190359,1,2
"8246",-0.877646748948957,4.00705731331933,1,2
"8247",1.17822214091357,5.02949682382521,1,2
"8248",0.107612078872768,5.34878123535668,1,2
"8249",1.74312429517677,2.74170490101155,1,2
"8250",-2.22648761271222,4.60038249753877,1,2
"8251",0.925675644031109,5.87227432533426,1,2
"8252",1.84420690754355,10.9795158143512,1,2
"8253",0.767281268946994,1.57733345921653,1,2
"8254",0.7865896843777,8.53593484177407,1,2
"8255",2.04909249595803,1.22515983758904,1,2
"8256",3.00338934292733,8.02677414093818,1,2
"8257",1.04229798165998,6.47307961641394,1,2
"8258",0.867738011207655,4.61943834245944,1,2
"8259",2.95800830390514,8.76022876382864,1,2
"8260",3.15723092372772,14.9739790643121,1,2
"8261",-2.53471277570901,7.61556182313145,1,2
"8262",-0.0511241436339167,7.68525513796906,1,2
"8263",2.24406761834309,7.0304002754949,1,2
"8264",-1.06228146745924,6.32715572434143,1,2
"8265",3.50524319866297,1.3554352208743,1,2
"8266",2.89756469064492,6.87301069769523,1,2
"8267",1.5224245657694,8.8962008811642,1,2
"8268",3.07848804233197,9.67243288091483,1,2
"8269",1.34940583704897,0.674715489332897,1,2
"8270",1.61946631949191,8.396384478529,1,2
"8271",0.453216863727382,4.22181020194087,1,2
"8272",-0.488342132212404,6.10885178605083,1,2
"8273",0.386913845947815,-3.66218849464136,1,2
"8274",2.36478782741932,1.56012327226155,1,2
"8275",1.06051091149089,1.9270984092887,1,2
"8276",1.53349867274526,8.54982812493904,1,2
"8277",2.09024057177734,7.93772449867365,1,2
"8278",1.91533129650655,6.8444052340564,1,2
"8279",3.21790299175598,6.19372992610852,1,2
"8280",2.20060331609657,6.98633089942387,1,2
"8281",-2.15950685819187,5.29170547215634,1,2
"8282",0.885551704902287,4.28600675520634,1,2
"8283",6.39719268816897,7.4509393509491,1,2
"8284",2.85232560973867,-0.732787524364999,1,2
"8285",0.640242553251723,7.40171334578206,1,2
"8286",1.59245679892102,2.13722285932309,1,2
"8287",0.160994404143199,0.324859707281886,1,2
"8288",2.13157386511847,7.75909658166376,1,2
"8289",4.3075990508398,3.46106966273516,1,2
"8290",2.47757703859404,2.84072184485023,1,2
"8291",-0.719651851532472,6.7810906283501,1,2
"8292",2.48530312620466,4.89663922204796,1,2
"8293",-0.302804410834923,4.34124660693517,1,2
"8294",-1.25617762433694,6.58279341684434,1,2
"8295",0.189064564007185,5.81929433620072,1,2
"8296",3.02781009603237,9.18074350000598,1,2
"8297",2.86671036397128,1.04416761421713,1,2
"8298",-0.66578391254943,4.83850541434937,1,2
"8299",3.3821033010118,0.916128729756094,1,2
"8300",0.895487532174554,-0.152061293309005,1,2
"8301",0.150413916407686,7.1669144046728,1,2
"8302",2.63646697419733,3.82799975914118,1,2
"8303",3.06297812823606,3.52895433553199,1,2
"8304",0.525106711105953,3.47527769050808,1,2
"8305",1.58705289614105,9.71441896972559,1,2
"8306",0.458729143402689,1.21952697635449,1,2
"8307",0.494511341249839,9.30026224098877,1,2
"8308",3.6254000442563,10.1439706252276,1,2
"8309",4.02211149527104,4.34646912316868,1,2
"8310",4.03260644744866,11.2075005268725,1,2
"8311",1.46706239549094,7.66348375585722,1,2
"8312",1.24859638191504,7.51222149193777,1,2
"8313",0.832571075751938,9.69585985536272,1,2
"8314",1.93926212496706,8.10776737261036,1,2
"8315",0.165713092427839,7.31376830968469,1,2
"8316",2.2242825006465,5.57574425922926,1,2
"8317",2.1011713199315,6.04206668527911,1,2
"8318",-0.685459105931149,3.92867383647506,1,2
"8319",0.807287139943548,-1.21869959089352,1,2
"8320",2.99822068645483,7.73268888234899,1,2
"8321",1.88785649709712,7.71896325268785,1,2
"8322",-0.712562897232979,5.59506671063781,1,2
"8323",1.46613595318425,10.7252425078661,1,2
"8324",1.5023889380761,2.29711980122371,1,2
"8325",2.35238534799758,10.0214018253492,1,2
"8326",-1.7453964455014,7.91651588164092,1,2
"8327",0.936472697939509,0.215887205361595,1,2
"8328",0.430209410671119,6.35271012098295,1,2
"8329",2.49390803382096,11.5571788540747,1,2
"8330",0.101567582959649,-0.0401767566677629,1,2
"8331",-0.943956201679641,1.83072813026153,1,2
"8332",-2.20705326591326,4.71310890394795,1,2
"8333",4.36197661217166,13.9239399582234,1,2
"8334",-0.134078994935037,8.64577873320343,1,2
"8335",-0.56777383872317,8.29153995954745,1,2
"8336",-0.729158329962329,8.47788940216059,1,2
"8337",3.35764482228579,6.72011424537425,1,2
"8338",4.62129814077474,4.89653503592441,1,2
"8339",0.217223110962542,3.75856892491488,1,2
"8340",2.68794218466582,8.3043361302415,1,2
"8341",-0.229273206623659,6.3027290701754,1,2
"8342",0.0795177678479031,8.13379718186332,1,2
"8343",1.96589628005726,6.90800322029275,1,2
"8344",3.23141664088764,6.29515721888416,1,2
"8345",2.57116490352027,12.9961744917059,1,2
"8346",4.82598552916163,1.10425092018958,1,2
"8347",-1.88210370065591,4.78388841682601,1,2
"8348",2.85670612783318,-1.05583920890962,1,2
"8349",-1.0632750092338,3.04864241583433,1,2
"8350",1.93361124511027,9.33371835874527,1,2
"8351",-0.504811880633172,2.91645691425076,1,2
"8352",0.836915577071249,9.4218371831842,1,2
"8353",2.4130886373525,10.6950759727754,1,2
"8354",1.65985095576119,0.225531354586948,1,2
"8355",-1.93327740495952,2.17834680997685,1,2
"8356",3.24650101502326,7.1972459740991,1,2
"8357",-3.46000976526189,8.58768024355749,1,2
"8358",0.865404263901276,1.94583163070497,1,2
"8359",2.78118999306373,7.05937520464843,1,2
"8360",0.324048974166697,6.82675333127278,1,2
"8361",2.61386883555216,4.55769786889839,1,2
"8362",2.20042251545498,4.7234026573832,1,2
"8363",1.3280117132784,6.89963047083584,1,2
"8364",2.94603820892642,0.664997178083212,1,2
"8365",3.54148696334499,-1.07948934775174,1,2
"8366",0.0184413478592753,4.40278400621744,1,2
"8367",-0.401960162611303,9.04906610236793,1,2
"8368",0.270690774251099,7.55519208660714,1,2
"8369",2.40055234352057,7.67324671585738,1,2
"8370",1.03452309669041,3.66676306508082,1,2
"8371",5.31678146939931,5.56074851690529,1,2
"8372",-0.0774166501282292,7.71298593552085,1,2
"8373",2.25644607249507,3.7031483448332,1,2
"8374",2.13804945807631,7.10590404820782,1,2
"8375",2.11538132489641,4.67409221073618,1,2
"8376",4.48529898729495,-0.502459199187475,1,2
"8377",-0.23539303004589,6.87879935233311,1,2
"8378",0.0719442221277351,0.778724676406436,1,2
"8379",-0.469429976656591,-0.324911490285211,1,2
"8380",1.0935081906471,6.29577871068655,1,2
"8381",4.31123945635659,9.59890824343796,1,2
"8382",-0.247270171318245,12.4299535617932,1,2
"8383",-1.07027261707972,2.9482078501052,1,2
"8384",-0.471762327821605,7.67560614645815,1,2
"8385",1.47969495196327,1.710960052158,1,2
"8386",-0.330558984988477,3.81502203640685,1,2
"8387",-0.134171007738359,5.01747441316102,1,2
"8388",0.194154456153548,1.43751936789983,1,2
"8389",1.34647951330624,7.16900526320607,1,2
"8390",-1.81635609036976,1.30314789132399,1,2
"8391",4.58557341136557,-0.0156472914693744,1,2
"8392",2.94171688096905,10.5463458252924,1,2
"8393",0.632690588757079,9.48266440827467,1,2
"8394",1.2357836525072,0.798811202907332,1,2
"8395",1.26901262136126,6.96159702636126,1,2
"8396",1.75106584447883,13.8529150455723,1,2
"8397",0.0733817619073425,9.35933889835053,1,2
"8398",2.0495651355102,11.2471320079131,1,2
"8399",-1.35427371399075,10.1183025642829,1,2
"8400",-0.834180356606379,3.13705739892078,1,2
"8401",1.90538878392193,7.02366163265784,1,2
"8402",-1.46223459374701,6.7608959357561,1,2
"8403",4.2126790262505,4.90389740217796,1,2
"8404",3.35200146111013,0.676074764120589,1,2
"8405",3.85150867910164,4.07122804498447,1,2
"8406",-1.64293849473053,10.1699091836942,1,2
"8407",3.09858832183579,0.952159821395524,1,2
"8408",1.72602099249936,5.62782964988572,1,2
"8409",4.46199658039568,8.29335604626813,1,2
"8410",2.68570145668568,10.1476868222312,1,2
"8411",3.17544660619962,5.69351961592786,1,2
"8412",0.00159496618013955,5.3027107988505,1,2
"8413",1.63877085775102,8.69731175275029,1,2
"8414",-1.39645023077195,4.45972603848176,1,2
"8415",0.191233568475613,2.0767588313732,1,2
"8416",1.32804802247618,2.67870317198753,1,2
"8417",3.50966223758082,12.0896131950821,1,2
"8418",-1.41287229167425,5.49952240183961,1,2
"8419",1.59516077137807,11.6405009027571,1,2
"8420",1.46476387297196,5.98184949342154,1,2
"8421",3.63670877759008,3.04074913889836,1,2
"8422",2.438188565608,6.09044714676263,1,2
"8423",-2.04469126965517,3.33416298080689,1,2
"8424",3.02521748092874,4.92150374030957,1,2
"8425",0.8359496770961,0.953864214853736,1,2
"8426",1.57857279691453,8.80143282509708,1,2
"8427",2.21853015637157,6.30949402717634,1,2
"8428",0.66565544504556,4.64026565600435,1,2
"8429",-1.73121289707254,8.34408918363559,1,2
"8430",-0.483560045546218,13.2120525984551,1,2
"8431",0.777146075118917,9.67401084906938,1,2
"8432",1.91865626821901,5.41018832871276,1,2
"8433",0.405466855339575,2.98312874333841,1,2
"8434",4.58588729818272,5.42345473311615,1,2
"8435",1.95132858530014,3.13336076940455,1,2
"8436",2.83835407441917,2.93869134067592,1,2
"8437",2.38773340863486,-0.217556251806332,1,2
"8438",2.31112736036368,4.1941237501234,1,2
"8439",-2.3958307092829,5.47423706330658,1,2
"8440",-2.38293018420536,8.67202771086507,1,2
"8441",5.7548947578293,7.28187226913261,1,2
"8442",-0.475644942055224,2.33910420309942,1,2
"8443",5.59531734196603,2.35967870529051,1,2
"8444",-0.0217246524352135,9.56801194078459,1,2
"8445",0.981592334315496,7.69587428921716,1,2
"8446",5.52438654745206,4.50378619637597,1,2
"8447",1.30381565007966,5.76794681262898,1,2
"8448",0.641206092930443,5.41522790496462,1,2
"8449",-1.66020497093997,10.2256142680085,1,2
"8450",4.08924030485132,2.33494102883128,1,2
"8451",0.714449106480357,7.77069464713147,1,2
"8452",1.61522535808309,9.29883577042216,1,2
"8453",2.26331120036957,8.83325957156299,1,2
"8454",3.24084627203822,5.31364170289483,1,2
"8455",1.04870690156235,5.35528911925463,1,2
"8456",0.154154640375998,9.69703158505807,1,2
"8457",-0.373345842440537,1.41209636280823,1,2
"8458",1.18916087074189,1.87978859142468,1,2
"8459",0.143687424797489,-7.11667759624922,1,2
"8460",1.15478818756192,4.68109257228225,1,2
"8461",2.29044855255108,7.380106109325,1,2
"8462",0.608631453164267,8.13696625054458,1,2
"8463",1.36840689757148,0.49799750161111,1,2
"8464",3.81522316042676,7.67409705942342,1,2
"8465",4.1483980402031,11.893145647585,1,2
"8466",1.58304724938154,6.55582972451356,1,2
"8467",3.24318535688407,6.99983438906041,1,2
"8468",2.24349389914487,7.93880555381045,1,2
"8469",-1.22549164124245,5.32071100815899,1,2
"8470",2.53440252627772,7.8194707513828,1,2
"8471",2.86048013289449,3.80498521739971,1,2
"8472",0.451917489128317,8.75992255162941,1,2
"8473",2.9602297735328,7.02473871026582,1,2
"8474",-0.595382971259935,4.02212561323961,1,2
"8475",1.58785382212718,8.0450863178255,1,2
"8476",-0.220221345003425,4.48122031381728,1,2
"8477",1.25237404607927,3.27573614797519,1,2
"8478",2.82474733225837,4.49611186804856,1,2
"8479",-0.261474106230988,-0.240053610074625,1,2
"8480",1.25724839220223,7.05690381657895,1,2
"8481",2.78996491862459,4.68119400119203,1,2
"8482",-1.5075294989273,8.98087230952975,1,2
"8483",-1.01743604327114,7.8699195575577,1,2
"8484",2.41536178927927,10.0609499752454,1,2
"8485",0.166631301583929,8.10201826487445,1,2
"8486",1.26989719103584,7.09156025554062,1,2
"8487",3.47179699232034,3.30941274208066,1,2
"8488",5.95808801182809,4.22678376915281,1,2
"8489",1.22852445097541,8.71651991435417,1,2
"8490",3.51220797257915,5.69093934110991,1,2
"8491",-1.79513825706049,11.1535635877291,1,2
"8492",1.2571761365428,4.64984017819812,1,2
"8493",5.69020621532742,3.12763883329509,1,2
"8494",3.0867912262309,5.31738196933696,1,2
"8495",2.41454553002743,-1.72889106293077,1,2
"8496",-0.688728018099529,4.24983111627919,1,2
"8497",1.21794881560458,6.36319908593246,1,2
"8498",-1.64128460329383,1.70643612233763,1,2
"8499",4.23570011290249,8.95958055498861,1,2
"8500",2.02067074289624,6.51287308601977,1,2
"8501",1.60606094640727,6.08795431615034,1,2
"8502",0.129947968521978,9.78646856768658,1,2
"8503",1.59338767872303,7.48712009059659,1,2
"8504",-0.833889604840623,3.4055425049969,1,2
"8505",-0.449071345979934,1.66292417038633,1,2
"8506",2.99664140848437,6.49517308881699,1,2
"8507",1.56320621274523,2.37974075648524,1,2
"8508",2.48828889349601,9.35676550680454,1,2
"8509",1.99181247336182,8.87932415000344,1,2
"8510",3.47839874456394,0.116695737972472,1,2
"8511",4.92205589437571,3.06185660864809,1,2
"8512",3.12362127377547,7.67988604777857,1,2
"8513",3.40346944285337,4.59463944690519,1,2
"8514",2.19354303523286,9.35109738791716,1,2
"8515",2.45374168253539,6.67562111112633,1,2
"8516",1.80770011434082,6.65428692531523,1,2
"8517",1.86828889652271,2.24214158142135,1,2
"8518",0.94576509028169,6.76909301467572,1,2
"8519",3.62444115196802,5.87787944774016,1,2
"8520",0.629955464204217,8.56645051328094,1,2
"8521",0.413351055328313,6.02486861768973,1,2
"8522",1.60306219409829,3.35711460917976,1,2
"8523",3.41883970160268,6.50511413747826,1,2
"8524",0.0137746682050852,-2.4606347654734,1,2
"8525",5.06571302702141,6.9126432491599,1,2
"8526",2.72484644672081,-0.40876169647087,1,2
"8527",1.074756566995,4.1107686092198,1,2
"8528",2.78601242735368,10.2742543671196,1,2
"8529",1.36449843403021,11.4893875640713,1,2
"8530",4.01992527910185,3.21507541291942,1,2
"8531",1.43791191420729,13.9598938338979,1,2
"8532",1.26953787441642,2.56822397268942,1,2
"8533",1.35954427234057,0.755218281378795,1,2
"8534",1.50955323046445,6.83121706471224,1,2
"8535",-0.0495897080609524,8.72295252170087,1,2
"8536",4.44662739173228,6.08282517580783,1,2
"8537",0.276493405085675,5.3681723867372,1,2
"8538",1.55098266006617,2.59869215050367,1,2
"8539",2.45409020867117,4.99795300932889,1,2
"8540",0.82798833096327,6.77441835630716,1,2
"8541",1.99113198035955,3.17387082204945,1,2
"8542",2.36888250420103,2.48810033833707,1,2
"8543",-1.91076847052438,7.13195616174263,1,2
"8544",-3.22132661562654,5.10719306136919,1,2
"8545",1.1736494306466,7.85341181560121,1,2
"8546",-0.220300115360265,2.75008601033302,1,2
"8547",-0.101190753776323,4.53757497738702,1,2
"8548",1.0961688650308,8.93281811183552,1,2
"8549",4.18463713682969,14.2067382634951,1,2
"8550",1.30370139783041,15.1802016162043,1,2
"8551",0.925719929789725,2.5280826845212,1,2
"8552",0.974728649258485,0.841297623563922,1,2
"8553",0.621605357342261,3.7381226978167,1,2
"8554",-0.265722658096067,4.15154759740744,1,2
"8555",1.66437878397194,4.57602505356431,1,2
"8556",1.3984491566682,2.42558584214552,1,2
"8557",1.81018657099713,5.21721067494893,1,2
"8558",0.158323515121308,3.72600391273483,1,2
"8559",3.66241117753451,2.04801416166651,1,2
"8560",1.03678669601427,7.81441078884435,1,2
"8561",2.56357982971697,2.00227509011807,1,2
"8562",1.94159763358302,-1.25277910824426,1,2
"8563",2.00177725080447,2.27998027726094,1,2
"8564",0.144028778513305,10.6671215771975,1,2
"8565",4.51963226574687,9.96680251750337,1,2
"8566",1.90791428778911,5.89576133096565,1,2
"8567",0.858281621590371,7.15182661665619,1,2
"8568",0.304125562600762,7.242512569247,1,2
"8569",2.27854968565004,1.75466469238855,1,2
"8570",2.33237089051429,0.078195394751349,1,2
"8571",-1.40001127696929,5.51923743934827,1,2
"8572",0.937435697139886,8.06933538618571,1,2
"8573",-0.663252345751275,9.67939767407849,1,2
"8574",1.10511595073549,1.95139200078537,1,2
"8575",1.94316586347547,2.29617935930854,1,2
"8576",3.53747673194931,10.6308375912872,1,2
"8577",-1.98355172785471,12.1176939986754,1,2
"8578",1.06038395792362,8.24744973394407,1,2
"8579",0.441098684194843,5.62242360821997,1,2
"8580",0.305489707501303,5.27177661540702,1,2
"8581",3.4823611839761,6.16412098585618,1,2
"8582",2.40252248108296,10.2513380636468,1,2
"8583",1.67502734771328,3.59396317643908,1,2
"8584",-1.30830992789223,10.1938203116372,1,2
"8585",2.45543777360552,-0.708857856152016,1,2
"8586",3.46637814901537,5.7740809923924,1,2
"8587",2.05953773691096,3.77472058988189,1,2
"8588",0.40760778925025,0.534779760849593,1,2
"8589",2.52233360604897,10.268409643654,1,2
"8590",1.22617173943347,2.95481202937866,1,2
"8591",0.270682683816945,4.17130787345712,1,2
"8592",3.38132500469765,5.59507962128386,1,2
"8593",4.18449223669858,7.21156481102716,1,2
"8594",-0.0403258565467759,5.56137492700988,1,2
"8595",-1.39420170160757,3.40386193865933,1,2
"8596",-2.03052928989135,5.73961452899941,1,2
"8597",1.35963043397333,9.5011257318048,1,2
"8598",3.43994625544933,7.43615704745062,1,2
"8599",3.57211567626267,8.73435330058386,1,2
"8600",1.57877382197957,9.85091363512485,1,2
"8601",3.32192128341555,0.679761733791332,1,2
"8602",0.743486367112271,11.322145176386,1,2
"8603",1.311604613577,7.71419107934498,1,2
"8604",3.18595065193601,7.14498359614641,1,2
"8605",3.7762593942768,8.40460528120378,1,2
"8606",0.487407089112105,4.55747115363124,1,2
"8607",2.0340399999387,6.05986760275786,1,2
"8608",-0.740008551591194,8.43300132076424,1,2
"8609",1.56553503478607,1.9782998434001,1,2
"8610",3.44093856179794,5.93258239991103,1,2
"8611",-2.04160668218325,13.9086955539877,1,2
"8612",1.91165053198033,7.49425897114363,1,2
"8613",-0.0800415247493549,10.0631825050512,1,2
"8614",0.687421120502986,7.48358700263087,1,2
"8615",1.27647648802548,3.68840959146737,1,2
"8616",2.83848514801606,3.4153987689048,1,2
"8617",1.19011045685387,3.07139577766615,1,2
"8618",2.44268608611428,-3.82524514711743,1,2
"8619",1.62480515924647,2.19113313416258,1,2
"8620",4.39873215101554,5.57244520907395,1,2
"8621",-0.0197063728840634,6.15317623893395,1,2
"8622",4.33235508635615,10.7987225998125,1,2
"8623",0.772129055391794,7.54574924220749,1,2
"8624",-0.411968317205305,10.0368300168216,1,2
"8625",2.95384977684608,9.09371797588161,1,2
"8626",1.22221123462752,11.5405413939194,1,2
"8627",2.47963036534165,8.48499340494333,1,2
"8628",1.93608661623158,1.84015884875768,1,2
"8629",3.39581649637696,2.6721961714862,1,2
"8630",1.9106072331936,7.90150000499082,1,2
"8631",3.12474823127055,12.8776690026584,1,2
"8632",1.0112828175786,13.3264758139327,1,2
"8633",2.88747865070596,9.00799922594829,1,2
"8634",1.70255045163307,6.4981686937433,1,2
"8635",-0.587657185848801,6.74709943336705,1,2
"8636",2.47691656930606,4.43618923117808,1,2
"8637",0.92362469506731,7.67808369145848,1,2
"8638",3.10230730043453,2.08630365269902,1,2
"8639",-0.24412256728325,6.74628351906934,1,2
"8640",3.64682738817585,7.4697688059025,1,2
"8641",1.61441650973127,3.95742012448415,1,2
"8642",-1.28140188020344,5.2806741563318,1,2
"8643",0.885558279303298,11.381767971482,1,2
"8644",1.81780321084862,4.64094995628874,1,2
"8645",1.90073920830296,4.9541623074523,1,2
"8646",2.47232719288077,8.53033166203787,1,2
"8647",0.591823632275046,3.44262099370463,1,2
"8648",1.81611661938021,9.41376814903979,1,2
"8649",2.02880026878421,5.02089676106586,1,2
"8650",5.15041699496853,5.52650992702742,1,2
"8651",-2.78274861725637,11.5771791197005,1,2
"8652",3.23685420023302,3.65965510313065,1,2
"8653",-0.451134804060137,7.2121515290649,1,2
"8654",3.60789690236522,-5.60382435233036,1,2
"8655",-0.878443141100722,9.27418412094523,1,2
"8656",1.17798809883719,9.01270602426292,1,2
"8657",5.66437871896043,9.53084365189528,1,2
"8658",0.849301576608107,0.94867364541604,1,2
"8659",0.238046163205456,4.32373915471031,1,2
"8660",4.8679018600131,4.5600083403683,1,2
"8661",2.26718708571952,4.13894125207206,1,2
"8662",-2.71512921628278,5.65081088384845,1,2
"8663",-2.32451916593926,7.36994290593715,1,2
"8664",2.51282720138827,3.47322148846733,1,2
"8665",-1.85658284800867,5.2048198939463,1,2
"8666",2.7412616355775,7.47670803443814,1,2
"8667",4.44818150279131,5.7000514027604,1,2
"8668",0.791630346881017,10.6776032295087,1,2
"8669",1.57645727109861,5.79289360594844,1,2
"8670",3.05789680408342,7.92432095445101,1,2
"8671",4.7455667979706,6.89171990988334,1,2
"8672",3.77657006041197,10.9093063515036,1,2
"8673",0.0367780445583079,1.17707747034602,1,2
"8674",3.0525233639345,11.0142891397394,1,2
"8675",4.5524307697399,4.83178845855614,1,2
"8676",0.287547779922418,-2.42934936752449,1,2
"8677",0.7892012682086,9.18254583823802,1,2
"8678",1.83068251824138,3.98963633596915,1,2
"8679",4.45034263304844,2.54903187963947,1,2
"8680",1.70863340616315,2.3121032173065,1,2
"8681",-1.61162331157154,7.24532333477888,1,2
"8682",2.82256185636756,4.68088666540846,1,2
"8683",2.59671045631275,8.62943920793147,1,2
"8684",-0.355577220564497,7.47676323295743,1,2
"8685",0.167843319445778,8.20325243003534,1,2
"8686",2.35876698794245,11.4866239197963,1,2
"8687",0.152233582840573,5.03604510388668,1,2
"8688",2.16397439265235,-3.32536323598803,1,2
"8689",-1.19431187567543,10.3230795749806,1,2
"8690",1.88700099634217,5.03036195065012,1,2
"8691",0.0321657414833227,7.73074743975019,1,2
"8692",-1.08875548074624,0.495797328904626,1,2
"8693",-0.31351100926292,6.34779853062439,1,2
"8694",0.538133141404874,7.71727464827688,1,2
"8695",0.0544748186838695,3.73159309550231,1,2
"8696",4.09312329312493,9.51167558309566,1,2
"8697",1.76926511637565,5.1453089454006,1,2
"8698",2.29665615979192,6.22900670187233,1,2
"8699",-1.5313351324782,8.11200562269727,1,2
"8700",-0.406406778136284,7.13881395167534,1,2
"8701",5.03662987532769,1.31030234548285,1,2
"8702",1.29598335531674,3.13697040623755,1,2
"8703",1.18684139087987,3.78575222248624,1,2
"8704",3.06905736583325,1.379081992753,1,2
"8705",1.69570907157254,7.1414767666977,1,2
"8706",0.451196876136872,10.492884362689,1,2
"8707",3.20067589944562,7.41880714302194,1,2
"8708",3.48074973283204,4.84359527025619,1,2
"8709",-1.58696333398783,-0.067556392815967,1,2
"8710",0.460162116765509,4.40072568211502,1,2
"8711",5.13123459254142,12.2692976245808,1,2
"8712",1.82414753520633,8.57601035861756,1,2
"8713",2.92473703987309,2.62862480601559,1,2
"8714",2.13605176014748,2.26970134310885,1,2
"8715",3.87501634398381,7.08399046544084,1,2
"8716",3.58092221341749,13.6138727436196,1,2
"8717",2.12543039098069,3.68944696270006,1,2
"8718",0.378933001669517,10.0346812333693,1,2
"8719",-0.482511980079946,6.34788375624214,1,2
"8720",2.86915179733634,6.99197819693084,1,2
"8721",1.00867210325876,0.910747838898535,1,2
"8722",-0.210823630881324,6.42760319634666,1,2
"8723",-0.579473250920725,6.59607783972184,1,2
"8724",0.839890923128581,6.64863825951606,1,2
"8725",-0.0716585576176114,6.1146394927269,1,2
"8726",0.308720116544382,6.13164098446698,1,2
"8727",2.26175675536486,7.52000160271982,1,2
"8728",1.36683193723557,6.0699017839439,1,2
"8729",2.40832406462435,7.04202353688675,1,2
"8730",2.86338517569138,7.45685806717592,1,2
"8731",2.40467980318058,4.12911304049049,1,2
"8732",2.70166521283343,3.38152198900233,1,2
"8733",-0.143188449311754,7.84870909190953,1,2
"8734",0.0186717227879847,6.41303454005176,1,2
"8735",0.697180950613187,6.31081714770537,1,2
"8736",2.20860906167942,5.88742783799628,1,2
"8737",-0.368815497868012,10.7179460212995,1,2
"8738",0.844712353068797,6.22429752711677,1,2
"8739",0.737891996781951,3.7834523877411,1,2
"8740",0.570052292307745,9.77153610561254,1,2
"8741",1.09874021590216,4.52782111903015,1,2
"8742",-0.0655042809888471,6.93031434605728,1,2
"8743",-1.08603664297139,1.32809678028829,1,2
"8744",1.90801530018011,11.5560966603471,1,2
"8745",1.90612239912324,6.5553594046997,1,2
"8746",1.46774703690268,7.89368156091169,1,2
"8747",2.6914706195096,2.08160057402557,1,2
"8748",-1.43417800506293,6.52442367547127,1,2
"8749",2.4866253477628,3.91543790291654,1,2
"8750",1.66158156677474,-1.75403833945514,1,2
"8751",2.19226132968577,9.61007619851306,1,2
"8752",3.23968677382382,4.22983840553022,1,2
"8753",3.05482369577727,6.11895347325525,1,2
"8754",2.69049018347424,11.0807861913491,1,2
"8755",-0.948979490766904,0.197546125787876,1,2
"8756",-0.212525342518241,5.71884598269126,1,2
"8757",2.97150300264054,6.83783390711627,1,2
"8758",4.13522396431453,12.1613505934364,1,2
"8759",3.76551719780716,3.86537199907253,1,2
"8760",-0.660024087604353,3.23003843210937,1,2
"8761",5.23690447252506,9.0710633254066,1,2
"8762",-1.55322469845549,-3.45965179097173,1,2
"8763",1.59296831587932,11.7069981421704,1,2
"8764",0.0804711815054668,8.7955442806321,1,2
"8765",1.27214908993712,15.2678715954973,1,2
"8766",-1.18322681763006,6.61599963875222,1,2
"8767",2.02501402224769,5.44556307762447,1,2
"8768",5.84779177286064,1.55553344506429,1,2
"8769",4.35693563929529,4.25204274471783,1,2
"8770",-0.335404568065474,4.84700430214613,1,2
"8771",1.62573312410911,1.12738579114216,1,2
"8772",1.39993356541006,6.2153867852656,1,2
"8773",-0.830988145730907,1.67439231166489,1,2
"8774",1.0804525240773,6.87778585033463,1,2
"8775",0.0621915733974059,5.13406142807419,1,2
"8776",2.47769532441899,6.8078608049575,1,2
"8777",0.561928397739179,2.80001080885448,1,2
"8778",2.01644895521967,8.01701875324166,1,2
"8779",1.68934696512179,10.9171142860686,1,2
"8780",0.897737808724592,14.9982906217961,1,2
"8781",1.35374627562966,10.0032509343297,1,2
"8782",2.87381931183177,3.28960614897525,1,2
"8783",3.92301986863753,-3.63562390268295,1,2
"8784",2.32739583187028,6.82829427980345,1,2
"8785",4.35509004083921,5.77308580486611,1,2
"8786",4.487723276223,3.39146190346197,1,2
"8787",1.49634176456451,3.69693464740387,1,2
"8788",6.12962862837512,8.29836078059297,1,2
"8789",1.21231451347262,7.86334225506627,1,2
"8790",0.934952319157885,-0.876763683092596,1,2
"8791",2.21339146723932,6.7006628793789,1,2
"8792",3.25617750810521,6.61373398072563,1,2
"8793",1.79984880582783,3.30555482822038,1,2
"8794",1.35781849072788,7.46242272723105,1,2
"8795",-0.46116136083557,6.91248066327436,1,2
"8796",1.3746172780905,6.08159292399445,1,2
"8797",-3.0804525107242,5.72482913256242,1,2
"8798",0.857469546328782,-1.6695195378232,1,2
"8799",-0.543825458395863,11.4487873707537,1,2
"8800",2.17814280267994,-1.46860448975006,1,2
"8801",2.73753036101329,9.07718127785233,1,2
"8802",-0.350155766065994,5.97347745309121,1,2
"8803",1.2527138881303,2.23580532920551,1,2
"8804",0.360178837964805,7.94418186880032,1,2
"8805",1.13670100909192,6.19248590530542,1,2
"8806",1.4423020046024,9.35240283877473,1,2
"8807",2.47773789045684,2.03975292586322,1,2
"8808",0.206599245983613,4.06368063197188,1,2
"8809",1.44459114371448,0.783958032265655,1,2
"8810",1.89328182630862,3.05058360826458,1,2
"8811",0.5906017139262,4.90438723371564,1,2
"8812",2.17638883010308,13.6726084056516,1,2
"8813",3.48784085642357,8.17232339125633,1,2
"8814",-0.0548437290214052,11.8463617180807,1,2
"8815",2.72702554083929,5.4817226500382,1,2
"8816",1.97205976649324,4.51018984196404,1,2
"8817",2.61531225123457,2.2170877044536,1,2
"8818",-0.837130821323643,2.40386298143154,1,2
"8819",5.88953041246873,3.23145203498607,1,2
"8820",1.31846950403912,7.11910694611189,1,2
"8821",2.6602884453563,10.5096656473716,1,2
"8822",2.41309584321845,2.04428392686765,1,2
"8823",3.00075255679319,5.45728197003997,1,2
"8824",0.591596288045651,10.165886021589,1,2
"8825",1.83762650295059,7.474892772971,1,2
"8826",1.023020557469,7.68679549455163,1,2
"8827",1.55667809350553,2.20016345807729,1,2
"8828",3.32057166095404,9.63823473549822,1,2
"8829",0.894101350675524,0.341798336459212,1,2
"8830",-0.188875419609879,8.50595124519878,1,2
"8831",3.15376815897658,3.93116318074349,1,2
"8832",-0.652047619600709,7.79838772437327,1,2
"8833",1.38417115920803,6.98972841666502,1,2
"8834",2.0375425950456,6.6280638725308,1,2
"8835",-0.38582204161377,4.81538397088962,1,2
"8836",1.26685251839635,-1.46079297210647,1,2
"8837",1.4107151336189,11.6868056738181,1,2
"8838",1.56398235660893,2.59510939244855,1,2
"8839",-1.80905889353178,5.94057205018408,1,2
"8840",-0.204112703518469,11.2549197553344,1,2
"8841",0.44079339679443,10.313302407669,1,2
"8842",1.07865610398001,9.50825407563809,1,2
"8843",-0.708688815001155,7.28253505751804,1,2
"8844",2.97068170678282,4.37223274054606,1,2
"8845",2.65803973935621,10.5442003524746,1,2
"8846",-2.85210867290593,1.16146132645441,1,2
"8847",5.23673669527817,9.75410413848468,1,2
"8848",3.89871601026107,0.766660970607068,1,2
"8849",3.40718859510865,3.75433978194542,1,2
"8850",4.66089525961911,8.83978335097486,1,2
"8851",-0.534520956174478,10.5991768304141,1,2
"8852",1.68491189796614,7.06038826369067,1,2
"8853",1.2572992724597,8.49308993858894,1,2
"8854",3.02030068187413,3.22019914066732,1,2
"8855",0.00244651419980357,6.51588153493134,1,2
"8856",2.75330393210604,8.60874359429327,1,2
"8857",3.04723542362044,9.87424477039048,1,2
"8858",-1.06525754668954,2.50375875664446,1,2
"8859",0.906521307128958,4.53234021289792,1,2
"8860",1.06364127419353,10.352654682824,1,2
"8861",0.127661686528613,5.30836992382202,1,2
"8862",1.64339329094722,9.75237788249611,1,2
"8863",-3.39801445066041,-1.37354876993143,1,2
"8864",2.62028345778604,2.01448983489936,1,2
"8865",2.541652390595,-1.09785551543035,1,2
"8866",-0.358270310572387,1.08490365235421,1,2
"8867",0.66177728388026,5.23501644820613,1,2
"8868",5.73624304515863,1.45771891308296,1,2
"8869",0.665081515400432,10.9756764320326,1,2
"8870",0.512032836641749,7.91816094406117,1,2
"8871",0.61634297956339,7.80234349790213,1,2
"8872",1.19011168489936,6.46611441575086,1,2
"8873",0.842178120949127,11.8559402798131,1,2
"8874",4.15937897184065,9.26812041647742,1,2
"8875",2.34648320263982,8.42833783307515,1,2
"8876",-0.413953634957682,10.3073418101251,1,2
"8877",2.04755190759813,5.93274542620393,1,2
"8878",0.189982103378174,7.50992634859508,1,2
"8879",0.317980249102785,4.47520350379015,1,2
"8880",2.6806552614454,6.84769627684696,1,2
"8881",0.100926819942013,13.3123092514525,1,2
"8882",1.24666960670547,4.83442487466905,1,2
"8883",3.19251991975859,9.71672068315802,1,2
"8884",0.414630818817447,5.89389489752456,1,2
"8885",2.88963453395389,1.77391454448405,1,2
"8886",2.26701614795801,5.44767058369018,1,2
"8887",-0.761467282905551,2.53362699257865,1,2
"8888",-1.20890967354768,7.54393576475591,1,2
"8889",0.526007167027608,7.95088658720415,1,2
"8890",1.18784380033775,8.40704709521454,1,2
"8891",2.48131399937287,9.05789445483686,1,2
"8892",3.31274579143172,4.74783796365766,1,2
"8893",0.620931480472972,7.69071858280673,1,2
"8894",1.22716158144338,11.9011495767927,1,2
"8895",3.26434621456515,7.02553480700587,1,2
"8896",2.32768450226409,3.89179276508534,1,2
"8897",3.61441025041089,7.63991378243347,1,2
"8898",4.41181756791569,11.9066873351784,1,2
"8899",3.9708153274641,4.46451833331021,1,2
"8900",1.90933351551273,4.1647680744151,1,2
"8901",1.01240158783559,5.3078331277337,1,2
"8902",1.54295524133967,3.93087669357946,1,2
"8903",3.3306115295711,7.02542343807379,1,2
"8904",2.77758989097354,7.93099714210734,1,2
"8905",1.56060744274671,7.28177671733961,1,2
"8906",0.84189583654661,7.27718880658048,1,2
"8907",0.0177754364215428,4.27461481586431,1,2
"8908",3.2485595961561,7.3818037928162,1,2
"8909",3.89580041113391,7.97259446108909,1,2
"8910",0.265997214209604,-2.74360110274161,1,2
"8911",0.00717215275844296,10.1517104342913,1,2
"8912",0.156378979780389,2.24401984272407,1,2
"8913",-2.38882952233204,6.57069582506252,1,2
"8914",1.83156640704056,9.0490422652147,1,2
"8915",1.89293817436693,5.54932453812207,1,2
"8916",1.71289050453362,3.57267037629819,1,2
"8917",2.18750305426468,4.77161533529553,1,2
"8918",0.156285079908093,8.87683193098968,1,2
"8919",0.175315765133825,8.54961932613961,1,2
"8920",3.30112222531641,5.4654023139074,1,2
"8921",-0.403637808293365,7.53719818508133,1,2
"8922",-1.17278438885938,9.02746979713146,1,2
"8923",1.38864331712767,10.4830279625554,1,2
"8924",3.22221189958475,3.12083261408341,1,2
"8925",0.275399569999405,5.3737599619208,1,2
"8926",1.87515150591443,9.87265778113926,1,2
"8927",3.03297892810326,7.40211621670273,1,2
"8928",0.59947971078773,-0.00212965183604297,1,2
"8929",1.71400797306869,12.3588318978409,1,2
"8930",5.00588159959709,5.47035444032912,1,2
"8931",0.922842689797006,-3.18991539877007,1,2
"8932",2.77960645797635,5.60896813157189,1,2
"8933",-0.162081281855712,1.35623688735378,1,2
"8934",3.42469718427184,7.36792402468508,1,2
"8935",-0.179268152623643,4.72286991866241,1,2
"8936",2.02442625739011,10.2093994994704,1,2
"8937",-1.20725673294489,8.39648942085427,1,2
"8938",2.54806693043892,4.94004459863313,1,2
"8939",3.75850990222837,4.72190559489658,1,2
"8940",2.62021676013295,-0.765865460656357,1,2
"8941",-0.479147551750183,4.23098215952015,1,2
"8942",4.6920772906581,5.87660728998284,1,2
"8943",2.67641754981777,4.61213163591689,1,2
"8944",1.34301768065757,0.546239179417466,1,2
"8945",2.31866824428096,6.27420818804936,1,2
"8946",1.97390514288181,6.44657538580371,1,2
"8947",2.89806988110982,1.6629119272193,1,2
"8948",5.50902641092987,5.60577992440373,1,2
"8949",1.04881978557151,-0.0473489092312604,1,2
"8950",2.24277535286587,6.12200264230155,1,2
"8951",4.81099867677088,-1.89456638000676,1,2
"8952",-0.367816027432339,7.50433171019666,1,2
"8953",2.36174583911451,5.26317380875789,1,2
"8954",0.756665765292765,5.63571104523623,1,2
"8955",1.5848743388365,1.27493795075851,1,2
"8956",0.810776793269247,3.34846409071439,1,2
"8957",1.54023233798098,0.131259069489889,1,2
"8958",2.86198248274089,7.726179561953,1,2
"8959",3.46530236915643,5.09740845480508,1,2
"8960",2.44115315616243,10.3798922020117,1,2
"8961",1.37417520278143,1.20955523332532,1,2
"8962",1.43724161081293,8.35193156297268,1,2
"8963",0.391555756770362,9.94480229383536,1,2
"8964",1.68056268858806,10.6015479470845,1,2
"8965",0.0159482478833151,1.84098054745112,1,2
"8966",1.7932605580792,5.35664395011446,1,2
"8967",-0.287904138107854,14.9712662127975,1,2
"8968",-0.939463540088169,8.93182819410525,1,2
"8969",-2.25700747056894,6.81426658299812,1,2
"8970",2.18339406334265,7.02957109336075,1,2
"8971",1.37551527899227,6.09674278236155,1,2
"8972",1.60232855382417,6.10073762666863,1,2
"8973",0.701760590119431,8.86821633903862,1,2
"8974",0.803668072975402,2.14078289910692,1,2
"8975",1.43248178640173,5.6438950039938,1,2
"8976",-0.229253587723475,8.29630285252992,1,2
"8977",-0.549395348135981,4.701396652685,1,2
"8978",0.488590681240534,7.7053046580449,1,2
"8979",0.550630021158418,5.34558057228338,1,2
"8980",1.54792787699293,-5.54529014108817,1,2
"8981",1.29773008750133,7.06085116950184,1,2
"8982",2.366537872132,1.75775498282172,1,2
"8983",1.71009569305873,6.78391974457661,1,2
"8984",3.67637199096963,7.52890377844586,1,2
"8985",4.67839909581442,-1.19215405427905,1,2
"8986",6.23095121729333,12.6477742959337,1,2
"8987",1.90559380773773,2.79247168674236,1,2
"8988",-1.57644865116867,3.00913456956898,1,2
"8989",1.63256400424396,9.91138196401883,1,2
"8990",3.28296031685892,4.61562694034435,1,2
"8991",1.47204564006419,1.61201966811991,1,2
"8992",0.507361105918332,8.27029775034519,1,2
"8993",5.92667639893339,9.00854162257336,1,2
"8994",2.21286843471471,-3.59023706803099,1,2
"8995",-0.0639614535583035,5.74169932636284,1,2
"8996",0.340236041107587,6.24795160923556,1,2
"8997",1.94509856126625,10.6608831666467,1,2
"8998",0.626234750895224,4.2036729312717,1,2
"8999",2.08321077699908,6.41954811072473,1,2
"9000",1.80227806607568,11.1938526104849,1,2
