"X1","X2","component","subcomponent"
"8001",4.80858590818057,0.314993808780504,1,3
"8002",9.99235057269689,3.26766004953455,1,3
"8003",4.85381156703916,-0.147903037225308,1,3
"8004",7.35562721434987,2.34458794486982,1,3
"8005",7.89056432096083,0.23801823200142,1,3
"8006",14.2750450394326,3.20053195812792,1,3
"8007",4.72020668905718,2.6196709102909,1,3
"8008",3.73391408826,2.22483279567888,1,3
"8009",2.52828159032643,2.1392887580352,1,3
"8010",4.22508133891386,3.93740274077154,1,3
"8011",9.34711596569857,0.69653203363586,1,3
"8012",5.79145335516168,1.30865600669723,1,3
"8013",4.14073970226232,2.92001089153585,1,3
"8014",11.9199880694958,2.51270789399061,1,3
"8015",0.999923352398437,0.141215981129273,1,3
"8016",2.52661046517101,3.67307119152694,1,3
"8017",5.53125437281358,1.99838396383141,1,3
"8018",7.23335744261563,-0.0433848149170257,1,3
"8019",5.7972794968943,0.538627959901388,1,3
"8020",6.82080359177931,2.68711733853091,1,3
"8021",4.21741239631887,0.72824943427033,1,3
"8022",4.35280890497764,3.10755848863178,1,3
"8023",9.20641516666735,-2.65380930978094,1,3
"8024",4.87756959773282,4.6714754887032,1,3
"8025",6.03655502672991,-0.144486157124725,1,3
"8026",12.1092513725169,-0.248843886887503,1,3
"8027",6.51409111844622,-0.430047937782662,1,3
"8028",15.9290115838493,3.23345199464381,1,3
"8029",1.297963435075,3.33529256046856,1,3
"8030",4.88334688071439,1.43787577546303,1,3
"8031",4.85661702525927,0.944254548943589,1,3
"8032",2.82367531954319,2.28928968411988,1,3
"8033",7.06274871832834,1.81925140245465,1,3
"8034",6.83685818749529,0.350071536327898,1,3
"8035",12.7219245417435,0.806343586629689,1,3
"8036",-2.86111333470793,2.4941744399369,1,3
"8037",5.36426453149878,1.6709383588477,1,3
"8038",2.738764168283,3.79592540382012,1,3
"8039",3.59139386384128,3.64507885413844,1,3
"8040",6.46839004812023,2.96794816582194,1,3
"8041",6.39311106128423,1.37168537679854,1,3
"8042",12.9826704982591,0.556264062800834,1,3
"8043",4.11614359103964,0.0392295254145554,1,3
"8044",6.06939459638118,1.42927370392747,1,3
"8045",0.416895640376853,3.40207021853808,1,3
"8046",-1.94848814119814,1.9695817769142,1,3
"8047",5.42107238568897,1.78120369310036,1,3
"8048",4.68203825544776,0.698445450325019,1,3
"8049",6.4024389577496,-0.245816036723055,1,3
"8050",4.04575743177151,-0.375554927430589,1,3
"8051",1.87675419662711,1.19260426925999,1,3
"8052",2.41795233310384,1.67789444049199,1,3
"8053",12.2001615990656,1.1792093109376,1,3
"8054",3.30283939920542,1.29652085038002,1,3
"8055",9.16282573121189,1.79518717923374,1,3
"8056",1.93503052212494,2.00590391125035,1,3
"8057",2.49966031041609,1.83505340245171,1,3
"8058",6.98965469919167,3.88056672110207,1,3
"8059",9.25708185510774,-0.953928045442602,1,3
"8060",4.12212388838997,1.27117316496551,1,3
"8061",12.5537764304518,3.59902021033411,1,3
"8062",4.61618964034875,3.97703139984058,1,3
"8063",2.67266963817928,5.44901894126111,1,3
"8064",9.04263205161254,-1.58361674302803,1,3
"8065",7.69833307640277,2.26859378817206,1,3
"8066",9.6942074847507,-2.87407784042032,1,3
"8067",4.29301141960725,1.62194099694611,1,3
"8068",1.92788718597443,-0.507375390523166,1,3
"8069",10.4340050090081,1.18547832567967,1,3
"8070",11.4091707058572,-0.674136710235083,1,3
"8071",5.48902817217809,0.878908318665304,1,3
"8072",0.582678796809689,0.280930606070418,1,3
"8073",10.206467213466,-0.401092157948582,1,3
"8074",2.34600554787736,0.163521062103268,1,3
"8075",2.11840980056283,2.6731073661307,1,3
"8076",3.9163906313575,3.63144775636971,1,3
"8077",2.53605455817718,2.76230924027805,1,3
"8078",5.83247126173032,0.767971026011076,1,3
"8079",9.06209004909509,2.44805653845501,1,3
"8080",2.93462974248011,2.36358657107429,1,3
"8081",2.21015258189352,1.96119210923517,1,3
"8082",4.96658316382532,-1.93159989377444,1,3
"8083",5.11436867567354,2.71553601722318,1,3
"8084",5.71390667695756,2.28054356351056,1,3
"8085",9.79558241190971,0.653043994693692,1,3
"8086",0.356657062616025,2.53157796588878,1,3
"8087",3.5273436186884,1.8977111532024,1,3
"8088",0.197867309609932,1.30122269215754,1,3
"8089",9.37536401024778,2.33174493827741,1,3
"8090",5.01966959579253,2.03462520832618,1,3
"8091",3.5259284585191,-1.22577627212211,1,3
"8092",14.6853593042216,0.248245583713935,1,3
"8093",-1.94090435701744,1.56852940423804,1,3
"8094",13.9384297884675,2.65270945095433,1,3
"8095",2.05221369590683,1.32902866937038,1,3
"8096",8.23406852348772,0.528245273867634,1,3
"8097",5.40366864884289,-0.068935543981673,1,3
"8098",2.8543860809758,4.43179751134488,1,3
"8099",6.38945041030928,0.589463223787096,1,3
"8100",9.18453777702456,1.73135042209694,1,3
"8101",4.53928225073408,1.93928707481949,1,3
"8102",7.21219974236915,-0.766848042998459,1,3
"8103",3.75172432384324,0.381001065727877,1,3
"8104",5.15722651954733,0.362232208561899,1,3
"8105",7.98275768985608,0.105666035417652,1,3
"8106",1.64697784792753,2.22417101192731,1,3
"8107",0.757931267969443,-0.122390442078563,1,3
"8108",8.45744552929761,1.17225984720247,1,3
"8109",6.78793326085782,2.71254857991883,1,3
"8110",11.0114078939905,1.0834301055092,1,3
"8111",5.58123922000522,2.9524857569975,1,3
"8112",5.56799725731267,0.439954615243412,1,3
"8113",5.03157363931684,2.21709017432601,1,3
"8114",9.44417880922332,1.86170376308716,1,3
"8115",3.31226478537517,-0.0471217550416505,1,3
"8116",5.80603404352788,0.321317234882753,1,3
"8117",6.75525831847391,1.12666199450417,1,3
"8118",2.31000178171367,3.05829832764016,1,3
"8119",9.64280194168356,0.0442269641455695,1,3
"8120",4.07559245790259,-0.125510310535414,1,3
"8121",-0.526811547416181,2.2815432454833,1,3
"8122",11.8720185777204,0.5163542320069,1,3
"8123",8.06751995440143,0.878723323019167,1,3
"8124",9.50853037819095,1.95408652763695,1,3
"8125",-0.0223538822067066,-0.101728958669154,1,3
"8126",3.95676821037933,0.221009368784498,1,3
"8127",13.5526546282825,2.25384752093188,1,3
"8128",-2.11615163306791,1.49269642069393,1,3
"8129",2.92919951371818,3.38591555937239,1,3
"8130",4.45414494614873,5.13978777819588,1,3
"8131",7.82322727985833,2.72029399043731,1,3
"8132",8.76023468735198,1.49865895940319,1,3
"8133",13.0275203366228,2.45040696559266,1,3
"8134",-1.71220137989638,2.38898527076402,1,3
"8135",11.0781831256244,0.756813399795677,1,3
"8136",8.47992447649864,0.185058991482471,1,3
"8137",10.469334688268,1.26211656135785,1,3
"8138",9.39744263549046,-2.58670139298997,1,3
"8139",5.12856817698904,-0.0104671420666946,1,3
"8140",7.64132393258356,4.00816663142055,1,3
"8141",12.7989887006428,1.25986195692376,1,3
"8142",6.91343247204268,0.297460510135996,1,3
"8143",4.0733134321864,1.96322944253536,1,3
"8144",6.60383432389528,0.55996634394115,1,3
"8145",5.73959466546216,1.03261285176456,1,3
"8146",0.562538094128993,1.20168598719345,1,3
"8147",2.3381584193544,3.11120642694206,1,3
"8148",7.91381649597459,1.40554910244071,1,3
"8149",7.39617473830214,1.99346843491147,1,3
"8150",4.24585188488209,0.313099428427263,1,3
"8151",10.4356188898599,-0.153144145916553,1,3
"8152",6.83074604222271,-0.731279419736881,1,3
"8153",-0.777592771799625,0.571563060245187,1,3
"8154",1.775187274338,-1.35914230326922,1,3
"8155",13.1536380039093,3.25944893589883,1,3
"8156",11.8421921572985,3.52925411887331,1,3
"8157",3.43073005160792,1.52551527528714,1,3
"8158",6.51781165937158,1.36539239242593,1,3
"8159",4.70328603053865,2.72050511096732,1,3
"8160",6.04117784625254,1.74621488433541,1,3
"8161",3.59335790456662,0.114997147812184,1,3
"8162",6.48292995113517,1.60075814724346,1,3
"8163",2.22068475733931,1.02700738634538,1,3
"8164",8.04641806169815,-1.16874196491013,1,3
"8165",7.59824589920078,2.15364963675432,1,3
"8166",9.24524361603848,-2.5199427362864,1,3
"8167",8.68768265487572,1.36460209638785,1,3
"8168",8.4365250115771,1.80239635555748,1,3
"8169",5.87081229297726,2.5387743237096,1,3
"8170",2.48232869634042,4.53025705625245,1,3
"8171",-4.38162655672811,-0.388722730040393,1,3
"8172",10.533389330813,0.417779971171231,1,3
"8173",4.00020230099315,-0.00839269457831304,1,3
"8174",9.00972140843599,1.16696076027611,1,3
"8175",7.54143763245301,0.391346522034876,1,3
"8176",8.07399398125173,3.85845502284501,1,3
"8177",6.22391788732648,2.27554763776227,1,3
"8178",5.10407901021565,4.02365077832137,1,3
"8179",1.8627673765665,1.95637271626515,1,3
"8180",7.75760449253569,3.1053381251523,1,3
"8181",5.22174907937039,-0.327695837148488,1,3
"8182",2.20411898182446,4.29748753899909,1,3
"8183",0.98612553769347,4.22764894429842,1,3
"8184",4.98694421883689,0.445658419077409,1,3
"8185",4.76315092756036,2.08880215801558,1,3
"8186",4.9645551821691,1.81248949979148,1,3
"8187",9.68639388929421,1.41602054254808,1,3
"8188",3.43032029232845,1.48726957811266,1,3
"8189",7.60106010236583,0.153796990383396,1,3
"8190",2.50950474477408,2.82125211338418,1,3
"8191",5.49803664021679,3.05270990750432,1,3
"8192",10.660966017514,-1.41907012781546,1,3
"8193",9.00325021250292,3.22787972341307,1,3
"8194",7.75623474913133,3.63389610050955,1,3
"8195",8.26689768249279,1.43356613163731,1,3
"8196",9.82086056872619,0.723459583028005,1,3
"8197",9.17767628111648,3.07038175900328,1,3
"8198",5.78747930649497,4.65479594439213,1,3
"8199",7.5123080350372,-1.21091981780313,1,3
"8200",4.34586277805999,5.09822742995269,1,3
"8201",6.53766988964989,1.25296356947762,1,3
"8202",6.20376364032915,3.08700019103473,1,3
"8203",7.32383319589675,1.45399051359993,1,3
"8204",4.15634798319993,0.303586113844813,1,3
"8205",9.36659580711937,0.402647026104133,1,3
"8206",3.90164204508089,-1.20946803889643,1,3
"8207",-1.06211066540614,3.83396831187808,1,3
"8208",7.67930016128995,-0.0220340332133364,1,3
"8209",-0.843852164563068,5.56075008886263,1,3
"8210",4.90776202474526,-0.359922741029868,1,3
"8211",4.02555582960355,0.373654662546053,1,3
"8212",7.93094435219662,1.96606263664036,1,3
"8213",-1.3451730656135,2.93736920635782,1,3
"8214",8.26022893895041,1.54299224806435,1,3
"8215",-0.269437225429576,-0.103525001280848,1,3
"8216",6.65570415816916,0.957856012579755,1,3
"8217",8.06492810093538,2.64139645847563,1,3
"8218",2.38937939834349,2.21746718886062,1,3
"8219",9.23152089508572,0.133467943187602,1,3
"8220",0.313190952577609,3.51246444186007,1,3
"8221",12.5153931703302,1.68372658769404,1,3
"8222",7.27272921504776,1.82304133103138,1,3
"8223",8.19226527725075,0.867913111475288,1,3
"8224",6.8020492749201,1.7996018272989,1,3
"8225",2.24866973245495,-2.04817044354156,1,3
"8226",7.93554754603876,-0.25724409370046,1,3
"8227",5.31489924969222,4.46688332662402,1,3
"8228",-0.848941041157806,1.28995262491526,1,3
"8229",15.9609716002914,1.56586829078935,1,3
"8230",8.22409551073531,2.12718697785896,1,3
"8231",5.5115432711252,-1.32447607555944,1,3
"8232",5.79911228774967,1.6622800982794,1,3
"8233",6.92400896827337,2.36755503104569,1,3
"8234",8.60943922030194,-0.687756236570303,1,3
"8235",2.06933157069498,3.22173531403178,1,3
"8236",4.17940408377678,2.12407028244882,1,3
"8237",-0.614075301119878,2.93682227513694,1,3
"8238",13.5348571846022,2.9715311648381,1,3
"8239",2.69171693977299,0.682925165169561,1,3
"8240",8.2656148018532,1.18751336340151,1,3
"8241",14.9595796479373,1.50866247344547,1,3
"8242",4.34860682385669,3.14331038973566,1,3
"8243",9.15374208206975,2.01444037495122,1,3
"8244",7.05672707247498,1.68859229770994,1,3
"8245",12.2927731288307,1.73498052795565,1,3
"8246",15.051774489861,0.37585206212792,1,3
"8247",9.35518473173598,3.79572869276077,1,3
"8248",8.94769903765108,-1.01575699155462,1,3
"8249",9.51912470640949,0.681405875307943,1,3
"8250",3.3601129073013,2.08406908094902,1,3
"8251",2.43300435148009,1.2684881607974,1,3
"8252",9.79060152859878,3.07190328085531,1,3
"8253",2.27104095734631,0.236934708692048,1,3
"8254",0.495895952971093,2.70456252558706,1,3
"8255",1.28827015143715,0.813469335524088,1,3
"8256",13.6977464825625,2.3867768243585,1,3
"8257",7.66983330837032,1.1003318225427,1,3
"8258",5.94182994636227,2.58394459254799,1,3
"8259",5.84940631241614,2.48413583422673,1,3
"8260",11.1321420837881,-0.0547399299853484,1,3
"8261",3.58684977112075,2.64340790649411,1,3
"8262",8.67817297582083,-0.729380516548504,1,3
"8263",12.2393188972049,1.39369369189499,1,3
"8264",8.63130486056768,1.3699628608475,1,3
"8265",8.6545065409811,1.75511989882795,1,3
"8266",7.56038742579026,2.00175595174068,1,3
"8267",3.94898609397339,0.23312433405367,1,3
"8268",7.47145908781903,4.23550460013583,1,3
"8269",4.66575223444763,1.40835824293593,1,3
"8270",8.40917776765057,1.05755504451043,1,3
"8271",9.84339204028296,3.07775354517271,1,3
"8272",7.01772636898859,0.392247894921373,1,3
"8273",3.56035021298187,2.13026168759337,1,3
"8274",11.1612175848764,2.48061932073735,1,3
"8275",12.5635321753497,1.39870068870088,1,3
"8276",5.35813797651556,4.68104739298132,1,3
"8277",8.13947736946049,-1.43330175362364,1,3
"8278",10.2568166491282,0.709891361825135,1,3
"8279",-1.42906574359099,2.07530461836048,1,3
"8280",-1.9881318348711,-0.698092114073257,1,3
"8281",-6.15750833753137,0.202078705881632,1,3
"8282",9.93469783392575,2.73721319392193,1,3
"8283",-0.357058259447562,2.37880315583023,1,3
"8284",3.1902563986238,0.764021492252801,1,3
"8285",8.10301160582332,-0.451485005841023,1,3
"8286",3.78023798206531,0.970972055336106,1,3
"8287",5.19947246193568,-0.612440766173098,1,3
"8288",-0.777005359100904,2.83442405721815,1,3
"8289",4.42595128116179,-0.907349316891299,1,3
"8290",3.22710630821754,-0.37085092504134,1,3
"8291",-5.45732200951287,2.78250567124531,1,3
"8292",2.84224945121969,4.34656721698634,1,3
"8293",1.74093163948852,0.00666576003454589,1,3
"8294",6.95481537349657,-0.272877877551544,1,3
"8295",2.8787437012233,1.27233168377249,1,3
"8296",-2.57878298912643,3.81891522262342,1,3
"8297",6.34773567511009,2.36350583095579,1,3
"8298",8.83756356722274,1.7926470309774,1,3
"8299",10.0597620146156,1.0110757121014,1,3
"8300",4.5432114261939,0.92715624286387,1,3
"8301",4.89374359468813,-0.501603739330716,1,3
"8302",6.03912218030175,0.601384030830755,1,3
"8303",0.16660821131461,1.82586133208896,1,3
"8304",6.77251607214324,1.77926030230929,1,3
"8305",3.79817545999651,0.0681926770551016,1,3
"8306",9.13500183836815,0.650032849742312,1,3
"8307",11.1428687517447,2.81761994406928,1,3
"8308",1.7132422378701,2.17115713927177,1,3
"8309",5.65986198827842,1.36610436814863,1,3
"8310",1.2107113952279,0.832870957809583,1,3
"8311",9.4445823660492,1.27966411917468,1,3
"8312",1.00241874488484,2.5027585407019,1,3
"8313",2.5522226777652,2.7954250446742,1,3
"8314",6.21390918008364,-1.0167212299351,1,3
"8315",5.28981539045188,2.60684670068533,1,3
"8316",5.82905703542822,3.20985516167437,1,3
"8317",2.42591741512356,1.79592280116605,1,3
"8318",8.19748872954215,1.78884776060997,1,3
"8319",4.37297956189877,-1.70091380925382,1,3
"8320",1.73117901085768,-0.373722770949271,1,3
"8321",7.291672647041,-0.0641814923064825,1,3
"8322",5.53935437605314,3.59844153330539,1,3
"8323",3.79724530178816,1.23796091866517,1,3
"8324",1.45137879953073,1.73515996273536,1,3
"8325",7.2743043925909,2.06686175188151,1,3
"8326",1.631804419338,-0.0161600847751875,1,3
"8327",10.3341311720077,1.67935942175926,1,3
"8328",5.09651934820006,0.188796513796482,1,3
"8329",6.99730127907985,2.81228634265713,1,3
"8330",6.79704323976362,1.66489727261378,1,3
"8331",2.33758093937172,2.88910524563845,1,3
"8332",4.12375624671769,2.67662782187409,1,3
"8333",4.94050397726436,0.363155577140662,1,3
"8334",8.40370296998433,1.86397340366783,1,3
"8335",5.88467626448868,2.4160596270608,1,3
"8336",10.9445414752988,-0.951600405828246,1,3
"8337",2.25109209475066,1.46707954900636,1,3
"8338",4.07046186641706,2.92464448166312,1,3
"8339",5.35160261095368,0.369523954911537,1,3
"8340",6.50152235730603,2.91148348221528,1,3
"8341",13.1076808245208,1.08239080979946,1,3
"8342",-0.812215537633562,3.93278325241051,1,3
"8343",8.2342036064105,-1.96090105567476,1,3
"8344",1.85632336967351,1.96540041196819,1,3
"8345",11.6922632363721,4.93871274745374,1,3
"8346",4.3320159039472,0.115447605496554,1,3
"8347",2.34486669537057,4.68270695115894,1,3
"8348",7.00126644026867,1.52963539929343,1,3
"8349",5.70183923424224,1.81462699966203,1,3
"8350",7.63552264150307,1.3523809431797,1,3
"8351",0.973727398023973,0.0591983110765026,1,3
"8352",8.66078235737783,0.665329135298809,1,3
"8353",8.3101769866462,1.81811775529195,1,3
"8354",7.00802798327525,-1.68551451386616,1,3
"8355",6.1469526207226,1.02361277508289,1,3
"8356",3.59430347395154,2.85104331257364,1,3
"8357",3.34746106227986,0.648499108870409,1,3
"8358",1.40954638556813,-0.576847915778239,1,3
"8359",6.23530201232907,4.21493269611054,1,3
"8360",3.81318712936749,2.21804472021927,1,3
"8361",2.02910276698841,2.89845270785565,1,3
"8362",0.513949835103923,0.859868223282288,1,3
"8363",10.8759154105003,1.62224007510479,1,3
"8364",7.14458866435242,2.50943280489983,1,3
"8365",13.9339789466851,2.18091281798475,1,3
"8366",12.972921024653,3.82167209321877,1,3
"8367",0.510200380517443,-0.692626447279206,1,3
"8368",7.83761023237803,2.42680960352093,1,3
"8369",4.33703025240873,2.89323865234017,1,3
"8370",10.5070890741185,1.22696306524098,1,3
"8371",4.88577353677477,-1.41072760399681,1,3
"8372",9.83894652097757,2.29627573978591,1,3
"8373",7.14433488639328,-0.140390764184785,1,3
"8374",10.75206459478,1.82176504739716,1,3
"8375",7.7636910971728,0.455328625639219,1,3
"8376",5.1925504370361,0.0378016196380335,1,3
"8377",6.87231113942591,1.30626298514811,1,3
"8378",3.49984177234438,3.1713372172691,1,3
"8379",6.21472019156814,1.30560017081408,1,3
"8380",1.63291574843027,1.66362722500021,1,3
"8381",8.2055645164516,-1.14773035234877,1,3
"8382",1.22259081163587,2.96026708360382,1,3
"8383",-1.88398169879169,-0.856583931837481,1,3
"8384",5.88378913471904,2.9273799046317,1,3
"8385",10.0036941517486,0.853979192451875,1,3
"8386",5.9348220406811,4.4936345563288,1,3
"8387",0.820639774407171,-0.43159111930905,1,3
"8388",9.18369622225036,0.736351783857567,1,3
"8389",5.76326836126738,1.44050421790749,1,3
"8390",8.69058619745669,1.64667117947694,1,3
"8391",11.0329646344455,2.43705831884781,1,3
"8392",2.96555410206849,2.62429381742262,1,3
"8393",4.00516768306136,-1.01233761649469,1,3
"8394",6.83427149203092,2.36557314746742,1,3
"8395",-0.128961138537728,0.187012849261549,1,3
"8396",11.2063291915921,2.2060170086636,1,3
"8397",8.70247943984711,2.06425494065563,1,3
"8398",14.9752792684735,2.28068516938368,1,3
"8399",5.61956104742435,1.73605858641585,1,3
"8400",7.48648050425979,3.68503883178006,1,3
"8401",8.54694950212336,3.3470556351345,1,3
"8402",4.22980293786099,1.66692585829101,1,3
"8403",4.68656482620896,1.93404221575806,1,3
"8404",9.46497608874456,2.26796737310962,1,3
"8405",9.0068673553892,-0.160189591009797,1,3
"8406",9.21183294488648,1.53434566940012,1,3
"8407",4.15448414171759,2.37784219749266,1,3
"8408",4.58646588798027,-0.261300576180916,1,3
"8409",6.17229094986127,-0.151729653657925,1,3
"8410",9.6502566509427,1.47974139618449,1,3
"8411",10.1423030838712,1.43130577583203,1,3
"8412",10.3310209705613,2.43796541459949,1,3
"8413",10.8269664236646,1.09415001627854,1,3
"8414",8.8028873716166,1.82778972237126,1,3
"8415",10.7090264684239,3.99156699411642,1,3
"8416",5.67073255463279,1.49975004500263,1,3
"8417",2.18812606256262,1.17204421619718,1,3
"8418",15.7556836549953,2.3997901131495,1,3
"8419",4.94141169098986,3.23807713433036,1,3
"8420",4.07566890816139,0.970897966058812,1,3
"8421",5.33165874605288,3.08045900687749,1,3
"8422",4.93143599284475,0.884289156931176,1,3
"8423",5.84066018852896,0.820265776851643,1,3
"8424",9.6954749046004,-0.718206794439495,1,3
"8425",1.52440957214615,3.10947876069865,1,3
"8426",9.40644902435848,2.00222929816271,1,3
"8427",4.33591604902208,2.58725155368234,1,3
"8428",7.46888143899888,1.90671810188162,1,3
"8429",9.6535200881556,-0.510686271606124,1,3
"8430",11.4380979157039,0.470051277042309,1,3
"8431",9.97253560196004,2.5565779038272,1,3
"8432",7.6020831118544,3.39274567278327,1,3
"8433",10.1890615769598,1.65692252773519,1,3
"8434",3.83350458453155,2.22511703610926,1,3
"8435",6.38231715516517,3.08497966411597,1,3
"8436",5.0496719293138,-1.75809895612841,1,3
"8437",-1.45347081469857,1.80613352806806,1,3
"8438",4.28398330208565,0.647010963049899,1,3
"8439",4.24054224809105,1.02980044529677,1,3
"8440",7.00730542830725,1.13648783730963,1,3
"8441",5.5333276104832,4.50401664094629,1,3
"8442",10.4289517389971,2.81965403075125,1,3
"8443",6.07032136723885,-1.63580975933155,1,3
"8444",5.32150905540344,-0.764568002849574,1,3
"8445",7.53626027706678,2.35142436437751,1,3
"8446",6.04920956217322,0.628497085446955,1,3
"8447",8.01036685667849,2.81863018189418,1,3
"8448",-0.43009731031143,3.07107743905012,1,3
"8449",0.132082620205731,2.05070490350029,1,3
"8450",3.54056556049755,2.42675828594397,1,3
"8451",5.03632954127223,1.23797954863205,1,3
"8452",6.51508750517565,2.7953644062275,1,3
"8453",2.76741592273784,1.32381171221793,1,3
"8454",1.84991836393499,1.67914191871261,1,3
"8455",10.9790385885691,1.5759545429436,1,3
"8456",10.0353679473334,1.81171045114198,1,3
"8457",6.5331665566995,2.89502748401195,1,3
"8458",12.57002656604,1.28160968201527,1,3
"8459",7.12322037408135,-0.0402711502123569,1,3
"8460",4.8747597044518,1.90163112921602,1,3
"8461",9.83030527631933,1.53929650854595,1,3
"8462",13.2829606342857,-0.175500694636984,1,3
"8463",11.1574630952714,0.169874327453077,1,3
"8464",6.39125905532165,4.90714390821004,1,3
"8465",10.7592803930921,2.04699680398699,1,3
"8466",8.17369755141922,1.09763668857848,1,3
"8467",6.11617378445061,2.17488705844176,1,3
"8468",3.52136040750944,2.83780612068608,1,3
"8469",-4.50570900285222,-0.330900401967849,1,3
"8470",3.62132134245257,4.16063207713093,1,3
"8471",11.6966729217182,0.368721362944999,1,3
"8472",4.12917001334135,2.20343256230551,1,3
"8473",6.98303365890158,0.848354875405919,1,3
"8474",7.14098821670204,-0.379240059456632,1,3
"8475",11.6824213394066,1.48798192941766,1,3
"8476",-3.07491633570334,2.29308798732249,1,3
"8477",1.53365401471371,2.00784145001864,1,3
"8478",9.61504116690428,1.64731450191529,1,3
"8479",4.60858746674935,2.12274973775396,1,3
"8480",5.76107412782728,3.66390147282428,1,3
"8481",9.42510319885735,0.444258064063598,1,3
"8482",2.13136010438288,-0.387315327620762,1,3
"8483",2.63251089533575,3.37746193160458,1,3
"8484",7.37699234977273,4.07216058901501,1,3
"8485",-2.90166742736867,1.26220395849747,1,3
"8486",8.83016041961143,0.101543964082276,1,3
"8487",0.0103337630766012,0.873854091761081,1,3
"8488",12.9040473724251,2.31490265732153,1,3
"8489",0.478680660985831,1.01707503308113,1,3
"8490",4.63064717414314,-0.75641945602816,1,3
"8491",5.05030268526303,2.51715159859705,1,3
"8492",2.94873622371239,1.88874565580088,1,3
"8493",4.52769022713387,3.97846457903209,1,3
"8494",5.37694408256373,-1.11051551973673,1,3
"8495",8.75049639052164,1.82981888322745,1,3
"8496",1.99004510339264,0.470262379078315,1,3
"8497",2.32145423216973,3.48628047713213,1,3
"8498",7.52813892385475,2.29818479879624,1,3
"8499",10.0990370384683,2.06489356528741,1,3
"8500",2.60263658647074,1.47156804919032,1,3
"8501",5.98530725925403,1.33459243932238,1,3
"8502",14.4626581139876,-0.268870645357459,1,3
"8503",6.33090239841173,0.898837437161714,1,3
"8504",4.43587058733067,0.553956973013932,1,3
"8505",5.5690291389517,3.24985291665285,1,3
"8506",3.03883488571428,0.517129308970572,1,3
"8507",-1.12439556076159,0.956388436485939,1,3
"8508",2.06445777807953,5.0169414155935,1,3
"8509",5.96422613875965,1.66660310020647,1,3
"8510",8.2342916360387,0.290837274114033,1,3
"8511",8.63775587871079,3.17181410016462,1,3
"8512",12.5383502617221,4.18879295799443,1,3
"8513",2.63503417628622,0.863339582303238,1,3
"8514",11.3854339874522,2.8753711092376,1,3
"8515",6.93941512759512,0.572294888076133,1,3
"8516",9.53720155538134,1.61640914601412,1,3
"8517",5.34199817749748,0.509709729507501,1,3
"8518",1.48508445531555,0.238240435757197,1,3
"8519",10.9642749468908,3.49533694721833,1,3
"8520",2.14068104198616,2.37214305916752,1,3
"8521",5.84996034913597,3.98294091090964,1,3
"8522",5.18366605903563,-0.00397392207159486,1,3
"8523",8.55114621644335,2.41174442284736,1,3
"8524",7.74129756333251,0.713932822379566,1,3
"8525",9.79031942046566,0.872436179225183,1,3
"8526",-0.328229931736017,2.35317669393185,1,3
"8527",10.5315056034392,-1.45351146886578,1,3
"8528",11.7638219174952,-2.83253950721662,1,3
"8529",10.7449107016911,0.030307322069866,1,3
"8530",0.363235344752913,1.87262034080337,1,3
"8531",5.5094714841075,1.30352517840129,1,3
"8532",4.60974186140922,3.39360669071,1,3
"8533",7.59517485445677,2.29548163373178,1,3
"8534",6.59148385038499,3.66248688300129,1,3
"8535",3.0765412135085,0.639147671272473,1,3
"8536",4.31968639475685,2.73602156638775,1,3
"8537",12.3204567996408,2.69860919644897,1,3
"8538",7.67081236858227,2.05431085117684,1,3
"8539",12.0381700134413,3.75455274288448,1,3
"8540",11.6685118381002,0.657887012974853,1,3
"8541",6.88295604415634,2.94101401041888,1,3
"8542",-1.9319061309718,2.7364317412451,1,3
"8543",6.64714660492982,3.66395226580438,1,3
"8544",7.90085777030227,1.74082621175451,1,3
"8545",5.02102285509569,1.96054935597759,1,3
"8546",8.26357741743499,1.88256230479242,1,3
"8547",7.69195027895368,0.225989071038148,1,3
"8548",3.01560818521741,3.66082255985669,1,3
"8549",4.49807487905007,2.69490068732986,1,3
"8550",8.86530796598893,3.47228127273962,1,3
"8551",-1.0447807984212,1.53139206944165,1,3
"8552",2.0584965621663,3.54310627616363,1,3
"8553",12.8527693865902,0.193321384545896,1,3
"8554",2.4285098079469,2.47817507541066,1,3
"8555",3.6961442014378,-1.544410992752,1,3
"8556",13.4550770419964,2.59068420653192,1,3
"8557",-0.0834838200867267,0.398567397257632,1,3
"8558",9.06433886596253,0.206073505299575,1,3
"8559",10.637848898608,1.60724015696402,1,3
"8560",4.73340449500257,-0.511586859239804,1,3
"8561",3.78692333170745,-1.21808066207234,1,3
"8562",10.9316097507281,-0.0711292266570127,1,3
"8563",-5.38463002810391,-0.781792308612435,1,3
"8564",-2.84725520174294,4.401446152895,1,3
"8565",-3.72463480149545,4.29332420583422,1,3
"8566",0.460772851726049,2.70584263965579,1,3
"8567",9.5403369187188,1.46439336619463,1,3
"8568",14.5009687756497,1.99463276452338,1,3
"8569",5.80200849646193,2.58232901072789,1,3
"8570",10.6811930642936,0.307944452814809,1,3
"8571",8.95023844456738,1.79975333370892,1,3
"8572",8.50580616818345,4.06625017758758,1,3
"8573",6.75647983056549,-1.73161135260292,1,3
"8574",6.59909819962638,3.04320941811682,1,3
"8575",1.71743937066172,-0.170067232620146,1,3
"8576",5.46873667314949,2.85692414727809,1,3
"8577",6.02261892147803,0.753688907489623,1,3
"8578",8.6930031725111,1.63483078020735,1,3
"8579",3.0657090555726,-2.43471149107711,1,3
"8580",9.29742271385749,1.46228690967331,1,3
"8581",5.79205294103054,-3.51316545146323,1,3
"8582",2.38346828577421,2.28945393169399,1,3
"8583",1.76917327222315,1.27053783894698,1,3
"8584",2.51250782700144,-1.45435922132649,1,3
"8585",12.3842586347975,2.99686564093141,1,3
"8586",7.7599726069074,3.77893747312916,1,3
"8587",9.49872641515083,3.47853986875477,1,3
"8588",3.66469636693129,0.544413287221847,1,3
"8589",11.617632417329,-0.224626851167288,1,3
"8590",3.12029176420022,0.262029146198382,1,3
"8591",7.51621784792615,3.64540273974369,1,3
"8592",5.11633190743858,2.76611503147142,1,3
"8593",2.88313679910665,1.59033129677645,1,3
"8594",10.2510235908277,-0.188538325360505,1,3
"8595",4.11933055362749,1.67960424603614,1,3
"8596",0.379758470620495,0.0991417918641586,1,3
"8597",9.7784765416973,3.43047343739422,1,3
"8598",12.4599204248231,1.1802550915397,1,3
"8599",2.98277683570756,3.31330433975095,1,3
"8600",6.04740485315902,2.85503849884569,1,3
"8601",0.153306292393686,1.61467114938004,1,3
"8602",5.29470110117512,0.571684928391294,1,3
"8603",4.77917797266961,0.732867702562898,1,3
"8604",4.30094277444167,3.60697750160287,1,3
"8605",7.70494408393831,3.22989427552339,1,3
"8606",10.2994507821724,-0.126291489505709,1,3
"8607",8.6068460089662,-1.89657199166304,1,3
"8608",8.9322197355428,3.09606345038805,1,3
"8609",8.77778836396448,0.942192859580442,1,3
"8610",10.074028206276,5.59565671705955,1,3
"8611",4.49434829348955,0.901316737959696,1,3
"8612",6.98065249266472,0.927394000863874,1,3
"8613",2.95918391870094,1.5108570692893,1,3
"8614",2.73626926851414,-1.16640155570591,1,3
"8615",2.3620237667533,0.0700730109257388,1,3
"8616",7.46265553007717,1.71989742269034,1,3
"8617",7.4740348206946,4.4427391180649,1,3
"8618",3.41475536949755,-0.133708540394045,1,3
"8619",3.38293959568128,1.2650478015193,1,3
"8620",8.20220775459452,-2.89394002465001,1,3
"8621",9.57759636002173,3.48169290153145,1,3
"8622",6.97468254148314,2.27031454110036,1,3
"8623",8.2975360823909,1.29138153315725,1,3
"8624",9.12484104991506,0.722239634132737,1,3
"8625",10.4284582146173,2.6125295146086,1,3
"8626",4.37533787167905,4.19856130893448,1,3
"8627",2.54761848232263,1.75386043611798,1,3
"8628",7.78017426592255,-0.816192420532985,1,3
"8629",8.4262564892643,0.560189101334186,1,3
"8630",0.847986341078903,1.40749789493543,1,3
"8631",5.97809493008106,0.114965396407493,1,3
"8632",7.98500593028073,-0.767703350301984,1,3
"8633",8.1789078839134,2.01463690000336,1,3
"8634",6.39722458851098,4.45441744500843,1,3
"8635",5.01238466634951,-0.174440995636399,1,3
"8636",9.10036073897129,2.65936967939008,1,3
"8637",6.16760282656356,0.360517680107973,1,3
"8638",7.7017896559911,-1.11912336996007,1,3
"8639",4.92676102050758,1.76741119185976,1,3
"8640",13.7504851112915,0.914851000297556,1,3
"8641",2.73969839507954,2.14076188917324,1,3
"8642",9.62549007314538,2.09770650164487,1,3
"8643",0.494107665941685,0.2243867781336,1,3
"8644",7.83616977974009,1.32120097931298,1,3
"8645",10.1799314664861,3.36869672871407,1,3
"8646",5.7972945329856,1.88414307150622,1,3
"8647",8.50502975355843,-1.67061068527362,1,3
"8648",8.33243000445442,0.652590492350741,1,3
"8649",9.1397484976659,2.21164658522822,1,3
"8650",0.685005690260827,1.77652912489823,1,3
"8651",16.20776184801,1.82318268489922,1,3
"8652",4.67835573628494,0.982397529795291,1,3
"8653",6.70216984101926,1.81349555839125,1,3
"8654",3.55511923448238,0.350368729123998,1,3
"8655",-1.47623792477968,2.81144786408643,1,3
"8656",5.1842128006738,2.77050498899006,1,3
"8657",4.91487933452733,2.96070246687334,1,3
"8658",3.56793357971931,3.05981441248552,1,3
"8659",9.25811882261258,0.782161571814079,1,3
"8660",1.59256146695459,4.00665222436177,1,3
"8661",3.21129394120523,0.50324614098614,1,3
"8662",9.51139537234807,1.02045771916968,1,3
"8663",13.3235934916527,0.971174238221601,1,3
"8664",1.3570448781443,0.131876949278096,1,3
"8665",6.54593175008995,2.73711153372988,1,3
"8666",12.3692482971244,0.741687351829181,1,3
"8667",0.981383811018023,0.315090155081601,1,3
"8668",11.7386509735375,0.54786999871063,1,3
"8669",1.22667086344811,0.419168134869176,1,3
"8670",9.51381399552046,0.0215720885186428,1,3
"8671",10.2564665215019,2.03812886785735,1,3
"8672",3.20474175413903,1.42491929504533,1,3
"8673",2.04495992128556,-0.406403759792058,1,3
"8674",2.15222918301791,0.101381381951425,1,3
"8675",-3.6745690612438,3.53593016431951,1,3
"8676",5.67720411620748,2.31313637096766,1,3
"8677",16.3161895953122,0.95489365992257,1,3
"8678",8.76270263531235,1.57043777815859,1,3
"8679",-0.819159769669358,-0.978431088587997,1,3
"8680",8.08308629151368,4.52508049719768,1,3
"8681",3.00870094889742,2.39555884437935,1,3
"8682",7.96153670441803,0.208711870849692,1,3
"8683",-2.35403628688787,1.57630192915545,1,3
"8684",6.12523218595257,0.290606719274626,1,3
"8685",6.74861124421351,2.49522489410606,1,3
"8686",1.24674087723861,-1.15885844962358,1,3
"8687",6.89823646056024,4.07724536357893,1,3
"8688",7.34498606426128,0.873482362371631,1,3
"8689",2.91053020837255,3.63378036044167,1,3
"8690",7.35461450316701,1.56220218488433,1,3
"8691",9.52750586750216,0.0525985705994403,1,3
"8692",8.44405043042965,1.34559558564125,1,3
"8693",2.81318701880693,0.217045539864694,1,3
"8694",0.746968317414308,0.248781176773246,1,3
"8695",10.2200717528552,1.53232350674542,1,3
"8696",5.59935966418705,0.565181950992917,1,3
"8697",6.87869795699909,4.54702000913398,1,3
"8698",3.287252803938,2.45046878277826,1,3
"8699",5.66596805832656,0.188341462810895,1,3
"8700",-0.129844922649582,-0.686635322430028,1,3
"8701",3.11115776797774,1.74528777093165,1,3
"8702",2.59469959749527,3.51378424996748,1,3
"8703",6.79313394020125,1.83650009610047,1,3
"8704",10.956943736225,-1.39826522989542,1,3
"8705",4.85792843999332,-0.00347374168531234,1,3
"8706",7.50102528210195,1.41046570587055,1,3
"8707",3.599989539116,0.039607906042088,1,3
"8708",5.59202308479735,0.917658452854701,1,3
"8709",9.5817171498246,0.83523117318164,1,3
"8710",3.07975087579694,4.75733749746372,1,3
"8711",2.36356201572606,2.41720808108344,1,3
"8712",5.84128452669632,1.66087385711159,1,3
"8713",6.15689482806885,2.30916225243948,1,3
"8714",6.11938502730489,-1.0085076492539,1,3
"8715",9.39991074811906,3.86043796014303,1,3
"8716",8.95498396389623,2.26488442753181,1,3
"8717",6.91455570070092,6.28796189585401,1,3
"8718",3.86618913531751,2.38752445970641,1,3
"8719",8.39486239361369,0.502231701815073,1,3
"8720",9.11129712222095,0.678604578192247,1,3
"8721",11.5294481412736,3.51991580187135,1,3
"8722",9.61342452822814,0.2533707774948,1,3
"8723",1.17514961870345,1.4054932361301,1,3
"8724",2.75177462652398,4.04698253646251,1,3
"8725",3.04301383070047,-1.05970968514346,1,3
"8726",13.051794900856,1.34728643554612,1,3
"8727",6.01646865690967,4.36775309458689,1,3
"8728",7.10295423504337,-0.142522021951219,1,3
"8729",4.66178208069477,-0.419786296018209,1,3
"8730",8.03325948125987,1.51281228257799,1,3
"8731",8.02634427054573,1.48745512250838,1,3
"8732",5.41858227367953,1.17233438074382,1,3
"8733",4.50155084034495,2.14767672281204,1,3
"8734",10.018040136129,1.55917679008517,1,3
"8735",7.15256319933415,1.0370828560878,1,3
"8736",3.82141825457421,3.4473096518775,1,3
"8737",7.42402399741501,0.827309538657183,1,3
"8738",3.34424834366486,2.11247252958931,1,3
"8739",-0.893546343610825,1.22447009444378,1,3
"8740",6.51126870287828,2.20414324520442,1,3
"8741",7.45826222980635,3.85507323460487,1,3
"8742",9.17068031241967,4.71058599414213,1,3
"8743",6.81658374404562,1.41668930522442,1,3
"8744",9.92839595108925,2.25636572057862,1,3
"8745",5.57005440197841,2.74252898527974,1,3
"8746",9.14522847344945,2.5943659506547,1,3
"8747",11.6161330657086,1.32057737094801,1,3
"8748",5.34300769078391,1.73890964393166,1,3
"8749",15.5028370294366,1.5300858587277,1,3
"8750",8.10270171062618,2.24203225701602,1,3
"8751",8.2128079301417,3.00300370923983,1,3
"8752",7.52842006973312,-0.236052942407028,1,3
"8753",0.349515811170582,1.41736000435079,1,3
"8754",8.88218308172449,1.02530775546807,1,3
"8755",0.621870399494497,1.57296647440439,1,3
"8756",2.10103959376471,1.09404371700584,1,3
"8757",11.4316319419994,3.77135803910984,1,3
"8758",2.9136693479867,2.2473543372416,1,3
"8759",10.617114471915,0.236570394336326,1,3
"8760",4.5884532464478,1.24966120375943,1,3
"8761",9.93536085910625,2.77667176266737,1,3
"8762",8.89935464337148,0.332977282281441,1,3
"8763",5.57593679431421,2.19091862995669,1,3
"8764",4.30032060178825,0.91556441437664,1,3
"8765",10.5913493666514,0.869630860104216,1,3
"8766",10.9050569394367,-0.532545571674198,1,3
"8767",10.322006512037,4.51728728203027,1,3
"8768",6.96320804447544,4.03938031642095,1,3
"8769",0.509628728182139,3.76780534716126,1,3
"8770",5.08025308463793,0.8710196340073,1,3
"8771",-1.76044600805266,1.43426186440171,1,3
"8772",-0.328453350237269,0.366179433853775,1,3
"8773",4.97907301299687,-0.932714065646004,1,3
"8774",8.82992395735307,1.45959796192806,1,3
"8775",2.5720265793405,1.88634555147499,1,3
"8776",6.83096706354116,4.16393192528945,1,3
"8777",5.72051343734992,0.308060538518677,1,3
"8778",3.46433506651689,0.221535189096209,1,3
"8779",9.29703727038498,5.60134939235079,1,3
"8780",4.54870353889165,5.11449532760498,1,3
"8781",3.42227583774891,2.14009281242293,1,3
"8782",3.95331111988035,-0.190420616666312,1,3
"8783",1.60706566977021,3.06104572788828,1,3
"8784",12.1895126240989,2.28618296271018,1,3
"8785",4.73100882298287,0.701286727303609,1,3
"8786",5.68417895611327,3.98018253145486,1,3
"8787",6.42668415539199,1.26878359267592,1,3
"8788",2.86113488252511,1.87849811900026,1,3
"8789",3.9925645606203,3.49760920166171,1,3
"8790",3.47404564684971,2.91219170131803,1,3
"8791",8.07119077058833,1.89992344371773,1,3
"8792",13.4929828906325,-0.635024528683498,1,3
"8793",9.06393357060488,0.397525662676115,1,3
"8794",3.4940957439011,2.80207147304447,1,3
"8795",9.2185614500363,0.251495641739338,1,3
"8796",6.07460115544969,-1.65868779528369,1,3
"8797",3.7579143832824,0.371565564041729,1,3
"8798",-0.561436022498703,0.340106983033815,1,3
"8799",4.55755905444973,2.90509485260967,1,3
"8800",6.70179919078804,1.1486161405248,1,3
"8801",10.1615164001894,1.4512414086654,1,3
"8802",6.29327467303486,2.87550093839611,1,3
"8803",3.32436527685773,2.17687516568598,1,3
"8804",6.61003943150618,-0.632387134902499,1,3
"8805",1.06938199909118,2.14174699842727,1,3
"8806",2.07455558539927,1.14338975996468,1,3
"8807",1.59651228250614,2.26775613603594,1,3
"8808",1.7713055247003,1.84795676611061,1,3
"8809",5.01150417413098,2.2752581764635,1,3
"8810",3.60087059398547,2.40597123476375,1,3
"8811",0.269294865835824,2.93489982544008,1,3
"8812",8.06970523075564,0.850646938029755,1,3
"8813",5.69087828055869,1.98845517610339,1,3
"8814",6.02884508321406,1.39454055515657,1,3
"8815",3.95353869441176,0.918049349867127,1,3
"8816",4.73476342064143,3.45972070993059,1,3
"8817",10.2767224514212,-0.415107569252387,1,3
"8818",4.40395258296492,-0.686302463383448,1,3
"8819",5.65528766498532,2.83581397387791,1,3
"8820",3.27624172213483,4.52710767860853,1,3
"8821",3.94626449354582,0.299450412109493,1,3
"8822",6.33324852338768,1.75212185814114,1,3
"8823",8.03181821356616,0.305580015214152,1,3
"8824",5.50521063324106,2.01309986481473,1,3
"8825",8.67149898678963,1.71658341738976,1,3
"8826",8.84122685409734,3.101356623513,1,3
"8827",3.55559054006521,4.01028868116572,1,3
"8828",4.10092578173237,1.5005508542289,1,3
"8829",6.39375929336502,1.52772693903419,1,3
"8830",1.99244562445461,2.29392307363389,1,3
"8831",-0.775911701204569,2.327515456831,1,3
"8832",5.43299599960148,0.767468669938175,1,3
"8833",7.25159711802738,-1.37789207679932,1,3
"8834",3.23714692636092,3.00724923988806,1,3
"8835",0.848171209593575,2.17658454137632,1,3
"8836",7.99770548755147,1.16257191132966,1,3
"8837",4.65099000035995,0.176255373151703,1,3
"8838",6.87663824961628,2.08063481075675,1,3
"8839",5.55171943087085,-1.90472881053429,1,3
"8840",0.211449595363288,3.04209441767518,1,3
"8841",6.50071446001624,2.69043756438874,1,3
"8842",7.28790324929556,2.99178006611179,1,3
"8843",0.641303960418633,1.43266134564707,1,3
"8844",2.55611399739024,0.852673074157151,1,3
"8845",9.07288741951318,0.306333475623449,1,3
"8846",7.92612790632083,-1.93682047761668,1,3
"8847",-0.245000280310589,0.997610848918553,1,3
"8848",7.83023314785203,2.92984467297733,1,3
"8849",9.86313090237403,1.79998864088406,1,3
"8850",9.66065562484128,1.81727899387673,1,3
"8851",10.2899269947758,1.28824489533812,1,3
"8852",-1.51548855800485,1.02281117520524,1,3
"8853",9.44898557161377,2.58005109249592,1,3
"8854",6.81883062359207,2.08031914565764,1,3
"8855",6.85159342029657,2.38381385257864,1,3
"8856",9.13513522562861,1.75413966144012,1,3
"8857",9.46671316947157,1.25907583211065,1,3
"8858",5.98649134958193,0.942063850232585,1,3
"8859",10.8838222085217,1.51756183759388,1,3
"8860",11.1806358408168,0.812434814098026,1,3
"8861",4.424373664713,1.1193238901658,1,3
"8862",6.77917065845503,2.33223010317232,1,3
"8863",6.26907087719492,5.38192049669332,1,3
"8864",5.15051949416426,0.533996546702424,1,3
"8865",11.0418635738504,2.12593755409781,1,3
"8866",2.60912444147774,2.17865443799797,1,3
"8867",4.31217649236117,3.37847052144864,1,3
"8868",3.96145431229809,3.45374704544266,1,3
"8869",8.9651405107821,-0.460374180850744,1,3
"8870",7.8643333496768,2.36874583212539,1,3
"8871",11.428797438083,0.816562495881123,1,3
"8872",4.17554434918073,2.18391582442306,1,3
"8873",14.138899433402,1.63347883160659,1,3
"8874",4.33753845510829,2.40789208031903,1,3
"8875",-1.10629664409285,-2.14283191430886,1,3
"8876",3.90804035240717,-0.229895048160142,1,3
"8877",9.50020583195785,1.66525071096303,1,3
"8878",14.2831717436782,0.83130296096843,1,3
"8879",5.25214227477508,0.466427907044692,1,3
"8880",1.40283619959703,3.09807058795449,1,3
"8881",6.36256622047047,-0.089262830029031,1,3
"8882",7.98124455160518,0.74145665935793,1,3
"8883",15.0086078555548,1.94926757051735,1,3
"8884",5.19703842916293,1.3038638293952,1,3
"8885",3.91360945710624,-0.337676610421133,1,3
"8886",4.77609885718331,-0.984794325031748,1,3
"8887",2.08505622993951,3.34181723459553,1,3
"8888",4.84826758525871,1.53681818244288,1,3
"8889",7.7216867591907,3.0496046714906,1,3
"8890",12.7598473680559,0.957824811585052,1,3
"8891",4.56909719754732,1.85497807092667,1,3
"8892",0.719943918695217,1.77579280733808,1,3
"8893",6.37570971090716,2.62300699685124,1,3
"8894",6.50850151540233,-1.67093920250917,1,3
"8895",11.1833733576238,0.771647171290339,1,3
"8896",0.0918692140358655,0.856413874407885,1,3
"8897",6.9042491833227,0.567038405209801,1,3
"8898",4.66191191132239,1.01441442191379,1,3
"8899",12.7750052136134,1.40683819135303,1,3
"8900",2.79986428884762,2.3277181145252,1,3
"8901",10.3602302550087,-0.0911477487023549,1,3
"8902",7.29775378171508,2.74104899617256,1,3
"8903",5.4406549289472,0.833690348759492,1,3
"8904",1.06421898012139,3.84741701697522,1,3
"8905",7.32545231528551,1.04039184722119,1,3
"8906",3.29422609491192,0.476663064989312,1,3
"8907",3.96762583267885,1.79095759021609,1,3
"8908",10.451493786823,1.67794113480725,1,3
"8909",4.41700513434675,0.0558531977372447,1,3
"8910",6.35577108459715,-1.54814539854227,1,3
"8911",10.1672308308426,1.72706398612443,1,3
"8912",3.00839134673917,0.403910659156348,1,3
"8913",9.94364115498164,0.741456412377583,1,3
"8914",4.79315693521077,-0.925340700682271,1,3
"8915",-2.53728605227303,0.497466947334064,1,3
"8916",5.86461195534733,0.865756815748809,1,3
"8917",7.03812002225848,-0.155738903085094,1,3
"8918",10.4671896757622,1.55897986256399,1,3
"8919",1.38253982287717,4.16263143345919,1,3
"8920",8.51136240062273,3.11039777230136,1,3
"8921",8.8332406416219,-0.223932301719554,1,3
"8922",3.54416155336663,2.43376652975718,1,3
"8923",10.3295663521092,4.65389388502016,1,3
"8924",10.0523896178228,1.96669648405694,1,3
"8925",5.97839747474502,2.04020122303126,1,3
"8926",15.1255082936921,0.406318891760556,1,3
"8927",6.92298714965601,0.28402258392055,1,3
"8928",4.28768848630159,2.40573492258115,1,3
"8929",4.38754383465952,2.36727302880958,1,3
"8930",5.51693918825811,2.52336930298395,1,3
"8931",4.82037512382581,1.95369627238311,1,3
"8932",-2.71237048132445,0.429207432353381,1,3
"8933",-1.06137140508628,0.333676725906106,1,3
"8934",1.10196292830228,1.74097172459166,1,3
"8935",4.86103157772206,2.30750330867961,1,3
"8936",7.66752959958586,0.0539182673209164,1,3
"8937",5.11913021206197,1.43347732722292,1,3
"8938",8.1094932721609,4.35575922656682,1,3
"8939",-2.28162695893926,0.937841586128699,1,3
"8940",2.0562715740594,3.46379485195082,1,3
"8941",12.3277419423828,-0.818509087711548,1,3
"8942",8.45989856900263,1.96362326481484,1,3
"8943",-2.84867130829286,2.70590075850478,1,3
"8944",4.0046982059859,0.119328595003302,1,3
"8945",9.82713588503421,2.74826283582006,1,3
"8946",11.8542545270413,3.62966735116084,1,3
"8947",8.88331791300168,0.864465986466224,1,3
"8948",8.96858444890084,0.40811930480466,1,3
"8949",2.30292543412634,1.84938243380676,1,3
"8950",4.86456774390139,3.54224313571229,1,3
"8951",0.455577789740215,1.15471072861848,1,3
"8952",8.48503585407195,-1.21814381988614,1,3
"8953",12.4142212018502,1.70808628642916,1,3
"8954",14.0938772032807,-0.267114079190509,1,3
"8955",6.62098714350444,2.89640834972392,1,3
"8956",5.74069886223256,1.4213804177808,1,3
"8957",5.94826218994969,1.56846554488283,1,3
"8958",2.72885025320922,1.29347331959324,1,3
"8959",8.31025231119028,1.89940497044318,1,3
"8960",5.9280389066294,2.92236508537004,1,3
"8961",10.3947207182125,0.533621451701423,1,3
"8962",7.70279999247455,2.38039786278556,1,3
"8963",3.90129172110311,1.33429121737671,1,3
"8964",-3.54148944170114,2.32700276377224,1,3
"8965",10.6557423218984,2.32386574720442,1,3
"8966",11.4942328447162,1.42490829079428,1,3
"8967",3.3932638513234,0.382887061041584,1,3
"8968",6.43716222375877,2.29351303525219,1,3
"8969",10.0769408011207,2.01565378419296,1,3
"8970",6.55898300637155,1.80750890392787,1,3
"8971",7.14850287574979,2.34043667961827,1,3
"8972",2.35431711229753,2.24950426029572,1,3
"8973",13.3975394353672,1.98072593626578,1,3
"8974",4.05758063226293,1.84446245432876,1,3
"8975",2.70485033448458,2.42042524483122,1,3
"8976",-1.80860770094412,1.55647159810331,1,3
"8977",11.884303015712,1.84220683363647,1,3
"8978",-2.27239032137449,1.43144684894724,1,3
"8979",5.21744934032154,2.24003126855296,1,3
"8980",11.7504677452882,2.77941410518084,1,3
"8981",3.32585204265804,-0.0600288129936404,1,3
"8982",2.44493330588003,3.99665157584425,1,3
"8983",7.72282976243986,3.27830551485979,1,3
"8984",6.19019890121851,2.30765380369599,1,3
"8985",11.4343927844407,-1.70410110384705,1,3
"8986",4.11565923713967,-0.689097141489396,1,3
"8987",6.17694834556877,1.28252534821957,1,3
"8988",10.4520088826615,1.49618661135379,1,3
"8989",5.6628565430687,3.75248603020531,1,3
"8990",5.10888185560111,0.810856346833007,1,3
"8991",4.56595026732125,2.24209109427691,1,3
"8992",0.351340025996589,3.88589605209669,1,3
"8993",-2.1863642578787,0.415865934970058,1,3
"8994",10.4527884410492,1.5678033031489,1,3
"8995",17.0371641842475,2.68945299822522,1,3
"8996",7.91969528137543,3.86697438425842,1,3
"8997",-4.67360423482894,0.41585663402071,1,3
"8998",4.18143844014345,1.5322519534997,1,3
"8999",4.00236953255385,1.48864245328557,1,3
"9000",11.4165761380252,-1.01812024264106,1,3
