"X1","X2","component","subcomponent"
"8001",7.15811976723325,32.8932884202951,8,7
"8002",7.01230050989646,26.5252038852217,8,7
"8003",8.47607281208977,30.9395397841515,8,7
"8004",10.5493671535248,28.9062357717386,8,7
"8005",6.2067898001732,31.3173171943945,8,7
"8006",12.5110871947644,29.267670058319,8,7
"8007",9.38063087427508,42.6091795251959,8,7
"8008",8.8770077941716,30.8097975852677,8,7
"8009",6.26498731494672,34.0932883007299,8,7
"8010",10.3566985509054,30.6690077811011,8,7
"8011",9.52508441122367,32.724024939064,8,7
"8012",5.76119498008666,23.1941170441101,8,7
"8013",10.7071753994241,31.7207205517991,8,7
"8014",6.24103975879517,40.189614168564,8,7
"8015",7.23431163071053,41.4147498471198,8,7
"8016",9.66617194927575,29.2083098876261,8,7
"8017",5.77979671863977,28.6473096730323,8,7
"8018",5.49977472046247,40.9250062303732,8,7
"8019",7.93112917181128,36.9865184320221,8,7
"8020",9.0259056455961,32.413415756544,8,7
"8021",9.64586094384739,38.2192117229762,8,7
"8022",6.33207690105354,29.3040882821128,8,7
"8023",8.31815959339002,36.4125755572306,8,7
"8024",6.81463775943175,43.3031771096483,8,7
"8025",4.54093721408009,37.9635273650692,8,7
"8026",6.72711752679344,23.4553708418225,8,7
"8027",10.3554051943613,27.4161866908544,8,7
"8028",7.4945598085954,34.13977219203,8,7
"8029",7.20128156330895,31.9573744407008,8,7
"8030",7.54106544020367,26.1672405567345,8,7
"8031",7.22822193575265,29.2969014427444,8,7
"8032",10.5295345394634,30.3107506994664,8,7
"8033",6.84490743241286,35.1042222125466,8,7
"8034",6.00131036047917,29.9986664026984,8,7
"8035",8.58741486573294,24.795481536127,8,7
"8036",9.39449638320733,35.823243091782,8,7
"8037",7.26532022880898,25.7186953971045,8,7
"8038",7.70008567169632,29.1245758823306,8,7
"8039",9.11845182894806,26.9377515179936,8,7
"8040",8.84281022469608,27.2983044258468,8,7
"8041",8.70307334617175,25.4318151569612,8,7
"8042",6.63191657487759,25.923659069594,8,7
"8043",8.89876007061531,34.9333487788227,8,7
"8044",7.43431590864544,22.5068800917023,8,7
"8045",6.97163512539212,36.6479620808078,8,7
"8046",8.98059158191995,28.760748862793,8,7
"8047",8.2584502747563,36.8210204070227,8,7
"8048",7.98044522756442,35.0180950623237,8,7
"8049",7.82546087594656,36.8148905478535,8,7
"8050",7.36347444495464,27.3007548153226,8,7
"8051",9.56548937720136,33.1990399564457,8,7
"8052",6.6064865183271,33.9473915432882,8,7
"8053",6.68209354301091,35.9751483205246,8,7
"8054",7.1296472838241,38.1384836443112,8,7
"8055",10.3678272764894,26.1916885023831,8,7
"8056",8.16843660713401,31.3536168465299,8,7
"8057",5.98344068985433,32.2386158027027,8,7
"8058",7.36244042688984,29.6871184687837,8,7
"8059",4.83276165981767,25.8739908401873,8,7
"8060",8.2489426983304,35.3822231205382,8,7
"8061",8.68623499561381,32.1479008580855,8,7
"8062",8.20719438818868,30.5542834713757,8,7
"8063",8.19228291739417,39.3272720916792,8,7
"8064",6.57881055904727,29.4438273479414,8,7
"8065",7.6943269675018,32.7829085648038,8,7
"8066",6.43887724934871,32.4999171114731,8,7
"8067",9.98260736240403,31.3963001662199,8,7
"8068",8.13743754149341,29.1465508383232,8,7
"8069",8.95410810475369,35.120115749411,8,7
"8070",7.57412152532461,30.3755455456304,8,7
"8071",9.95528640829346,26.1273858860262,8,7
"8072",8.78685537230327,40.4127480461175,8,7
"8073",11.1309663837741,34.3979671353215,8,7
"8074",7.19393274976748,31.6570739929809,8,7
"8075",6.95088931723182,27.0476206158866,8,7
"8076",9.68331172186443,31.1117189853189,8,7
"8077",7.0886383114337,28.2972784942528,8,7
"8078",10.1396595522559,30.8045808188912,8,7
"8079",8.18602196372172,30.6122100150785,8,7
"8080",8.82317711631109,31.0043388134645,8,7
"8081",8.24931947328492,39.4861231375977,8,7
"8082",7.03068853224832,24.3383508106209,8,7
"8083",8.52637924219923,33.4308690881671,8,7
"8084",6.65670725740921,30.7492721328895,8,7
"8085",7.92095904278732,24.17878979744,8,7
"8086",6.79782235113902,31.4641179618908,8,7
"8087",8.68454923252162,34.3063728677074,8,7
"8088",7.36791158262484,34.002848036872,8,7
"8089",7.10287759958005,38.5883469020826,8,7
"8090",11.2186665009614,27.4305244375671,8,7
"8091",9.1394545703111,27.5959652966159,8,7
"8092",10.2231366491146,23.7610712322006,8,7
"8093",7.03022998389399,29.3878194621167,8,7
"8094",7.55489011184926,32.3296345446435,8,7
"8095",6.63935835552794,27.6487233051615,8,7
"8096",7.52470025558475,29.3992861057703,8,7
"8097",6.3125711170735,40.4901146977522,8,7
"8098",9.07673268932381,34.6530568652863,8,7
"8099",8.7163248885014,24.0344062525849,8,7
"8100",6.00686738244188,35.1059203414605,8,7
"8101",8.73891712096924,25.6148974452809,8,7
"8102",5.10577032113145,28.612441078063,8,7
"8103",9.76873547912549,34.0643804989254,8,7
"8104",6.94500788223884,32.4322535793582,8,7
"8105",8.1193539764545,43.1668103424534,8,7
"8106",4.70067502862692,36.4187073168521,8,7
"8107",7.43428267792041,28.324901933159,8,7
"8108",8.38466207015663,34.8794767869195,8,7
"8109",10.128288368816,34.4959845376728,8,7
"8110",6.323839553327,39.1149390664052,8,7
"8111",6.96465376645786,33.2037830365296,8,7
"8112",6.94976764530255,26.7560716007125,8,7
"8113",8.10861533186833,28.258782139552,8,7
"8114",5.95183720764081,30.2100266862326,8,7
"8115",5.88509611037853,32.6778446877105,8,7
"8116",7.69242040427595,26.8971039959428,8,7
"8117",7.40889596228197,34.416712328518,8,7
"8118",10.5049561160806,40.4630352058215,8,7
"8119",9.36515626617069,29.2264964941514,8,7
"8120",10.9729614015157,30.4835549103348,8,7
"8121",7.98187951750193,28.7426206740441,8,7
"8122",10.7743255738575,36.9372716339547,8,7
"8123",9.02303544546247,36.8371308380036,8,7
"8124",6.31731521193637,32.0155209424724,8,7
"8125",6.70382349311984,35.1083929330761,8,7
"8126",8.88247719152074,32.2034043008201,8,7
"8127",6.30685667862549,26.1752963140983,8,7
"8128",7.87487502728366,30.172564171372,8,7
"8129",8.37322065103058,25.0426021719767,8,7
"8130",7.14496856800379,35.4215214495284,8,7
"8131",8.52967968614323,27.1075670506991,8,7
"8132",8.17297085745997,32.2408803363457,8,7
"8133",8.0048708918536,25.5898584291668,8,7
"8134",8.51875891250782,28.7536890326529,8,7
"8135",7.15482290030879,28.0761286174607,8,7
"8136",4.98965173748526,28.5537834400018,8,7
"8137",8.57682262280913,27.2984161091808,8,7
"8138",10.5993082568161,33.5279674396905,8,7
"8139",7.99226326252877,36.5406549667875,8,7
"8140",8.9980659219451,33.1704143813737,8,7
"8141",8.03687427202198,24.7362193657168,8,7
"8142",7.07705550985648,28.5700146053126,8,7
"8143",7.04065033516446,28.5901688160975,8,7
"8144",7.28496905381583,28.3868154253271,8,7
"8145",8.69402758256464,21.679181481922,8,7
"8146",8.37487802019192,36.8381869798246,8,7
"8147",11.0192788378279,23.6917797098342,8,7
"8148",10.3183464929027,33.0161985183398,8,7
"8149",7.57573727296415,35.5220725815558,8,7
"8150",10.1804546279671,28.7594674552297,8,7
"8151",9.84847592704631,25.4593112459801,8,7
"8152",7.13529375545708,35.184106114518,8,7
"8153",7.9291686229157,32.9754876137908,8,7
"8154",7.50814336838154,26.5473955428945,8,7
"8155",8.04869537625522,33.7839492330728,8,7
"8156",8.40258451629476,28.0147978685703,8,7
"8157",7.04193357373713,30.0467421938423,8,7
"8158",7.86988365079102,31.9586084708266,8,7
"8159",6.75069454086702,31.7811998252174,8,7
"8160",8.27739603905029,26.2101473390279,8,7
"8161",6.61783470145293,27.8055388801663,8,7
"8162",10.2670964306229,33.6687823962103,8,7
"8163",8.0633993081607,26.2546520818036,8,7
"8164",9.58009110298816,28.8439692220688,8,7
"8165",6.62955539424814,30.2821411716871,8,7
"8166",8.1526283728679,34.2021643436265,8,7
"8167",9.15301983999601,36.0792205130058,8,7
"8168",7.09309463497186,31.3375813912106,8,7
"8169",8.42482216370147,35.9845955977807,8,7
"8170",10.8520784928854,39.2309936858662,8,7
"8171",7.3123176128808,24.1781771462851,8,7
"8172",9.32139151709533,26.8058496863457,8,7
"8173",9.85924622591133,18.9176115178988,8,7
"8174",8.26365311327148,24.4817426901108,8,7
"8175",7.54825133542618,36.0708358769904,8,7
"8176",7.94980116626216,33.1731622446927,8,7
"8177",7.6184684758873,36.0184060113295,8,7
"8178",7.58188032505409,37.6568623421671,8,7
"8179",10.8866235295204,24.2892179952259,8,7
"8180",12.0846097962424,35.0809423844275,8,7
"8181",8.86818486673524,27.8122042984778,8,7
"8182",8.01822334337381,36.6398129547405,8,7
"8183",6.74321603795683,24.1753683974666,8,7
"8184",8.65068419459503,36.2795574606595,8,7
"8185",7.19800948303385,37.510302062099,8,7
"8186",9.8957612762673,32.1634330342896,8,7
"8187",6.71673284081709,28.1188158796151,8,7
"8188",8.63909685455978,32.7166267805369,8,7
"8189",6.09525194716193,25.2637118385703,8,7
"8190",6.80634274752947,29.1671032160399,8,7
"8191",5.61844429163101,32.3886847813024,8,7
"8192",6.46508937727504,40.456980204896,8,7
"8193",7.69349589361655,32.5965195020296,8,7
"8194",8.30997460210276,40.3939605212421,8,7
"8195",5.09889815787651,32.9193223666962,8,7
"8196",7.81830278567301,33.2142632185577,8,7
"8197",10.1165932133271,31.9648907001633,8,7
"8198",9.18512368721301,32.2194737108922,8,7
"8199",7.9618306871501,30.344987414369,8,7
"8200",7.51491216592442,36.6305554633197,8,7
"8201",6.94496367993502,32.7516460706727,8,7
"8202",7.84461339991733,35.158024661058,8,7
"8203",8.73179367790298,26.0464091443163,8,7
"8204",6.02811892642443,31.0867682403749,8,7
"8205",8.2949095491318,35.5345800408009,8,7
"8206",6.02257627914336,27.2339071122858,8,7
"8207",7.62393347950736,34.3399157674378,8,7
"8208",9.67050277885746,38.5625742396049,8,7
"8209",4.7375385691029,32.4671840528245,8,7
"8210",8.51360510125441,30.6193441243719,8,7
"8211",8.14979885447033,26.0755035646979,8,7
"8212",8.95201106443486,34.4296043916421,8,7
"8213",5.95727008508456,34.1104982509445,8,7
"8214",7.98084751066523,32.224940802202,8,7
"8215",8.31107699359467,28.4584905028493,8,7
"8216",8.97136106316752,30.7732273688265,8,7
"8217",7.94975022052683,31.7837708586547,8,7
"8218",8.19408635252272,31.2738394994796,8,7
"8219",10.363054301119,33.1810427752896,8,7
"8220",7.99982570604462,34.5941685229365,8,7
"8221",7.07680399256039,24.7068139281532,8,7
"8222",8.12520069862881,34.7754393593882,8,7
"8223",8.74359862652253,30.6486454071667,8,7
"8224",9.40222677009011,28.9602651769377,8,7
"8225",9.3124185214273,25.5991049893148,8,7
"8226",7.87850150805318,32.7393930565997,8,7
"8227",7.71790244353991,31.5970111418285,8,7
"8228",3.42508664311982,31.9475997021051,8,7
"8229",9.12207018523068,26.7385637645156,8,7
"8230",6.79029388037267,37.7030105429876,8,7
"8231",7.89540355565483,25.3280241027168,8,7
"8232",7.18622654433794,32.7183060978033,8,7
"8233",8.29638549790165,29.0125248477536,8,7
"8234",7.8347627214,33.9776634887951,8,7
"8235",7.83642214238431,30.8350298303696,8,7
"8236",8.34195663144665,34.3256428342901,8,7
"8237",10.2339163666623,29.6833079385779,8,7
"8238",9.70488307341533,30.9380837901695,8,7
"8239",7.79721378963893,27.5530099705038,8,7
"8240",9.75203083022112,24.3111942299497,8,7
"8241",7.30440791976643,27.8853973867187,8,7
"8242",9.50238714544666,30.9126172621039,8,7
"8243",8.87610390880387,29.0997723358326,8,7
"8244",7.57942272215555,39.9087740447718,8,7
"8245",7.7153151694469,25.3577279799228,8,7
"8246",10.5521872156052,36.793992623538,8,7
"8247",7.29226546284257,33.0858898021907,8,7
"8248",9.56544754275231,26.1769029007012,8,7
"8249",9.13524576618271,29.515460757093,8,7
"8250",7.39677876947546,28.830045284236,8,7
"8251",8.53463503669162,28.0603942126919,8,7
"8252",8.56178751447913,25.7747109322159,8,7
"8253",8.29158084810293,35.0082826945831,8,7
"8254",7.81623704307592,28.0357813832099,8,7
"8255",9.35030559889983,30.310818878272,8,7
"8256",7.82432940368539,31.1604271396075,8,7
"8257",6.36153020613094,28.6968127491798,8,7
"8258",6.36838177873953,22.7366621256877,8,7
"8259",8.78720404706757,32.3650868965047,8,7
"8260",7.97341524363414,30.75947680912,8,7
"8261",10.245436226101,40.9757430572836,8,7
"8262",6.41908472094316,33.2587071526558,8,7
"8263",7.1362580776625,32.605361452269,8,7
"8264",8.52771177389814,23.6181411904389,8,7
"8265",5.34189699833589,36.0170632449675,8,7
"8266",5.82680652887777,25.5417898233082,8,7
"8267",6.37779465704197,29.6052421186343,8,7
"8268",10.0442866774239,35.4265021425603,8,7
"8269",8.82120989920884,29.4042468922146,8,7
"8270",6.10026119927152,35.8869631584668,8,7
"8271",9.14813614087929,40.9723810634424,8,7
"8272",8.33891012029959,33.205565240329,8,7
"8273",10.9151840279823,34.3216238273974,8,7
"8274",7.67838252394893,32.4727257119586,8,7
"8275",4.04933286295687,24.5467114611585,8,7
"8276",7.86107057431375,28.8228029713344,8,7
"8277",9.91270736633003,35.6410778898469,8,7
"8278",10.4512335240219,31.6997904689615,8,7
"8279",8.02028389975295,32.5306604920764,8,7
"8280",6.42949014663976,32.8680300485959,8,7
"8281",9.09674879371384,23.888230023449,8,7
"8282",9.65754442585503,29.9847357996194,8,7
"8283",6.09961279358563,27.5475828868528,8,7
"8284",8.66839288994241,30.8041028091123,8,7
"8285",8.6969929709646,33.985290565338,8,7
"8286",8.49171170347946,32.2094476983078,8,7
"8287",7.91186053496224,37.1427655686798,8,7
"8288",7.99955412111248,27.2072498845293,8,7
"8289",9.70435019325453,33.3118596801592,8,7
"8290",10.3590955764136,23.0009047640718,8,7
"8291",6.89166654249477,39.0617919441162,8,7
"8292",8.14484300917465,29.1233420793754,8,7
"8293",9.70953364080732,22.2906577430382,8,7
"8294",5.95876137978739,32.0498405150027,8,7
"8295",10.0701898414677,31.1881520327747,8,7
"8296",6.35002869614553,26.4287651955133,8,7
"8297",8.63394573943115,24.7964135905605,8,7
"8298",5.71276876878513,28.1765380986403,8,7
"8299",12.3751506226749,35.0787186548631,8,7
"8300",10.5182890076633,33.6404878435891,8,7
"8301",8.74761595106331,29.036753587462,8,7
"8302",8.30402266979619,33.7132463566071,8,7
"8303",8.11462949781211,28.701775835361,8,7
"8304",5.80520569248844,25.8399488034083,8,7
"8305",9.60762224808492,28.0107063952057,8,7
"8306",8.0086056834645,26.6129259019463,8,7
"8307",5.71316699015467,27.6793487203993,8,7
"8308",9.12872151006641,37.8619329724414,8,7
"8309",6.57912081749904,39.8596137756131,8,7
"8310",5.6905062933293,20.1173890645651,8,7
"8311",6.57055731800637,28.8154069017168,8,7
"8312",7.92908972222274,31.8750190636392,8,7
"8313",8.9503229478055,32.2431685303243,8,7
"8314",9.87089906933456,35.729369198563,8,7
"8315",8.94760966097808,32.3761367543261,8,7
"8316",8.25370121008951,29.954177777211,8,7
"8317",6.49759863172014,30.2771296030576,8,7
"8318",6.68974146159555,39.0150468699191,8,7
"8319",8.23631505122969,27.0426307008326,8,7
"8320",6.68898121091675,31.028179948345,8,7
"8321",7.96612480517869,30.8392882635362,8,7
"8322",8.51128586403753,35.9646010215495,8,7
"8323",8.75020075871121,28.3290593003543,8,7
"8324",6.84853567118218,34.613842070857,8,7
"8325",8.7100138970553,32.4851377366081,8,7
"8326",8.06871007765162,36.5410265729219,8,7
"8327",7.84336488415291,31.0852152450071,8,7
"8328",7.70887686530343,25.8041793494004,8,7
"8329",7.09627449453993,27.4446020677482,8,7
"8330",7.41254424174156,37.4089471063915,8,7
"8331",10.3403364310535,23.3492523395087,8,7
"8332",9.15977303718441,31.3359435798313,8,7
"8333",7.69703834303955,31.2006737639306,8,7
"8334",8.2311346159183,27.1419488953416,8,7
"8335",8.89231817065307,32.9499522744379,8,7
"8336",4.90873821915137,32.7875483593602,8,7
"8337",6.26915760027815,28.4396629971279,8,7
"8338",9.16028000132175,29.8098665482498,8,7
"8339",5.57801117638208,34.6034504088489,8,7
"8340",8.15460401158996,24.3210846308282,8,7
"8341",6.77765897766085,27.4143046223395,8,7
"8342",8.75037975185803,41.159077463312,8,7
"8343",8.28306925784828,21.9723407291769,8,7
"8344",8.82719302130395,39.2349848305252,8,7
"8345",6.14070343529195,27.8079191976057,8,7
"8346",10.4001975769468,27.5722521435224,8,7
"8347",7.63884995969636,35.526002163333,8,7
"8348",9.27637281582928,36.6396397303508,8,7
"8349",5.04693894403443,27.3144935300128,8,7
"8350",5.55005227282448,23.0858215084234,8,7
"8351",7.80550988382159,24.6662051362466,8,7
"8352",5.99156501894878,24.9599283341975,8,7
"8353",7.77570477030052,32.9052675087621,8,7
"8354",10.977368843612,22.2780917560721,8,7
"8355",7.22550862516744,32.7956449748336,8,7
"8356",9.48694154083188,30.9605523203762,8,7
"8357",6.68520651674939,35.0571779872371,8,7
"8358",7.36504609937798,39.150390481346,8,7
"8359",9.62948780778614,29.8700726515015,8,7
"8360",4.47710710513719,29.0260943195654,8,7
"8361",7.0903841969192,27.3027080592071,8,7
"8362",7.23320512963865,37.2447139133026,8,7
"8363",9.82338300453759,33.6352844699188,8,7
"8364",9.81217071443818,35.551853612918,8,7
"8365",6.49859021074993,31.0695791240962,8,7
"8366",9.39352255665026,34.9701753592361,8,7
"8367",8.47995362763218,36.5741867958466,8,7
"8368",8.76465377901596,25.6096632116209,8,7
"8369",9.22930927176338,26.6787146933802,8,7
"8370",7.79952707532203,32.6153561455886,8,7
"8371",7.37401619523402,30.8591845050868,8,7
"8372",10.7711852763318,29.6533846432164,8,7
"8373",6.99847363950855,34.7700580053274,8,7
"8374",8.32089117123439,34.9761541187109,8,7
"8375",11.0236392186009,27.8659196375028,8,7
"8376",7.65158072802223,32.4351161740752,8,7
"8377",10.9770245112512,35.3755634832634,8,7
"8378",8.24957715339877,31.4212654344613,8,7
"8379",8.78924805523584,30.6403623507474,8,7
"8380",7.28680214373161,28.1918968101417,8,7
"8381",8.28403164145854,27.6850909105992,8,7
"8382",6.96734258089702,34.5961958158699,8,7
"8383",9.43172161182206,27.8774692056042,8,7
"8384",9.62076624666976,28.6716148888756,8,7
"8385",9.06698587638632,33.0154172954845,8,7
"8386",9.24648486307103,34.675506149876,8,7
"8387",9.33434551339013,31.7123768610887,8,7
"8388",9.23045636265318,35.0710880885846,8,7
"8389",10.4081520837121,36.0080693541591,8,7
"8390",7.47293947211585,40.9757003634664,8,7
"8391",7.68280174275214,31.5934305455471,8,7
"8392",10.0310047346976,35.796240784452,8,7
"8393",8.13678247553543,27.6443801965085,8,7
"8394",8.94320934693965,28.5438368127218,8,7
"8395",9.5890287579595,32.8932649819639,8,7
"8396",11.7383495420122,35.8235671356255,8,7
"8397",6.7787515828408,36.7328759320067,8,7
"8398",10.1788580825691,32.8214239920884,8,7
"8399",7.38340305665176,32.0835240141089,8,7
"8400",7.59408059348105,29.4024491206242,8,7
"8401",10.7457805505575,36.9534069603458,8,7
"8402",7.08869777658272,33.400908733935,8,7
"8403",5.98387516160974,32.4941284936607,8,7
"8404",5.89567444783773,23.2303640200977,8,7
"8405",8.95976776655402,28.1795931602997,8,7
"8406",5.36163449148757,29.7275293416307,8,7
"8407",9.23110111328517,14.5489563646161,8,7
"8408",7.2239463748618,31.8170761893182,8,7
"8409",6.22801152384142,38.1084523716708,8,7
"8410",7.02558883975235,25.7868717005927,8,7
"8411",5.0747694100794,22.6953781830852,8,7
"8412",8.84051857993709,26.6282119215063,8,7
"8413",9.75855504622877,31.5157832362775,8,7
"8414",7.78547252483922,32.9348102063054,8,7
"8415",9.35722439965975,31.6559322880832,8,7
"8416",8.53243997046365,37.187796569092,8,7
"8417",8.63659351135397,37.4987670443687,8,7
"8418",6.85132084264747,25.9263599032266,8,7
"8419",8.16699757521192,22.650459247659,8,7
"8420",7.15113171862411,28.8739840049346,8,7
"8421",7.73501199932048,37.7983810985488,8,7
"8422",5.31116423611301,31.3054885033681,8,7
"8423",8.01930703820755,29.9619812451195,8,7
"8424",6.37635407483844,32.4317314710915,8,7
"8425",8.23742539168398,28.2456206384275,8,7
"8426",6.52870334441037,38.6446558963376,8,7
"8427",9.84070935258578,34.3435495826571,8,7
"8428",6.88509978306048,36.0016412811684,8,7
"8429",6.45171926607891,32.930477770928,8,7
"8430",7.869208907087,38.0064028943618,8,7
"8431",7.6796528751478,37.1754926420995,8,7
"8432",5.72044444401837,32.6891399198867,8,7
"8433",4.98080259681898,30.9832808888178,8,7
"8434",5.57489785584238,29.7747673709595,8,7
"8435",4.19315108938024,34.0533170259084,8,7
"8436",6.69541881505718,29.5558538929423,8,7
"8437",8.10367626458409,36.255825546732,8,7
"8438",7.59372361842948,38.277652830778,8,7
"8439",10.1637665087266,29.6236191248551,8,7
"8440",5.2187960017203,38.0302652594833,8,7
"8441",7.55965273893082,34.2957305643186,8,7
"8442",8.67100351659707,32.7237295393044,8,7
"8443",6.36536231370589,31.8747654919203,8,7
"8444",10.1319811282358,35.0205342580051,8,7
"8445",5.60658263622618,28.8727792770564,8,7
"8446",9.46686600332658,30.5773783251856,8,7
"8447",7.89893582245293,33.5244595563101,8,7
"8448",10.9494685984058,21.4053218693841,8,7
"8449",6.41033038439702,24.2441621122145,8,7
"8450",10.5344214413436,35.7603851063384,8,7
"8451",5.43161558213928,26.7780897546797,8,7
"8452",6.56377459616747,22.6409670804975,8,7
"8453",6.28238578263922,30.4918377902908,8,7
"8454",7.53059098416866,26.1515747869434,8,7
"8455",9.58729275146238,23.4421255468214,8,7
"8456",5.04317684516117,31.4478911490828,8,7
"8457",8.06775359413937,33.1424206786441,8,7
"8458",11.6841746183899,31.9740114959226,8,7
"8459",6.35338944103267,31.058576696716,8,7
"8460",7.11331001035415,28.9605773378932,8,7
"8461",11.4002074723564,29.6990534059121,8,7
"8462",7.76206282074729,33.7348673787073,8,7
"8463",10.0017832743969,27.2235453211465,8,7
"8464",8.54738990742048,30.4759095597445,8,7
"8465",8.22333994257904,32.0815353559141,8,7
"8466",10.2782183259005,31.2286505333918,8,7
"8467",8.81325758132594,32.3783805272728,8,7
"8468",7.69579125864789,23.0141071086761,8,7
"8469",10.7988883396017,31.8202169313816,8,7
"8470",8.97577342503681,33.0533704667049,8,7
"8471",7.68421951104096,33.8618413662553,8,7
"8472",9.9507716376651,31.6011099812846,8,7
"8473",9.23941425802914,35.6969510711976,8,7
"8474",7.44088089556045,32.1716284745978,8,7
"8475",7.99096852892865,33.7274982085856,8,7
"8476",8.57100163518484,31.0505253151085,8,7
"8477",6.48783528196671,31.6433543510556,8,7
"8478",9.42685458209824,39.5797167986608,8,7
"8479",10.8758398937373,31.504801841576,8,7
"8480",7.78610666555629,39.1604342975869,8,7
"8481",9.31951602923961,29.2321147023668,8,7
"8482",8.08667784336469,31.1336756511695,8,7
"8483",6.45432147423959,35.0722218826781,8,7
"8484",6.83474724886289,29.0555768422905,8,7
"8485",6.99143172592029,32.7073244942245,8,7
"8486",9.64818547481696,24.3653121047485,8,7
"8487",5.72441989347932,37.5653944037866,8,7
"8488",5.59662661145966,29.7420802433975,8,7
"8489",8.97157264656171,34.7567573824372,8,7
"8490",7.91943722513354,31.5029414592579,8,7
"8491",12.7582907880467,34.6289841271467,8,7
"8492",6.52255759091101,28.9701458205359,8,7
"8493",7.28359175450712,27.3231551436801,8,7
"8494",6.70296626811548,34.0865318731078,8,7
"8495",7.08321600776088,26.8266963402203,8,7
"8496",8.29354694959867,31.6224032629834,8,7
"8497",7.17094632831317,32.857605375937,8,7
"8498",7.09271245411754,24.7592453499537,8,7
"8499",8.2492124597,29.967369341491,8,7
"8500",8.08356367053209,24.6390282680772,8,7
"8501",6.6536782740289,28.0144286934682,8,7
"8502",7.88067938819977,29.7551509733258,8,7
"8503",8.2383799420284,33.4905333454697,8,7
"8504",8.49270556152461,30.6844442582683,8,7
"8505",6.05616607684467,35.1261105632675,8,7
"8506",6.73182029087874,31.6117830639438,8,7
"8507",6.57173593339768,38.1316664168867,8,7
"8508",8.0035116319901,36.2461061749568,8,7
"8509",5.68437282259334,27.0461302123377,8,7
"8510",7.96566267803107,33.5633734501059,8,7
"8511",7.45362191598583,38.2125523277152,8,7
"8512",6.61223010806476,32.8625231428983,8,7
"8513",7.28110584054054,26.1655518809498,8,7
"8514",8.71183524789097,37.604541006175,8,7
"8515",8.67838206899855,30.2324257989264,8,7
"8516",7.92466662711087,30.5306273927013,8,7
"8517",8.57763811447741,34.0570007917457,8,7
"8518",6.37639209649484,26.7651693901658,8,7
"8519",7.23576496955542,27.2083375362837,8,7
"8520",5.41028568771546,31.3365732978389,8,7
"8521",7.3028867561631,23.6105967549643,8,7
"8522",8.90805769416247,28.9239595675858,8,7
"8523",11.2920041183824,37.213176241734,8,7
"8524",9.5512509630977,30.6450958193383,8,7
"8525",8.2541527128115,26.7655426392205,8,7
"8526",6.69832618159146,24.8890854425049,8,7
"8527",8.71573126474443,31.9911573573719,8,7
"8528",5.50910519793516,27.1770425699152,8,7
"8529",6.7277525501409,35.7144404113527,8,7
"8530",9.05520567851457,32.1218701508205,8,7
"8531",9.24410511498769,27.4411999450513,8,7
"8532",4.67359517065027,35.3189207930611,8,7
"8533",7.46315986838406,26.7093532114649,8,7
"8534",7.38011154847884,29.0915161102398,8,7
"8535",9.34514436693821,33.4070832354863,8,7
"8536",10.229858661889,31.2721487139041,8,7
"8537",8.61902793142294,26.3799466957369,8,7
"8538",9.28172803952681,25.1103540009621,8,7
"8539",7.72169292836747,27.9811246855198,8,7
"8540",4.22675079405614,24.2947261509971,8,7
"8541",8.27763819849244,31.8024093798123,8,7
"8542",10.1673636601176,31.5560449123317,8,7
"8543",8.75033729132826,24.7833206213237,8,7
"8544",5.56967249520709,30.0019914285793,8,7
"8545",7.76498248756087,38.5181428871208,8,7
"8546",7.82109771064954,31.542854346466,8,7
"8547",8.19997579683361,24.9810136849101,8,7
"8548",8.68342588975824,24.6397130263506,8,7
"8549",6.57444447599014,31.6447687388953,8,7
"8550",10.5903629344146,30.6980059242833,8,7
"8551",8.7580820292318,30.7700211374792,8,7
"8552",7.63960308646456,23.3518196228664,8,7
"8553",5.79241372109248,24.5217693235995,8,7
"8554",6.10910101018893,27.7851030186664,8,7
"8555",8.96503497117136,29.3354868742916,8,7
"8556",9.90823420810089,29.3040916910538,8,7
"8557",10.5598063732694,30.5007658436613,8,7
"8558",6.43703432192214,26.0440322422376,8,7
"8559",5.27184468867229,32.3182597008326,8,7
"8560",7.01498059107843,32.9421639379159,8,7
"8561",6.79670210025238,20.8491418477881,8,7
"8562",9.96548859818224,28.9131914893097,8,7
"8563",9.81993175964676,34.6238842394769,8,7
"8564",6.64515381430794,25.7104535227132,8,7
"8565",10.8233882880153,33.4563490949474,8,7
"8566",9.63485682974023,37.9712350938163,8,7
"8567",7.79676535921245,32.5743590684026,8,7
"8568",9.93771068152641,34.9825517853234,8,7
"8569",9.07990268606291,31.3589028576484,8,7
"8570",9.02381878637572,32.3600347842003,8,7
"8571",6.89161165620289,35.7334571587959,8,7
"8572",6.93307204639272,37.0600600582162,8,7
"8573",9.28396525732002,35.3184691670336,8,7
"8574",9.49114069883565,40.4858779143939,8,7
"8575",8.04819494091145,29.4817373360377,8,7
"8576",8.11794875846069,33.7482197332579,8,7
"8577",5.74474530270252,26.9959062614285,8,7
"8578",9.92424672721218,34.2051670590099,8,7
"8579",10.1525674801399,28.4808454351688,8,7
"8580",8.84554968521865,35.5290335304377,8,7
"8581",7.29498633377414,34.0447142123084,8,7
"8582",6.01173169990945,28.6750426170236,8,7
"8583",9.05302187460092,36.5396320913554,8,7
"8584",4.97105958103696,30.7444948589001,8,7
"8585",9.87709278732977,36.3737754509491,8,7
"8586",6.90822977079697,29.0472437359618,8,7
"8587",9.04493658004115,26.4317023756945,8,7
"8588",7.68195075366396,28.9370911551475,8,7
"8589",8.59967670061171,30.8914748910196,8,7
"8590",7.95152174501488,29.6131793931542,8,7
"8591",8.8989411680881,27.8198938417411,8,7
"8592",7.99538952756085,29.3893241691368,8,7
"8593",9.44130151827222,37.0824359814327,8,7
"8594",5.90275901427543,29.0572558407277,8,7
"8595",9.44199539511072,25.0718003369487,8,7
"8596",6.67909240618526,30.1912535730065,8,7
"8597",8.46511089504106,36.431495496313,8,7
"8598",8.26528611217686,26.2249934963455,8,7
"8599",6.33873730549962,22.466395293283,8,7
"8600",9.43814601197308,34.5320165184746,8,7
"8601",7.68749710520314,30.4967635343166,8,7
"8602",9.64055491608383,27.3913750400263,8,7
"8603",8.22789171274638,32.3244675407431,8,7
"8604",8.80700107112319,24.1314519562058,8,7
"8605",8.39166213907312,37.3612143200291,8,7
"8606",6.85514012705362,38.1438305362767,8,7
"8607",4.01125556251655,29.4837725769951,8,7
"8608",9.78581227726246,23.1833756364176,8,7
"8609",5.14611735824743,27.1727424481365,8,7
"8610",9.27854119378936,31.1621453468862,8,7
"8611",8.43348605275892,30.9289169951522,8,7
"8612",8.66386811674292,32.9326497950022,8,7
"8613",8.08749100154794,31.4821277798998,8,7
"8614",7.30122764170368,38.6431436676073,8,7
"8615",7.72738365918114,30.8919976287581,8,7
"8616",7.44748195177034,26.7714941300743,8,7
"8617",6.9172700910622,28.6799516145455,8,7
"8618",8.14075191047035,28.6762633304621,8,7
"8619",7.06977439760446,25.6507361257862,8,7
"8620",8.85625727746507,32.5164017908836,8,7
"8621",7.56237904973716,22.9487955501358,8,7
"8622",8.76705989040648,29.9260727788612,8,7
"8623",7.91195782692938,26.7722962056822,8,7
"8624",8.56271980196886,28.7490069258997,8,7
"8625",9.17856753334828,37.113853740832,8,7
"8626",10.0657653567274,30.8281673461391,8,7
"8627",10.9578486411784,39.6462649807275,8,7
"8628",7.854252793065,27.8192867813106,8,7
"8629",9.28099244994677,34.1618315470181,8,7
"8630",7.23608535762996,29.9683791057524,8,7
"8631",7.75511948254893,30.4728924105204,8,7
"8632",8.47771011315275,31.3450183692031,8,7
"8633",7.95682860813614,32.6869202598552,8,7
"8634",7.27322123937468,27.2006712162936,8,7
"8635",5.984779314304,29.6584361292677,8,7
"8636",10.8390529801679,26.8307901040244,8,7
"8637",8.20139850147781,38.1830698913915,8,7
"8638",10.3494882763504,28.6829893601441,8,7
"8639",7.70936328262586,28.3793654924422,8,7
"8640",8.25407753320032,37.608089915346,8,7
"8641",9.23425562837507,30.393453820965,8,7
"8642",6.51358178452636,34.5160351552681,8,7
"8643",7.85960581425536,29.0882951921958,8,7
"8644",8.36240314615426,33.7586227168594,8,7
"8645",7.02927642571693,30.8048946588037,8,7
"8646",9.99618458041623,28.82207524342,8,7
"8647",8.88189061710466,28.9939811751461,8,7
"8648",6.8912306749728,27.612466642672,8,7
"8649",7.13339774244948,29.5614407990977,8,7
"8650",7.73472807605085,30.0992460984803,8,7
"8651",9.69639343994628,32.9189361755037,8,7
"8652",9.41451669749209,32.7544780946071,8,7
"8653",7.1365494887005,29.7463188016117,8,7
"8654",9.12354142500902,34.5150101262859,8,7
"8655",9.06536127070116,25.1846516648513,8,7
"8656",7.50800620044692,29.2798470459881,8,7
"8657",9.79180026295459,35.5385488992512,8,7
"8658",7.6871449665195,27.4133072290964,8,7
"8659",9.04291279306931,31.1417170679295,8,7
"8660",5.70378260546929,28.8480254861575,8,7
"8661",9.19044222611264,35.6210643922025,8,7
"8662",5.85737051595652,34.0034664255352,8,7
"8663",9.93298265758622,25.015657866849,8,7
"8664",5.15258078062712,29.530667808959,8,7
"8665",10.3823660258888,23.6981253257437,8,7
"8666",7.90450964157914,26.7652764010756,8,7
"8667",9.57740273959508,31.1844686815592,8,7
"8668",6.94416647307078,36.1602024600734,8,7
"8669",9.04217431152455,27.4134081669259,8,7
"8670",8.92451577384858,32.9473953487173,8,7
"8671",9.84684473684344,24.3610715561704,8,7
"8672",6.40951249096771,26.219376884956,8,7
"8673",8.70087847774524,26.4304062969343,8,7
"8674",10.640654931623,31.1237592880835,8,7
"8675",8.44685021820555,29.3170830916165,8,7
"8676",9.05390419898303,30.2956274332312,8,7
"8677",10.313839573412,25.8903841345186,8,7
"8678",5.3119794372362,34.9218266982396,8,7
"8679",9.73440669566021,32.1508670011245,8,7
"8680",8.6035084249906,29.2953244926404,8,7
"8681",8.91691798575904,33.6904955553532,8,7
"8682",6.93147542572885,32.6011323487531,8,7
"8683",7.48448878073602,37.3223027397043,8,7
"8684",7.46063085553178,31.7829853098681,8,7
"8685",5.4336155201824,25.5369873424626,8,7
"8686",6.98847251425819,28.063560073819,8,7
"8687",8.67048559978491,25.9416271503887,8,7
"8688",9.61744014700306,36.723434592184,8,7
"8689",6.9007741225383,41.4991004516932,8,7
"8690",7.9569854998366,35.7433120438477,8,7
"8691",8.09784716539628,34.9236968155832,8,7
"8692",8.81436856792038,38.7863238144837,8,7
"8693",5.96327572664586,33.0422613137119,8,7
"8694",8.18900911203272,33.5291784705706,8,7
"8695",7.65370527161547,35.5615781165875,8,7
"8696",9.343705199864,26.7452749191964,8,7
"8697",8.73587284889758,31.834848284648,8,7
"8698",7.82634468200168,33.2673472245222,8,7
"8699",8.8109619541947,26.6748950211398,8,7
"8700",8.39963434654254,24.1635469691304,8,7
"8701",9.73865492479523,28.5882748268388,8,7
"8702",9.77806871512298,33.5063294939349,8,7
"8703",9.20984979818618,28.5357024474036,8,7
"8704",8.61600145832802,34.0414697294865,8,7
"8705",11.5996448436906,24.8274092640904,8,7
"8706",10.0510852170087,23.3569104814438,8,7
"8707",6.55754388962538,33.5758908881925,8,7
"8708",8.44087652799019,29.1175980690255,8,7
"8709",9.28393006332985,29.4783700987077,8,7
"8710",7.94773348571003,33.2687650310584,8,7
"8711",11.0739610177982,30.7088530327981,8,7
"8712",6.8899634544393,28.6555965663139,8,7
"8713",7.38737236547464,31.2248144648135,8,7
"8714",5.64632916032038,31.2552794571061,8,7
"8715",5.7232402234468,36.5635349855168,8,7
"8716",7.44988480900972,33.2824248287391,8,7
"8717",5.49708430497516,39.493700652664,8,7
"8718",9.69745555240666,24.6247986747289,8,7
"8719",9.96229654124979,30.9864656304067,8,7
"8720",8.64128563993414,33.5755159895721,8,7
"8721",8.39483657234508,33.480966577125,8,7
"8722",7.78533777579791,30.5975119804801,8,7
"8723",6.41754754254013,23.595041595252,8,7
"8724",8.46297514327262,29.8391111532912,8,7
"8725",8.66036057510084,31.7544109048364,8,7
"8726",7.63861530421737,29.3359122385243,8,7
"8727",6.46128144174945,32.6613486333419,8,7
"8728",7.70163899386735,36.7036578546685,8,7
"8729",8.334486047202,38.6997058552381,8,7
"8730",8.68668414115484,27.0129986059068,8,7
"8731",7.58930659040461,32.8510166221358,8,7
"8732",9.25489242669395,28.9827070350503,8,7
"8733",9.27638844183718,28.5342331603353,8,7
"8734",6.29054326523617,35.1055180277896,8,7
"8735",7.11384969688866,21.0873922388927,8,7
"8736",7.2322392624931,31.7504708298468,8,7
"8737",8.6169394623405,34.5960163452758,8,7
"8738",6.8803165233472,33.4571166228684,8,7
"8739",6.52487652514063,29.4460193344322,8,7
"8740",9.82952663587704,31.8040766650048,8,7
"8741",8.75433407245896,26.730676366815,8,7
"8742",4.99334744025354,32.673069482455,8,7
"8743",8.96812973647614,34.8534114615264,8,7
"8744",7.99615771353455,31.1355778684835,8,7
"8745",8.98954475236302,29.4128984304222,8,7
"8746",9.77782011183724,26.4005366860429,8,7
"8747",8.54923052234508,27.736995240764,8,7
"8748",8.74724331378892,31.7576891055796,8,7
"8749",10.3222300108879,35.8411158977393,8,7
"8750",5.39359524178881,27.81579779626,8,7
"8751",6.06115553422356,36.5218768229536,8,7
"8752",6.25225951258178,25.7743377377753,8,7
"8753",6.53784829691763,21.3664943910602,8,7
"8754",6.27295204866071,28.1915591031519,8,7
"8755",7.98272783123559,23.8381596428857,8,7
"8756",11.5471273629628,30.8375453053646,8,7
"8757",11.827301953343,28.2446478846633,8,7
"8758",9.93137939030821,33.4325481901405,8,7
"8759",4.57356199991122,31.6626722415734,8,7
"8760",7.92629372998348,27.7360330593314,8,7
"8761",8.56536882462665,34.7127485314156,8,7
"8762",5.57110250828145,34.3013926354435,8,7
"8763",7.96855509076593,29.612690795692,8,7
"8764",7.30926308992688,28.8674622540762,8,7
"8765",6.86114974797119,27.8846671559838,8,7
"8766",5.40396262978832,31.9186781574387,8,7
"8767",9.44624359543616,31.5281836779199,8,7
"8768",7.38558195473821,37.1069016361847,8,7
"8769",3.30295014629004,27.617217224047,8,7
"8770",7.76318577779207,28.6207644326582,8,7
"8771",7.80136249501126,28.1198439432156,8,7
"8772",9.09833794462637,31.1740329147167,8,7
"8773",9.92792998170246,36.6784098089063,8,7
"8774",6.13898293151104,34.3296397964229,8,7
"8775",9.79039627568243,30.4131410962805,8,7
"8776",7.86699172849647,37.5442093955774,8,7
"8777",8.90501659645621,31.9502500751391,8,7
"8778",6.03592882673627,30.7221117708783,8,7
"8779",8.36677634606565,25.618732575443,8,7
"8780",7.43319763299585,28.4565207471446,8,7
"8781",11.5958259994843,20.6520693193919,8,7
"8782",9.14551336533617,22.4143882326697,8,7
"8783",8.7478364875415,36.0728456003562,8,7
"8784",7.8005421523329,28.540871166237,8,7
"8785",8.08767403321692,24.8948052149279,8,7
"8786",7.63638318410283,34.572371262701,8,7
"8787",5.78106868258787,28.7278714125076,8,7
"8788",9.76108237426951,32.4224618401977,8,7
"8789",7.76960203654883,36.7402085853602,8,7
"8790",8.0264820853815,38.305775473102,8,7
"8791",8.79000080674385,27.4331370359899,8,7
"8792",8.32533421935259,32.8416378751768,8,7
"8793",9.15267403687183,33.1474663685727,8,7
"8794",11.5829423758078,22.4285225049882,8,7
"8795",8.38191249163466,32.3499029298408,8,7
"8796",6.09888554211915,35.100327751918,8,7
"8797",8.24993378356511,37.2743258118338,8,7
"8798",5.82277548824689,30.6150673859063,8,7
"8799",7.70875967047648,25.9387059360925,8,7
"8800",8.85587421797905,31.7388580253553,8,7
"8801",9.22200823009731,29.6427457579752,8,7
"8802",12.0372638800987,27.6973824844125,8,7
"8803",4.20667383093268,30.1959774115312,8,7
"8804",8.9670628084014,28.5227412743843,8,7
"8805",7.45979946460847,34.0782719162681,8,7
"8806",7.52388461512632,37.8886266678915,8,7
"8807",8.73615766216698,28.6093631744371,8,7
"8808",8.81959887209995,36.7141251446965,8,7
"8809",11.0786426381628,34.6106103018455,8,7
"8810",5.92631206222667,23.5936263858094,8,7
"8811",8.87485766511105,27.7577475231983,8,7
"8812",9.61664542698055,34.0446805324045,8,7
"8813",8.36873782899406,23.0639610139802,8,7
"8814",10.7329661221961,33.9867220478664,8,7
"8815",7.82437044857458,32.844504639091,8,7
"8816",7.0834773608706,26.7561299850128,8,7
"8817",9.40007226882208,30.5123155655744,8,7
"8818",8.38437262954218,30.5511325716074,8,7
"8819",11.039858717881,27.5790891268201,8,7
"8820",8.04423250440226,26.7886516422231,8,7
"8821",7.06599535601859,29.2044235188553,8,7
"8822",9.54277398284129,32.1127030942741,8,7
"8823",7.75986505712278,32.4845999959997,8,7
"8824",10.147249630055,30.7385773222026,8,7
"8825",10.8598430890756,27.4376786785143,8,7
"8826",6.58124510853131,27.9879119009128,8,7
"8827",7.96923319399527,40.6013306630699,8,7
"8828",6.35435507519827,29.2003655594814,8,7
"8829",9.50126284861666,23.99238069523,8,7
"8830",5.13153899821394,24.6524045046836,8,7
"8831",6.45407569079982,26.0333358630619,8,7
"8832",8.19191386285209,34.2359337464451,8,7
"8833",8.53961983634704,28.3350587673013,8,7
"8834",6.97451707101507,29.9492166900761,8,7
"8835",9.59152656552243,33.8508748294924,8,7
"8836",6.58938557054575,31.5182467941547,8,7
"8837",8.14267008126384,25.7145407711368,8,7
"8838",7.83570575075924,31.0697393187278,8,7
"8839",5.62664067765246,24.2124578655429,8,7
"8840",6.42547335662132,30.6909966838206,8,7
"8841",8.82014807778098,27.4282737133394,8,7
"8842",10.2016734552966,37.0727523843816,8,7
"8843",6.84898704369988,31.5969196876551,8,7
"8844",8.81882883847095,26.9394645195127,8,7
"8845",7.33575890885565,32.1487398388617,8,7
"8846",8.437507850093,25.2322945638757,8,7
"8847",6.13172739340326,29.5808326294063,8,7
"8848",8.3283482316633,34.7842455190456,8,7
"8849",10.690865014765,40.6117533518076,8,7
"8850",7.47386827289786,28.910953058078,8,7
"8851",7.09993237037651,25.4937938181768,8,7
"8852",10.2561614939794,32.2945992968572,8,7
"8853",8.73836618405794,30.7294922228547,8,7
"8854",8.10621033996054,34.2561447057832,8,7
"8855",7.15625741785753,34.0295545969838,8,7
"8856",7.23706828238735,35.2141380169378,8,7
"8857",6.95616194466271,24.2164286125599,8,7
"8858",7.73846441054758,39.8769093824905,8,7
"8859",5.48197538651348,29.7362030139759,8,7
"8860",7.6561822562266,41.2177172715333,8,7
"8861",7.50853028610751,28.8939809914318,8,7
"8862",10.7269532802075,27.0293683856992,8,7
"8863",7.33786371150142,37.3562904303764,8,7
"8864",7.24968004346177,29.5198696402438,8,7
"8865",8.2645146258124,35.2645055580813,8,7
"8866",9.83861032937255,27.6145279756121,8,7
"8867",10.5185471974255,35.974151416182,8,7
"8868",8.06320739125902,39.7903095082517,8,7
"8869",9.63436473667021,28.2557989734181,8,7
"8870",8.56856458762736,28.0946384130174,8,7
"8871",8.50371311084652,30.6154071835324,8,7
"8872",7.55531316812525,37.6604863986019,8,7
"8873",6.26590447664672,35.8748077134932,8,7
"8874",8.49256147015456,38.0987634414573,8,7
"8875",9.39847807911734,27.484782143241,8,7
"8876",7.51063587103868,33.9464169779771,8,7
"8877",9.55347541860703,34.0435291589356,8,7
"8878",8.99829064847924,32.3481537119247,8,7
"8879",8.94067554943383,32.9129589718762,8,7
"8880",10.3238185586979,28.2302078539219,8,7
"8881",5.39128468366108,27.8886406711787,8,7
"8882",9.72280432498056,28.1295657432855,8,7
"8883",6.02063599635165,25.1956999817772,8,7
"8884",9.20606237997535,35.690264124428,8,7
"8885",10.4284326535323,33.2177612470618,8,7
"8886",6.15308085411706,35.7313580039995,8,7
"8887",9.91558687090691,28.6641815243765,8,7
"8888",5.96186392279898,31.4615736712666,8,7
"8889",8.41629479591925,38.5253022955222,8,7
"8890",6.90226664084193,33.0736457813215,8,7
"8891",8.8965386398954,35.9991567879599,8,7
"8892",7.91311101460927,36.6507212194064,8,7
"8893",9.18944864472707,30.283479418797,8,7
"8894",9.97178394923813,27.270647184409,8,7
"8895",9.16589680733891,22.4747266111685,8,7
"8896",7.8623714410769,35.3065324661785,8,7
"8897",5.21020047778605,27.9639135945135,8,7
"8898",6.9963138568796,30.117731259624,8,7
"8899",6.27108607900767,28.5912551274161,8,7
"8900",4.88218108200109,35.9165509895694,8,7
"8901",9.74267702812614,38.6584410706004,8,7
"8902",8.76834024017513,35.3067478266216,8,7
"8903",5.59786917672117,29.5988105714351,8,7
"8904",9.20223773714783,36.5770445971274,8,7
"8905",7.69557788926883,37.5228644444199,8,7
"8906",9.7493950808059,26.0134707185089,8,7
"8907",12.6688601968829,30.0256910976033,8,7
"8908",5.73822218631616,30.5524527281206,8,7
"8909",7.81780874228844,26.7439602615114,8,7
"8910",7.23054162031881,31.0180527283937,8,7
"8911",8.70324327909265,22.4426742640134,8,7
"8912",6.03874730277917,29.9111305517154,8,7
"8913",8.33205906945993,29.8438497489423,8,7
"8914",7.13149119283548,30.199838098252,8,7
"8915",6.96163647157509,27.2894837106085,8,7
"8916",7.63231850692725,29.0259841015896,8,7
"8917",8.05119592156388,27.2079247873525,8,7
"8918",8.50401767759256,28.3409176722192,8,7
"8919",6.25773493068507,29.5406547856049,8,7
"8920",6.08769415214317,28.5530871674548,8,7
"8921",8.33092047193859,30.1135283556925,8,7
"8922",8.92398713711299,31.6624098556279,8,7
"8923",9.88278872439142,34.8374814596808,8,7
"8924",5.95654220463484,30.5787697003271,8,7
"8925",7.15471319835943,35.6161449100024,8,7
"8926",7.08484258790479,29.899336135664,8,7
"8927",5.11892666003694,35.5110143701945,8,7
"8928",5.3537682384377,36.2354350258647,8,7
"8929",4.40123511525891,31.736031851577,8,7
"8930",5.8177991339963,36.3261348952915,8,7
"8931",8.33350403495154,35.1103427991411,8,7
"8932",8.57359108438635,31.4174745474761,8,7
"8933",9.38180821033577,30.5828318060175,8,7
"8934",8.9177769891505,30.6698042388154,8,7
"8935",10.2428644902406,25.9874448437522,8,7
"8936",10.7257985853355,35.1120872025276,8,7
"8937",10.4430699833441,30.4793757673696,8,7
"8938",8.03198609968396,31.8456536911769,8,7
"8939",10.6792680159736,31.9415505512272,8,7
"8940",9.58034177186259,34.881014353094,8,7
"8941",9.87182152832629,34.8996945085252,8,7
"8942",9.01799688805567,27.1576678893573,8,7
"8943",7.7792166140422,37.4810725495454,8,7
"8944",6.86290240019161,30.0691006718219,8,7
"8945",7.66547057141436,31.8906904486039,8,7
"8946",10.1435960938634,32.7134360470773,8,7
"8947",7.6147860465583,37.2078137495632,8,7
"8948",9.21983644848529,27.6520819764731,8,7
"8949",7.41875791712523,26.3092057730582,8,7
"8950",8.48010519558803,28.4834584591346,8,7
"8951",6.40955586043227,27.0542366903015,8,7
"8952",9.41274016413844,36.8243305005853,8,7
"8953",7.55419762380849,29.3685596937498,8,7
"8954",10.0423409867051,28.7018413292177,8,7
"8955",4.61913084828199,20.5026690719953,8,7
"8956",7.56562833736083,31.0403197200362,8,7
"8957",3.59455017624469,36.5199355700647,8,7
"8958",6.33021826462531,29.7148159941713,8,7
"8959",9.7456758456555,27.8659437649325,8,7
"8960",7.91273133229567,36.5093300602232,8,7
"8961",7.18206107421956,31.8669274648592,8,7
"8962",7.75085996075597,33.7833461570364,8,7
"8963",7.15931811659403,33.1420491204372,8,7
"8964",8.38410541693724,32.4290778271733,8,7
"8965",10.0224863119419,37.6210420929951,8,7
"8966",7.73146483642616,28.7547609882884,8,7
"8967",6.23777412511996,31.7223775289073,8,7
"8968",6.52528536803316,25.5007572153985,8,7
"8969",8.55274206366047,25.6587100469306,8,7
"8970",8.79686296563286,28.9547132508687,8,7
"8971",7.75506040431221,34.7871875859028,8,7
"8972",11.9137034307443,31.0113650142533,8,7
"8973",5.29493819932839,33.7412599202544,8,7
"8974",9.2027910534159,28.7543890540403,8,7
"8975",9.49419780041468,39.0506646580786,8,7
"8976",7.37115089917668,30.7115227394055,8,7
"8977",9.26195841074429,26.2353959392202,8,7
"8978",9.10031837887692,29.2718828457671,8,7
"8979",7.61568165111469,30.400335186267,8,7
"8980",9.55150625578928,31.6082624743793,8,7
"8981",6.57438933143595,24.1954018830975,8,7
"8982",8.10464298508164,43.0399475015685,8,7
"8983",7.81910029321737,33.162513629354,8,7
"8984",9.44427721938475,31.728337430407,8,7
"8985",9.38467694718975,32.5905723250189,8,7
"8986",8.6159047004949,36.8494309764531,8,7
"8987",8.04967325480808,28.7911729465042,8,7
"8988",7.41852542530654,34.7125604445439,8,7
"8989",6.90419879386024,33.6652316987002,8,7
"8990",9.08287451256753,34.1098750775574,8,7
"8991",7.29923152692946,31.2259815548274,8,7
"8992",7.07286014875046,27.9420315504279,8,7
"8993",5.6050156466099,23.5385010988094,8,7
"8994",6.09742494666768,35.5957782282581,8,7
"8995",6.59882144584339,29.1331284470674,8,7
"8996",7.75096873073274,22.4460611325895,8,7
"8997",7.65044208632854,30.0490526959413,8,7
"8998",9.38415320746122,39.8503947822963,8,7
"8999",8.46299862109586,36.8257706594252,8,7
"9000",9.43085101336052,30.4792306565425,8,7
