"X1","X2","component","subcomponent"
"9001",21.9016713339736,5.98043622716275,12,8
"9002",15.9112623997353,8.8394585368698,12,8
"9003",19.3376094599165,4.30868150628382,12,8
"9004",17.7144194732975,8.83721866265787,12,8
"9005",27.7154390290421,7.09911246999523,12,8
"9006",18.997739510698,5.63676536511535,12,8
"9007",22.2979417576616,9.3468153564957,12,8
"9008",15.6386823957964,8.82833741943026,12,8
"9009",22.9733876217204,5.86682666537726,12,8
"9010",22.9657234317212,5.79285224156915,12,8
"9011",23.1961214431729,5.32044406373511,12,8
"9012",20.8028298889845,4.54044577694717,12,8
"9013",19.2802077381692,6.93544343186801,12,8
"9014",21.7808976273522,5.93884631209801,12,8
"9015",26.2304350677892,7.0512513241394,12,8
"9016",10.7481600312506,7.483885723489,12,8
"9017",17.5483298207574,6.49823593307705,12,8
"9018",14.8272768437352,5.31289917955226,12,8
"9019",19.9160651296938,9.17826300362701,12,8
"9020",24.6347409828538,3.46033865421018,12,8
"9021",19.0093853337206,4.68971646164326,12,8
"9022",25.8702648029294,4.96342586076183,12,8
"9023",22.2427083619961,6.50465649882803,12,8
"9024",20.5522503837185,6.28891366837822,12,8
"9025",26.3145746232089,7.44275538336923,12,8
"9026",26.1795538417079,5.25460893387239,12,8
"9027",22.1517248609407,6.41496066507385,12,8
"9028",18.393392048792,5.58251037365895,12,8
"9029",17.4700059039827,6.31000520551993,12,8
"9030",21.4790223334169,8.11312365337169,12,8
"9031",26.9640264404887,6.42171039103636,12,8
"9032",22.7154287633913,7.750574437782,12,8
"9033",25.3278050073186,6.27909988464284,12,8
"9034",23.2988989545712,9.79166675806304,12,8
"9035",21.7137912484313,7.68816819769707,12,8
"9036",17.4128732966383,3.76511476397017,12,8
"9037",31.6614307765462,7.34398846514562,12,8
"9038",19.9794810259857,8.95718794550969,12,8
"9039",15.159873047753,6.75599609559243,12,8
"9040",19.9234330785674,3.67973911614881,12,8
"9041",23.5837443457321,6.64506966326012,12,8
"9042",22.8038685542428,3.17381554157961,12,8
"9043",26.5830081157307,5.95111075038984,12,8
"9044",22.0598997986611,5.36753862247713,12,8
"9045",23.1777367139787,6.40126099232337,12,8
"9046",23.2264415792692,7.1567112536547,12,8
"9047",27.9042855631957,5.38747367127452,12,8
"9048",28.085180335941,8.36964493236012,12,8
"9049",24.1984987542429,3.52122935542395,12,8
"9050",22.7437935183904,9.63762711855098,12,8
"9051",23.9329614994793,8.84925028572714,12,8
"9052",25.9989645902088,8.01526680511157,12,8
"9053",21.1946868082426,4.99482405223032,12,8
"9054",31.2906744180847,8.57579999137704,12,8
"9055",21.3796731346678,9.19916668838594,12,8
"9056",24.354748771557,7.72948077269572,12,8
"9057",21.1932170385682,4.41613933317413,12,8
"9058",17.784049131058,5.35444922824083,12,8
"9059",19.9937568045303,6.85559713114098,12,8
"9060",16.9194635041228,7.78810697761551,12,8
"9061",19.3229496091974,6.95297833391973,12,8
"9062",27.5588926531454,4.45323097821147,12,8
"9063",16.9488473203583,5.24263829295704,12,8
"9064",20.4618305596112,4.18804568824416,12,8
"9065",24.85960418153,3.83282726008965,12,8
"9066",21.3499862819417,7.9619748524869,12,8
"9067",17.9011308375136,6.1387487420153,12,8
"9068",16.7546527486267,3.75907589576773,12,8
"9069",24.5459379576896,8.61277648534849,12,8
"9070",18.5123147236239,3.70016429861959,12,8
"9071",10.8564962926917,1.57071928560787,12,8
"9072",23.6815807731082,8.57093348752567,12,8
"9073",22.2357597782533,7.11564138158808,12,8
"9074",20.6141760106284,4.13440513535516,12,8
"9075",18.4129990459653,5.96318955408811,12,8
"9076",18.4706699577039,6.36739553878834,12,8
"9077",20.4724604782863,4.51654161285577,12,8
"9078",22.4750701744209,4.54188661722515,12,8
"9079",12.9920091003337,6.59591932035286,12,8
"9080",19.3895514293695,8.20340884879666,12,8
"9081",19.4877402468194,6.23900940516391,12,8
"9082",12.3751338413694,6.60499735258472,12,8
"9083",25.433629607061,6.40674721430549,12,8
"9084",22.4049217023799,6.83206164337344,12,8
"9085",28.5552363622998,7.20806435580475,12,8
"9086",21.8780069058463,6.11691258493964,12,8
"9087",21.2343540076794,10.7882115426329,12,8
"9088",21.3120910829591,7.06773961043262,12,8
"9089",24.2559735205329,8.14169244202315,12,8
"9090",21.49090027246,9.58723659545752,12,8
"9091",23.2940768110324,10.2221320750013,12,8
"9092",20.5327430948663,4.63774215026106,12,8
"9093",22.3295712842749,8.9491366537373,12,8
"9094",23.6938354684333,4.99799867230602,12,8
"9095",24.539904276253,9.05508518802713,12,8
"9096",18.8631074550904,6.23094953718493,12,8
"9097",15.9052669484703,7.15032353189186,12,8
"9098",28.247940778449,7.31072572254216,12,8
"9099",20.1447775444544,4.73236520129498,12,8
"9100",25.1694838968661,3.71170841919187,12,8
"9101",25.0160301024815,7.71972461740871,12,8
"9102",17.503139192329,10.257457659148,12,8
"9103",22.1401975858311,5.87295599665061,12,8
"9104",21.9915090067568,6.71994266778283,12,8
"9105",24.395648300621,6.24285479990326,12,8
"9106",23.5219340632359,5.77268104213582,12,8
"9107",18.9995581613473,2.7856593399948,12,8
"9108",23.2510118836505,7.09204647899307,12,8
"9109",25.8607675118598,5.148948421454,12,8
"9110",24.7773919631406,3.75420068196517,12,8
"9111",31.0386295926183,8.24983871511018,12,8
"9112",21.6395721256682,5.31898210657775,12,8
"9113",26.0708603301356,7.7603512819445,12,8
"9114",19.5640019656669,5.53729552753486,12,8
"9115",20.7272626964342,8.26106347190381,12,8
"9116",18.7067704714497,4.34067614632831,12,8
"9117",21.9883944696123,5.64697966546343,12,8
"9118",15.5804909629046,7.6465981759546,12,8
"9119",18.5936045487118,7.54692046798656,12,8
"9120",13.0535346822999,6.94426910779733,12,8
"9121",22.1827147659872,8.7139113363279,12,8
"9122",14.919496852922,3.73959723558713,12,8
"9123",27.2288960593114,5.87203813940341,12,8
"9124",19.2229303494795,6.48240571888469,12,8
"9125",20.7484403680937,5.88217853407999,12,8
"9126",24.0377472105772,6.62993756799477,12,8
"9127",16.9926066104557,2.94799929003488,12,8
"9128",22.7612317082255,6.30738114139152,12,8
"9129",20.8087997446126,6.46490978373535,12,8
"9130",26.9241626900368,6.60325937791296,12,8
"9131",22.438896261259,8.15228679251604,12,8
"9132",23.0210301357124,9.16782875839564,12,8
"9133",21.8742317387036,4.00858185220833,12,8
"9134",25.8298657731203,4.9611415007617,12,8
"9135",23.0883506024707,5.34374496687342,12,8
"9136",23.0408103494493,8.90012961865748,12,8
"9137",21.0355124114728,5.53442736118874,12,8
"9138",25.2723395539379,6.07466502258705,12,8
"9139",19.0961448554112,8.01012991595286,12,8
"9140",29.1514644048326,5.82457698458299,12,8
"9141",21.4037843230997,4.18747454153292,12,8
"9142",19.0604024781877,7.65045258166536,12,8
"9143",20.2588926724828,3.84428862999723,12,8
"9144",23.8243558794777,6.95988345187626,12,8
"9145",20.1040819922673,10.5214902599539,12,8
"9146",24.6162788912695,6.35781116393448,12,8
"9147",17.7326204349413,11.1491104352945,12,8
"9148",23.025820794339,8.14241813111372,12,8
"9149",20.0065683909018,6.02759665495045,12,8
"9150",23.8056057142048,4.13492218813584,12,8
"9151",22.9915546411361,7.46790455462781,12,8
"9152",25.1545437199948,5.49564488804879,12,8
"9153",15.783912470178,7.33371339519077,12,8
"9154",24.4873078821165,6.77977593763776,12,8
"9155",21.1016675665856,6.22664899625935,12,8
"9156",24.8310667960699,9.02629881195664,12,8
"9157",18.6662380210369,3.97936662786781,12,8
"9158",24.2164156299901,5.13037901999657,12,8
"9159",19.8945071185925,5.99478422266035,12,8
"9160",19.7856524688568,6.60253330372353,12,8
"9161",19.3898794502432,5.96319576881452,12,8
"9162",17.4364940344224,6.25985442858808,12,8
"9163",19.4730746753867,6.98466047721266,12,8
"9164",21.5208256376274,6.51525776559847,12,8
"9165",22.122302032396,6.44849874307012,12,8
"9166",19.239295181406,2.89136523966282,12,8
"9167",19.6643193113939,4.57101654569493,12,8
"9168",18.0276734148742,7.79204602891856,12,8
"9169",17.8551921453472,3.51381718017383,12,8
"9170",27.8535529563492,6.02184890866576,12,8
"9171",26.4502947371989,6.5486064956637,12,8
"9172",18.8329041924161,7.92911326547446,12,8
"9173",20.2449951335916,6.72266026049281,12,8
"9174",21.3723898843728,6.80130994598796,12,8
"9175",27.1081753826133,8.60227911908917,12,8
"9176",21.4452945629448,6.10935057690566,12,8
"9177",29.9670471444607,5.63235981826471,12,8
"9178",22.0423069771532,7.83163543539428,12,8
"9179",29.6980778201548,3.70361300796791,12,8
"9180",20.3054269963605,6.17793769524215,12,8
"9181",25.7348688906301,8.86900258378465,12,8
"9182",26.444364166535,6.44831901878058,12,8
"9183",21.1752629488174,4.92162863359877,12,8
"9184",21.2694297347297,6.63697111614783,12,8
"9185",24.2315618321702,5.54384903317188,12,8
"9186",25.0368152208398,7.09118135012861,12,8
"9187",23.0968861031836,1.41835134734418,12,8
"9188",24.1549616007315,8.3371261804968,12,8
"9189",18.6871501344098,10.1511992719908,12,8
"9190",18.6957450391516,7.71695061116968,12,8
"9191",22.8995616035255,3.80114593184528,12,8
"9192",21.3113858683891,6.68130622316564,12,8
"9193",21.3186569801337,5.0277919821972,12,8
"9194",19.6243066233271,8.99299303096902,12,8
"9195",20.8460276222484,5.09109483590139,12,8
"9196",22.6723493905088,6.07340028379432,12,8
"9197",19.869632326036,6.47539024017894,12,8
"9198",19.3124828747086,9.24845077989048,12,8
"9199",25.9652902488201,7.15659241323035,12,8
"9200",19.1161131506679,6.76754339875384,12,8
"9201",19.7616283516065,2.64444130335121,12,8
"9202",22.9874478286668,4.25019573325311,12,8
"9203",21.8264535178217,5.6111967440621,12,8
"9204",20.9876232568622,6.68024442078664,12,8
"9205",23.2598927545039,5.06246886665057,12,8
"9206",21.9403293030937,6.32105045658716,12,8
"9207",18.9260126771259,7.10304413126396,12,8
"9208",20.4902119320047,6.92837565495155,12,8
"9209",14.3524124099787,8.39448871538181,12,8
"9210",22.7180789300165,6.17352736280398,12,8
"9211",19.2969996963911,6.83428953547942,12,8
"9212",21.3844353994636,4.77229109273655,12,8
"9213",21.5126217918409,9.27648055207737,12,8
"9214",24.316301396634,10.7895022966074,12,8
"9215",18.506531263795,6.51875927654749,12,8
"9216",28.1250289262851,8.19539219241479,12,8
"9217",18.4476981604974,4.97769189100792,12,8
"9218",21.4028646944329,6.52843187453172,12,8
"9219",25.1213172303558,3.49319251598396,12,8
"9220",18.4553187886151,5.20392904359723,12,8
"9221",19.3592326066346,10.0242766588889,12,8
"9222",17.9881290507924,3.89540319934825,12,8
"9223",27.3730906984846,9.36976126959626,12,8
"9224",22.7539798318835,6.62663240073779,12,8
"9225",27.4135615730421,7.24021669594613,12,8
"9226",19.1309882648843,6.48973557997226,12,8
"9227",15.7559812430744,8.81698701915625,12,8
"9228",21.2979710594637,6.01021895285566,12,8
"9229",25.3243451627596,4.48718113635816,12,8
"9230",25.131833384799,10.5740829182716,12,8
"9231",21.4106553074815,5.84350270489149,12,8
"9232",19.8142349060585,6.04040900292248,12,8
"9233",19.0032249067231,6.00042080245822,12,8
"9234",23.1929545691828,7.07505940634815,12,8
"9235",20.7928600502868,7.10175531558026,12,8
"9236",18.9305973661153,4.76097635270577,12,8
"9237",21.216875409214,4.13348418976525,12,8
"9238",19.5115254090165,4.88992746251906,12,8
"9239",17.886171299714,8.36657497381436,12,8
"9240",26.2702837668712,6.10815751132679,12,8
"9241",19.6048335844992,5.83473570331907,12,8
"9242",21.9696409047638,7.18665487193486,12,8
"9243",15.3964118279203,5.91990624411048,12,8
"9244",23.0465136540702,4.75066099802183,12,8
"9245",17.8081430038426,6.65565576161307,12,8
"9246",22.4644335933535,6.64874712121277,12,8
"9247",20.9165851332374,7.18529782351942,12,8
"9248",15.9361316586701,7.83623169953172,12,8
"9249",21.5132393483075,6.10726950810844,12,8
"9250",29.7583354919219,8.03270496920334,12,8
"9251",22.3028092390876,5.77998996073076,12,8
"9252",22.5413837508366,6.4644911105203,12,8
"9253",13.089565510271,7.81547228739319,12,8
"9254",23.7491605150052,7.26899584157089,12,8
"9255",26.531031216811,8.68063649036229,12,8
"9256",25.7535081436939,8.30946902695524,12,8
"9257",21.7736162031388,2.20848373648308,12,8
"9258",19.0372212084728,9.04559208309685,12,8
"9259",24.4506116376391,9.00726622265207,12,8
"9260",27.8518359635242,1.98796767693438,12,8
"9261",21.0571285337874,7.82252295819359,12,8
"9262",24.5530293755592,6.36200313268575,12,8
"9263",23.431487480836,3.85451528042323,12,8
"9264",24.1761728553144,6.78416739096608,12,8
"9265",24.8697220562929,5.51840583006536,12,8
"9266",24.9957610655531,5.92338953022795,12,8
"9267",23.4361636129185,4.2082267148728,12,8
"9268",19.5524322936682,8.73138158196122,12,8
"9269",21.4511873598692,5.03679701198991,12,8
"9270",16.9958067637569,6.07484483727344,12,8
"9271",20.9116450459431,7.65391933303502,12,8
"9272",23.9341826171522,5.74496463508678,12,8
"9273",18.4108812532568,6.13841808448834,12,8
"9274",23.4836041017169,0.111307219859422,12,8
"9275",24.4239913762263,2.84556723982819,12,8
"9276",25.3708820228208,5.58136118640586,12,8
"9277",23.6626093265312,7.52713049588859,12,8
"9278",20.2947372844938,5.89420235147743,12,8
"9279",21.750735770393,8.88974688372368,12,8
"9280",22.5040051464822,10.2388845435604,12,8
"9281",22.2180353794805,7.74643934694097,12,8
"9282",20.6390495302042,7.9749726630228,12,8
"9283",22.5848884977561,5.49381670823992,12,8
"9284",22.9673013847615,6.36240076969453,12,8
"9285",24.7351885213703,6.25308423564683,12,8
"9286",17.5236807182745,5.98785462717759,12,8
"9287",21.692857406961,4.3559782912324,12,8
"9288",20.7728376408249,7.17244021026432,12,8
"9289",21.3661213944732,7.74294004252711,12,8
"9290",18.4193567246118,2.40845353022912,12,8
"9291",22.8826202255024,7.35905609424978,12,8
"9292",16.7750470236974,6.89444035998518,12,8
"9293",18.3409041212862,4.77564292512186,12,8
"9294",23.270872859524,5.34522367125335,12,8
"9295",22.2701919533629,7.55563978180307,12,8
"9296",27.4496844419342,8.98694051243471,12,8
"9297",21.5880016101522,6.06411746109903,12,8
"9298",21.125576707397,4.79170914678294,12,8
"9299",25.4396002430575,7.4252324244286,12,8
"9300",25.8928641682419,6.76061774376555,12,8
"9301",24.645317464809,6.5417776200172,12,8
"9302",28.8160126625305,6.52655904884051,12,8
"9303",27.2822341981403,8.45611478269669,12,8
"9304",25.6601096450205,7.83737304396232,12,8
"9305",19.2041354168189,4.74239889414503,12,8
"9306",22.4516382461757,4.96993734259355,12,8
"9307",23.30625953999,9.03003842427793,12,8
"9308",20.2423700871955,6.67176597222425,12,8
"9309",20.7767677541845,6.79501186340067,12,8
"9310",23.0889598198934,6.83807271157545,12,8
"9311",16.6600658759553,7.17847229815102,12,8
"9312",18.1870608204938,4.86940026168702,12,8
"9313",17.1831877765617,6.5160952860644,12,8
"9314",18.2391798705009,1.34747152560416,12,8
"9315",25.2330084180948,7.11589939577415,12,8
"9316",26.3369158142063,9.83261759822694,12,8
"9317",20.0633476655851,3.03145708245836,12,8
"9318",21.0946876988319,7.67992661264229,12,8
"9319",28.6990200858161,9.73710309054729,12,8
"9320",22.9317722321515,5.39806427363469,12,8
"9321",21.4262210233771,1.66762747463811,12,8
"9322",26.1670309693221,6.13696832960009,12,8
"9323",13.9428021671299,8.04003938790454,12,8
"9324",12.3553242832989,11.7185797296454,12,8
"9325",21.7303282947235,5.87686460885107,12,8
"9326",25.4904278603315,6.95295812868898,12,8
"9327",24.0047948071219,5.43966304125099,12,8
"9328",20.513277363256,8.47568665970906,12,8
"9329",28.6249186714776,6.83866614212737,12,8
"9330",20.2770858373016,7.96864134349015,12,8
"9331",27.8271408755177,4.06736523580778,12,8
"9332",22.969304380263,2.78644315748736,12,8
"9333",21.4010390902445,4.84369740190113,12,8
"9334",30.9277376733003,5.89066144754932,12,8
"9335",22.9754625921247,6.70555937065321,12,8
"9336",26.7167582457907,8.79888179333356,12,8
"9337",22.3856136058575,6.56975652832334,12,8
"9338",23.6535503923488,7.25916830610851,12,8
"9339",25.5129888108552,2.96348384268022,12,8
"9340",20.2787461863966,6.60521333522535,12,8
"9341",21.6968755012393,6.60392035370764,12,8
"9342",19.8178907541639,3.90715526012574,12,8
"9343",22.226297665096,8.06104584700449,12,8
"9344",14.5984796746006,3.83346265879325,12,8
"9345",27.8215851567259,7.05136540937574,12,8
"9346",29.0416113132193,4.82435384960078,12,8
"9347",21.7010945880113,6.44447740990897,12,8
"9348",24.0367899902994,6.94930409522693,12,8
"9349",22.514492216215,4.34524437545228,12,8
"9350",25.5852642040021,7.79993977557773,12,8
"9351",12.2536560162176,7.92087510534411,12,8
"9352",18.401782259377,4.17720812974486,12,8
"9353",19.2667152070989,5.263910070621,12,8
"9354",23.8255170578409,7.73244215171475,12,8
"9355",23.8892000795034,6.40709865898843,12,8
"9356",21.0673080393187,5.27449209713127,12,8
"9357",21.2485819790587,6.72270826943539,12,8
"9358",21.4224599727065,7.52433555211112,12,8
"9359",17.8762631642388,7.60359951028464,12,8
"9360",23.3821691471998,8.16450014725193,12,8
"9361",22.4965433146516,6.67481210419655,12,8
"9362",20.8425751743573,9.08790509629167,12,8
"9363",24.0400539519423,6.40683458085835,12,8
"9364",17.868210847881,8.40138042103357,12,8
"9365",17.7774539712663,7.85523472294003,12,8
"9366",21.4955310204693,7.41258162777786,12,8
"9367",25.6674991632981,9.36480876720211,12,8
"9368",15.2108277898093,5.78687349724106,12,8
"9369",22.236092182511,5.21394741144974,12,8
"9370",26.2867468889836,5.52247912639946,12,8
"9371",25.3594638468112,5.48759847018855,12,8
"9372",21.2738688966345,8.65488913611883,12,8
"9373",25.5014760311456,10.3606521175687,12,8
"9374",20.5192469198094,6.67190258395102,12,8
"9375",21.0155939924892,6.85979830073551,12,8
"9376",20.0460924277553,7.50099557349887,12,8
"9377",20.0473121011983,5.6248509060296,12,8
"9378",26.9661271432966,8.37068248949887,12,8
"9379",21.4898170567743,2.80510174440815,12,8
"9380",20.6973643539979,8.39183354449688,12,8
"9381",20.8980604997888,7.90549498699527,12,8
"9382",24.6025818692977,6.39988117587697,12,8
"9383",20.1178517923161,5.90460883675362,12,8
"9384",23.4073685314197,7.10620341549423,12,8
"9385",22.7857428734312,6.57400225013656,12,8
"9386",26.1276138105927,6.87144608397849,12,8
"9387",25.4962576320213,7.63735794902604,12,8
"9388",18.7323539724083,9.20474404214419,12,8
"9389",29.9354070471601,7.9214769112013,12,8
"9390",15.3916128856757,4.27859365147992,12,8
"9391",22.0890810790176,5.78928661859522,12,8
"9392",22.5033480213868,8.74400463166709,12,8
"9393",21.9522442681585,5.90271510325164,12,8
"9394",25.322199227771,5.60636781743994,12,8
"9395",16.7899367212874,3.49494741605567,12,8
"9396",21.7426463150759,4.11987671845344,12,8
"9397",15.4675674683946,6.50981851069736,12,8
"9398",20.0179535779872,3.28677700967396,12,8
"9399",22.4959275714051,4.94017112540404,12,8
"9400",25.7777956277634,4.74614812268629,12,8
"9401",22.4123906896682,6.68956669780147,12,8
"9402",19.6999434872102,3.94049174827524,12,8
"9403",19.9604781306103,9.17257324717043,12,8
"9404",20.7314167231811,8.17518093912166,12,8
"9405",18.3068006373267,7.65604709683453,12,8
"9406",20.8299920603448,6.12468865461946,12,8
"9407",20.0982306197819,5.94924100067724,12,8
"9408",22.2400487781077,7.01688583020085,12,8
"9409",16.8816873638978,3.83826973249447,12,8
"9410",28.4803784041905,6.54073945970164,12,8
"9411",27.6265720915395,5.25081463451341,12,8
"9412",28.5962235931915,8.98554281181569,12,8
"9413",16.5311335841805,7.91002760992461,12,8
"9414",18.5142822627141,6.67255806978857,12,8
"9415",16.9047609624599,5.35798747320517,12,8
"9416",21.2464139944183,8.97898307115567,12,8
"9417",28.2589930455446,4.86024484001311,12,8
"9418",16.5271271093868,4.3150713861316,12,8
"9419",17.3267791838436,3.97029664676189,12,8
"9420",26.4787634162679,4.85782162480111,12,8
"9421",18.4540255903773,7.35840295213545,12,8
"9422",24.8170106103829,4.90195703905209,12,8
"9423",25.359858020126,4.07786907074824,12,8
"9424",28.4585506076665,5.40505282141922,12,8
"9425",28.49472442677,6.81842662331089,12,8
"9426",18.6181369031582,6.41820495138541,12,8
"9427",22.14146909011,6.67935109298152,12,8
"9428",20.9077630850188,6.92476011320686,12,8
"9429",19.7570584972703,7.71093733941102,12,8
"9430",28.5283546499815,5.22464305191977,12,8
"9431",20.8643936980132,5.49450859011158,12,8
"9432",25.8065586843015,11.0403846498341,12,8
"9433",22.0488230554525,8.43693587572925,12,8
"9434",25.7089639724186,6.36797032257103,12,8
"9435",27.9190733647115,6.81483786774661,12,8
"9436",19.9008066988457,7.84587608193833,12,8
"9437",24.1506113360846,7.57678755260876,12,8
"9438",27.3532633665139,3.13382054829775,12,8
"9439",23.0820932617101,7.83279048116556,12,8
"9440",20.1083610120898,4.28634692311877,12,8
"9441",21.1730563182854,4.6888456410045,12,8
"9442",21.4136843217986,7.77039787588003,12,8
"9443",19.3773153933604,4.35604349215882,12,8
"9444",25.4345678715365,6.24958360263414,12,8
"9445",20.0446866121639,3.43127222644194,12,8
"9446",32.0265258640036,8.01832858283277,12,8
"9447",20.5376111719774,5.32787976782858,12,8
"9448",24.2847488644842,8.15648972761963,12,8
"9449",16.6432037666663,7.22455811884286,12,8
"9450",24.0346846704172,6.97472904555287,12,8
"9451",21.4084976109798,7.15617680760667,12,8
"9452",18.4033155521027,8.61552218536275,12,8
"9453",22.2476976728716,4.85296765598658,12,8
"9454",24.9228558572613,5.27820107540065,12,8
"9455",11.4761803530457,6.71390733859801,12,8
"9456",24.2037432200507,2.30398511265204,12,8
"9457",21.4991006045493,9.55822735923306,12,8
"9458",22.7555520921685,6.6302197821709,12,8
"9459",29.1054820194413,9.74833726346115,12,8
"9460",20.8196213129616,8.26355684022196,12,8
"9461",17.2886346594747,6.5682998956684,12,8
"9462",17.6085244919448,6.75510498962134,12,8
"9463",19.8877722121169,9.94417411551768,12,8
"9464",18.9156510233503,4.24931827924812,12,8
"9465",22.1027812161952,5.40187143291176,12,8
"9466",18.3225383838778,4.94141267620387,12,8
"9467",20.6906720809854,7.33483479623677,12,8
"9468",28.4190566907439,7.8912214734026,12,8
"9469",20.6247669528093,4.47847850091609,12,8
"9470",15.9848614388225,5.72116037232779,12,8
"9471",23.0754724450381,6.90514908911563,12,8
"9472",23.5978667605003,5.47992696402967,12,8
"9473",19.9077963956828,4.038165240109,12,8
"9474",24.5635491905509,5.8622068648107,12,8
"9475",22.8672059968249,7.46751792702512,12,8
"9476",20.4549891295837,3.95008193148783,12,8
"9477",18.8998401487694,7.63288228682045,12,8
"9478",24.2126966574658,3.89876299710798,12,8
"9479",20.5080541496671,7.77851716028402,12,8
"9480",27.1560474200295,4.8255517368402,12,8
"9481",19.2736184835767,8.29902944618018,12,8
"9482",15.7818879039067,5.40757607179171,12,8
"9483",19.1374537784451,6.16518242670852,12,8
"9484",19.7518132042032,6.45779520017538,12,8
"9485",26.0628474858998,6.7164228992529,12,8
"9486",20.282952856647,3.91195336171975,12,8
"9487",21.0137067166243,5.57525655205566,12,8
"9488",21.3675305630845,6.19811606290133,12,8
"9489",23.069721259934,9.47263807242742,12,8
"9490",18.8893556458426,10.3886052065201,12,8
"9491",20.6208051175145,6.96255629892183,12,8
"9492",24.586573642068,6.15477625640835,12,8
"9493",18.3024145452412,6.73355035742419,12,8
"9494",22.5685316623205,6.30942079388302,12,8
"9495",18.8196086155923,1.26177304705508,12,8
"9496",19.4217731249999,5.99261401784705,12,8
"9497",26.1282889189516,6.92042182541563,12,8
"9498",19.4255802664451,6.61646145784208,12,8
"9499",19.0228534742453,7.96711330849248,12,8
"9500",22.7389322606337,5.35335811038488,12,8
"9501",19.5516134463759,6.10743564354053,12,8
"9502",20.832344435738,4.85665889301648,12,8
"9503",16.9906648354534,7.28787273982316,12,8
"9504",15.6169291404735,6.36936621260303,12,8
"9505",18.5804641233629,4.88875370973571,12,8
"9506",23.3089147378063,9.78641306815894,12,8
"9507",18.9643082048175,3.2071321295726,12,8
"9508",27.0001876025905,5.94762016740475,12,8
"9509",21.3880403767807,7.68546516885729,12,8
"9510",24.2746259635118,9.76228762700318,12,8
"9511",26.1203629088351,7.88525967412173,12,8
"9512",25.5723913108078,5.09279557985858,12,8
"9513",18.6471014255541,4.57099929353231,12,8
"9514",19.0622311790542,8.75174065436071,12,8
"9515",28.9064302181456,6.32772774986564,12,8
"9516",20.5022291001353,5.55892998747064,12,8
"9517",22.7331110348021,8.61973547721294,12,8
"9518",25.1326816960657,4.68386103610711,12,8
"9519",25.4091722991359,6.98693737688447,12,8
"9520",22.4279418214381,8.44594399009289,12,8
"9521",20.1798801851253,4.90666997255419,12,8
"9522",23.2460683704055,6.678093260934,12,8
"9523",24.2464444451955,5.37434429734838,12,8
"9524",24.9923789762129,6.69419305881169,12,8
"9525",22.2085276701704,6.17852958034669,12,8
"9526",21.3549848636159,7.85855277060727,12,8
"9527",23.3184676835504,7.74218186664686,12,8
"9528",26.538139978042,5.34084780997946,12,8
"9529",21.2907913889261,4.10196397762561,12,8
"9530",17.4397154238031,3.77839410271169,12,8
"9531",21.8368702952603,2.62927691807615,12,8
"9532",21.8920207157549,2.8209334750618,12,8
"9533",22.9323087966457,6.9936374406191,12,8
"9534",24.2455132093787,7.9698983060279,12,8
"9535",22.7487274759345,4.11776706488773,12,8
"9536",22.8778603580572,11.5835332014122,12,8
"9537",21.4892969509535,5.30927298849778,12,8
"9538",23.2607600222967,5.80075585082956,12,8
"9539",23.942035695091,6.26384440025705,12,8
"9540",19.4656265375118,7.69873773316178,12,8
"9541",14.8016326507843,6.50991057550137,12,8
"9542",24.4980076284829,3.60335451845515,12,8
"9543",19.8128071222218,5.71634767440185,12,8
"9544",23.191432698895,3.62514121725064,12,8
"9545",26.7193110436464,7.34617719885166,12,8
"9546",26.1129915615025,6.58851310332755,12,8
"9547",17.6423787257863,8.60801543961876,12,8
"9548",16.1548252166436,6.65368291394255,12,8
"9549",19.0444842508044,5.53000746453067,12,8
"9550",16.6319627045891,6.4522451266274,12,8
"9551",26.0228216658002,7.70311572105873,12,8
"9552",25.6411294847068,7.28216349119235,12,8
"9553",13.2449760755678,8.84150416206819,12,8
"9554",24.8044716333962,8.18752178717452,12,8
"9555",16.4789664998661,7.21754558533782,12,8
"9556",28.6875161652829,5.45024352746192,12,8
"9557",21.8562286801829,11.5336421423331,12,8
"9558",22.2026907719791,6.82540628829677,12,8
"9559",24.8229584009379,8.87638973000234,12,8
"9560",21.795630347375,6.54448027566686,12,8
"9561",27.9661142310217,7.52657509907799,12,8
"9562",25.7058694588349,5.44277707443564,12,8
"9563",15.5618391745134,6.78230979348415,12,8
"9564",20.2200939161364,5.43046480676703,12,8
"9565",25.9822207019568,7.05071202692883,12,8
"9566",24.239079603737,9.096298424771,12,8
"9567",18.7369695841439,5.53242892595485,12,8
"9568",22.4994893118093,3.89024702512046,12,8
"9569",23.6594926638823,5.79028972013049,12,8
"9570",22.7962920830955,3.36053352297342,12,8
"9571",20.0116099206796,6.49910995151331,12,8
"9572",21.2645694317555,5.39403159906231,12,8
"9573",31.7674963170683,6.70980433734123,12,8
"9574",25.0342469739114,5.74560975485695,12,8
"9575",17.6526347489421,5.48558643210936,12,8
"9576",28.5088756652244,6.98891598759413,12,8
"9577",17.5468644000403,6.87895156699284,12,8
"9578",17.7375810425284,6.08496665137937,12,8
"9579",20.4451915490979,4.988535988642,12,8
"9580",20.0237955379061,2.73510546636523,12,8
"9581",20.4957847285632,8.63244629291679,12,8
"9582",14.6194668112317,6.93874954621635,12,8
"9583",28.0263038253901,7.91328784081905,12,8
"9584",22.7569193162886,6.76757215999558,12,8
"9585",22.3577401050849,5.02058995017626,12,8
"9586",22.6422737517247,7.21099604194279,12,8
"9587",20.5899903385294,5.37271308010119,12,8
"9588",16.6497639118489,6.31505950319995,12,8
"9589",24.1870857986832,8.53374761651514,12,8
"9590",19.612176816025,6.70985481737521,12,8
"9591",22.5364539904768,2.57928779942009,12,8
"9592",19.3418473045988,7.04368509255562,12,8
"9593",16.4510814978688,2.83538428228509,12,8
"9594",19.6514220560688,8.44267272999033,12,8
"9595",17.7783129608133,9.05366934621224,12,8
"9596",24.2883451913084,7.9963876996944,12,8
"9597",21.6710483409496,6.62687782013922,12,8
"9598",22.6517643126537,7.64366328981622,12,8
"9599",18.2806197182716,7.02529573117406,12,8
"9600",19.5814175834851,6.15741127595805,12,8
"9601",18.9698346366419,4.96641024043815,12,8
"9602",16.4577565464619,6.71792570390453,12,8
"9603",21.8348256591769,7.8243941367227,12,8
"9604",20.7158858199572,5.20395939087894,12,8
"9605",21.9983532516836,8.05104125664572,12,8
"9606",22.2619986228688,6.55499032545914,12,8
"9607",22.4183132503407,8.76202071187314,12,8
"9608",20.6197915219626,5.75026224279562,12,8
"9609",18.8001747412604,5.44543504504034,12,8
"9610",27.7664323194685,8.10497029583492,12,8
"9611",19.6977901208061,5.96446123789924,12,8
"9612",23.1227209928792,7.76127926965011,12,8
"9613",19.0561476074962,6.52025225669852,12,8
"9614",14.4733867984743,10.7947628625001,12,8
"9615",29.2552785573409,10.7030373347298,12,8
"9616",21.7963780489847,7.36823783746528,12,8
"9617",22.3827224774556,5.67802741553392,12,8
"9618",20.3147171538714,7.1852315677431,12,8
"9619",20.9824566694804,3.69041729439085,12,8
"9620",19.7989565971201,8.90405947139388,12,8
"9621",25.7495133685076,3.16565908703883,12,8
"9622",21.6530760262916,3.29722411306096,12,8
"9623",20.799484234008,6.61383457008718,12,8
"9624",24.8081887957241,2.43496181677988,12,8
"9625",21.5909234937131,3.81236718078253,12,8
"9626",22.0930164832448,5.85024373413539,12,8
"9627",20.4978350667955,3.65610438395901,12,8
"9628",24.1759381250858,6.84677956221464,12,8
"9629",18.2617946095657,5.1835324525723,12,8
"9630",22.3858563520105,7.32314355462865,12,8
"9631",16.8099614564652,8.01403552014416,12,8
"9632",21.0704428946343,7.00062595285315,12,8
"9633",23.0320291368938,7.81158002424271,12,8
"9634",17.0410999779502,6.92822415197336,12,8
"9635",20.9035508820984,5.43855908609105,12,8
"9636",23.472448599068,6.76459847914596,12,8
"9637",23.7599791831357,4.67212797708291,12,8
"9638",21.3232502449302,4.60095488013716,12,8
"9639",23.1167394332013,6.87303383203365,12,8
"9640",20.0801516050436,7.8665803948932,12,8
"9641",28.5546591699116,6.48237168775263,12,8
"9642",20.5801369409058,5.44452928983501,12,8
"9643",19.8718424650242,7.15737084761009,12,8
"9644",24.5344566788765,7.40410350823106,12,8
"9645",16.1519680287082,6.13659254660495,12,8
"9646",18.931196311638,8.25013567612622,12,8
"9647",27.2471173681184,7.91669386253849,12,8
"9648",22.7865099743628,6.20866303982414,12,8
"9649",23.7642164628788,8.38849792018112,12,8
"9650",25.3162116522596,5.63720427129481,12,8
"9651",21.6536181494784,6.45255032989235,12,8
"9652",21.0156036546529,6.43190513667945,12,8
"9653",25.0516191583974,5.79792200774897,12,8
"9654",17.4236507204673,7.3610292620026,12,8
"9655",19.2954973750417,6.64168732335079,12,8
"9656",23.5390853954294,6.08393539984572,12,8
"9657",13.0301140765059,5.32971184351401,12,8
"9658",21.3158464095826,5.2753223077027,12,8
"9659",17.48737407981,8.18852467469017,12,8
"9660",22.1816345677343,7.25356640126651,12,8
"9661",18.3841318499579,2.89961099884905,12,8
"9662",23.1909990301594,4.66596733037058,12,8
"9663",25.9162248049011,8.36434075636987,12,8
"9664",19.6087955549829,6.92020646849655,12,8
"9665",22.2734954120493,8.30091334173122,12,8
"9666",18.29956938137,6.67751846419001,12,8
"9667",16.9199945666715,9.43159922521235,12,8
"9668",29.0442450653166,6.85776996265454,12,8
"9669",18.3717331856814,5.90918275477391,12,8
"9670",17.2195726051302,9.38194080649798,12,8
"9671",25.0312409327601,4.07010762396807,12,8
"9672",21.2620701793781,5.11949561011483,12,8
"9673",19.5220726466148,8.84004308941485,12,8
"9674",22.3165513363855,7.69954721676626,12,8
"9675",28.3256912397326,4.45185207972478,12,8
"9676",17.6140912309097,3.18793863088004,12,8
"9677",31.9961600195715,9.08410300629674,12,8
"9678",21.4592872858047,8.91975980217092,12,8
"9679",20.8330189474811,4.85806767511032,12,8
"9680",21.492608934869,8.99945643008307,12,8
"9681",15.8947290607817,6.6645582609405,12,8
"9682",22.6854867640891,5.94263468067215,12,8
"9683",24.4609185389121,4.5936922392316,12,8
"9684",23.4857407468135,6.78335315077814,12,8
"9685",16.7027991114731,3.11212121422403,12,8
"9686",17.3979646898293,5.41589152323639,12,8
"9687",18.3674898554101,6.57147045930634,12,8
"9688",28.7784800151536,4.60438202608579,12,8
"9689",21.7214429097677,5.2371344474823,12,8
"9690",22.7580206038347,5.17207491420219,12,8
"9691",25.0499998209305,7.02893355255628,12,8
"9692",20.4244280775897,6.92967333492752,12,8
"9693",22.3773028318137,6.69775267277955,12,8
"9694",18.5486207459534,2.80255235621741,12,8
"9695",17.6216498586884,5.60796375865665,12,8
"9696",19.0585983844205,2.12804732731257,12,8
"9697",24.7586913877768,4.90950884895916,12,8
"9698",20.6165722478241,8.29791368082013,12,8
"9699",26.2127976683639,7.83298750893274,12,8
"9700",29.6885339228295,7.10494393867248,12,8
"9701",14.1996883907871,7.91385464037096,12,8
"9702",26.4302639283963,5.12019846496574,12,8
"9703",16.4793765309203,9.93399466357553,12,8
"9704",13.7384847412501,7.85518909811819,12,8
"9705",17.3074803251578,8.26093692622636,12,8
"9706",25.4300050549489,8.38042735565019,12,8
"9707",23.6390692448027,8.0748121364032,12,8
"9708",21.5885493544549,5.89201327197329,12,8
"9709",14.874010981233,4.88676254678808,12,8
"9710",23.8330985903694,6.6333225893704,12,8
"9711",25.0917086950842,7.94062527949555,12,8
"9712",16.5124341960596,5.06014352426974,12,8
"9713",20.7484890136604,3.88165247080501,12,8
"9714",29.880432408802,5.7861700621925,12,8
"9715",23.3203220430165,2.77141369475899,12,8
"9716",19.7719615811175,7.16127682340442,12,8
"9717",25.5659277278684,3.55134942710806,12,8
"9718",19.7898417949919,6.89359948202289,12,8
"9719",27.8704039975323,4.36134033030771,12,8
"9720",20.6556493933461,4.97807219889759,12,8
"9721",18.9205048531993,5.81658072960181,12,8
"9722",21.8661292818504,3.44884962406821,12,8
"9723",22.9133084149604,7.22823042050526,12,8
"9724",24.7491479646191,8.51246574910916,12,8
"9725",22.1460526978035,4.9758551783917,12,8
"9726",24.6593334686821,7.66732968993552,12,8
"9727",23.4859747514,8.94043132114128,12,8
"9728",18.3182297434888,5.49763128024973,12,8
"9729",19.7434406297326,5.52530297234748,12,8
"9730",21.5895715799555,7.26259454227224,12,8
"9731",12.8505375126402,6.12854740686485,12,8
"9732",19.7727827017409,9.0079409848407,12,8
"9733",28.3177429120415,5.060058600604,12,8
"9734",29.0057412510364,6.08461065251751,12,8
"9735",24.741678581182,9.74431886373292,12,8
"9736",22.1932658054053,7.79425252705972,12,8
"9737",15.9687019890787,7.28521667158953,12,8
"9738",23.0724231811842,6.12700484606718,12,8
"9739",23.9312760025125,4.13057192724183,12,8
"9740",22.6853218794468,3.00155242800994,12,8
"9741",24.2947386494101,5.29643903190223,12,8
"9742",24.5731609007075,6.37476921355994,12,8
"9743",27.2035734570074,9.79966633392104,12,8
"9744",21.9261733536494,6.11717169168404,12,8
"9745",28.413696262628,6.37056452895006,12,8
"9746",18.4779020789555,6.01399290524439,12,8
"9747",17.8102123744651,6.21583447898544,12,8
"9748",26.658724043411,6.53216294263822,12,8
"9749",19.1087632529429,6.61597338727226,12,8
"9750",24.4682511796884,7.5007369404944,12,8
"9751",25.709533424898,8.7434374845505,12,8
"9752",30.35363376601,7.6880069537807,12,8
"9753",22.7934140276752,5.2205927215901,12,8
"9754",21.5060709290168,8.89437008270663,12,8
"9755",23.8250639364851,6.38891852446486,12,8
"9756",19.9927144423279,9.50333644758768,12,8
"9757",27.533526842855,8.09163035450618,12,8
"9758",21.842229135525,3.92875154943788,12,8
"9759",21.6984311020917,6.93395302231039,12,8
"9760",20.2361659604285,3.35649539700014,12,8
"9761",25.9488184093215,4.99407197945771,12,8
"9762",21.5497797635151,7.20146023743954,12,8
"9763",25.6782873488012,6.79055991035085,12,8
"9764",22.9085449708577,7.25859103320966,12,8
"9765",22.0662736836663,6.48244418054353,12,8
"9766",25.9308402317589,6.20659267026106,12,8
"9767",23.4888407804052,5.55732052096379,12,8
"9768",20.2392052030382,6.0484724495921,12,8
"9769",26.7968412079752,8.75551121871807,12,8
"9770",17.6479683450388,7.27624401226604,12,8
"9771",11.6811729268436,6.31450936983827,12,8
"9772",21.4448613238053,8.68384000454968,12,8
"9773",26.5768235143889,4.19421676650939,12,8
"9774",24.8642192845384,8.99593625518765,12,8
"9775",18.8300233354481,6.48696686737816,12,8
"9776",24.5216156479508,8.41347798157508,12,8
"9777",26.2638755310183,8.20425455771089,12,8
"9778",13.1996629517374,3.80665559679455,12,8
"9779",24.1448635065977,5.84975693504328,12,8
"9780",25.3790528254385,4.07788344153794,12,8
"9781",17.3797455063605,4.66060449164358,12,8
"9782",21.3087747469798,6.25556804266323,12,8
"9783",22.9691032855651,5.52983659366958,12,8
"9784",23.9348178649095,7.16710603122421,12,8
"9785",18.7623286632915,5.42286627357228,12,8
"9786",17.4098737042907,4.50250934099245,12,8
"9787",19.4720507460725,10.2184470062534,12,8
"9788",20.9578808278349,7.62262782714593,12,8
"9789",24.9828937034382,6.23219275540845,12,8
"9790",21.8154062914728,9.03894793444776,12,8
"9791",15.4631154925024,7.10631731998536,12,8
"9792",23.0356882085945,4.91942440806328,12,8
"9793",12.5298475468093,7.04913324571594,12,8
"9794",26.8892628030479,6.74004176355716,12,8
"9795",22.6018269669118,6.32421386326341,12,8
"9796",20.2053513362474,6.48586147629522,12,8
"9797",17.4658329769164,8.86775288732235,12,8
"9798",20.0818614565979,7.55718792882456,12,8
"9799",25.8776700745735,5.18188927128971,12,8
"9800",18.9421865645174,6.25570380799435,12,8
"9801",27.5831599559349,7.04422559384608,12,8
"9802",23.149444991395,8.7418415232006,12,8
"9803",20.8257604435343,6.95492634817327,12,8
"9804",20.1015943138981,6.20352854804331,12,8
"9805",22.3474155384976,5.14972121879351,12,8
"9806",21.7305551496921,4.63193124807282,12,8
"9807",19.2695091147429,5.33133579745049,12,8
"9808",26.0701462688849,8.52160524483708,12,8
"9809",22.0319302583643,10.0958802835383,12,8
"9810",27.3668402638475,4.04670543446766,12,8
"9811",21.9309345155886,6.70966924095502,12,8
"9812",22.7936059740624,11.0125928820753,12,8
"9813",18.9791684265532,5.08891542929145,12,8
"9814",22.2058411862219,5.75311264244005,12,8
"9815",28.272638699574,4.88103664752177,12,8
"9816",24.8856589166272,4.58316260455004,12,8
"9817",24.3009326005154,1.42957766952961,12,8
"9818",19.7122470365782,4.09789084813671,12,8
"9819",20.4248754269929,6.75017737615339,12,8
"9820",20.0048607870445,5.54509352516605,12,8
"9821",23.1468752194532,6.22366523705049,12,8
"9822",22.0055961522278,8.02445065938254,12,8
"9823",26.7070614064465,8.30437500608075,12,8
"9824",27.8952016775123,8.17094733591782,12,8
"9825",21.2981511871089,2.98467757645897,12,8
"9826",23.7781402304827,9.32103362403696,12,8
"9827",24.8953140337752,4.98072475840351,12,8
"9828",18.5442716629979,5.17121346902984,12,8
"9829",19.0254998439171,7.28305112945232,12,8
"9830",17.0201316076395,4.36383685049946,12,8
"9831",23.8552710163895,4.26308056106791,12,8
"9832",17.7985648577717,6.70097739999168,12,8
"9833",19.053888424044,3.68036950801053,12,8
"9834",26.0040087008066,7.627746630715,12,8
"9835",16.7701438608928,6.2547884390687,12,8
"9836",23.5974025719784,6.7973378273629,12,8
"9837",25.1180279428753,6.45704058735904,12,8
"9838",22.6411256573236,5.82123908687167,12,8
"9839",22.6231335445777,8.85871971696074,12,8
"9840",22.4381363965576,5.20132420973352,12,8
"9841",22.2781974913139,2.85537749845272,12,8
"9842",21.4422895947689,5.01331961175483,12,8
"9843",18.967622553769,6.92777088356762,12,8
"9844",19.8226040664721,6.15157798849324,12,8
"9845",23.1133691810226,9.22491520325423,12,8
"9846",26.0842364653373,7.93709245016018,12,8
"9847",20.5406736167651,4.383628320038,12,8
"9848",20.9729880712479,3.08446432127683,12,8
"9849",16.8485927014613,6.87524749445604,12,8
"9850",22.637895447836,6.82735010654317,12,8
"9851",21.2074852171603,7.81291715088086,12,8
"9852",25.9351773336625,4.6862003621958,12,8
"9853",24.4765265410485,7.85306201875785,12,8
"9854",23.2878045905591,8.39324181885418,12,8
"9855",27.4132578143126,6.54004896137565,12,8
"9856",22.0270707779869,4.63422094512413,12,8
"9857",22.0605478037863,9.05923231734092,12,8
"9858",20.0053064229595,8.40521703579076,12,8
"9859",21.6000730278114,4.06134495653361,12,8
"9860",16.1533899753129,8.26077901820029,12,8
"9861",18.4593390435418,8.01001885400519,12,8
"9862",26.0120579036707,1.91309805020079,12,8
"9863",18.497538223321,5.66005033435938,12,8
"9864",20.1365431242827,5.97705005281565,12,8
"9865",25.8476626698903,8.19875906531828,12,8
"9866",28.5810238268148,7.29187467846551,12,8
"9867",17.851028407872,6.07256951654653,12,8
"9868",22.4674543258177,9.15932787114125,12,8
"9869",24.9764879408282,4.63722047988895,12,8
"9870",22.9847885123097,7.38884923601433,12,8
"9871",24.2324651748604,3.9239619834294,12,8
"9872",22.8410266651736,3.54593674785246,12,8
"9873",20.7143099447312,5.26208309625465,12,8
"9874",19.4876675303674,4.35493393213416,12,8
"9875",21.3033851568008,8.18933151818285,12,8
"9876",23.319624243027,8.29433785590176,12,8
"9877",25.241151171374,5.9243148817982,12,8
"9878",20.8710262910966,3.53772241038345,12,8
"9879",22.3563860231249,6.95401198632613,12,8
"9880",15.8312091092067,6.04002248021907,12,8
"9881",18.3509772038311,8.95012986933632,12,8
"9882",20.8615173567054,7.2947732384011,12,8
"9883",19.8654697153342,8.70716758680801,12,8
"9884",20.0905915325107,3.53573767597362,12,8
"9885",23.4622716868554,5.64940906304441,12,8
"9886",23.860799509328,5.37186086166157,12,8
"9887",19.7780036932558,5.96660355391786,12,8
"9888",24.4978454761983,5.9335427450881,12,8
"9889",19.9337267358881,8.70523269364453,12,8
"9890",25.9649668410422,6.3552046144346,12,8
"9891",17.8209252862963,6.40213274352228,12,8
"9892",24.8425990569316,3.41424017385877,12,8
"9893",21.5354481245979,4.53205208254905,12,8
"9894",18.4459017910821,3.50671136566721,12,8
"9895",22.3501481193272,9.76373396435665,12,8
"9896",20.2550964165049,6.90002499624383,12,8
"9897",24.2363621822406,9.73021536804979,12,8
"9898",19.0937184162032,9.2971341058437,12,8
"9899",18.1752462470827,4.05693379718532,12,8
"9900",21.0410001695274,6.47017012954984,12,8
"9901",23.6069171576323,8.87078684455148,12,8
"9902",23.0893273038895,6.26621242578892,12,8
"9903",23.0836348991633,4.53158194082063,12,8
"9904",25.5455032448075,7.34963898843986,12,8
"9905",20.019659665852,9.97817149555025,12,8
"9906",22.3699802726373,9.41732673924658,12,8
"9907",17.3799640796361,9.70038109274564,12,8
"9908",21.5966444837469,6.7539867318476,12,8
"9909",27.1326143186835,3.75166930710204,12,8
"9910",19.7413547549641,5.22377788905362,12,8
"9911",29.77999213173,6.86663391041439,12,8
"9912",22.7522412655062,6.89445925273596,12,8
"9913",19.4197729891287,6.40185208889582,12,8
"9914",22.6743227040268,7.81018509418946,12,8
"9915",20.2981732361804,7.36353661430862,12,8
"9916",24.8168864922099,4.95178733351489,12,8
"9917",24.3981463827454,8.16244713648676,12,8
"9918",21.9824033143081,5.62119554791051,12,8
"9919",21.9810761865576,7.0864258792676,12,8
"9920",19.8827669312747,4.24131934787176,12,8
"9921",26.7064663366667,6.48742426461093,12,8
"9922",17.6278922008961,3.963393331054,12,8
"9923",27.7461093124469,7.27690424729431,12,8
"9924",17.4247866958083,6.25263611458562,12,8
"9925",20.7634078870358,6.40607468909445,12,8
"9926",21.276979704685,6.73458453726877,12,8
"9927",23.2885450042296,6.41577157647125,12,8
"9928",21.2382469657209,4.5066898986237,12,8
"9929",25.3874518383613,3.50890664722958,12,8
"9930",22.2742120315069,6.39025242781938,12,8
"9931",23.3385718395001,5.6173599057731,12,8
"9932",21.1714369940862,2.59530221911588,12,8
"9933",15.1545713475937,6.3246933105271,12,8
"9934",21.1999391848637,8.21687218095254,12,8
"9935",22.6651985081827,9.14854355524525,12,8
"9936",17.90273922338,7.51442281035017,12,8
"9937",20.5663956972746,4.3685217184729,12,8
"9938",23.5730104183713,5.82853310593579,12,8
"9939",17.73733423769,7.43952077407287,12,8
"9940",23.6537405970825,4.31077198845286,12,8
"9941",24.5223374206556,6.38547745096782,12,8
"9942",21.1814991845781,8.64667947554937,12,8
"9943",20.9805174415157,7.36619773805216,12,8
"9944",19.7713793558454,3.59778441750997,12,8
"9945",18.6023347287349,7.91474322203924,12,8
"9946",17.7622025490757,4.47702230864959,12,8
"9947",22.1831938754772,7.92640541023786,12,8
"9948",19.238254991261,3.40845589947397,12,8
"9949",20.8685771416219,6.70703641406339,12,8
"9950",23.6623835185122,6.41432377280526,12,8
"9951",19.394104469045,5.74345860040627,12,8
"9952",18.9769194856995,3.98620534611768,12,8
"9953",22.5680554975009,6.81817513396063,12,8
"9954",24.4420646055359,5.37823015669747,12,8
"9955",26.6946870647302,5.4349171159171,12,8
"9956",21.8005025764701,4.76475134508355,12,8
"9957",24.1745032334642,5.8276677910739,12,8
"9958",24.4513174687657,8.37937511701471,12,8
"9959",21.818855170173,6.44409396424558,12,8
"9960",21.0038968737869,6.34422058296515,12,8
"9961",22.3459133127969,8.48014647878817,12,8
"9962",18.4036027789702,6.83705972462221,12,8
"9963",21.9455003852704,5.91369696355584,12,8
"9964",22.5737784774729,6.04839013493954,12,8
"9965",16.8090520575237,6.07998125112363,12,8
"9966",17.2516986567812,8.43360014399943,12,8
"9967",18.7854592158012,5.77350788779473,12,8
"9968",25.7522987942217,6.46590366169396,12,8
"9969",18.1243113823986,8.08777726056454,12,8
"9970",17.3374171322198,9.66935689802762,12,8
"9971",17.0276814410329,9.35439853046132,12,8
"9972",25.1139771063205,7.11862814829666,12,8
"9973",18.7488284715029,7.55341596794015,12,8
"9974",21.5388969997546,7.96835707299456,12,8
"9975",26.1326878064985,4.64656174341142,12,8
"9976",22.0252694456521,8.04626315964939,12,8
"9977",25.3267999711034,6.1758366292745,12,8
"9978",21.182951676606,4.96159818873719,12,8
"9979",30.3046787864408,4.40609830116506,12,8
"9980",22.3704248600509,9.60988795797462,12,8
"9981",27.1282974512807,7.2119616570819,12,8
"9982",24.2187705668336,4.48569548754445,12,8
"9983",21.0902961355546,8.57567867325655,12,8
"9984",16.2860072069964,9.76333286281306,12,8
"9985",18.5751913898718,5.53067721870828,12,8
"9986",21.0669946394893,6.61358625573302,12,8
"9987",24.7808771127453,7.53957657476445,12,8
"9988",26.482656454392,7.68460393259774,12,8
"9989",27.0772028048141,6.7037571300423,12,8
"9990",19.2510812777256,5.76444381340321,12,8
"9991",24.5282529085987,7.88921289774756,12,8
"9992",20.8371377332203,1.77646799891519,12,8
"9993",19.6348173575072,5.75994774885997,12,8
"9994",14.9822072082007,6.64597442659,12,8
"9995",24.7502026988506,6.77767741520599,12,8
"9996",26.0085021846545,7.04206210009074,12,8
"9997",20.2327167312075,7.97642935699111,12,8
"9998",23.0026646997249,4.35326360174083,12,8
"9999",21.3768797266844,6.27811211308986,12,8
"10000",19.6919921162888,6.88719446041106,12,8
