"X1","X2","component","subcomponent"
"9001",16.6647076957468,1.97049310584349,12,8
"9002",29.0287907461783,5.55848043038266,12,8
"9003",14.1399952366037,6.65382595072491,12,8
"9004",22.8013167068403,7.34742248665969,12,8
"9005",22.7683459272388,7.86089291646811,12,8
"9006",17.8259085043219,4.33660622570601,12,8
"9007",29.7560290483649,8.05095417280709,12,8
"9008",27.0944123660087,10.1727267144951,12,8
"9009",17.6111802855959,5.79745240766538,12,8
"9010",24.4469331698033,8.78550505352308,12,8
"9011",15.1183381776585,7.38047481430322,12,8
"9012",22.173448178266,4.17463613033462,12,8
"9013",23.5968561101498,5.82648105712268,12,8
"9014",21.8751993200661,7.82230112362415,12,8
"9015",12.2091083948346,9.04489363243138,12,8
"9016",22.7766339850689,7.46624491666512,12,8
"9017",25.1908857166988,6.04432364010718,12,8
"9018",21.3551934314831,5.89674097230337,12,8
"9019",20.6634416268479,6.70154636759716,12,8
"9020",23.0479344752754,6.24543530478972,12,8
"9021",23.772088867125,4.39868491703848,12,8
"9022",22.9440885282903,6.29660526682147,12,8
"9023",21.613498870492,8.07087139838871,12,8
"9024",25.083558032337,4.8034061860448,12,8
"9025",18.484422899626,6.14004712373004,12,8
"9026",15.2700848381594,5.73663428056744,12,8
"9027",24.9992322645985,4.72404605870039,12,8
"9028",19.3403272859919,5.1657747933486,12,8
"9029",19.2460796788767,4.82204249945701,12,8
"9030",22.3838752937853,7.45885173484918,12,8
"9031",13.9151929823995,9.43370091011806,12,8
"9032",16.6689216416813,7.56656133546947,12,8
"9033",16.7334472495034,8.02488691079111,12,8
"9034",20.4328685606848,8.52194757093627,12,8
"9035",17.9019922346616,5.1865133816279,12,8
"9036",26.4347623800475,6.07801194578569,12,8
"9037",22.0349279656873,6.9265426957082,12,8
"9038",27.1042628919945,6.02182095081428,12,8
"9039",17.0957284926612,3.97664634970637,12,8
"9040",23.0130973184984,6.18531695897611,12,8
"9041",21.3316494988129,8.89837838797112,12,8
"9042",22.7268812469436,6.30672268563034,12,8
"9043",22.4783369095362,6.68191374522395,12,8
"9044",15.6362651809911,8.04155088531978,12,8
"9045",23.2644104705678,8.48994035997579,12,8
"9046",26.623746935289,10.5384171559218,12,8
"9047",18.850872223602,5.77652141330628,12,8
"9048",17.0788913686226,6.08027634051268,12,8
"9049",20.9857944639978,5.99868727597071,12,8
"9050",22.803276065664,5.76253254135129,12,8
"9051",18.5384074477294,8.06531084854269,12,8
"9052",23.9763108767761,7.24573649133354,12,8
"9053",23.9159615280633,8.95408516027987,12,8
"9054",22.125924711445,7.23081183000516,12,8
"9055",22.649685058671,6.07339817632182,12,8
"9056",18.1615061929143,7.68359451589991,12,8
"9057",23.5933066790303,6.61500331927827,12,8
"9058",16.1769980686853,5.40068387420638,12,8
"9059",20.9543585812848,4.18055678374809,12,8
"9060",23.3096635543313,9.06119935872744,12,8
"9061",25.4045938678997,6.88084730230205,12,8
"9062",16.4026683581081,4.0333285773013,12,8
"9063",16.0130216604092,5.77837074151197,12,8
"9064",14.9271868381182,9.54091265061736,12,8
"9065",19.6909737187056,6.88706716899288,12,8
"9066",21.0831422427258,7.87063513515575,12,8
"9067",17.4058614290033,7.25108264937166,12,8
"9068",24.280049175831,6.51922519723698,12,8
"9069",22.7941924448992,4.579020367862,12,8
"9070",21.3659001690678,4.62747587577001,12,8
"9071",24.7203791670268,6.73424956823768,12,8
"9072",20.1079359356541,5.20608685237948,12,8
"9073",22.981259763022,4.79450169480098,12,8
"9074",22.837690534948,7.36143271905611,12,8
"9075",21.6803564425844,8.14961095309522,12,8
"9076",24.6566142941703,7.84899992066016,12,8
"9077",27.5156744217596,4.44313389082846,12,8
"9078",25.23404829945,5.38338490440288,12,8
"9079",21.8314610223064,6.84388892738346,12,8
"9080",20.3130072142798,6.9045411211457,12,8
"9081",23.4328497729551,9.64013532650817,12,8
"9082",27.9901565573166,6.79005005117054,12,8
"9083",24.9914646936632,3.85678453865096,12,8
"9084",18.9154087028562,5.46111139744924,12,8
"9085",15.7503120148435,5.57606975952818,12,8
"9086",22.6827465640639,4.64543035942347,12,8
"9087",24.8823350037773,7.44006088299132,12,8
"9088",27.0546273948912,6.62151555320907,12,8
"9089",18.6304738432273,2.48683301030085,12,8
"9090",19.7689263512994,10.4773808866322,12,8
"9091",19.5825170712659,6.3259433711097,12,8
"9092",23.5889335842177,5.41617968326216,12,8
"9093",22.9982676612077,3.20308021491232,12,8
"9094",25.882558841935,7.38211134837657,12,8
"9095",18.4825890805936,4.62457230279248,12,8
"9096",20.1150148862431,5.23467568343552,12,8
"9097",26.0159642805014,8.3984041562476,12,8
"9098",23.6371284649764,3.8326151750364,12,8
"9099",28.1559402782063,7.45380465425384,12,8
"9100",29.1929005465284,4.83163936991163,12,8
"9101",13.4524154228184,7.0568236847282,12,8
"9102",23.9884962720435,8.47537087891655,12,8
"9103",23.9963313489253,7.57522248756319,12,8
"9104",23.4535654198341,5.5490366024284,12,8
"9105",25.550221240598,8.73955539495098,12,8
"9106",20.8733032666465,0.901367873863976,12,8
"9107",22.6467925703687,6.92608720624004,12,8
"9108",16.6629927003291,9.71557354202855,12,8
"9109",21.2098766682591,4.33965350559811,12,8
"9110",24.598788540851,6.30033573096054,12,8
"9111",25.4507450092997,2.32053488525059,12,8
"9112",21.3617159425806,8.08054073772949,12,8
"9113",17.2353444932374,5.0574122303482,12,8
"9114",22.4031469720486,6.4600795788099,12,8
"9115",20.9410106148213,7.28045583133469,12,8
"9116",22.01355876965,6.08476171655325,12,8
"9117",15.010628283508,6.75321227920103,12,8
"9118",14.6518972733762,11.1604745676966,12,8
"9119",21.8359617821182,7.35081587121033,12,8
"9120",21.0155302335283,6.93467856453649,12,8
"9121",19.7527769416698,6.89309836119474,12,8
"9122",16.5537654423275,7.06076570124225,12,8
"9123",23.5360905826674,5.90548055541974,12,8
"9124",18.0810877807975,7.93344134767069,12,8
"9125",27.3655487538652,5.85423868150925,12,8
"9126",22.600848095586,7.68485234190961,12,8
"9127",25.2715538633468,2.98044116131859,12,8
"9128",16.8268084748495,8.25284408199544,12,8
"9129",17.8972034734536,7.87611789232482,12,8
"9130",19.3362381008248,3.88963190063211,12,8
"9131",16.880998696024,7.82111746143568,12,8
"9132",22.114936585534,3.681672983508,12,8
"9133",13.2880915277566,5.74861116556826,12,8
"9134",22.8681697050822,9.27716897855412,12,8
"9135",21.9047100261831,6.18959020939715,12,8
"9136",23.8548395260883,9.08082563905101,12,8
"9137",22.7653623455148,6.99965382580947,12,8
"9138",24.9369673414521,8.89905685027677,12,8
"9139",15.9877486973247,8.87716722789103,12,8
"9140",21.2097881914834,7.90775844236951,12,8
"9141",18.6583798640508,7.75689595865925,12,8
"9142",27.7613913325193,7.60820288093806,12,8
"9143",20.2305872363055,6.79241054938088,12,8
"9144",18.7153683304283,8.94150511224417,12,8
"9145",21.8490567545333,3.59794812421052,12,8
"9146",22.2774544384568,4.34047614270344,12,8
"9147",19.8226123257428,6.04425456784569,12,8
"9148",20.7351983655681,9.8008279693658,12,8
"9149",25.2909638914957,6.49565428798808,12,8
"9150",19.084036792622,6.74370811695927,12,8
"9151",28.1243748735888,8.65805242006514,12,8
"9152",19.0390036285215,8.50917009339329,12,8
"9153",21.5581024889053,7.87344881214903,12,8
"9154",25.957685666958,6.64612914858817,12,8
"9155",19.144624887785,3.38144352541445,12,8
"9156",25.1769771001294,4.84553855547032,12,8
"9157",20.0295972803456,7.55866786464183,12,8
"9158",26.9396136359695,5.11000160262292,12,8
"9159",24.0171552878729,4.60516652784617,12,8
"9160",14.9686175010295,7.19161135176043,12,8
"9161",16.4913962827461,7.52245068764082,12,8
"9162",23.2232879736415,4.877287260558,12,8
"9163",22.4108622862937,6.91227595762627,12,8
"9164",19.430517350212,10.4279720943735,12,8
"9165",26.2477569692715,6.9455547239058,12,8
"9166",18.8899843259394,4.62756154337911,12,8
"9167",23.833470845842,11.9106217116812,12,8
"9168",16.3110164988371,5.91233396307879,12,8
"9169",15.4335989449509,6.26053179380071,12,8
"9170",24.8252015766547,5.85306145175339,12,8
"9171",26.4050877804623,2.52312301561377,12,8
"9172",24.0607996012238,6.64543516340363,12,8
"9173",21.2005925683285,5.15381639818091,12,8
"9174",21.1834918572501,9.45460399865701,12,8
"9175",19.8482124220503,9.5380052535046,12,8
"9176",21.0795326410465,6.24319364308935,12,8
"9177",13.2026093466372,12.0014073963668,12,8
"9178",23.1856843749183,5.88425590000254,12,8
"9179",24.2083064260569,5.282295061388,12,8
"9180",24.1713330242793,7.41780438832659,12,8
"9181",19.4910737821165,8.90645931881189,12,8
"9182",26.8306781701028,6.13521750165721,12,8
"9183",14.8919060475614,9.626205797744,12,8
"9184",22.7322905484032,6.03173577033889,12,8
"9185",22.7991726259175,8.63882007956002,12,8
"9186",21.9633634797708,3.11012364947444,12,8
"9187",21.1887132624137,5.06875252934724,12,8
"9188",25.3852380576996,6.67429567160339,12,8
"9189",22.3623463406759,7.22544138733287,12,8
"9190",21.7545537197883,7.60738047697457,12,8
"9191",25.8044380145932,9.15563757184973,12,8
"9192",22.746321255263,8.17804099424163,12,8
"9193",20.7751539376893,7.75105048331762,12,8
"9194",26.8646336065159,6.6261438465408,12,8
"9195",24.8395184670384,5.52273991154674,12,8
"9196",21.4376472359,7.75465261676491,12,8
"9197",21.5172117757218,4.62659650906378,12,8
"9198",22.8296542331162,2.79750052172454,12,8
"9199",19.224880600567,4.31263616029428,12,8
"9200",22.1490034536295,6.5883754464592,12,8
"9201",22.3608957552315,8.14400880306974,12,8
"9202",22.2773591830714,6.65065130504961,12,8
"9203",22.2803205524457,6.49691256285179,12,8
"9204",28.1537088889248,6.2965882640695,12,8
"9205",22.7089433082447,10.8189869678544,12,8
"9206",21.4914392628934,9.9104057048815,12,8
"9207",19.6410020551532,7.80072306273213,12,8
"9208",24.1841373059365,4.33218007786051,12,8
"9209",20.767168217544,5.83864007839523,12,8
"9210",22.5238348035654,5.50759973343748,12,8
"9211",18.290630883065,6.7911063601295,12,8
"9212",19.2476814490591,7.16518961857947,12,8
"9213",21.2927988769639,8.48150851965577,12,8
"9214",22.8325295104947,7.17333360170739,12,8
"9215",19.6794959642475,9.02929673291844,12,8
"9216",28.3727288428124,7.28990004298629,12,8
"9217",23.703419537221,6.0367698232296,12,8
"9218",20.1316022211379,6.60436470166706,12,8
"9219",24.7399986796695,7.24728400351276,12,8
"9220",20.8913987805554,9.47497204886133,12,8
"9221",18.1295364858447,5.22807239300111,12,8
"9222",17.7780425931528,6.21349206155095,12,8
"9223",22.4689896326513,4.92172253278778,12,8
"9224",21.7721814674448,8.65760323315785,12,8
"9225",25.3441581948112,3.18309475090699,12,8
"9226",20.9899836471255,7.25714343104784,12,8
"9227",22.054621368435,4.13857086022676,12,8
"9228",28.7445985065515,6.5692046525716,12,8
"9229",17.0331199388588,9.35625717040441,12,8
"9230",23.0964396047356,9.15740333730485,12,8
"9231",23.5501392503003,6.11869399221328,12,8
"9232",20.5750190417343,5.42368109686322,12,8
"9233",24.6268334936906,5.4571117680153,12,8
"9234",15.8478043417402,5.35456011670424,12,8
"9235",23.2951961705853,6.57176414617574,12,8
"9236",22.4145760371868,8.55010683832162,12,8
"9237",22.3034989911568,5.37107786057622,12,8
"9238",18.4787752364072,6.09642679365199,12,8
"9239",26.7226518962615,7.19634191324549,12,8
"9240",23.9954823204423,4.23860750537292,12,8
"9241",21.1189052305982,9.06399312342671,12,8
"9242",13.283284084912,6.02627037799695,12,8
"9243",24.2716162644094,7.88474042063782,12,8
"9244",21.8981491397163,5.148257595285,12,8
"9245",19.4998996606282,7.27080032205949,12,8
"9246",28.3426636198169,5.64943295758864,12,8
"9247",23.6192307459897,7.36895444424387,12,8
"9248",20.0399849665176,3.64554021478471,12,8
"9249",16.9826598408363,6.80149125927473,12,8
"9250",16.9281655896178,4.568954084978,12,8
"9251",21.1060198955649,6.04001409168996,12,8
"9252",22.5691712148841,10.1424127772115,12,8
"9253",22.1728062348131,6.2993747834915,12,8
"9254",24.6443774557195,4.6254144275127,12,8
"9255",22.2173835814078,7.88674185853166,12,8
"9256",27.0213079369826,6.45989222230088,12,8
"9257",26.4463758923117,4.67142431510082,12,8
"9258",15.0722771705247,11.3453148872197,12,8
"9259",20.1441777604328,6.5210251333198,12,8
"9260",25.0156279388719,6.33333642232289,12,8
"9261",19.9368119646757,5.71233498593375,12,8
"9262",20.6640393237215,4.66127216287502,12,8
"9263",20.8976168906509,6.8107315410078,12,8
"9264",21.3131581589265,5.61355687740255,12,8
"9265",25.2760033904031,4.25894506640091,12,8
"9266",19.63353261725,9.02304600368244,12,8
"9267",26.0053536319373,5.17825512975211,12,8
"9268",19.1531001453235,8.63881431526404,12,8
"9269",23.4290643819181,5.72891198063967,12,8
"9270",26.2152485614778,5.50120559013871,12,8
"9271",19.4028490004114,5.81549954775659,12,8
"9272",19.7334629457777,8.75685820824635,12,8
"9273",23.7646660943031,9.34543510475774,12,8
"9274",20.9677556387296,9.55317658586129,12,8
"9275",18.045085020499,4.91135777974243,12,8
"9276",16.3778414862064,5.51790185392606,12,8
"9277",23.8698737846956,4.48586837661102,12,8
"9278",22.5040975053915,7.3638615751893,12,8
"9279",25.6337009698395,4.64132646443868,12,8
"9280",15.3871680289353,6.08221552811875,12,8
"9281",26.2261358833905,6.19967454268871,12,8
"9282",26.161099457088,8.17433950608279,12,8
"9283",23.8308651721926,5.65646501005084,12,8
"9284",25.4577142761178,8.0523003143193,12,8
"9285",18.6897956965014,6.70846064230486,12,8
"9286",18.8245677829631,6.48907066148424,12,8
"9287",23.9734078725344,4.78165561574761,12,8
"9288",17.2204076194512,9.55482870546901,12,8
"9289",20.4453751812596,6.12740354883453,12,8
"9290",16.82598210253,3.79879875888127,12,8
"9291",23.948713998417,6.69565150124308,12,8
"9292",25.2304931500565,4.71836175323976,12,8
"9293",27.8236895255652,6.64301338837921,12,8
"9294",18.2975514783257,6.9629866699203,12,8
"9295",16.9477365839148,5.93761401682037,12,8
"9296",14.7775731896821,4.69461474977102,12,8
"9297",20.3707103769806,7.1405035883734,12,8
"9298",16.510723698778,9.15698842442187,12,8
"9299",26.4143761309694,6.18220803901566,12,8
"9300",19.6891931223816,10.1099989891048,12,8
"9301",24.5377111891455,7.95833025367575,12,8
"9302",20.0219513033578,5.2210657114161,12,8
"9303",18.6124123715639,3.00493366996541,12,8
"9304",23.2601186351053,5.28295794867559,12,8
"9305",24.1599931364578,7.18785807056159,12,8
"9306",22.9356612272962,7.44812364393519,12,8
"9307",18.5670908106675,6.28975185237798,12,8
"9308",20.9237304802211,6.15481309496938,12,8
"9309",24.9909759018358,5.07210782141907,12,8
"9310",22.9930823301248,1.71004859924217,12,8
"9311",17.2374893636682,6.78157817398153,12,8
"9312",21.9721337557807,5.53787442666633,12,8
"9313",18.8778742816539,6.21086620728977,12,8
"9314",19.799508540863,11.7105150372716,12,8
"9315",19.2797543059954,4.39075859878074,12,8
"9316",22.6009650737896,4.49529282041965,12,8
"9317",25.6316507191837,9.06007886734452,12,8
"9318",28.3918557973583,7.01454100076579,12,8
"9319",27.8814396499351,9.66930047068687,12,8
"9320",25.3332320547849,4.52033413492937,12,8
"9321",21.030757531737,9.29906064510035,12,8
"9322",12.7339169386706,5.77822675713724,12,8
"9323",21.1964356316526,3.90552211020668,12,8
"9324",27.0908444781256,7.89629948709227,12,8
"9325",27.3958711760099,4.83466499303901,12,8
"9326",20.677493874974,4.87067910716604,12,8
"9327",25.2038362307775,10.9659704402779,12,8
"9328",19.7356405472272,6.3388298690569,12,8
"9329",24.7465461105014,7.57300132653377,12,8
"9330",17.3743519431361,4.65860634373748,12,8
"9331",14.1427452096708,6.05475625584803,12,8
"9332",24.4556685844214,2.24881583960024,12,8
"9333",25.74336229123,8.08313580734454,12,8
"9334",24.6738718010059,8.43569765715973,12,8
"9335",23.1105640199534,8.01677593209501,12,8
"9336",17.249470390919,4.63682123890657,12,8
"9337",26.7730783229694,4.80057384935587,12,8
"9338",26.6679664940597,5.90315655435366,12,8
"9339",23.6187530759509,7.80252377267681,12,8
"9340",23.8544744063838,8.2680813089397,12,8
"9341",20.3468003192904,8.83105084767279,12,8
"9342",17.1064579767481,5.26298590951345,12,8
"9343",23.984872570251,9.14693798989463,12,8
"9344",26.8835286817421,9.4798495128013,12,8
"9345",18.3453099787539,1.83695957383529,12,8
"9346",22.591341991761,6.25699008302823,12,8
"9347",20.1333985208071,6.62209856318473,12,8
"9348",23.6346553100451,5.49129495612055,12,8
"9349",21.0882409538392,6.99022714157444,12,8
"9350",20.4333792710997,5.98667323199348,12,8
"9351",27.5412043930286,8.91776771462617,12,8
"9352",22.7620164909922,5.75232282196839,12,8
"9353",19.9996951557037,8.5575767896537,12,8
"9354",22.7504668560787,8.12961999996277,12,8
"9355",21.3888218641878,11.0140015736207,12,8
"9356",16.3077939962468,6.43351442561011,12,8
"9357",17.9992618157412,9.7341938644223,12,8
"9358",20.9446022777287,3.49154442716653,12,8
"9359",21.2239997300538,3.69553224558954,12,8
"9360",20.2207786923131,8.21725458693226,12,8
"9361",23.6019680551329,4.98891072915618,12,8
"9362",22.1683869960218,2.58520065884872,12,8
"9363",20.3011474557495,5.77648789007883,12,8
"9364",17.6904867967581,6.93190423322705,12,8
"9365",22.2229402558884,3.98526708166356,12,8
"9366",22.9255438698173,8.14414065530953,12,8
"9367",25.5359395283104,5.64534143437377,12,8
"9368",28.4202331121662,5.83453338242478,12,8
"9369",16.5786233687103,4.55132039359818,12,8
"9370",19.601950142649,4.23984565705364,12,8
"9371",19.7165170374637,8.8684111834608,12,8
"9372",11.0311521812067,5.66081358923416,12,8
"9373",22.6957744801178,5.0989752870987,12,8
"9374",27.5520899230476,4.91215086061378,12,8
"9375",20.8297300256672,6.90572976095503,12,8
"9376",24.0216898259028,8.49801161777061,12,8
"9377",22.0923168904492,9.36360422745815,12,8
"9378",15.7839512802001,7.58661745960819,12,8
"9379",19.3954670882003,7.19552073467415,12,8
"9380",23.8598992541798,7.47278978687135,12,8
"9381",21.2563078616833,3.19050156106104,12,8
"9382",17.6016340154967,7.75600168984801,12,8
"9383",19.0834600651187,4.67513655445403,12,8
"9384",23.5075790810795,8.56541414817339,12,8
"9385",16.9773208312624,5.57030989241003,12,8
"9386",22.9476444380263,4.80944850777736,12,8
"9387",24.3775980385709,8.06103619800453,12,8
"9388",20.572749219924,10.0506604296709,12,8
"9389",23.4895629238025,8.73944111513031,12,8
"9390",24.0267985653595,7.65642197206561,12,8
"9391",27.6403349828562,9.6408267314998,12,8
"9392",16.3847753327181,7.34328789486752,12,8
"9393",25.2281349580424,5.11548576554505,12,8
"9394",23.12358869706,6.24877244777152,12,8
"9395",18.3007740876422,5.69734657756494,12,8
"9396",27.0388850248675,5.89113246141562,12,8
"9397",25.9066348140311,6.0336854823384,12,8
"9398",21.9384946529438,10.2606748047969,12,8
"9399",25.2967405343654,5.79003892944324,12,8
"9400",28.311629153101,5.47810151831457,12,8
"9401",27.3297805428486,8.95003683072235,12,8
"9402",22.6890750444969,5.93391773672951,12,8
"9403",22.0099054157223,5.43774589760236,12,8
"9404",25.2375256756246,6.98843832850857,12,8
"9405",27.4934686906658,6.55384249838571,12,8
"9406",20.4139186622467,6.54517180561579,12,8
"9407",19.6464936714683,5.69265452745684,12,8
"9408",17.4581930446184,7.83195718491755,12,8
"9409",22.711133770322,5.07564044500901,12,8
"9410",22.4072808689186,5.12925017198616,12,8
"9411",24.3623962312583,7.916639193888,12,8
"9412",19.781519176376,3.00517187067889,12,8
"9413",23.0926541658754,7.88849717073599,12,8
"9414",23.2878525968433,6.54145218669057,12,8
"9415",22.2018648575606,6.12427121567753,12,8
"9416",23.9940554878426,6.45651939761335,12,8
"9417",24.4322394152301,6.75527965456824,12,8
"9418",14.691563957505,6.86382528166725,12,8
"9419",22.1311315350945,7.06077308827823,12,8
"9420",21.5980344195696,8.4359577924566,12,8
"9421",27.2155285163786,2.42636820841106,12,8
"9422",12.5765329603713,8.8422150610918,12,8
"9423",26.715924872468,7.17895727069218,12,8
"9424",16.2778156290527,6.66518132863272,12,8
"9425",24.4972515462489,7.81044816814179,12,8
"9426",23.2916814721893,9.49955474941846,12,8
"9427",17.7504366230557,4.7664719653363,12,8
"9428",25.3486724258151,5.8568541919338,12,8
"9429",24.3841752775578,7.29835808334687,12,8
"9430",13.7137170693236,5.40444986683463,12,8
"9431",21.3524266881937,8.47599463374209,12,8
"9432",21.4116629942296,6.87629807025169,12,8
"9433",21.6971175141705,8.83004936051489,12,8
"9434",20.8831249827339,3.98112849586939,12,8
"9435",23.9686574674651,3.68082682016852,12,8
"9436",19.0122781565552,9.18665460450074,12,8
"9437",23.6111197038343,7.92277372920779,12,8
"9438",26.2117986665896,7.8552231292042,12,8
"9439",18.1291885424496,10.6757306062215,12,8
"9440",21.846654251212,4.84952336518687,12,8
"9441",23.333774418654,5.20946492181729,12,8
"9442",25.7174682583698,8.95835038722677,12,8
"9443",23.722538960187,7.41610551075967,12,8
"9444",26.5206320823329,4.32365075537306,12,8
"9445",18.2983606552331,6.60277115469572,12,8
"9446",26.9477258980358,8.38225009022349,12,8
"9447",19.3815735011133,7.15030239084536,12,8
"9448",26.3716854365946,3.61622539979992,12,8
"9449",28.7995818509625,3.94877720770845,12,8
"9450",17.0228242003218,7.7752928076268,12,8
"9451",18.7964724681852,3.9452063475978,12,8
"9452",23.0216102798467,7.35776993517179,12,8
"9453",26.5455740731229,7.47131810820892,12,8
"9454",20.8475165813565,8.80504905713702,12,8
"9455",24.4089956046529,5.24235300588656,12,8
"9456",16.7925620727153,7.09167759548434,12,8
"9457",21.0605752073039,5.30005272244872,12,8
"9458",17.339500466557,6.09754380481528,12,8
"9459",27.3777703597709,7.6755816640301,12,8
"9460",19.929615538532,3.47531297226312,12,8
"9461",16.8340344978006,6.18474211276306,12,8
"9462",20.0056622779712,7.77006037384653,12,8
"9463",16.5782563983194,8.34394199656418,12,8
"9464",20.3958239244303,6.82545203837829,12,8
"9465",19.2557906952662,7.31376228064152,12,8
"9466",22.6149137751785,10.5202770586278,12,8
"9467",24.3406187247941,6.22552924139245,12,8
"9468",23.3223272202077,8.57336108712711,12,8
"9469",23.6488973308849,6.44933757196217,12,8
"9470",22.1055561618379,6.53894084449074,12,8
"9471",18.7568628395046,4.85156719525524,12,8
"9472",30.6679224511413,6.21871830180843,12,8
"9473",22.1036435771124,9.47142765368648,12,8
"9474",23.2873617468365,2.90033792249464,12,8
"9475",22.5232773527715,7.81515286446598,12,8
"9476",26.6454442653505,7.77040012351389,12,8
"9477",20.9090404155728,5.78563535639884,12,8
"9478",20.6704796359536,5.40535497409759,12,8
"9479",16.6683994298497,8.55879832241646,12,8
"9480",23.9294422755848,10.2575911926684,12,8
"9481",21.368723236877,5.64340633465625,12,8
"9482",26.597907064857,5.98868697305115,12,8
"9483",20.5783939394118,6.20021601366437,12,8
"9484",20.5844571271598,7.19506310691534,12,8
"9485",23.2295740934422,3.86089659446413,12,8
"9486",24.3574511245399,6.28078371374927,12,8
"9487",18.9513659067796,7.18520849404116,12,8
"9488",21.2485925878862,2.38761657375926,12,8
"9489",23.5141293892955,9.15590453727806,12,8
"9490",20.563681235776,7.6188234477176,12,8
"9491",20.2180823731216,8.16571506280283,12,8
"9492",26.8280371212886,10.7405294758191,12,8
"9493",19.5550042689979,4.30799853005907,12,8
"9494",18.7202508504521,4.91398986691102,12,8
"9495",19.8635015192636,7.61222865170916,12,8
"9496",16.6572939483236,8.1527979945109,12,8
"9497",24.5181786726154,5.04884888646929,12,8
"9498",20.4010131408118,7.86205808199504,12,8
"9499",21.9568187752165,5.8212453982661,12,8
"9500",24.9990428712057,5.21974153787146,12,8
"9501",16.7431054332906,5.04287624948075,12,8
"9502",25.4174320531094,7.26025898763056,12,8
"9503",13.7157749799374,4.98203596457547,12,8
"9504",25.1708192731536,3.28440843169124,12,8
"9505",22.7201098578446,9.22070757064903,12,8
"9506",21.6114074039477,4.54166139858594,12,8
"9507",20.6284138192657,4.38597233755563,12,8
"9508",24.6529407370453,5.49060415453302,12,8
"9509",25.7359218784371,7.99520754612467,12,8
"9510",20.0725624805739,7.15029370489528,12,8
"9511",15.5158664920706,4.19141123731676,12,8
"9512",19.5806847761612,5.13822331579369,12,8
"9513",18.4161884250247,5.38256194690272,12,8
"9514",23.4717772608935,6.78866134047588,12,8
"9515",20.8921775255111,5.15212263012152,12,8
"9516",20.8786474491448,5.95752194077443,12,8
"9517",20.5754735519463,10.7561345208241,12,8
"9518",27.1716007633509,6.99548509361224,12,8
"9519",23.1319949682846,9.21383714987144,12,8
"9520",19.651711549814,5.38536494055919,12,8
"9521",24.9784846332834,4.58743724028509,12,8
"9522",17.506386577751,5.87361177662833,12,8
"9523",18.6229777452112,6.96024006968524,12,8
"9524",22.6997254909936,6.63284055134507,12,8
"9525",17.4574188219297,5.33413597316118,12,8
"9526",17.5357609622594,9.92414210534091,12,8
"9527",23.3485919533482,7.48448830019581,12,8
"9528",30.4168005826722,8.50069345144302,12,8
"9529",17.680201189607,7.85942583779395,12,8
"9530",16.8045910156842,4.10368407230388,12,8
"9531",30.1966936304289,5.83991229786701,12,8
"9532",23.0332415877163,8.41592024512059,12,8
"9533",19.8044571068595,9.80974926745774,12,8
"9534",18.3605169932315,4.34008789776549,12,8
"9535",21.1933246549586,5.66476303192795,12,8
"9536",25.1707948849031,7.27956849965007,12,8
"9537",29.3110199922411,6.10500230765946,12,8
"9538",20.0348178287504,5.78051379591735,12,8
"9539",21.9881415712108,6.98045191217684,12,8
"9540",25.7200661832261,7.72024738136697,12,8
"9541",22.6739081385288,7.11440451710674,12,8
"9542",23.4355373394246,6.89816314385746,12,8
"9543",13.3506047188748,5.70718479572393,12,8
"9544",22.2189042127443,7.3690313349111,12,8
"9545",23.8370328633059,6.48805189951378,12,8
"9546",18.7053099829873,5.81706802108738,12,8
"9547",19.1097365689144,5.21339499103688,12,8
"9548",25.2345941148012,6.18353983735418,12,8
"9549",22.1080216627378,9.0254044798737,12,8
"9550",15.5401309871927,3.90180196934591,12,8
"9551",20.9806124697746,8.19907351843207,12,8
"9552",21.7436309272195,5.34986217829416,12,8
"9553",22.674848755186,6.5964788651887,12,8
"9554",19.9676812077682,4.767029277077,12,8
"9555",17.5853763613291,6.71525326058337,12,8
"9556",27.3967113737045,5.60863665445852,12,8
"9557",23.4485910157217,5.01082736696926,12,8
"9558",20.7351062610392,10.4011074018057,12,8
"9559",21.5084972378571,8.84190954139463,12,8
"9560",16.9234334870587,7.80259944000482,12,8
"9561",23.622958831363,6.19431678942493,12,8
"9562",25.6940944166066,7.85105707398573,12,8
"9563",28.8557350980153,7.24133443749838,12,8
"9564",18.0066478575559,7.26062644560101,12,8
"9565",22.2222589540414,7.1352677492736,12,8
"9566",29.1494316012263,6.64806943302048,12,8
"9567",26.1775491922025,9.52487677341977,12,8
"9568",21.3465075722057,4.79126294575612,12,8
"9569",23.3552033104891,6.86478872106438,12,8
"9570",19.1738233451695,7.36257815392848,12,8
"9571",28.3178146419346,7.5499650480146,12,8
"9572",25.6156524250895,9.15818021354145,12,8
"9573",24.350351334134,5.17201502502248,12,8
"9574",15.0711442799225,6.69496171808925,12,8
"9575",24.5435885538177,8.99010631403174,12,8
"9576",20.523743483835,4.81403629744271,12,8
"9577",24.8352733154249,8.31619007613462,12,8
"9578",25.4136298513407,8.61115167178318,12,8
"9579",28.0532801569715,4.54833272201448,12,8
"9580",23.8836546124326,7.04449316976813,12,8
"9581",23.8946931376481,7.07541994529819,12,8
"9582",22.9815904977444,7.34755997147527,12,8
"9583",21.8538079146999,8.85205921310763,12,8
"9584",22.7140336297932,6.58134159851618,12,8
"9585",24.2409486708526,6.46358989468676,12,8
"9586",17.7428945387472,6.107477310091,12,8
"9587",18.4757178615609,7.99208237003236,12,8
"9588",22.4654260502584,6.2894588171107,12,8
"9589",18.7001953733716,10.3251298331693,12,8
"9590",21.2635942020725,8.61670443360554,12,8
"9591",23.2223491058402,7.58884316962678,12,8
"9592",16.6556141473893,7.81689084087588,12,8
"9593",18.3447441419058,7.1421342433933,12,8
"9594",24.5433147432832,4.54056826806573,12,8
"9595",19.7364505055146,10.5299687119015,12,8
"9596",22.8513479758148,3.89526680424446,12,8
"9597",22.5797705104707,5.4189370971622,12,8
"9598",25.1392609204783,8.92293350565188,12,8
"9599",22.0506740757234,4.77488383178956,12,8
"9600",14.1013310267321,6.14952017582425,12,8
"9601",22.3629628926664,11.8135059286755,12,8
"9602",22.2377111854283,8.47869834935236,12,8
"9603",26.9930316195647,6.31613521100983,12,8
"9604",26.0778420113367,10.370426781298,12,8
"9605",18.0309034293173,3.71826317123859,12,8
"9606",24.53044452506,4.97293479386732,12,8
"9607",21.2740373415308,4.97334936269782,12,8
"9608",23.6310683808372,6.97320518943469,12,8
"9609",22.7008200346406,7.87987701033783,12,8
"9610",20.2240785438345,6.84564088723794,12,8
"9611",21.6286526166046,5.3470835774403,12,8
"9612",23.7617431520231,8.22509839834431,12,8
"9613",24.3090939148722,8.41279319120071,12,8
"9614",18.0016833983932,7.66932952540443,12,8
"9615",18.2970702633159,4.43702086973599,12,8
"9616",23.1632925723355,4.49757910614532,12,8
"9617",17.3573381627479,8.09852046140964,12,8
"9618",18.1797778638687,5.7950590156721,12,8
"9619",22.1843767157207,7.24015486766653,12,8
"9620",24.6901895540315,7.31517214669224,12,8
"9621",20.9270356539539,7.7118780046492,12,8
"9622",21.6010363457101,6.30102295415332,12,8
"9623",28.0695368426319,10.2197289647542,12,8
"9624",25.2740951682129,6.89836613995123,12,8
"9625",20.9073152305253,7.52547508771903,12,8
"9626",24.5454316856662,10.110179214701,12,8
"9627",17.1317354695767,6.48674772596649,12,8
"9628",25.5545754461132,6.04675995095118,12,8
"9629",21.8528010409825,7.19682643313877,12,8
"9630",21.6620185050593,5.83311620270557,12,8
"9631",25.3039624797016,3.26607030215939,12,8
"9632",21.2659492833023,8.54613009654395,12,8
"9633",17.6511028172687,7.70951682864218,12,8
"9634",22.8060349073221,4.9833264675285,12,8
"9635",14.7146337288029,6.46166911047464,12,8
"9636",26.0398438010738,5.43053462615445,12,8
"9637",22.8944562669498,7.7486556983999,12,8
"9638",21.0184095544879,3.79294717293705,12,8
"9639",25.1915823755702,8.41984790861925,12,8
"9640",17.3619513298764,9.56165993502846,12,8
"9641",20.4749932243613,5.58923163596434,12,8
"9642",22.9250797593278,8.00868117622279,12,8
"9643",25.8963779963204,7.41916121407822,12,8
"9644",24.7576110420615,8.99838662736489,12,8
"9645",26.7660600488649,10.5400591419515,12,8
"9646",16.2029781350235,2.56378102610806,12,8
"9647",22.2266408870392,5.61026592474643,12,8
"9648",26.0245887915718,8.88109315339484,12,8
"9649",23.0532678582518,8.93228584868082,12,8
"9650",16.4335533531837,7.21535810438838,12,8
"9651",20.874006476631,8.36176379994678,12,8
"9652",15.3368970796835,12.0306907503515,12,8
"9653",27.7173847841592,6.77554308036163,12,8
"9654",18.0167002919092,9.9386192211399,12,8
"9655",17.4121243930438,10.6521333835774,12,8
"9656",20.7645593256781,5.66868492870936,12,8
"9657",25.8049309553166,8.85157482084065,12,8
"9658",28.4852778020733,6.72590686496349,12,8
"9659",22.2432944549968,6.09150565893512,12,8
"9660",21.8166888062124,5.08844118846889,12,8
"9661",26.618511577898,8.22485842493299,12,8
"9662",14.869676517496,7.62333102466448,12,8
"9663",19.6395005882257,5.30985142589258,12,8
"9664",18.0789307785497,3.84082302962317,12,8
"9665",20.6831147750979,8.62197295689024,12,8
"9666",21.7780098129885,5.24917124762564,12,8
"9667",17.8805582421391,4.83026946796817,12,8
"9668",23.0714995253737,3.19775900622563,12,8
"9669",16.0438387860159,6.88909317051344,12,8
"9670",23.4200162733403,4.34872010127592,12,8
"9671",19.4019658513492,6.24552788324718,12,8
"9672",25.5971405932712,7.67685853481005,12,8
"9673",19.9423059571963,8.33873350054936,12,8
"9674",24.6930066783895,6.25287092822932,12,8
"9675",20.2738298296795,7.66650415139336,12,8
"9676",25.5088766837072,8.93117522150106,12,8
"9677",22.3818357100914,7.92890762673388,12,8
"9678",23.000175272374,7.26811322001353,12,8
"9679",20.2700834318483,6.77254162081761,12,8
"9680",24.9902470048288,5.32927736211393,12,8
"9681",21.5427938898558,8.24620399889266,12,8
"9682",21.9801261498412,5.79174453942499,12,8
"9683",27.7332049910005,6.87869928733941,12,8
"9684",18.3033033977131,4.31610773740964,12,8
"9685",17.7967282790245,5.91114741787548,12,8
"9686",21.8668963850533,6.61646365253083,12,8
"9687",23.6245449394642,7.2141927001595,12,8
"9688",19.8167785073565,7.63269050538176,12,8
"9689",19.8685401015277,3.78027181590276,12,8
"9690",21.2441469414889,5.93558846881933,12,8
"9691",23.2287093978898,2.55809145965983,12,8
"9692",19.9361987525896,3.3543936183178,12,8
"9693",19.2299966352938,7.47587796340007,12,8
"9694",22.2489505346203,7.91470347952571,12,8
"9695",28.7331285881529,6.8989455499423,12,8
"9696",23.5577354543342,3.7098150688674,12,8
"9697",16.0231598238129,6.66626233458104,12,8
"9698",21.0771806925204,5.92530529494936,12,8
"9699",18.7719431282692,5.71421969638558,12,8
"9700",20.8691182648698,5.30461533971281,12,8
"9701",19.7212852181561,4.2944612676776,12,8
"9702",24.4202227603246,5.3842524426694,12,8
"9703",19.4354072863779,4.1283242362844,12,8
"9704",19.5882068789525,6.57641622193781,12,8
"9705",23.4158192439844,8.88877051832764,12,8
"9706",24.404449452349,7.40313657887074,12,8
"9707",20.9057986232419,7.24453120873647,12,8
"9708",23.3773533239937,4.13377226900875,12,8
"9709",24.3900733812611,6.4054265750586,12,8
"9710",22.5802131746323,6.82439611140245,12,8
"9711",22.0229954931771,7.07021747666927,12,8
"9712",20.8939889878581,5.87816557584288,12,8
"9713",25.2301908110377,4.73673214394868,12,8
"9714",24.8654985431174,6.21537960504189,12,8
"9715",23.8891468911543,7.22011436665334,12,8
"9716",21.1807268771977,4.65580182673454,12,8
"9717",19.605548739916,2.53154949570883,12,8
"9718",20.9775374744084,8.23157452343803,12,8
"9719",33.3616995418749,7.86741054424159,12,8
"9720",20.8244766350818,8.63078189940729,12,8
"9721",20.6129247350515,5.97181517850532,12,8
"9722",17.4699756249961,6.67530762949652,12,8
"9723",22.5438951103433,2.66527501618638,12,8
"9724",30.6836059147326,7.77798399458264,12,8
"9725",19.1294779968547,7.4175164235159,12,8
"9726",22.1588502055376,6.61018754059566,12,8
"9727",23.6260699041832,8.43522918536957,12,8
"9728",23.6819323783203,5.05849455286659,12,8
"9729",19.1089071823886,4.75585397870611,12,8
"9730",24.512061593917,7.65258017635462,12,8
"9731",21.7748666359257,7.47631865085211,12,8
"9732",19.6696029596859,3.71408460227014,12,8
"9733",30.5502049452232,5.9184852791076,12,8
"9734",22.0628410076129,9.6363833575365,12,8
"9735",19.4333506892001,7.91920366464888,12,8
"9736",24.4107752062699,8.13213400203929,12,8
"9737",23.3824608640488,4.90140334755093,12,8
"9738",13.2580241542397,4.5559440298136,12,8
"9739",16.6119084834242,8.48020606693659,12,8
"9740",22.0331817113739,7.04502468151912,12,8
"9741",18.6667763330731,7.75393440038394,12,8
"9742",18.0604971545085,9.18523608589738,12,8
"9743",26.2606299689068,7.14117228247695,12,8
"9744",20.7458958894031,3.75897395342096,12,8
"9745",24.5215963913892,7.0450603966248,12,8
"9746",17.1715823177828,5.12562219349883,12,8
"9747",14.8847966475405,9.7725470315859,12,8
"9748",15.8036432625781,7.36880386633873,12,8
"9749",20.1006084580947,7.10834810121805,12,8
"9750",22.5933805852225,6.98014196453775,12,8
"9751",23.7242867382477,9.54065166062901,12,8
"9752",15.7729319165835,6.86390312799199,12,8
"9753",25.4722161390226,6.74258279158521,12,8
"9754",21.3985391985585,6.09565428167465,12,8
"9755",21.122799702041,6.18518540455706,12,8
"9756",20.8242896751394,7.53417599157631,12,8
"9757",24.2814346372254,5.62583181369659,12,8
"9758",25.122507235845,6.35295778675206,12,8
"9759",21.269339091984,8.24626418328689,12,8
"9760",22.9820978465724,5.60795322387932,12,8
"9761",26.3526433257424,5.22929382195351,12,8
"9762",18.0750453529573,7.92120019596791,12,8
"9763",22.5647034905899,8.56078524394381,12,8
"9764",23.4884099443995,8.04729378074689,12,8
"9765",20.9104656422373,5.3842497383092,12,8
"9766",25.0356858302515,4.21592073891335,12,8
"9767",22.4398925376677,9.32043665841595,12,8
"9768",17.5621414904118,7.30804511504473,12,8
"9769",18.179842620009,7.76900442647316,12,8
"9770",21.4389683905973,4.83899834075579,12,8
"9771",26.9761109912866,4.48155344056996,12,8
"9772",19.8194375364765,9.13715366273262,12,8
"9773",22.8099746977503,6.4160915461802,12,8
"9774",22.706261412813,6.86784160597681,12,8
"9775",19.0751259175729,8.85768616652915,12,8
"9776",22.5499500443694,5.19415848454838,12,8
"9777",23.8444182377548,5.75870575014775,12,8
"9778",26.157691085035,3.77577056938597,12,8
"9779",19.5407992547673,5.23546970955247,12,8
"9780",28.5858800579716,6.40972832585216,12,8
"9781",19.6350700291772,2.20300902054651,12,8
"9782",25.1990816390972,8.96536986199637,12,8
"9783",16.3119287694377,4.18656195476223,12,8
"9784",19.2689814951868,7.45897425413237,12,8
"9785",20.3940195005464,6.8748078379168,12,8
"9786",18.5751085023485,7.83736286143089,12,8
"9787",23.0235660974127,6.88240270024895,12,8
"9788",16.3651348206558,7.82908431950936,12,8
"9789",17.3367446947858,8.88725411990383,12,8
"9790",19.9225572665312,4.44156916380804,12,8
"9791",21.2837006310181,6.62400938013571,12,8
"9792",15.1999484471801,5.35266004996345,12,8
"9793",26.6676512993358,8.01637286803226,12,8
"9794",20.2128826751692,4.82975013357373,12,8
"9795",21.2451936324631,6.57021479084923,12,8
"9796",18.6121612747811,7.77099617704458,12,8
"9797",30.1041511067061,7.63294832130722,12,8
"9798",20.5715066455543,6.13086249970497,12,8
"9799",18.0035501590478,4.86635727983008,12,8
"9800",27.8485768355379,8.3309051486851,12,8
"9801",16.4130869442669,3.97844396948712,12,8
"9802",21.260719361024,10.7771311753176,12,8
"9803",22.5149536969715,5.38809074132785,12,8
"9804",23.2504159836138,8.04891950014476,12,8
"9805",25.9864165325174,7.76801210850856,12,8
"9806",29.8916276128129,6.08481858521298,12,8
"9807",20.8757884192738,6.62901966986193,12,8
"9808",22.8373404348493,7.60345843822359,12,8
"9809",16.2766725801605,6.7416007010553,12,8
"9810",20.673910803543,5.06162257312565,12,8
"9811",24.6209801104378,5.90255975142834,12,8
"9812",21.2650253581231,8.64438681565759,12,8
"9813",22.835068601092,8.8007068316616,12,8
"9814",21.4045217696122,5.23609402140679,12,8
"9815",26.8672885988445,8.23924876833838,12,8
"9816",24.9668713409184,9.60895514777483,12,8
"9817",20.0946888284336,4.73538130821255,12,8
"9818",19.0152602499044,3.48354839115622,12,8
"9819",21.0093377468658,8.07445402841585,12,8
"9820",21.6833450582129,6.18941138600082,12,8
"9821",24.6127712766243,8.58528285961843,12,8
"9822",14.3334641778038,9.15836191245315,12,8
"9823",26.9672132878468,8.95484359497121,12,8
"9824",18.6575886167203,9.08546532338454,12,8
"9825",20.5934934700367,11.2568584921846,12,8
"9826",15.0223870162198,1.54738629892578,12,8
"9827",21.1422847273114,5.02805843712383,12,8
"9828",20.7764768108195,7.09485546825335,12,8
"9829",22.890870012564,2.63401028398506,12,8
"9830",14.5837542935384,4.65311315096673,12,8
"9831",17.4468242664333,4.3004129832751,12,8
"9832",25.1823038624665,3.99810688971487,12,8
"9833",21.3209285101516,4.22824690765825,12,8
"9834",27.4693894708121,4.09261905224082,12,8
"9835",26.2844394894331,8.85663785050764,12,8
"9836",19.5198658024539,5.42327739579056,12,8
"9837",18.0689263871377,5.03226979690435,12,8
"9838",19.7489794924428,10.3744659931761,12,8
"9839",19.4214990051842,4.86010357982932,12,8
"9840",14.8997662536406,8.59166499051854,12,8
"9841",23.1537523924574,7.63247229737427,12,8
"9842",19.7068096401693,5.12336630281539,12,8
"9843",25.6765297624815,4.14309192641856,12,8
"9844",22.0487665124404,6.03593996040229,12,8
"9845",19.7888738670392,8.15588671570139,12,8
"9846",28.8472387860225,7.49401113626564,12,8
"9847",23.2058230604061,4.90343839493684,12,8
"9848",24.0829653357257,4.64887932457611,12,8
"9849",24.1649048700574,7.4567723251004,12,8
"9850",21.293536222044,7.33442922227751,12,8
"9851",21.4903913521532,2.88724842171984,12,8
"9852",24.4636865698496,4.60130911604842,12,8
"9853",23.1104737421048,4.9372366204474,12,8
"9854",26.7787098113782,3.40418307792443,12,8
"9855",17.0678386200819,7.27726913936985,12,8
"9856",18.426376964793,5.81546898998198,12,8
"9857",24.3919048658522,8.27815746376797,12,8
"9858",13.4237890759717,6.6447282525939,12,8
"9859",27.8296897742859,4.75275138493072,12,8
"9860",22.2811653413128,6.39602111443658,12,8
"9861",29.5419766956399,6.88468885636745,12,8
"9862",26.409687664455,7.62300147593755,12,8
"9863",21.6555723895796,9.13097005230067,12,8
"9864",23.7651479999506,6.80161580605199,12,8
"9865",22.6995960117436,9.24918535099628,12,8
"9866",18.2829669759587,8.1936865551484,12,8
"9867",26.4795144603966,6.9955612714529,12,8
"9868",27.157530443146,7.62681715722536,12,8
"9869",20.540662470841,8.2047009120589,12,8
"9870",24.8848474068847,6.62552410228802,12,8
"9871",23.8122799775602,11.1802509661062,12,8
"9872",19.6195040400044,5.0380917468388,12,8
"9873",21.064252060233,9.36649932714684,12,8
"9874",21.4470025691902,3.44158478732918,12,8
"9875",24.2776437384036,3.24940700263394,12,8
"9876",18.2069433827187,2.43877563745395,12,8
"9877",24.4055116947735,5.17449056353382,12,8
"9878",22.8927930026135,7.89744361030484,12,8
"9879",25.7382513312031,5.78703833598095,12,8
"9880",24.7734179540898,8.74348438061011,12,8
"9881",14.3091498878445,7.46557327390693,12,8
"9882",21.3400218625738,5.65526843292489,12,8
"9883",22.6598450157299,9.38122202737935,12,8
"9884",26.4465086771126,7.39927497651258,12,8
"9885",18.4528586437174,5.48120098842413,12,8
"9886",25.3922949596572,10.2677107393703,12,8
"9887",18.1554870606934,8.02455545473247,12,8
"9888",27.8614621547481,5.17510785491476,12,8
"9889",13.6067510028659,6.33943989609433,12,8
"9890",22.883945388098,6.57224368112613,12,8
"9891",24.6753477159119,3.13413992776375,12,8
"9892",21.9637944409033,6.56648085180263,12,8
"9893",20.7308517278949,7.60850353204066,12,8
"9894",28.1465408627089,5.77168935104954,12,8
"9895",28.1528582244833,4.82711831322051,12,8
"9896",21.8698067880692,8.29055829953127,12,8
"9897",22.1074441214821,3.90736049366986,12,8
"9898",17.7471424520485,6.71049050583127,12,8
"9899",23.309958910148,7.79668047381173,12,8
"9900",21.7517564588659,4.39386415251955,12,8
"9901",25.2951118004468,6.66895099699541,12,8
"9902",25.8274109679425,3.83633487924149,12,8
"9903",17.5288339329699,7.62602932718226,12,8
"9904",26.6957239197526,9.02257826433366,12,8
"9905",22.3226852288362,5.5916282647747,12,8
"9906",21.4368656789696,8.41495061083659,12,8
"9907",16.3249583741894,10.8386578803001,12,8
"9908",17.1483343841958,7.78364233418134,12,8
"9909",24.789829238957,3.01762063037216,12,8
"9910",23.3673958293023,4.02331319089157,12,8
"9911",23.9283331200996,5.72277231078591,12,8
"9912",26.008240586612,4.62063875626375,12,8
"9913",25.5579499646805,4.76628836801759,12,8
"9914",19.5710100152851,4.1234374569618,12,8
"9915",18.784000029628,6.95726934473941,12,8
"9916",20.1282506193326,5.42116957468446,12,8
"9917",22.7651019666927,8.75714044728763,12,8
"9918",24.3928754099937,6.66263278646063,12,8
"9919",21.5016388263997,5.10890291936004,12,8
"9920",20.0226104919137,7.04936277071081,12,8
"9921",20.3745170802858,5.00012383832954,12,8
"9922",19.3172403753668,3.10499997907971,12,8
"9923",24.952340501759,7.98598616112231,12,8
"9924",23.7333179642179,8.89627878623843,12,8
"9925",26.4025252393677,9.69708965043024,12,8
"9926",23.6519093800073,6.12056113911925,12,8
"9927",15.382929561789,9.68909022914193,12,8
"9928",20.8747098915319,6.81519041841888,12,8
"9929",23.9250208509397,5.01837139756168,12,8
"9930",22.2486971834152,6.69964103172023,12,8
"9931",20.4204389299685,4.93820667788445,12,8
"9932",23.0814064696809,7.05315503113003,12,8
"9933",20.2922590687154,5.93046785729604,12,8
"9934",22.9881208824349,7.31835388988468,12,8
"9935",22.612423714074,6.43942506571325,12,8
"9936",21.4134059448297,8.20290846185763,12,8
"9937",18.965212067186,7.42562186617987,12,8
"9938",24.1269093533578,7.80974909645381,12,8
"9939",19.0374041695919,4.17517397415966,12,8
"9940",19.9163569016842,6.74150582629895,12,8
"9941",21.7786166096465,2.97384018667837,12,8
"9942",25.234162012343,2.3064399354716,12,8
"9943",26.183811132267,8.59893213849567,12,8
"9944",25.4800354405551,4.64927351021435,12,8
"9945",25.6508334254337,5.96195309412913,12,8
"9946",15.5036899800133,6.3329932564742,12,8
"9947",24.6322582333889,5.37611472638803,12,8
"9948",17.7774340942883,7.5824776483017,12,8
"9949",20.1272551367822,5.01665021937665,12,8
"9950",21.5024788339625,4.8139470738178,12,8
"9951",23.2642321535286,8.7903618773643,12,8
"9952",23.0485355898501,8.18417344734717,12,8
"9953",23.6937204587692,7.6144711517947,12,8
"9954",25.6413451327984,5.75524580120516,12,8
"9955",17.7845359124438,5.5604767639527,12,8
"9956",15.6820915857922,5.23586755782453,12,8
"9957",27.1299554285981,5.90853957031813,12,8
"9958",23.765851603612,4.68204073085279,12,8
"9959",22.7659598424587,6.04408838094326,12,8
"9960",25.0383625292251,5.03316610941723,12,8
"9961",26.9511815246073,7.24031736614172,12,8
"9962",17.529728199888,6.55377746804689,12,8
"9963",19.171161990514,6.57092196818631,12,8
"9964",26.9103495945438,7.45502248334981,12,8
"9965",18.8222959895623,6.02300667177151,12,8
"9966",18.0021280242696,8.55972786226314,12,8
"9967",27.0247535611488,8.64669542375309,12,8
"9968",20.5027512930996,6.32693535920447,12,8
"9969",17.6105770337327,7.58591100832663,12,8
"9970",19.264973036978,8.51124715102697,12,8
"9971",26.2191366313297,7.90592332384083,12,8
"9972",24.5481582673457,4.61325569290903,12,8
"9973",19.3332370052171,7.88019699970936,12,8
"9974",18.015608898435,4.60331302451478,12,8
"9975",17.4306386129633,7.54883559468048,12,8
"9976",19.627067108087,6.1150803824526,12,8
"9977",24.3626648572583,8.25668813200673,12,8
"9978",22.5971986924819,7.79182484956929,12,8
"9979",15.8131072233755,6.34183396219281,12,8
"9980",32.6702730291049,4.4015190470477,12,8
"9981",18.0360253162331,6.143537085791,12,8
"9982",20.0284689443737,8.34166600634051,12,8
"9983",21.0797210689274,5.41850868209499,12,8
"9984",18.7552203034859,6.92565795087969,12,8
"9985",22.9671237897709,9.34732284130705,12,8
"9986",19.181142891671,2.18510380977862,12,8
"9987",24.7436690576691,5.04969359399794,12,8
"9988",25.6462461950888,4.33734013799962,12,8
"9989",22.5877945043861,3.1614337221308,12,8
"9990",16.9421846748925,4.18505370323928,12,8
"9991",26.0638555402817,7.76900185031116,12,8
"9992",19.3214277349199,5.12587858551822,12,8
"9993",26.621540876135,6.06171312240723,12,8
"9994",24.8558236796217,5.12485600648269,12,8
"9995",22.9013170563775,8.28472472450926,12,8
"9996",17.6089844967464,4.68356427731632,12,8
"9997",29.6622037572279,7.93306360553178,12,8
"9998",24.2894893338776,7.68195510964725,12,8
"9999",22.4494769737311,6.13632512052794,12,8
"10000",27.9330722857016,6.1800774202462,12,8
