"X1","X2","component","subcomponent"
"9001",6.46060257702134,4.25654084069267,1,1
"9002",7.46253974268544,0.365281214120754,1,1
"9003",3.32115938754274,2.88218102545255,1,1
"9004",6.48505609758746,4.03719701213479,1,1
"9005",5.28545174427688,1.79913150456629,1,1
"9006",8.98359040608826,0.701670813581788,1,1
"9007",5.47351415838363,6.22567914819483,1,1
"9008",3.51749738452097,3.24725987499736,1,1
"9009",3.57613889571184,4.017218807519,1,1
"9010",7.28586546632842,5.46603409214597,1,1
"9011",5.49371468913311,6.23903530945252,1,1
"9012",8.00252806282331,3.32698504194401,1,1
"9013",7.31239624890427,3.10316380612618,1,1
"9014",7.30495569528937,4.98365599758545,1,1
"9015",5.93644290212401,4.88876042515714,1,1
"9016",4.52684072198743,3.7611534145922,1,1
"9017",3.29373928730822,8.29769976760295,1,1
"9018",3.86451256235327,5.05655231658264,1,1
"9019",2.91560172812285,4.10191305862604,1,1
"9020",4.91400698218862,4.11843556663495,1,1
"9021",4.64956711251843,8.07675931539933,1,1
"9022",7.16927124951772,3.12943669803147,1,1
"9023",6.90178913646927,6.6088970803592,1,1
"9024",8.61556109854487,4.83373198523763,1,1
"9025",8.83905005394919,4.4777089568353,1,1
"9026",8.02670672253198,2.94785521818767,1,1
"9027",8.11164407430837,5.03729937776003,1,1
"9028",7.46893761336734,7.16244709859825,1,1
"9029",7.37625023333268,4.81683263776497,1,1
"9030",5.37140532213488,1.74139019619082,1,1
"9031",6.33237624877372,5.38665071769909,1,1
"9032",6.87307093722976,2.87237602216967,1,1
"9033",7.10726334798019,5.60616066283591,1,1
"9034",4.70393406800475,4.56660726071967,1,1
"9035",8.42135228370442,4.82373212797798,1,1
"9036",0.445541338929732,5.9173876092802,1,1
"9037",7.41400912857878,1.52954055899442,1,1
"9038",6.05248585867336,6.93974688178124,1,1
"9039",5.75555770149365,2.94164386779954,1,1
"9040",5.49689819331785,3.50947784962587,1,1
"9041",10.7211442059106,4.14130034291093,1,1
"9042",5.32809451250845,5.11892705612939,1,1
"9043",5.88522970421489,3.78144895811465,1,1
"9044",5.30603756249999,4.3154992263898,1,1
"9045",6.43747869825733,4.18957893923391,1,1
"9046",3.65301501053886,6.34910835800709,1,1
"9047",10.2094705102293,4.85142993552071,1,1
"9048",4.9233769603089,6.08273175166499,1,1
"9049",7.60622237845406,2.38922602972407,1,1
"9050",5.1598256495112,6.34549839519814,1,1
"9051",7.26172013399581,2.78873610071848,1,1
"9052",2.2882338489707,4.57921605426564,1,1
"9053",3.96257314012108,4.54693776203438,1,1
"9054",9.79281416955536,4.83912204292252,1,1
"9055",9.56158342642057,3.79758240556966,1,1
"9056",10.6396923423329,4.57543655393129,1,1
"9057",7.44437876319252,6.2237335153537,1,1
"9058",7.13755622566549,5.00964341285885,1,1
"9059",4.69283699806937,3.16819525623944,1,1
"9060",7.16837936194846,2.00654493348444,1,1
"9061",5.28655407176536,4.1337753530498,1,1
"9062",5.20158854692721,0.774205687602816,1,1
"9063",7.31092331276009,5.09809618882929,1,1
"9064",6.55222372407488,4.02738018474825,1,1
"9065",3.19645306657273,0.451533504293367,1,1
"9066",4.43651814482047,4.04304247446947,1,1
"9067",4.88906801434425,0.303795637849006,1,1
"9068",5.20327902278024,3.09672310633179,1,1
"9069",8.9238945538827,-0.0159819314601775,1,1
"9070",7.27609075579684,5.86056101508043,1,1
"9071",3.10312664728169,0.805317415197002,1,1
"9072",6.61457515292043,3.44864634995593,1,1
"9073",1.71884806118658,6.25632551018857,1,1
"9074",5.99099746545483,3.42646143152205,1,1
"9075",6.85636784584422,7.20277063334807,1,1
"9076",9.09977987119851,4.42588477764399,1,1
"9077",0.214497382731611,5.32970910554467,1,1
"9078",9.19486894875948,5.5766776857474,1,1
"9079",3.53416162660071,1.15311691016376,1,1
"9080",8.26310263851293,3.93246529062791,1,1
"9081",5.25530150894902,4.38239138381342,1,1
"9082",6.26356485163602,3.98595366961032,1,1
"9083",7.06457765579348,2.3305176007714,1,1
"9084",9.65189827586603,1.11951858924591,1,1
"9085",6.12708035125843,1.01939451823228,1,1
"9086",6.02423019408076,2.33913393163045,1,1
"9087",7.97485479854892,3.58075663559961,1,1
"9088",7.94754852477782,4.41295500848089,1,1
"9089",3.2812233843565,1.40416545718772,1,1
"9090",7.91578084449998,7.70632339293718,1,1
"9091",6.30293455643942,6.49993405493542,1,1
"9092",2.58283365292658,4.78583740888051,1,1
"9093",4.34616378798306,3.33883987985074,1,1
"9094",4.97909911956891,0.510857461843857,1,1
"9095",7.71349461193579,3.10366289567613,1,1
"9096",4.64420161533646,3.13171847704102,1,1
"9097",9.03462808849305,4.0433746181324,1,1
"9098",6.65365185544602,2.74309468731265,1,1
"9099",6.16962258907653,4.33136562150745,1,1
"9100",5.393568218483,2.88832411705508,1,1
"9101",7.57086373469812,3.10480897998024,1,1
"9102",4.83680138024966,3.74415151233811,1,1
"9103",6.61392995072935,3.19208194201919,1,1
"9104",7.8313704268667,5.26541326760008,1,1
"9105",3.81521119512896,3.51951063532972,1,1
"9106",4.76281475635347,6.0102798355029,1,1
"9107",3.84549683631036,6.33560191534005,1,1
"9108",5.79183628534151,1.67344833708506,1,1
"9109",7.5741770948964,0.919407655424741,1,1
"9110",4.10463623699495,4.49016459245941,1,1
"9111",5.87676737470366,2.77222214742537,1,1
"9112",8.1749700416642,4.37526912425616,1,1
"9113",6.51983692423402,3.76088103481524,1,1
"9114",8.03075606120294,3.82410667379904,1,1
"9115",9.86239247748853,5.64711047846342,1,1
"9116",7.18428009740042,4.332870757249,1,1
"9117",6.1414653027886,3.37451024663332,1,1
"9118",3.77757532787091,4.07329607642905,1,1
"9119",8.05554015872071,2.27135034219909,1,1
"9120",5.95076340226019,5.41533444306871,1,1
"9121",6.51310130451914,4.40392159954326,1,1
"9122",7.62976804189066,4.54498090949064,1,1
"9123",7.01894124098434,7.13877914087356,1,1
"9124",1.73668454868324,5.62544298303601,1,1
"9125",5.59036357919576,4.25519430379993,1,1
"9126",5.17496016092302,4.53988262909748,1,1
"9127",3.20715490413799,4.3802904228204,1,1
"9128",1.66907364398786,5.69678034518171,1,1
"9129",6.83534219399629,5.8829951170776,1,1
"9130",6.55588291759025,1.77891810781976,1,1
"9131",5.65854989968547,3.70232857853379,1,1
"9132",7.85080958185125,4.75510348856618,1,1
"9133",9.097875818775,2.48648847041033,1,1
"9134",7.80350534056189,3.34106153896257,1,1
"9135",5.35678414595686,4.73706194533829,1,1
"9136",6.09154801458083,5.62100884049126,1,1
"9137",7.33935046497828,3.77483017821666,1,1
"9138",6.03465485798919,2.30058470452567,1,1
"9139",12.038616760133,4.45601815950856,1,1
"9140",8.87522467605765,5.77174654536169,1,1
"9141",7.57070187622092,4.94469565294068,1,1
"9142",3.73548005074708,1.92600428706163,1,1
"9143",4.95183273928903,5.40527685470778,1,1
"9144",7.71371918521207,7.02915761245664,1,1
"9145",7.69095519817207,6.19319581373549,1,1
"9146",8.64640635812026,5.35860497288494,1,1
"9147",4.28010078965266,2.83785458850825,1,1
"9148",7.14826995046045,5.46464563841685,1,1
"9149",7.39168815601243,4.39336180635213,1,1
"9150",8.62399223652482,4.42325364156456,1,1
"9151",8.0108054998359,0.705976978241926,1,1
"9152",9.70281404207397,4.12696127929079,1,1
"9153",7.77638619038207,3.77513186402582,1,1
"9154",6.0481967587442,5.19703991773071,1,1
"9155",1.43254582533585,6.73995087960936,1,1
"9156",8.08719837984568,3.40503932193596,1,1
"9157",7.46591798663955,4.42964513032575,1,1
"9158",8.33529402538795,4.75615188933384,1,1
"9159",5.36504128418134,3.55486742780983,1,1
"9160",7.22438235342763,2.33872649984458,1,1
"9161",7.49014706369318,1.51371449924098,1,1
"9162",3.28884304285356,7.24226176866428,1,1
"9163",5.44996939334511,4.14152554234843,1,1
"9164",6.98353844552591,4.47485703924063,1,1
"9165",5.34751740280097,2.73374018686552,1,1
"9166",7.44118000329571,3.11863242973715,1,1
"9167",6.45716144422505,2.20796895913359,1,1
"9168",7.69768527227093,4.27653940969086,1,1
"9169",4.467148130191,3.44557047591809,1,1
"9170",8.47063443399308,1.97377192580712,1,1
"9171",5.8625846568715,3.58615153585254,1,1
"9172",8.31051232428536,1.44902223660515,1,1
"9173",2.63176765365957,4.16198780098808,1,1
"9174",3.15141223593621,1.32763924071771,1,1
"9175",7.91670566458103,5.48100802712422,1,1
"9176",3.69592144177008,2.17354875374362,1,1
"9177",2.63652264078981,2.76234830637284,1,1
"9178",4.17095106493759,1.03162984162192,1,1
"9179",7.15996551691256,4.3097156951406,1,1
"9180",7.45685479571988,3.9079160195049,1,1
"9181",3.66022833068948,5.38987738406051,1,1
"9182",5.50931902000074,5.5854127143075,1,1
"9183",6.10818645962802,4.65093754957194,1,1
"9184",3.8414905699938,4.60315190994009,1,1
"9185",7.75685560189057,2.49780598174714,1,1
"9186",7.98985713643735,3.59141564975195,1,1
"9187",1.9596762245242,6.61712109610168,1,1
"9188",6.71035987547156,4.69659973941324,1,1
"9189",10.5275523909019,4.2704193651048,1,1
"9190",6.85413288744671,3.68771198425171,1,1
"9191",5.75094380073826,7.46880365507671,1,1
"9192",5.73793237574864,3.0590993589201,1,1
"9193",7.5531147002676,2.86264413206661,1,1
"9194",5.16387087661876,5.63438705404047,1,1
"9195",8.36137927026855,3.87043713620712,1,1
"9196",3.08647392609406,4.92376128521211,1,1
"9197",8.69628039622564,4.48905616321297,1,1
"9198",6.01392767695867,3.19681051065886,1,1
"9199",5.85393090541998,4.14659578995302,1,1
"9200",7.31217866328792,5.76623814596312,1,1
"9201",9.82568956034591,4.46454265176431,1,1
"9202",8.75594618899336,3.65460908158205,1,1
"9203",6.54595267554842,4.91731953594517,1,1
"9204",6.88564321313371,6.57568447307478,1,1
"9205",7.04153587728809,6.98134517870722,1,1
"9206",4.91353563586464,3.07546074984798,1,1
"9207",3.98350711846624,4.81424275520171,1,1
"9208",2.36409920446921,4.78111633614147,1,1
"9209",8.15628534398358,7.37476182645661,1,1
"9210",7.49521415953264,3.38783858162332,1,1
"9211",8.11460528845985,3.35099076535453,1,1
"9212",5.19217644266127,4.84949900083165,1,1
"9213",8.07271440045173,4.24576593299303,1,1
"9214",6.3819630373736,6.73307999432337,1,1
"9215",6.16963142921554,8.5997549205079,1,1
"9216",7.28153980016714,4.30179236692331,1,1
"9217",6.9942891882728,4.1275235388852,1,1
"9218",10.0623827039598,0.680572627087449,1,1
"9219",5.35930568282124,5.3093065926438,1,1
"9220",6.7636736186412,4.78844325631422,1,1
"9221",5.25711379649221,6.22402171624314,1,1
"9222",7.87895825624329,5.46051254450731,1,1
"9223",6.71065377406175,1.78223949160086,1,1
"9224",6.91712185613617,7.04317187372238,1,1
"9225",9.7079112395337,4.20757803644276,1,1
"9226",4.36962186147307,2.9977580411238,1,1
"9227",4.12872607938619,1.80582151551854,1,1
"9228",8.62447258833436,2.12557439020701,1,1
"9229",4.21658771844437,5.92425712971908,1,1
"9230",11.4657713390574,4.70538396893711,1,1
"9231",3.32774949178648,1.5909556367784,1,1
"9232",6.2269669491526,6.79972148600457,1,1
"9233",6.05009170899875,5.08744605841624,1,1
"9234",4.74756711689769,3.93137983339558,1,1
"9235",6.1371118628916,3.51059589290549,1,1
"9236",5.10647149449255,3.4746044975129,1,1
"9237",1.11484921409667,3.59725256810109,1,1
"9238",6.0148554867796,4.51339967113767,1,1
"9239",7.5004396754663,4.46014405563029,1,1
"9240",7.02201353191537,2.27741416297438,1,1
"9241",6.94518172690985,3.83227785984004,1,1
"9242",2.12456866540712,3.45359378712792,1,1
"9243",6.31549086095786,1.51811730392139,1,1
"9244",9.17331680760477,3.24684244754093,1,1
"9245",4.89298369377397,2.36497542389179,1,1
"9246",10.7103011714374,6.21209009909999,1,1
"9247",3.80227750094747,3.39053344415653,1,1
"9248",4.90199621694055,1.14420595807292,1,1
"9249",9.12529733091115,6.46244007582107,1,1
"9250",7.55604914820036,3.04069484425728,1,1
"9251",4.89907787757062,7.23814473025295,1,1
"9252",6.75838520749948,0.52468546156199,1,1
"9253",6.52483190402716,3.69646166031756,1,1
"9254",7.31690880409682,6.27044608832113,1,1
"9255",7.14562160771775,3.38151276254353,1,1
"9256",6.08473424870009,5.65399295397069,1,1
"9257",7.06093605265602,6.3649478793449,1,1
"9258",7.75351672953845,3.32808092949564,1,1
"9259",6.78760787208503,3.04890125825689,1,1
"9260",3.96101223978882,4.24272417476417,1,1
"9261",6.68140200467088,4.11165577801512,1,1
"9262",7.8454866001619,1.58234280293295,1,1
"9263",4.0657921955157,3.61814043403183,1,1
"9264",6.31509586537232,7.34828673400657,1,1
"9265",7.65338829729292,5.07146736625483,1,1
"9266",8.51903782995746,8.63971902395277,1,1
"9267",4.78980913660848,3.23622903749602,1,1
"9268",7.23027532774225,3.80050281920589,1,1
"9269",7.40754959410564,4.42461382542524,1,1
"9270",7.192860829469,5.33572691180771,1,1
"9271",4.09198424359892,2.32088860608224,1,1
"9272",7.61050204884807,3.0169710329599,1,1
"9273",8.23180974883486,4.46655267412072,1,1
"9274",7.60340331401975,5.78710856853245,1,1
"9275",6.23223673230512,3.63980539040936,1,1
"9276",3.24198445538023,7.79667397865229,1,1
"9277",5.19180494552672,6.6702943021752,1,1
"9278",2.52953675359528,2.92114402697614,1,1
"9279",6.32555434573613,5.77342448770702,1,1
"9280",11.105424476564,3.39024157352325,1,1
"9281",7.77121395541154,3.2654228833066,1,1
"9282",5.72708068180472,1.84829463071517,1,1
"9283",5.9194736900335,4.99936833072286,1,1
"9284",5.70914676588319,4.93814160115877,1,1
"9285",5.10662563737776,3.74600097197962,1,1
"9286",6.52263843466195,4.25415451434658,1,1
"9287",9.0090916175925,2.35141629969518,1,1
"9288",2.97358807400788,3.9030868201869,1,1
"9289",8.58492722606093,3.7093128680918,1,1
"9290",8.39193396426051,4.82491665975288,1,1
"9291",5.1187929460732,4.27874282711328,1,1
"9292",2.52819800467678,5.84735213410353,1,1
"9293",3.69172304806949,2.24927474056596,1,1
"9294",5.35948730020199,3.09911533671963,1,1
"9295",8.0233673364709,5.42792970425598,1,1
"9296",6.2817048962524,4.92198261586112,1,1
"9297",7.23107778449761,4.49072601370306,1,1
"9298",5.17593659323396,5.17627240659236,1,1
"9299",3.84400822073909,-0.0106290125095754,1,1
"9300",2.22706251788486,3.90213193202037,1,1
"9301",5.55660831462231,2.64285053578666,1,1
"9302",7.19682893241512,6.088828980997,1,1
"9303",2.20425566249118,1.60910118526605,1,1
"9304",6.15433161603085,4.50774560383166,1,1
"9305",7.06384454870914,3.75973081694732,1,1
"9306",4.71451766099466,1.6745060730266,1,1
"9307",7.16383590524919,4.71120377678956,1,1
"9308",3.89251475393541,3.88522320169218,1,1
"9309",8.36756656916299,3.89833230091582,1,1
"9310",8.88300209882366,3.49691491926187,1,1
"9311",5.52623857753702,1.84255040324346,1,1
"9312",4.86515881884317,2.90004680728383,1,1
"9313",7.45142218916338,2.38675128373145,1,1
"9314",5.39569022232461,1.32973421078672,1,1
"9315",6.86815325282129,1.31517124952911,1,1
"9316",8.52983975712635,3.95470734852352,1,1
"9317",6.74893884652456,4.35313113569399,1,1
"9318",5.91249692930348,3.70258183620248,1,1
"9319",4.62088963777783,3.82771336070934,1,1
"9320",6.00017182606771,2.50380346710299,1,1
"9321",5.27063043458232,2.26227988573433,1,1
"9322",6.51759891598401,2.28092488765262,1,1
"9323",1.62292762753727,2.02357191235222,1,1
"9324",7.52210461109,5.63651001760976,1,1
"9325",6.40597732447829,6.67428105725326,1,1
"9326",3.70126301732348,3.64401574398685,1,1
"9327",9.93135057982683,2.61230392145016,1,1
"9328",7.01474446794202,1.98213323308802,1,1
"9329",7.98845097268527,3.58720062396368,1,1
"9330",5.53764972317948,4.45027355239708,1,1
"9331",7.28262534681286,1.79454060381084,1,1
"9332",9.20580736019703,4.27303291117471,1,1
"9333",5.61592535241671,4.74573882904226,1,1
"9334",0.752654865138807,3.11415940808277,1,1
"9335",8.66175674606935,3.99865714967564,1,1
"9336",5.58953496856253,3.63869283711686,1,1
"9337",6.16171296563311,6.49571113785822,1,1
"9338",4.08468800921477,4.27735674891343,1,1
"9339",7.70874713022539,4.29176556217264,1,1
"9340",4.80583840167995,5.02308607732383,1,1
"9341",3.92248951427497,3.237392232292,1,1
"9342",3.70730330468357,1.58142960366404,1,1
"9343",9.31312302616723,5.67753506000595,1,1
"9344",3.08266359974126,3.1425910511487,1,1
"9345",6.12117158692905,1.88025891250824,1,1
"9346",4.16561089235331,5.17089786392453,1,1
"9347",5.66807591004042,5.19886416719229,1,1
"9348",3.64001997589657,3.82243195283136,1,1
"9349",4.75704704260388,3.69856618122596,1,1
"9350",4.35795135916581,3.40337247292314,1,1
"9351",7.35149227483151,2.2440608981914,1,1
"9352",7.85318655442949,3.03796666144201,1,1
"9353",6.94622431921004,2.53511129661039,1,1
"9354",4.2040719636209,5.84548322929046,1,1
"9355",2.99789186670985,4.15189756532786,1,1
"9356",5.16691327189952,3.31443065823083,1,1
"9357",4.95195989528742,4.32865092406945,1,1
"9358",7.64697500098447,0.493937311562825,1,1
"9359",5.96755456230063,4.04656634647438,1,1
"9360",4.85982937408568,4.23949552577297,1,1
"9361",5.16532320692392,2.95606310002523,1,1
"9362",6.82711617888225,-1.21578385936814,1,1
"9363",7.15093783081754,5.32738878298887,1,1
"9364",5.11139576721874,3.53184572009409,1,1
"9365",5.41837214760992,3.65343057021678,1,1
"9366",7.29365423963979,2.10598514714612,1,1
"9367",1.79679749717533,3.30900974431444,1,1
"9368",4.12698563098059,3.0712869977051,1,1
"9369",7.40472632805368,5.27944615311681,1,1
"9370",7.42468561651919,-0.825249466931541,1,1
"9371",5.98976791283752,3.95239478543996,1,1
"9372",4.66689875975254,5.74696803364948,1,1
"9373",6.9653513706903,3.77512324765589,1,1
"9374",6.35756553566304,2.10707813238572,1,1
"9375",10.126580558977,4.73461528743076,1,1
"9376",3.53100030614224,4.55514553065162,1,1
"9377",7.2291190808198,6.80521984043813,1,1
"9378",3.71546982142434,3.95354388795008,1,1
"9379",9.00618171928948,4.15783439478965,1,1
"9380",9.85045365008131,3.42672895658426,1,1
"9381",8.63269828164232,8.02849088906862,1,1
"9382",4.33762395935619,2.66950547715895,1,1
"9383",6.70137171082961,7.39959304431332,1,1
"9384",5.19095155984331,3.90407641853147,1,1
"9385",7.68516258004989,8.47932641611775,1,1
"9386",7.07249580589514,2.65474776676596,1,1
"9387",4.02543828006152,3.51474407908925,1,1
"9388",8.68666115113534,4.65235959826524,1,1
"9389",4.87418080532985,4.51470066915166,1,1
"9390",6.99526802522767,3.02987960819145,1,1
"9391",-3.01256124554182,5.23003693390076,1,1
"9392",0.123840584661561,7.32846417509706,1,1
"9393",3.67668151224418,4.30496937410882,1,1
"9394",4.17815162877359,4.8570335129957,1,1
"9395",5.21230007784115,5.97868877255868,1,1
"9396",4.31978353305218,1.73378878982897,1,1
"9397",4.61239660771853,4.55208562173003,1,1
"9398",5.28891099454532,7.13418510506533,1,1
"9399",8.34499310445339,1.35735285683418,1,1
"9400",8.70754966266936,5.84010594901466,1,1
"9401",4.68810259114413,3.55945330170003,1,1
"9402",5.33245653403875,4.77756461368477,1,1
"9403",8.2742500300952,5.96861456204698,1,1
"9404",6.28888468911719,6.19042928092901,1,1
"9405",7.35000842483905,5.42039824535919,1,1
"9406",10.8588377569335,4.54306042873781,1,1
"9407",5.8945217366865,2.51310700329388,1,1
"9408",9.62167778571701,5.88161640106233,1,1
"9409",9.15482866248415,1.48413860748679,1,1
"9410",7.23984373419436,1.8035765823036,1,1
"9411",6.55926279337862,1.27086195879256,1,1
"9412",6.93594986343142,4.7329886903138,1,1
"9413",2.85546596379603,3.41263030481856,1,1
"9414",5.40058324141906,3.11064270601094,1,1
"9415",6.6462827902001,5.85968404891105,1,1
"9416",5.04890868421128,2.3228700052822,1,1
"9417",3.82443110633579,0.745932468589448,1,1
"9418",8.69628570307744,3.96749151667783,1,1
"9419",7.32681634252046,2.68445586523125,1,1
"9420",4.17957494168721,2.43902089428105,1,1
"9421",7.00529212054705,5.5844907885029,1,1
"9422",1.30304835652517,4.77789173870759,1,1
"9423",6.77307806210543,4.6276541727319,1,1
"9424",6.12464558620349,1.722495760247,1,1
"9425",5.94525253851206,4.89036160308854,1,1
"9426",4.62754185454091,3.26637115562699,1,1
"9427",4.92486332987104,4.54352641721135,1,1
"9428",9.28196229985981,2.98720308446288,1,1
"9429",4.37089411723471,3.28446455908942,1,1
"9430",1.18584673453074,7.50432443043133,1,1
"9431",3.01130156383649,3.94522785146657,1,1
"9432",5.67907128669658,1.42925545372215,1,1
"9433",2.09231192733755,3.83697874224685,1,1
"9434",6.75956449700915,5.35804246706285,1,1
"9435",6.32304467176437,4.09194148657958,1,1
"9436",7.31368359595155,2.9555363402523,1,1
"9437",5.65883690339535,0.81341966852588,1,1
"9438",2.08171308041821,2.49593974256777,1,1
"9439",8.34288039327281,3.50291752455353,1,1
"9440",4.26640069041069,2.63614642285632,1,1
"9441",2.90720560914122,2.08522101890855,1,1
"9442",7.78376590870548,1.50505282909383,1,1
"9443",3.81540009879019,3.50837263843381,1,1
"9444",9.47376394493199,3.79897135510635,1,1
"9445",7.93984860287261,6.16997066486216,1,1
"9446",7.43094769790953,5.82411042817787,1,1
"9447",6.80393189873545,9.2698773741918,1,1
"9448",6.14627724987809,3.17162013814671,1,1
"9449",4.3192420351511,1.53712405442334,1,1
"9450",6.90450218528725,3.33775362555454,1,1
"9451",10.4842736511776,1.78470660371343,1,1
"9452",5.67720782610941,3.55006785312917,1,1
"9453",5.09878078992469,3.86611092893532,1,1
"9454",5.20810593996799,5.87514341109175,1,1
"9455",10.5670998688743,4.94614718584346,1,1
"9456",3.1953399688918,4.3981224191871,1,1
"9457",6.8366259902015,3.60618175878243,1,1
"9458",11.2667013684001,3.07423667623929,1,1
"9459",8.00570095997778,-0.0163769103073941,1,1
"9460",4.69993898030312,6.70403458184775,1,1
"9461",5.28955088503293,1.46916491896979,1,1
"9462",8.04707381976843,3.88357393369397,1,1
"9463",5.84768569351928,3.72453121548464,1,1
"9464",6.2083335988885,2.92137777622844,1,1
"9465",8.44333851063777,5.03235155190331,1,1
"9466",5.37237067745495,1.34241966384427,1,1
"9467",9.91694604014294,2.84463086167944,1,1
"9468",5.23011013072602,5.5820588606814,1,1
"9469",10.8997673774771,4.35304994086297,1,1
"9470",9.1113942152337,5.80284651549185,1,1
"9471",5.48430591905905,6.98227520068174,1,1
"9472",3.54917518708153,3.55052347538923,1,1
"9473",7.58480105137259,5.3364824785124,1,1
"9474",7.12149568435318,1.33009383385965,1,1
"9475",5.15029619973917,3.98559667538911,1,1
"9476",4.01829797141472,5.97369555471447,1,1
"9477",8.42977725627276,2.88851278623057,1,1
"9478",6.3639684895996,2.15975808519463,1,1
"9479",10.7632124145938,4.99589128546043,1,1
"9480",3.22752755689075,4.70569252162228,1,1
"9481",6.35770742626648,2.32636625293882,1,1
"9482",6.63172299838278,2.95733903135535,1,1
"9483",4.52768888358632,4.64605467160287,1,1
"9484",6.44645432616993,4.55410059927051,1,1
"9485",5.14202188554274,5.60975785020393,1,1
"9486",2.92047052112766,5.22353941997169,1,1
"9487",5.59632123899055,4.20277546467515,1,1
"9488",2.78248401737847,5.34434423764008,1,1
"9489",6.11113925956751,5.95428251443025,1,1
"9490",4.11922125410335,5.36968935185179,1,1
"9491",3.74725845551485,2.73892902168402,1,1
"9492",7.10383279907199,2.48884054694092,1,1
"9493",3.95135510338875,5.67325993180337,1,1
"9494",6.38104218444491,4.45654952679652,1,1
"9495",2.08854193075632,3.89606499672974,1,1
"9496",5.54629281705832,3.97214758958131,1,1
"9497",1.71687383611416,6.49168081302053,1,1
"9498",5.46570610576613,3.11934312569495,1,1
"9499",7.02802787261645,2.45718068223025,1,1
"9500",5.74157612386505,4.18352400889624,1,1
"9501",6.38784543589705,5.19844263921573,1,1
"9502",9.17530899916084,3.10557998484141,1,1
"9503",6.45789799367653,2.10014379935421,1,1
"9504",5.72332702200868,4.53239611566221,1,1
"9505",2.02190962939573,5.4676930074317,1,1
"9506",5.68095859108557,3.08367981821647,1,1
"9507",4.63742785518999,3.19522470731847,1,1
"9508",8.59448503193506,6.24137803137973,1,1
"9509",5.75829155661379,3.16819555441933,1,1
"9510",2.08974268610134,2.36539537036773,1,1
"9511",6.44501762828737,4.65860862336333,1,1
"9512",5.28411405991417,5.8057268181012,1,1
"9513",5.93462785437942,1.99126540672642,1,1
"9514",6.25225198341203,2.91321687642644,1,1
"9515",8.99793358117001,5.82042617805031,1,1
"9516",6.0146001242541,7.85423050448734,1,1
"9517",6.75446513831088,3.03673316125551,1,1
"9518",7.57217437208408,1.88970458298686,1,1
"9519",8.58466852293754,4.63847122545208,1,1
"9520",6.20575774801382,3.13935047689646,1,1
"9521",4.84530097727204,2.27985354663409,1,1
"9522",6.77267208095393,4.87818754976219,1,1
"9523",8.22369861647929,1.74088918395637,1,1
"9524",2.71942144707106,4.10643188686235,1,1
"9525",8.26520775140508,5.254157321338,1,1
"9526",8.98273932159418,6.48439688428151,1,1
"9527",3.96010508415132,5.59502789549566,1,1
"9528",10.3146102638431,1.26309258318733,1,1
"9529",5.66731228509919,1.2283313483439,1,1
"9530",6.68780273393354,3.55511386981635,1,1
"9531",7.12462000849593,4.2936589203604,1,1
"9532",5.29121510551584,6.21481317556362,1,1
"9533",4.47569658488961,4.55133326079957,1,1
"9534",6.48362537914817,2.457451431882,1,1
"9535",6.01584643486697,8.99851888863775,1,1
"9536",5.82599169786598,2.24244777926829,1,1
"9537",6.43146719768294,6.04810153790927,1,1
"9538",2.38985083934353,6.39896888020685,1,1
"9539",7.61621384952977,1.79765377467238,1,1
"9540",3.84359402009438,1.06595361783421,1,1
"9541",4.52746844641272,4.52430110619148,1,1
"9542",3.74127166877424,6.76080692532776,1,1
"9543",6.64416148145174,5.39813706966328,1,1
"9544",9.11033255538629,5.40078378706023,1,1
"9545",3.62509166015288,3.5276449131165,1,1
"9546",4.24606264465332,5.32990855888325,1,1
"9547",4.75853693255577,4.53106064214876,1,1
"9548",9.27495196367163,2.49205183394025,1,1
"9549",9.74009674319779,4.3796375617161,1,1
"9550",5.39895004557148,5.78746324132938,1,1
"9551",11.5527876292553,3.18569816669345,1,1
"9552",7.55710477788425,2.71589404136191,1,1
"9553",4.90759937403273,5.36533270768651,1,1
"9554",6.98328749998878,1.84626788902085,1,1
"9555",4.92897103373882,1.90567306380409,1,1
"9556",8.29704226300202,7.44607673679375,1,1
"9557",6.71543115510143,3.09761344311168,1,1
"9558",2.81809562792917,4.6271138973853,1,1
"9559",5.71687040316209,3.91014582347031,1,1
"9560",7.89508973577367,3.18316364361146,1,1
"9561",4.07411604058345,10.1255682969338,1,1
"9562",1.22407324646393,5.78417159430155,1,1
"9563",4.53545985998625,5.92908285254437,1,1
"9564",5.73277570932747,4.62325678204206,1,1
"9565",9.31963394234876,2.08452332797475,1,1
"9566",4.65375843191939,4.87316041735873,1,1
"9567",4.93749263587657,5.01732868232149,1,1
"9568",4.63205478864433,3.0747448493314,1,1
"9569",4.86032133191089,2.55070734040024,1,1
"9570",7.66637146420867,4.75024580573863,1,1
"9571",3.10024298027165,1.21707978073245,1,1
"9572",8.39713897889223,4.5539481262056,1,1
"9573",5.81612296141754,3.26970585997564,1,1
"9574",6.75709967902951,1.7276404866697,1,1
"9575",6.25906031594478,3.59320211384439,1,1
"9576",7.87490027918933,4.51066000736134,1,1
"9577",1.08180239533304,4.29294083355074,1,1
"9578",3.83552199391152,6.36469065022363,1,1
"9579",10.4447050792171,4.08114235431594,1,1
"9580",6.35202143585564,2.30638617638957,1,1
"9581",1.86571712305373,5.36851695583295,1,1
"9582",5.80452795261519,2.85080672807011,1,1
"9583",3.92246158638297,3.13902325213452,1,1
"9584",10.6375939875429,3.42896108893953,1,1
"9585",8.80586124900997,4.4831489468456,1,1
"9586",8.02206158343579,4.56978469241924,1,1
"9587",7.30028007482686,1.03794201037298,1,1
"9588",6.86898175576199,1.77567086611521,1,1
"9589",3.2853173631355,4.88120391748055,1,1
"9590",3.95573614780336,1.07827641575982,1,1
"9591",4.64914515889576,3.55117313986205,1,1
"9592",8.23206098725301,-0.623602163858716,1,1
"9593",7.59191716958672,3.52212373622169,1,1
"9594",7.02606274320054,7.23786060773385,1,1
"9595",4.25008342475828,3.6617712865235,1,1
"9596",7.88573935418343,4.25844139809448,1,1
"9597",8.08587696561165,2.08820490739837,1,1
"9598",3.22568979783777,2.05827651729328,1,1
"9599",8.65690099685331,2.32662878276088,1,1
"9600",7.38641159126375,2.16750767011519,1,1
"9601",8.22010070321317,4.61825131249104,1,1
"9602",10.2236092623663,4.51266789557144,1,1
"9603",6.52480246949415,4.41643583186748,1,1
"9604",7.06942749633098,3.45111524612065,1,1
"9605",6.95758536549785,4.94593807475357,1,1
"9606",5.08830700651784,3.70186989401849,1,1
"9607",6.98660857491515,6.70902120254712,1,1
"9608",9.51104716488075,6.54212748595299,1,1
"9609",8.9698009505054,5.51641454312214,1,1
"9610",2.65867513460595,3.13627137786498,1,1
"9611",8.28393961708166,2.22206386103358,1,1
"9612",5.4078791702665,2.35236297494213,1,1
"9613",5.88620807954224,2.8724987996718,1,1
"9614",7.92628080287028,4.13060137176692,1,1
"9615",6.82400150808127,6.16520516187709,1,1
"9616",4.38271059341455,-0.213158340900835,1,1
"9617",3.01038744065749,7.01406036833317,1,1
"9618",11.813340687631,4.65220366920996,1,1
"9619",3.34843056379185,4.3927064082364,1,1
"9620",2.60637741746472,3.34614826490109,1,1
"9621",7.96952064564714,3.17260806908824,1,1
"9622",7.73938954519628,4.70961928413465,1,1
"9623",5.48428425574657,1.84259341568898,1,1
"9624",5.85177913187554,5.24267939906606,1,1
"9625",7.49919689467404,4.02680130927597,1,1
"9626",6.91246352040815,4.50247184324567,1,1
"9627",5.68368553898333,1.94377911270899,1,1
"9628",6.28452814769983,4.22322264662758,1,1
"9629",5.4817108740255,3.13046243512643,1,1
"9630",4.47147845579578,5.0589525249189,1,1
"9631",3.35567369888079,2.59533696094096,1,1
"9632",5.61544267039158,6.62014548817236,1,1
"9633",8.59925908302914,5.60642624749658,1,1
"9634",5.76602856453716,2.86531828664216,1,1
"9635",3.74265972696981,3.69029055829161,1,1
"9636",3.85267472765094,6.51957405858026,1,1
"9637",5.47267807899659,2.14423099522931,1,1
"9638",0.304664585510943,7.04210956178277,1,1
"9639",4.36348051266761,7.27681139760438,1,1
"9640",5.93966288019887,2.40063328809347,1,1
"9641",4.56062494285957,4.76184554666811,1,1
"9642",2.32727919945362,4.92611357424173,1,1
"9643",2.54593355049609,5.64873193292297,1,1
"9644",8.29014781821782,4.25948470665298,1,1
"9645",6.13033645782461,3.8766350501743,1,1
"9646",3.72682107482655,4.29787412398773,1,1
"9647",2.858213977413,5.23397519424667,1,1
"9648",2.1684808959663,0.311710570778663,1,1
"9649",5.78224406618072,7.08154310637376,1,1
"9650",2.24867524898997,3.32976736183295,1,1
"9651",6.58491110838197,1.55417167158726,1,1
"9652",8.65091983431847,6.84165637693945,1,1
"9653",5.78348690350515,5.19561973908219,1,1
"9654",5.91930596294972,3.96443727826954,1,1
"9655",5.61781759320797,4.57255915240081,1,1
"9656",11.1869200401659,4.65344227788486,1,1
"9657",7.90225686973361,5.34485810071178,1,1
"9658",9.5816201075479,0.885488145395538,1,1
"9659",5.85258281088385,2.68731400026611,1,1
"9660",4.60107000456719,4.60191286591945,1,1
"9661",4.9342977400829,6.39974270750191,1,1
"9662",9.73340900371778,4.69824402114727,1,1
"9663",6.70626065095468,1.84246124026662,1,1
"9664",2.640423920474,4.8773067967451,1,1
"9665",5.0032607801727,4.55721194301428,1,1
"9666",6.84702078345734,5.22708649552069,1,1
"9667",4.40935792315859,3.48903387910236,1,1
"9668",7.37985893240814,3.29494824676943,1,1
"9669",5.28374616332714,6.5573454060426,1,1
"9670",7.84025189654378,7.28398344616204,1,1
"9671",5.74148319507452,5.20739999261932,1,1
"9672",5.02699055487965,7.82328063201755,1,1
"9673",6.82236656821462,4.31034283100501,1,1
"9674",4.49099038509925,2.26185680723264,1,1
"9675",8.53963697850703,3.1114337988072,1,1
"9676",8.58057852620997,3.85760894626555,1,1
"9677",3.31532642461058,3.84884007916294,1,1
"9678",7.37823995991292,2.92532293450074,1,1
"9679",5.08546335400845,3.40303511352379,1,1
"9680",5.87304881230004,1.63905864084854,1,1
"9681",8.94731543526352,4.30178228071589,1,1
"9682",6.20181740816244,3.70365093766998,1,1
"9683",3.50516719206165,0.747975346727219,1,1
"9684",9.70913001614169,2.38281039372476,1,1
"9685",6.7692797572544,5.87558402866783,1,1
"9686",1.59790306932033,5.49349341968315,1,1
"9687",10.1697724527826,2.03485056416695,1,1
"9688",1.93349259817044,4.33554293059543,1,1
"9689",6.90726022655614,7.22599484047982,1,1
"9690",4.8897645557007,2.63477915984059,1,1
"9691",2.28627784238059,3.47109197951774,1,1
"9692",8.87018174735709,5.39015703948841,1,1
"9693",1.1795289487234,2.08398558319003,1,1
"9694",1.95370663146694,2.80703112876507,1,1
"9695",5.68006375635615,2.49572519485463,1,1
"9696",3.58262259358314,5.44439212318569,1,1
"9697",7.46955000317368,4.10653607632686,1,1
"9698",4.9356545340178,1.83387049678856,1,1
"9699",1.04186373403732,2.65367566801118,1,1
"9700",3.62435795139543,3.00552413728459,1,1
"9701",6.23093870695592,2.08035551130968,1,1
"9702",6.29245623326844,3.70297601039283,1,1
"9703",3.75092034465204,4.97967337205698,1,1
"9704",7.18748476478381,4.80665389534454,1,1
"9705",3.85204944270409,3.54235970682498,1,1
"9706",7.40928990295355,3.82912780476333,1,1
"9707",5.97731679636729,5.6996278158411,1,1
"9708",6.89376644280531,1.9802613067912,1,1
"9709",9.5735960289838,3.82386999365619,1,1
"9710",8.65224213765261,3.42285228430296,1,1
"9711",2.59492389491745,4.18550910238511,1,1
"9712",8.14348251093022,3.07475874524257,1,1
"9713",5.26225359926961,7.10924808049483,1,1
"9714",6.56707235026674,6.27279569870233,1,1
"9715",5.23069466317828,10.8315904230678,1,1
"9716",4.84982225487127,3.39546264664836,1,1
"9717",8.07302093577556,4.59311865488043,1,1
"9718",4.03679511179681,3.07342650679833,1,1
"9719",6.52208347595955,5.54320902220109,1,1
"9720",3.12004988735807,5.59629938485129,1,1
"9721",9.33005299152443,7.13451472527529,1,1
"9722",4.90534640892339,5.49830377870279,1,1
"9723",1.65588872502936,5.525571997672,1,1
"9724",4.75434819490487,2.79879409050719,1,1
"9725",4.49141317701718,2.23131234124375,1,1
"9726",6.28053288028126,5.47598793460831,1,1
"9727",7.10554639706535,3.89335030185843,1,1
"9728",2.68864065348831,4.444514374396,1,1
"9729",5.65045956215652,5.97428191038628,1,1
"9730",5.11450625604978,4.96261977043468,1,1
"9731",-0.212469755860632,6.00395592749495,1,1
"9732",3.25839363237106,5.6680533008371,1,1
"9733",5.11409655074933,3.74773643000676,1,1
"9734",5.85284044063422,4.47845569113031,1,1
"9735",7.04823470680581,1.36223049941485,1,1
"9736",8.25095479263566,4.54855381632501,1,1
"9737",5.73654970570239,2.76413079328434,1,1
"9738",4.23435750564253,0.534266050279839,1,1
"9739",5.43480277059655,5.24438007172692,1,1
"9740",9.30956046116248,5.03617914167609,1,1
"9741",7.26343093309783,4.13240386154652,1,1
"9742",5.09402337750549,6.52822143833518,1,1
"9743",1.84149504607762,3.64505962726567,1,1
"9744",6.94050001159333,4.18659398867347,1,1
"9745",8.99671665115823,6.37424097041961,1,1
"9746",5.99644665906419,9.13867818057002,1,1
"9747",6.70489540461576,4.63480293959916,1,1
"9748",4.71886965996809,3.19628411907507,1,1
"9749",6.24050585134628,2.76870685806422,1,1
"9750",7.39979155860524,5.08257176348304,1,1
"9751",8.20210272999511,4.6432591373211,1,1
"9752",6.1294222786763,4.47744605494326,1,1
"9753",2.86398435129901,1.58249486554845,1,1
"9754",8.2067094624483,4.85112992653538,1,1
"9755",7.16063661256715,3.88522919194976,1,1
"9756",3.62416421481335,6.99481975319337,1,1
"9757",3.11211069214133,4.13159924818912,1,1
"9758",6.56520296761057,6.23081552121311,1,1
"9759",6.25291197614928,2.67564716469336,1,1
"9760",9.36160725924404,3.83772992834207,1,1
"9761",5.64615269274323,4.48218614519089,1,1
"9762",5.51160360316086,3.73382438927979,1,1
"9763",3.9617798001266,4.11370491958365,1,1
"9764",9.85771181523103,1.9029514124691,1,1
"9765",6.2923004139512,3.38043875463263,1,1
"9766",4.42501274725027,2.744480451565,1,1
"9767",4.0460064557942,4.17943617417032,1,1
"9768",3.10198042123176,2.86061995593206,1,1
"9769",5.29413517239597,1.44322561633875,1,1
"9770",3.41630707447629,5.42804068292513,1,1
"9771",6.66618277020287,4.87686062500198,1,1
"9772",9.23278470323078,5.42897809296707,1,1
"9773",5.35819888843883,6.98503537563474,1,1
"9774",8.59467100763348,4.46252173514962,1,1
"9775",7.34920117335266,2.03715407938659,1,1
"9776",7.61599088479127,3.01511902900938,1,1
"9777",0.347017700332434,6.15778525336172,1,1
"9778",6.78106665596932,1.87180633601418,1,1
"9779",6.77191250605126,3.18470530886975,1,1
"9780",6.26516670505536,3.97933012325429,1,1
"9781",5.8563002853756,2.56372320447123,1,1
"9782",5.00116793403223,2.06741583940869,1,1
"9783",2.53725044834936,3.11314531029212,1,1
"9784",7.17570654684608,3.5293044805292,1,1
"9785",9.48577611903568,2.77467326891933,1,1
"9786",6.81280881003597,3.29249238141261,1,1
"9787",8.62190935846682,2.27560520890067,1,1
"9788",6.28403001291302,9.94750053647169,1,1
"9789",1.5432441733356,0.00327336014203805,1,1
"9790",-1.69201774175324,3.85172249014791,1,1
"9791",10.6613133585455,4.52534899362798,1,1
"9792",4.09737632115489,3.77178667456788,1,1
"9793",6.81889111260466,1.82220429355948,1,1
"9794",3.7019892825875,3.23842075941014,1,1
"9795",9.08085674355501,3.97883959928213,1,1
"9796",7.38811460058183,5.68801780608169,1,1
"9797",4.52906007294081,2.7234674314031,1,1
"9798",4.97680562994565,3.49328346273747,1,1
"9799",8.14077065625535,2.60556076684792,1,1
"9800",5.62331971454916,1.32977925215763,1,1
"9801",4.89878895985061,2.85063402173816,1,1
"9802",2.45364736818764,5.40367698046399,1,1
"9803",3.02604359806692,4.23710915526326,1,1
"9804",6.80855317437179,7.38198656262195,1,1
"9805",3.211883761728,4.24889322833542,1,1
"9806",6.93791342714629,0.838175235453853,1,1
"9807",8.01429711959304,4.878704583425,1,1
"9808",6.16753920556677,4.79699440092112,1,1
"9809",8.46268176758845,4.43803318822665,1,1
"9810",8.99601881629125,3.68876315845059,1,1
"9811",3.09377428932265,2.69108039457198,1,1
"9812",7.22544423146023,5.33947649487363,1,1
"9813",5.0364596265818,1.14390306757172,1,1
"9814",5.47128087803755,5.93669134991786,1,1
"9815",7.79735148827883,4.27377905716665,1,1
"9816",5.98563563718235,1.69122810384797,1,1
"9817",6.18303738868283,4.36184905463443,1,1
"9818",2.50085183321342,3.29031123473613,1,1
"9819",6.64693215638957,2.41150311762254,1,1
"9820",7.38945957107644,5.96616879153079,1,1
"9821",8.67006165184049,2.46185324856286,1,1
"9822",2.10005016049407,1.24892183195884,1,1
"9823",2.90158873520941,4.24058948021608,1,1
"9824",6.41918278801663,2.77939652606877,1,1
"9825",7.09593773694865,5.28102541123989,1,1
"9826",3.80186073123108,4.64139263912201,1,1
"9827",8.77010034620907,0.521586486661647,1,1
"9828",7.4686060092536,5.40919061652614,1,1
"9829",6.94396847121891,1.6982127744998,1,1
"9830",5.7542383247823,5.50608904380801,1,1
"9831",8.84562161576651,6.66366979083041,1,1
"9832",2.20056305028797,2.23109201906676,1,1
"9833",7.19013323662978,3.56951917381411,1,1
"9834",6.84189624084281,5.51606580116717,1,1
"9835",6.27452394386777,5.88785018551824,1,1
"9836",5.9528166726476,6.82788975302073,1,1
"9837",6.02220714071135,2.8550158423529,1,1
"9838",5.7561840872355,7.14001960210729,1,1
"9839",7.03913967424274,1.4143700974896,1,1
"9840",2.63654021518459,5.05036904690753,1,1
"9841",8.27162927891141,3.53725731819546,1,1
"9842",3.00429020027492,1.96250678530683,1,1
"9843",4.81744593129814,1.89732112852804,1,1
"9844",5.26577099297974,2.53961286114333,1,1
"9845",2.41269281615372,3.38919857880597,1,1
"9846",4.49431128314474,3.06452424410878,1,1
"9847",2.64270143044454,1.13648127522633,1,1
"9848",6.32648899183954,3.07377766777065,1,1
"9849",11.6524682660197,3.38555154305406,1,1
"9850",7.40189763421922,5.09205144346661,1,1
"9851",7.12500419184064,2.71056030742936,1,1
"9852",7.16409246103642,5.14613675915512,1,1
"9853",6.17184213253474,5.26857030792103,1,1
"9854",8.09230515298546,4.35552040450828,1,1
"9855",10.4308360609485,2.40184716906452,1,1
"9856",7.73985474174504,2.47927289516246,1,1
"9857",7.45501560760992,6.70065680952093,1,1
"9858",6.40546486894896,5.34467005996018,1,1
"9859",5.67283441209464,2.76949556291406,1,1
"9860",3.93342580260216,2.63888772782186,1,1
"9861",4.28391641298573,2.2230614702307,1,1
"9862",6.45701206024939,3.8902294656653,1,1
"9863",8.78834274783149,4.62010001257317,1,1
"9864",7.24906359838422,3.12673013479184,1,1
"9865",1.5335537491077,1.6738195049987,1,1
"9866",4.8924697293194,4.04058562800521,1,1
"9867",5.92137012708544,2.85365680467629,1,1
"9868",8.40115401248033,4.90815973110913,1,1
"9869",6.8972036253193,3.78095654849424,1,1
"9870",3.53957930371626,4.80689169021639,1,1
"9871",6.87616882270538,3.40989387165707,1,1
"9872",4.8718190305599,4.35876913941689,1,1
"9873",11.0175575642423,2.79010866890732,1,1
"9874",3.05536605476226,3.04358450924208,1,1
"9875",9.45095096662254,4.4289306832892,1,1
"9876",3.21470159218241,4.77265070953925,1,1
"9877",8.99289043102084,8.3083204019206,1,1
"9878",7.87570203558601,6.97963093718709,1,1
"9879",2.06296201617103,4.43183531540597,1,1
"9880",5.7261896467782,3.44618951800753,1,1
"9881",4.2644000710028,2.96761161692192,1,1
"9882",6.11349830320691,5.90456187866314,1,1
"9883",7.58980024265263,5.86969797999338,1,1
"9884",6.47826910123831,3.71458677948424,1,1
"9885",8.71286116195421,4.23461717599258,1,1
"9886",7.28468913052322,5.12768387576143,1,1
"9887",9.8113388981224,4.32914904056139,1,1
"9888",7.31410038664104,6.59565109584149,1,1
"9889",6.30296335676042,2.29034023939244,1,1
"9890",11.2551738020992,2.6961401361336,1,1
"9891",7.37860099743186,4.52004691884842,1,1
"9892",6.64882549043028,4.87232688399684,1,1
"9893",5.20810035948011,6.04958530404768,1,1
"9894",8.76690808657416,-0.738623762940954,1,1
"9895",4.06751830504812,3.53050176278755,1,1
"9896",7.41478508935701,6.02249956064969,1,1
"9897",6.76387649727996,5.00349631060179,1,1
"9898",8.66413672601333,1.83727773503869,1,1
"9899",7.89339362811059,2.55897327010261,1,1
"9900",6.90884644541981,2.16168790821753,1,1
"9901",2.99119846406206,4.00052536651079,1,1
"9902",4.1747423586957,6.33391604216391,1,1
"9903",1.53027013984379,3.6642642940609,1,1
"9904",7.56142174378961,2.12268954935237,1,1
"9905",7.57860635798084,4.24745124579426,1,1
"9906",3.07275120552756,2.86760699902432,1,1
"9907",2.92524222123666,4.13395640549552,1,1
"9908",5.25316189229917,4.42865985118539,1,1
"9909",4.69323197856908,6.46218664143371,1,1
"9910",4.87643817788257,5.83531808496178,1,1
"9911",7.29214758542236,1.3119126143537,1,1
"9912",8.0281614713341,3.93875769324037,1,1
"9913",5.48469571712142,5.64197361187425,1,1
"9914",4.49704372683616,6.57647423425104,1,1
"9915",4.41911638717951,2.61040104830177,1,1
"9916",7.74827844808499,7.84076653589892,1,1
"9917",6.23701645382665,4.4405110467494,1,1
"9918",4.03692574281202,5.19753748817546,1,1
"9919",4.60897553116365,2.60050460049972,1,1
"9920",9.58211827003665,6.6178332099574,1,1
"9921",7.36002286052092,3.15912567894269,1,1
"9922",10.213582311117,3.15831840476089,1,1
"9923",2.73288692658382,5.28392867298555,1,1
"9924",4.82209382017829,5.0315060127542,1,1
"9925",9.04901216772787,4.81250746498691,1,1
"9926",3.71617164377093,4.63956259325508,1,1
"9927",5.94315762883256,5.5594664555649,1,1
"9928",7.2983157231022,5.96797265690168,1,1
"9929",5.59558031652405,6.64659026152784,1,1
"9930",7.33944876925993,4.28683105774586,1,1
"9931",9.58364588724742,4.91256287225847,1,1
"9932",7.60985872114873,3.29495123814817,1,1
"9933",4.04325901404138,5.28189607014671,1,1
"9934",11.2101697897059,6.1324601623591,1,1
"9935",4.51147301325911,3.50409186564216,1,1
"9936",6.62128677225884,1.49283675378793,1,1
"9937",2.99252869988693,2.62874242686826,1,1
"9938",7.78833592168751,5.5358678304233,1,1
"9939",5.41684415481228,1.36496090612939,1,1
"9940",6.44176875409537,3.44947072332291,1,1
"9941",6.16661410185795,3.09173140249704,1,1
"9942",5.51114330072003,3.51112144800599,1,1
"9943",5.56161063521096,3.877400914953,1,1
"9944",6.97223613268957,5.39055456215727,1,1
"9945",7.67302964162803,5.94167536030966,1,1
"9946",7.08854412324747,0.396651295578505,1,1
"9947",9.78981962679512,3.56934027970616,1,1
"9948",7.77955812266041,4.67328739381078,1,1
"9949",4.78563628943853,3.0660011902717,1,1
"9950",7.1067715730767,4.05753495172074,1,1
"9951",8.52467567411117,3.32408139160127,1,1
"9952",4.49666248536673,3.36539909591519,1,1
"9953",8.61295321710662,5.9807162207531,1,1
"9954",4.74234248146487,4.68933932628937,1,1
"9955",6.39917731821858,2.7733141804245,1,1
"9956",4.39902727640885,3.50308952666646,1,1
"9957",7.2767591662215,3.86218484612599,1,1
"9958",4.558961256975,5.2339264030178,1,1
"9959",6.72705450546435,2.40023045905757,1,1
"9960",6.8626723156393,1.47884273694763,1,1
"9961",3.25961385527804,3.28836590366372,1,1
"9962",9.31442621895443,1.1547244652381,1,1
"9963",4.90923690436584,2.38696185028444,1,1
"9964",5.62256741767085,7.85000878215243,1,1
"9965",4.38739036555384,6.58811132427134,1,1
"9966",3.54304144820687,3.82384691822192,1,1
"9967",6.85293501949958,3.24532716154857,1,1
"9968",3.65501186475105,0.801786145035667,1,1
"9969",7.00623190763502,3.65931280149295,1,1
"9970",3.90437331967088,3.26536608274043,1,1
"9971",7.43257686555115,3.17752769222386,1,1
"9972",0.488293425147162,6.414796539812,1,1
"9973",8.88901888629652,3.5089407727549,1,1
"9974",6.15419273169416,4.69035381617678,1,1
"9975",6.30453255425672,0.424807221685934,1,1
"9976",2.29626570953416,4.82936172186113,1,1
"9977",8.05515169344889,1.85286534331207,1,1
"9978",6.50807633670103,5.49749697548789,1,1
"9979",7.89302387055409,4.00257187708528,1,1
"9980",8.6238609578778,3.51300248789527,1,1
"9981",7.02381443900682,4.813733533696,1,1
"9982",4.87016129395487,2.64217924135003,1,1
"9983",5.01223438792387,4.81594014283055,1,1
"9984",6.73146193166232,1.11119434184669,1,1
"9985",2.77509341232897,7.16674739209337,1,1
"9986",4.56021966749652,-0.352652038844251,1,1
"9987",8.41830002203995,5.17037177516364,1,1
"9988",4.35780988558902,2.90599481726013,1,1
"9989",5.72113806165425,4.99054315738659,1,1
"9990",7.06371290441641,6.26953607682784,1,1
"9991",7.69978221284459,7.0014726823235,1,1
"9992",9.76312146732985,2.53119076467354,1,1
"9993",8.9865629669665,2.55079781693986,1,1
"9994",8.46492820025704,5.96683023847834,1,1
"9995",6.6524127481354,3.6860084239766,1,1
"9996",3.91915233743891,3.29293333120619,1,1
"9997",6.3191451291111,2.42656126069232,1,1
"9998",7.23949915399257,3.50902860419218,1,1
"9999",6.68378614180535,4.26962816352191,1,1
"10000",4.03015406987805,6.99368731787601,1,1
