"X1","X2","component","subcomponent"
"9001",6.56888894126997,23.882668641249,8,7
"9002",9.81886702812078,37.8814480921947,8,7
"9003",10.3189563894656,29.2936374358696,8,7
"9004",5.35997241017873,25.0856950432275,8,7
"9005",6.4215859825885,31.4505166863331,8,7
"9006",9.04326175319971,39.2295173724194,8,7
"9007",6.28025361182005,32.9504261370611,8,7
"9008",8.96422215366295,30.5939723897838,8,7
"9009",6.99299537539056,32.595274854136,8,7
"9010",6.00512965867386,31.460590449287,8,7
"9011",10.4357918262874,30.4984237052458,8,7
"9012",9.03898687190337,32.4914630445778,8,7
"9013",10.7121677013311,29.0038026922842,8,7
"9014",9.70023764036107,36.8585209957536,8,7
"9015",9.03394626251388,30.2342025871396,8,7
"9016",8.1433529042167,42.8814147994329,8,7
"9017",9.13777523821811,26.3038631831227,8,7
"9018",7.09678989485685,27.4743923858985,8,7
"9019",5.53293278894343,35.1283169874109,8,7
"9020",8.44768118327203,31.9112272146722,8,7
"9021",7.96418952682954,33.00368413316,8,7
"9022",8.22486724355102,37.5338252641427,8,7
"9023",5.32889066120863,29.4610644019838,8,7
"9024",10.8735511387941,30.3075694091549,8,7
"9025",6.81924103224077,26.9279211256729,8,7
"9026",8.22560924763443,29.5807770950465,8,7
"9027",7.51402201026986,28.7010603905333,8,7
"9028",8.03914918918896,27.3212440231136,8,7
"9029",8.88225250727637,31.3901506514168,8,7
"9030",5.07886925253289,27.733596308483,8,7
"9031",9.01812453601501,30.6615303834874,8,7
"9032",8.63718017119868,29.3559050255515,8,7
"9033",8.76391882918452,36.3310207254797,8,7
"9034",5.51698367949007,33.1122881598669,8,7
"9035",10.9941373479045,30.1210619640309,8,7
"9036",8.00301108359157,25.2515434190553,8,7
"9037",10.2836786901413,35.2739626648374,8,7
"9038",6.04666387152005,28.9332241503249,8,7
"9039",8.09754890911114,26.1672681601065,8,7
"9040",7.51412225891742,25.7868153888969,8,7
"9041",9.76631138512418,30.4271199853791,8,7
"9042",10.0136239876577,26.4667161110471,8,7
"9043",9.99062490107605,29.5856296857661,8,7
"9044",5.5453327855998,28.2118388045076,8,7
"9045",7.95620699651977,27.33870872799,8,7
"9046",8.6371287753274,33.85545945798,8,7
"9047",6.74519122019216,23.960662490933,8,7
"9048",6.88138796225433,32.888117418468,8,7
"9049",8.13416324648295,27.0801830979032,8,7
"9050",6.1772368062906,34.0517261739917,8,7
"9051",9.25004653708167,31.2894980160263,8,7
"9052",7.19978791291119,30.8439072174979,8,7
"9053",7.57533830962923,29.1392582611387,8,7
"9054",8.37360368057748,30.0417407519351,8,7
"9055",7.27749174958227,34.7898174207274,8,7
"9056",7.95570139365539,22.3717955226002,8,7
"9057",8.7205029370487,31.2014390740778,8,7
"9058",6.24067603588639,30.2184389988926,8,7
"9059",7.73870720313084,27.9540518126019,8,7
"9060",7.00918215419294,35.7204472061676,8,7
"9061",8.59004929352529,32.9400045634025,8,7
"9062",9.42904036738588,28.1062562452026,8,7
"9063",6.28257227606288,35.7465402888226,8,7
"9064",8.56438414446158,30.8542704967345,8,7
"9065",5.71704614774423,28.4740641502868,8,7
"9066",9.46070490157557,31.0585365517782,8,7
"9067",9.56832679099253,31.6441015038917,8,7
"9068",8.96316119774194,28.7119986188312,8,7
"9069",8.25878271514971,29.3317103378527,8,7
"9070",9.57652010209603,28.7223945683271,8,7
"9071",6.77739954541797,33.3364140112013,8,7
"9072",11.8105711140807,34.0570468622002,8,7
"9073",7.77699202493111,33.6534952978535,8,7
"9074",7.30327593544198,26.3557825370116,8,7
"9075",7.97140550180154,36.0429641233971,8,7
"9076",7.35141850596437,33.0914510402059,8,7
"9077",8.53919295105321,33.5359810244338,8,7
"9078",7.4603033022184,28.0317979668846,8,7
"9079",5.52202108888104,24.2978204428912,8,7
"9080",8.24448704905648,28.9558407952246,8,7
"9081",8.05986877819841,31.0703362092354,8,7
"9082",7.94961077745876,37.2475332358592,8,7
"9083",8.07270093061718,27.6968322087288,8,7
"9084",7.71860061780351,32.6203508904829,8,7
"9085",10.463163985249,35.0143759899554,8,7
"9086",6.2179808104245,35.2809065288336,8,7
"9087",7.29337247067895,27.9376860789878,8,7
"9088",8.73030652236016,30.1999468073656,8,7
"9089",11.0617217287503,24.1807371455989,8,7
"9090",9.63541158273409,39.8979680026516,8,7
"9091",7.44574603012599,28.0350113944711,8,7
"9092",9.82966855103809,31.4834136168063,8,7
"9093",7.24852700117208,27.4288463123377,8,7
"9094",7.17631842897476,32.8251037110057,8,7
"9095",8.67629308651882,35.2653002692688,8,7
"9096",8.7515412955824,35.7146891717266,8,7
"9097",11.0259612045799,22.0020931317549,8,7
"9098",8.24498842487138,33.9198628261434,8,7
"9099",8.46922489745967,33.0584540560892,8,7
"9100",8.28160171484908,35.3410596873591,8,7
"9101",5.57554993490902,26.5221569011186,8,7
"9102",6.75547502287422,27.8418538181074,8,7
"9103",7.88164216553278,28.0874696104077,8,7
"9104",9.84053359010788,35.0207545193013,8,7
"9105",8.70225488130426,33.0613521027534,8,7
"9106",7.61599742287112,28.9348953586796,8,7
"9107",8.00940512141715,32.2104142687283,8,7
"9108",7.53299455997067,33.4300726272353,8,7
"9109",5.42301348570699,30.2493251527857,8,7
"9110",8.34442094757681,34.9765846189893,8,7
"9111",7.89175265176443,33.8527733617199,8,7
"9112",10.2591678178067,35.7910465130239,8,7
"9113",8.70508966827429,26.6495269577831,8,7
"9114",8.86825152505278,29.2633410605243,8,7
"9115",8.69829522652013,30.2820450581675,8,7
"9116",9.54174348528692,35.6060147443676,8,7
"9117",11.0215907260374,41.3221637668058,8,7
"9118",7.470785843915,33.5185917498628,8,7
"9119",5.70591730695445,33.7484769898425,8,7
"9120",8.72184919372812,33.7101527550803,8,7
"9121",6.58034431253846,28.2066566326652,8,7
"9122",9.92608603945141,31.5308496512694,8,7
"9123",6.33303880275116,26.970010270786,8,7
"9124",7.65712970040509,31.0959395076444,8,7
"9125",7.59039124393459,27.2233303392638,8,7
"9126",7.70971664099044,30.2574150627445,8,7
"9127",7.43798925944199,32.2456224164458,8,7
"9128",12.6772057659205,39.6948930885355,8,7
"9129",8.77535580923845,38.4127449887114,8,7
"9130",5.96260905102427,31.4596574358452,8,7
"9131",9.40576180253689,25.5697625413878,8,7
"9132",8.37964878508111,28.3083528084695,8,7
"9133",8.6292967623,32.1558861193519,8,7
"9134",7.70056394777647,30.4285172655932,8,7
"9135",8.65541362603222,28.4990160460356,8,7
"9136",9.18409087516017,30.0154293824182,8,7
"9137",7.74633590532963,20.9349542268411,8,7
"9138",8.01137737289122,31.3139165945321,8,7
"9139",9.10024323089999,38.9673717642484,8,7
"9140",8.53792118929566,34.3882526955759,8,7
"9141",7.10026201899339,30.4647449266481,8,7
"9142",7.87806438316866,27.7033543449322,8,7
"9143",7.02970502437611,23.3969524833318,8,7
"9144",7.38178563541769,32.5456808410608,8,7
"9145",8.63859109289133,28.8381850037332,8,7
"9146",8.29962559543684,26.7997944414956,8,7
"9147",11.2708543953135,33.0977865372587,8,7
"9148",9.39378896675647,32.1820065533954,8,7
"9149",7.82181100031376,26.9473372582106,8,7
"9150",8.80350333585318,37.4161094759177,8,7
"9151",9.16505675661897,26.8593850482431,8,7
"9152",6.90721633530584,32.3860043995055,8,7
"9153",7.32545598827812,34.1778061383099,8,7
"9154",9.37868780005895,35.1074750629228,8,7
"9155",9.44544409944675,27.2122719311326,8,7
"9156",10.0226000670429,33.2681093766707,8,7
"9157",7.39955237570368,31.5155119046189,8,7
"9158",8.98840184560017,26.7694480862989,8,7
"9159",8.7096329018685,36.9763261656632,8,7
"9160",9.01500455511068,39.2762119433381,8,7
"9161",7.03944162726223,39.8184401827529,8,7
"9162",8.71717837306952,28.2187465760816,8,7
"9163",10.1916241082103,31.0813464803075,8,7
"9164",7.14872110718097,28.8691056537013,8,7
"9165",8.222617797424,26.4795680135219,8,7
"9166",9.29467505617396,29.663843565753,8,7
"9167",7.96220866088109,28.8293336745878,8,7
"9168",8.92156483213792,24.872971433101,8,7
"9169",7.12225467800797,32.254034821697,8,7
"9170",6.48296995147032,22.8633318377387,8,7
"9171",8.58035577957151,25.8756217737493,8,7
"9172",8.77470090594393,34.3868971353057,8,7
"9173",9.33803117388023,32.8003193497686,8,7
"9174",8.19811921766655,34.3754879107739,8,7
"9175",9.46348110067151,34.0992406667027,8,7
"9176",9.78939210904858,33.5981342963889,8,7
"9177",7.19517555767159,33.7401498990682,8,7
"9178",11.1360562767945,34.3315590708995,8,7
"9179",5.5349967314818,25.0928449746775,8,7
"9180",10.0405501115924,32.7331864707065,8,7
"9181",8.76594230255254,35.7493895053432,8,7
"9182",9.24418831735275,29.8738330130497,8,7
"9183",10.3379121829994,26.9783415641673,8,7
"9184",8.24417551911529,26.9363615634363,8,7
"9185",8.00780150117872,23.2720759953486,8,7
"9186",9.73400701755602,31.2788583959103,8,7
"9187",9.87647041291737,32.7975538681136,8,7
"9188",7.81474352048002,29.500792833748,8,7
"9189",6.36268042619232,29.8593488947274,8,7
"9190",9.64682892407099,32.634486655517,8,7
"9191",8.22693333837024,27.6552862379428,8,7
"9192",7.07347841965085,26.7322440974099,8,7
"9193",7.36751106372753,28.1928979065506,8,7
"9194",6.47307715633995,28.5412150443098,8,7
"9195",11.0481351032117,22.6740211971266,8,7
"9196",10.8586137872102,35.1782102377382,8,7
"9197",9.04849819749928,32.8595795037382,8,7
"9198",5.41182575566893,29.9877786563514,8,7
"9199",7.33776048665206,34.6369927625268,8,7
"9200",8.04207499538262,34.0296766828856,8,7
"9201",9.05237139125854,29.8603488485931,8,7
"9202",9.77793614691675,30.3083025502358,8,7
"9203",10.5581245968578,32.5922569268804,8,7
"9204",7.90963056553053,26.762949439404,8,7
"9205",7.28499343666229,29.3706803733408,8,7
"9206",7.33869591307717,21.0169266311573,8,7
"9207",8.59531889503297,35.8710988897747,8,7
"9208",5.33032492720184,29.2307376784192,8,7
"9209",5.08049022434245,32.0190208835921,8,7
"9210",7.28284811776099,29.8862822875751,8,7
"9211",8.51855396162067,27.2127174302519,8,7
"9212",9.08822990524423,25.612991159735,8,7
"9213",6.33902074635552,31.2359693224533,8,7
"9214",10.105220567023,27.3051559074271,8,7
"9215",9.51088684283193,22.6572255123246,8,7
"9216",5.6273258621363,33.42663756291,8,7
"9217",7.2625642027332,27.5038149944209,8,7
"9218",5.41072137529623,28.4508911719124,8,7
"9219",6.65333506101481,30.2522227925334,8,7
"9220",7.06984347844939,33.6993079132154,8,7
"9221",7.48290116473994,34.2638528970619,8,7
"9222",8.05708452536832,33.4432985368824,8,7
"9223",9.32828334362857,27.8060055463048,8,7
"9224",8.69657682935715,26.0113898204866,8,7
"9225",9.74680643551502,35.7345546301042,8,7
"9226",10.8797490679589,23.4299796635471,8,7
"9227",7.33567282977279,24.6054570123027,8,7
"9228",7.00208992536574,30.1006909159714,8,7
"9229",8.15441287457589,25.6733400890829,8,7
"9230",7.13249897192988,24.2879975107977,8,7
"9231",5.33159104124764,33.8368669420462,8,7
"9232",7.57023488320043,27.5127681758457,8,7
"9233",8.24828818672302,28.8694066627005,8,7
"9234",9.49164062829507,27.2626872035542,8,7
"9235",7.87303934061866,31.6857033040707,8,7
"9236",8.21746416575988,26.3589940292094,8,7
"9237",5.44208089216406,37.6967681235484,8,7
"9238",6.47392767357304,30.5407640035823,8,7
"9239",6.6656138286614,23.4970530032395,8,7
"9240",6.39692355783658,39.1858595385618,8,7
"9241",9.56399086588438,35.3827913420874,8,7
"9242",9.22000167294329,27.3471274358227,8,7
"9243",9.59403549216585,28.1479749461305,8,7
"9244",6.43415467416801,27.5324948761428,8,7
"9245",9.44133544378672,34.4368469429677,8,7
"9246",9.04964299851325,32.7814190859059,8,7
"9247",4.54324317540986,30.5634080141434,8,7
"9248",8.41928577924192,35.8500260094665,8,7
"9249",7.39431942957786,32.5307672838204,8,7
"9250",7.33632044026049,31.7863642547963,8,7
"9251",5.76568720988338,25.5060177406498,8,7
"9252",9.28296788536641,30.1113642440601,8,7
"9253",8.05954962130896,22.4195055151567,8,7
"9254",5.79155469315731,29.0381355153289,8,7
"9255",8.88283435500786,24.0938989424142,8,7
"9256",9.53459422643121,27.3347769098612,8,7
"9257",7.6369607032926,36.4459205511949,8,7
"9258",9.8734214914645,29.795026411216,8,7
"9259",5.92491517496469,30.8781682057293,8,7
"9260",9.11243063934121,35.991969550833,8,7
"9261",9.85912144032916,34.2530344570502,8,7
"9262",5.54746212779032,22.970998966133,8,7
"9263",6.97773355782012,35.5619191755,8,7
"9264",10.0910537617441,41.3276502874158,8,7
"9265",5.86201088169869,28.3561045008679,8,7
"9266",9.12640799061283,28.7883635444492,8,7
"9267",5.95505938037256,24.0496315602409,8,7
"9268",10.3599606854925,26.3795364482587,8,7
"9269",7.97194168476585,36.2755515155129,8,7
"9270",4.91580141958827,34.7334258089098,8,7
"9271",7.09760353621761,30.0953148104292,8,7
"9272",8.49193677472825,34.734802294666,8,7
"9273",8.79641942256288,30.5613885039696,8,7
"9274",10.0899207685779,25.5765215565575,8,7
"9275",8.34503648338365,24.9943408792712,8,7
"9276",6.12824580549557,26.5628891129287,8,7
"9277",8.29547264337426,27.8024932595679,8,7
"9278",11.0456715184511,32.7971689097183,8,7
"9279",9.10691421227303,27.4996425124488,8,7
"9280",7.28213306270106,26.7177453992554,8,7
"9281",7.44346240456347,37.8164391236364,8,7
"9282",7.61772239913858,27.9645513999189,8,7
"9283",6.76024167561819,30.6259570619376,8,7
"9284",9.05678865395728,34.1578775026965,8,7
"9285",10.9343452776062,28.2032734199608,8,7
"9286",9.0180107098111,38.5885421916756,8,7
"9287",6.63325757026036,24.3197886112359,8,7
"9288",7.8089586057659,37.788261259048,8,7
"9289",6.05183272545954,21.8148569998075,8,7
"9290",5.64125163287988,22.5787644399156,8,7
"9291",9.87295746844624,26.0385753296253,8,7
"9292",9.33574843493245,33.5762929695167,8,7
"9293",5.66056042754679,32.9701344620108,8,7
"9294",6.67678993201822,32.0363571631323,8,7
"9295",9.57007286548938,30.4829972526866,8,7
"9296",8.17275112513516,33.9067662967281,8,7
"9297",7.86686219809506,26.2682922004543,8,7
"9298",8.37818410993271,26.5637979102497,8,7
"9299",7.67237911472741,36.6869546759787,8,7
"9300",6.42699865338003,27.8434959831355,8,7
"9301",9.70911670609161,37.2990840455756,8,7
"9302",10.8927761780015,30.379995316733,8,7
"9303",6.0357627212597,30.0734665568845,8,7
"9304",9.05911779791186,27.5238478380117,8,7
"9305",9.25224695888011,24.9238581655222,8,7
"9306",8.06419184749928,30.0486491932767,8,7
"9307",8.7107455401428,36.9874802417324,8,7
"9308",8.8843015556902,35.9982713924069,8,7
"9309",10.6631363822587,32.9090168768904,8,7
"9310",7.99636957578901,28.9939013826057,8,7
"9311",7.49252762109835,27.1967465613479,8,7
"9312",6.1789403371005,39.5830183507666,8,7
"9313",7.67467822034669,32.8490500704817,8,7
"9314",7.29751008446224,33.3322484474394,8,7
"9315",5.79681614040208,28.1981972061325,8,7
"9316",6.91761181447453,41.1854347928318,8,7
"9317",5.84018708980446,34.264957701716,8,7
"9318",9.22946725915914,32.0303638074651,8,7
"9319",5.71658184312817,30.2612680236445,8,7
"9320",8.50432114317381,39.3051281909231,8,7
"9321",5.51380432236163,31.601683824669,8,7
"9322",10.028807824927,30.040825571375,8,7
"9323",8.06757689456298,35.718259279418,8,7
"9324",8.86964481825516,33.4868846513483,8,7
"9325",8.20816555742141,23.774509031583,8,7
"9326",7.9992344218143,34.824503945889,8,7
"9327",10.8124347151313,30.6334046913785,8,7
"9328",7.65281333263715,33.6263416508379,8,7
"9329",6.89061228883899,30.6749728191641,8,7
"9330",10.7303690250368,37.5963910213788,8,7
"9331",8.91401635338376,33.5026143725729,8,7
"9332",6.95945107506065,24.8244139141279,8,7
"9333",9.13795454128082,36.9860015047606,8,7
"9334",10.4884626854176,35.9383306196633,8,7
"9335",6.38629653452085,33.6968671780852,8,7
"9336",5.85144916721307,29.3733324427321,8,7
"9337",7.33317692203191,21.3248658808916,8,7
"9338",7.93516350902623,38.7977010581157,8,7
"9339",7.6902907195871,25.0409681885944,8,7
"9340",9.78319344655384,23.7928196795635,8,7
"9341",10.6163725982806,30.7658704905722,8,7
"9342",6.41997357436342,32.1646691379158,8,7
"9343",7.10916720117793,29.3060387037408,8,7
"9344",7.10727240055079,27.9633659287693,8,7
"9345",7.95067573006277,34.4419001653315,8,7
"9346",7.00129792681544,31.9483525259662,8,7
"9347",7.53336422564306,28.7229335126625,8,7
"9348",8.00544287069585,31.6357253783943,8,7
"9349",7.5681473144289,32.2093850595999,8,7
"9350",5.69041068039496,29.0506674209111,8,7
"9351",9.00096531228636,34.0841817446555,8,7
"9352",6.67157956423306,32.2291705127292,8,7
"9353",8.6504950873124,32.5094271545686,8,7
"9354",3.12038383201086,37.0555274980807,8,7
"9355",7.80448290987856,33.7667009816695,8,7
"9356",9.95893519976142,25.578436853873,8,7
"9357",9.70881482882722,33.1650392974099,8,7
"9358",8.5714179092412,37.7832929086901,8,7
"9359",9.26165517568628,30.8655177800587,8,7
"9360",9.61925762288681,29.1969671356323,8,7
"9361",7.1328179130413,32.2485353016263,8,7
"9362",9.43805320957267,31.8300587403057,8,7
"9363",7.57111622641637,30.1621945555592,8,7
"9364",11.424205940089,38.9561970435688,8,7
"9365",6.85756373755556,27.8698133874177,8,7
"9366",8.04780407406598,40.2441341523624,8,7
"9367",8.70121137144781,22.5942558004923,8,7
"9368",8.6980692965971,32.6597901085347,8,7
"9369",5.88241850644484,37.4349104108615,8,7
"9370",7.63628255834979,31.5729796625709,8,7
"9371",5.32963521384489,29.3197031967451,8,7
"9372",7.9320731327666,29.4012875155281,8,7
"9373",6.26435119684617,39.6751492563488,8,7
"9374",6.72958114859218,25.4948963713642,8,7
"9375",9.69623524055303,27.8401108497774,8,7
"9376",6.70320995002766,32.7990213718524,8,7
"9377",8.46888996152617,29.5060298340762,8,7
"9378",8.16404018325274,34.1894788916304,8,7
"9379",6.63545559530941,38.030963578361,8,7
"9380",7.90625693689027,31.9834831994331,8,7
"9381",10.2265370815234,29.919695684424,8,7
"9382",10.3724185976132,31.6848189429413,8,7
"9383",9.03144935146943,20.3182639239088,8,7
"9384",8.20386613152071,25.9636912578582,8,7
"9385",7.45512511549017,26.6624975151146,8,7
"9386",10.1896226426594,31.0682051466017,8,7
"9387",7.80056636720035,35.5284107832854,8,7
"9388",5.62582634083021,34.0937859207758,8,7
"9389",7.24220578613174,26.6641286418548,8,7
"9390",5.99470265779421,32.7323127495172,8,7
"9391",7.32031140108816,30.1202634181547,8,7
"9392",6.36218810427636,33.5364456190272,8,7
"9393",7.16926475458422,31.1605558330031,8,7
"9394",9.16339417263819,32.8689121668973,8,7
"9395",9.29914016487029,24.0902711575267,8,7
"9396",9.4278970854219,34.2194054142346,8,7
"9397",7.40361087795405,34.1311742620047,8,7
"9398",6.50614390094755,29.0739334263413,8,7
"9399",10.7747776560268,28.3967617333313,8,7
"9400",8.39488212888942,32.3567526612656,8,7
"9401",8.27678908703105,28.0345345139611,8,7
"9402",10.2042816042858,34.0537588620976,8,7
"9403",10.6348718419295,27.1696507131156,8,7
"9404",6.60029455611295,28.2708165684491,8,7
"9405",9.1590974322992,33.978135796435,8,7
"9406",9.03841095944489,31.895206273002,8,7
"9407",5.68361945473262,34.4900630064153,8,7
"9408",9.01008640226552,30.7402985353721,8,7
"9409",9.57971736008504,38.1828452765417,8,7
"9410",12.9397609909054,30.8745268849731,8,7
"9411",3.69167356771356,39.3333847564545,8,7
"9412",8.71126817627088,29.8961651222284,8,7
"9413",9.43240483629061,31.7620744684583,8,7
"9414",7.44661712343975,33.3294695899119,8,7
"9415",8.05970375180817,33.8284703555702,8,7
"9416",7.22907415095977,32.3217102310714,8,7
"9417",7.80174246415742,28.170275725916,8,7
"9418",8.2544575798796,27.9896264953901,8,7
"9419",8.35167860509313,31.9425596191305,8,7
"9420",7.40786907515345,26.3921760775483,8,7
"9421",11.9702630018409,19.1781216938164,8,7
"9422",8.26415108304789,25.9881815926655,8,7
"9423",6.94722018348464,23.6510580207489,8,7
"9424",12.912945685588,30.4943180008116,8,7
"9425",10.1056318828955,31.3549848633337,8,7
"9426",7.92985083224153,24.3042558955872,8,7
"9427",7.10374293695638,27.3533776914011,8,7
"9428",7.66333019217777,29.0185661420362,8,7
"9429",7.46050635413839,33.2349099305833,8,7
"9430",7.45300146201257,34.3489911822111,8,7
"9431",11.4737303243461,34.8336805532811,8,7
"9432",8.79043187468249,31.3879085456499,8,7
"9433",8.58530010655101,32.1902416722663,8,7
"9434",8.70620429149214,27.1736746991195,8,7
"9435",6.72452208729871,27.7245007307653,8,7
"9436",8.73520845549062,30.3662883184611,8,7
"9437",7.74529261000925,33.6749258015233,8,7
"9438",8.92878047131365,23.2940060567746,8,7
"9439",8.41193695710449,27.8038328759921,8,7
"9440",7.06159165325156,28.8146265382668,8,7
"9441",7.49689271377763,34.9478863174447,8,7
"9442",6.94237920791468,27.6127737515758,8,7
"9443",8.5291489819265,29.7254329224455,8,7
"9444",8.93698186194483,28.2472227008682,8,7
"9445",8.2700470970388,24.7233629493108,8,7
"9446",7.64520082921314,32.9942516641139,8,7
"9447",7.9706003517692,29.814068050768,8,7
"9448",10.8385114428598,32.8036423322102,8,7
"9449",7.85511568673465,27.2980463134381,8,7
"9450",8.90417712532918,26.5254591864075,8,7
"9451",7.965945687878,33.6599204658548,8,7
"9452",6.47443292433856,36.7279155839122,8,7
"9453",11.2754139465754,33.9881799916999,8,7
"9454",5.96057242570201,33.2399557344594,8,7
"9455",6.94128574541409,30.737411281504,8,7
"9456",8.16959308415771,37.9325908941538,8,7
"9457",9.05480881870374,25.8808995323697,8,7
"9458",9.59757604928045,28.8129519704986,8,7
"9459",7.85495930424978,26.780427849157,8,7
"9460",8.13871892991202,30.1787861269727,8,7
"9461",4.88570861089334,19.9118427314516,8,7
"9462",6.00374915065621,32.7089384382382,8,7
"9463",5.00561740501623,32.0442686963664,8,7
"9464",6.22257149166718,37.6564391657402,8,7
"9465",8.71931678213231,27.0946019247878,8,7
"9466",8.38937740077367,34.1432058645704,8,7
"9467",6.83910660188065,26.5190129531553,8,7
"9468",8.04418684976304,29.1593625139253,8,7
"9469",7.20612047812395,30.4116891547772,8,7
"9470",9.53514510798176,34.1684207734994,8,7
"9471",8.61429221084421,36.1530489528171,8,7
"9472",8.30288031041871,37.9156122372911,8,7
"9473",9.63406041985215,33.1508828650566,8,7
"9474",9.94324442505915,30.5277750462822,8,7
"9475",9.89463155526682,36.6514162007056,8,7
"9476",6.97294956066526,30.5183339473285,8,7
"9477",9.68428307438356,35.9531294740616,8,7
"9478",9.5443810072686,28.3684116813127,8,7
"9479",10.7144037562583,28.7111482917569,8,7
"9480",6.9402166891407,27.6938987534449,8,7
"9481",8.58939378939059,32.0057670319811,8,7
"9482",7.36616271332352,32.9030115789411,8,7
"9483",7.26143558380741,28.2172668098317,8,7
"9484",7.58544278447034,32.8703835031259,8,7
"9485",8.47171813855049,21.6234838023648,8,7
"9486",7.49942469582638,37.1753362176613,8,7
"9487",8.31309067350216,25.2407678446716,8,7
"9488",8.24688590559651,32.7087109270941,8,7
"9489",4.48937908248666,27.8961345710391,8,7
"9490",5.00259421904339,29.2481078742394,8,7
"9491",11.1994663159887,33.7263382200818,8,7
"9492",9.25705401354709,38.1393748268584,8,7
"9493",8.80045174924425,30.7412440198677,8,7
"9494",8.18090217084879,25.4401864164247,8,7
"9495",8.79490195135247,28.1034920705729,8,7
"9496",4.87055269727342,32.5966642245579,8,7
"9497",8.29455226693479,24.5906687114378,8,7
"9498",8.89245016211862,29.8412136882084,8,7
"9499",7.68203120701582,34.5868223184628,8,7
"9500",7.12084712741309,34.5848257808472,8,7
"9501",7.85715355179666,28.0369776266001,8,7
"9502",9.35293616816718,32.1922510017178,8,7
"9503",10.1799857688345,34.2653374489459,8,7
"9504",8.0038591450909,34.5809417099028,8,7
"9505",8.35513770836095,20.80854873277,8,7
"9506",8.15669141350321,27.4005167727281,8,7
"9507",7.28195468392625,32.0112128381565,8,7
"9508",5.84226113954654,34.4671946043443,8,7
"9509",4.21350083482158,33.0417351788202,8,7
"9510",8.60279928788589,33.8821493900615,8,7
"9511",7.54697450457088,25.7405894343315,8,7
"9512",5.80067296341095,26.7958243618929,8,7
"9513",7.85028184880482,26.854747694043,8,7
"9514",8.18697900075145,38.8786667424708,8,7
"9515",8.58094607772054,30.7875339163455,8,7
"9516",10.744897850389,33.7139985703696,8,7
"9517",5.83679233184627,33.0168764704038,8,7
"9518",4.86293367850785,32.2388802154372,8,7
"9519",5.90305346892722,32.5851544292161,8,7
"9520",8.12950275339557,24.7667037553111,8,7
"9521",10.3342876988172,31.2267174623525,8,7
"9522",7.59592540809329,35.779227571756,8,7
"9523",10.2650356477027,32.6092761354135,8,7
"9524",5.63184378601505,32.7281559936132,8,7
"9525",7.71641176135247,37.3857180869703,8,7
"9526",7.26710550525539,31.5095216431152,8,7
"9527",9.39820325553593,30.0842211458636,8,7
"9528",7.60079075097129,33.1479525713008,8,7
"9529",8.60905910095047,32.0402277948048,8,7
"9530",7.37033493708292,28.0735202361425,8,7
"9531",7.66134416303921,26.5596677465977,8,7
"9532",8.31663108618332,23.64770323262,8,7
"9533",7.06958059377506,34.3617302202539,8,7
"9534",6.87238667089887,37.6319347921173,8,7
"9535",6.63135463434116,28.6932765545665,8,7
"9536",7.08034840364965,29.7402678071896,8,7
"9537",7.9084565115865,33.241240648246,8,7
"9538",6.80720176003451,30.1729407104575,8,7
"9539",8.32347735157809,35.2317958521014,8,7
"9540",10.1197696765781,35.0870678756693,8,7
"9541",7.00596399386577,34.4908915508026,8,7
"9542",10.223546715705,27.9977143043821,8,7
"9543",6.50552607280277,32.4720869384844,8,7
"9544",11.4805014870988,24.9465148750916,8,7
"9545",7.79707365720626,35.9333939439313,8,7
"9546",8.2197155649131,31.7028445944513,8,7
"9547",7.8959647944028,29.1994051981206,8,7
"9548",7.27388903505734,32.3020351622606,8,7
"9549",7.60033361176217,37.1135836651581,8,7
"9550",6.68755872402174,28.9065446844051,8,7
"9551",7.80465583212367,25.341748570429,8,7
"9552",6.16878843518975,30.8054727761079,8,7
"9553",5.43536918479101,31.0027634948087,8,7
"9554",9.51092867499045,28.5305272811228,8,7
"9555",6.14752718653071,33.3326764647765,8,7
"9556",6.79318147102502,21.8678088976544,8,7
"9557",7.95749180919422,36.3620646178733,8,7
"9558",9.27154293694455,27.3264777537069,8,7
"9559",6.05956138002048,28.8712600031849,8,7
"9560",5.38466132294252,30.3937712471109,8,7
"9561",8.42199676970091,29.9565459881408,8,7
"9562",7.92323289303056,29.5449549463157,8,7
"9563",8.49380793698266,28.2128757639032,8,7
"9564",7.12759859655422,27.1868765933094,8,7
"9565",6.97094013149813,25.6302124093298,8,7
"9566",8.73572595596668,26.8893713600706,8,7
"9567",8.13330103026497,27.1859433107933,8,7
"9568",6.78198286377875,30.0508416356444,8,7
"9569",7.95281976252997,21.3708190653027,8,7
"9570",6.09566352103518,30.3493154425365,8,7
"9571",6.78502428176304,32.1534089868204,8,7
"9572",8.05985356471518,31.2444679753904,8,7
"9573",8.52810466514755,34.7099044855673,8,7
"9574",6.99297795651871,33.1259048686532,8,7
"9575",9.24317204960813,29.544149018343,8,7
"9576",7.11730183148019,20.688085412516,8,7
"9577",7.04014613978584,36.4979620549793,8,7
"9578",6.43155282383173,33.0502514877877,8,7
"9579",7.6803322528283,25.8215906138591,8,7
"9580",7.98081683859344,25.3788822420369,8,7
"9581",6.31251028194162,32.6632423669932,8,7
"9582",7.23922255784145,34.2648053205558,8,7
"9583",7.75371766395258,25.5460241186369,8,7
"9584",8.56882384370943,27.0996881746874,8,7
"9585",10.5321613372636,27.9716864854299,8,7
"9586",9.19860260018099,30.4239381216227,8,7
"9587",7.13247828630698,35.2552942931869,8,7
"9588",7.11169392832115,19.2109510132928,8,7
"9589",6.29791609673363,38.1649850515716,8,7
"9590",7.52264362284889,32.6857739231263,8,7
"9591",6.41410056095144,28.9406027817154,8,7
"9592",4.50286097455668,35.955846774173,8,7
"9593",7.43210949345503,40.7036255384274,8,7
"9594",7.42612785707293,37.9941652004997,8,7
"9595",7.36788384904062,33.791920658438,8,7
"9596",6.49526618852576,34.7974243450484,8,7
"9597",9.18341248728928,36.937842500087,8,7
"9598",10.2859019404166,28.3844616395225,8,7
"9599",10.3323374173183,27.1533807878023,8,7
"9600",7.86416669627159,41.9539750933677,8,7
"9601",8.01875039269211,27.8700434591876,8,7
"9602",6.87400982223488,29.988901728732,8,7
"9603",7.22867764915261,26.7215829623617,8,7
"9604",9.29451330258901,27.4548311402632,8,7
"9605",9.3150931157076,35.364843877963,8,7
"9606",9.74861565439468,31.3307397693181,8,7
"9607",9.18133241962177,29.08371080231,8,7
"9608",5.53396476394429,30.7923135765066,8,7
"9609",6.43171585388533,31.8920401320474,8,7
"9610",7.64925326018755,31.88651330266,8,7
"9611",6.74588215407703,27.2760881211364,8,7
"9612",6.80082947512844,30.7410737366358,8,7
"9613",8.99328245814569,32.330200847393,8,7
"9614",6.7528494486158,33.9685745500544,8,7
"9615",5.77204581714414,31.2880889279201,8,7
"9616",9.78924329626132,31.2145621564169,8,7
"9617",7.40481750433198,31.8734801673124,8,7
"9618",6.91463661351567,30.6652711157161,8,7
"9619",8.77164923298263,25.3742364756984,8,7
"9620",7.44694094155588,35.0067273199371,8,7
"9621",8.78866893795874,31.5168591541854,8,7
"9622",8.83372060346451,32.0518199825659,8,7
"9623",7.0465408938117,25.8362356357764,8,7
"9624",6.61059459355856,33.6410453844057,8,7
"9625",8.04664319990419,28.437013690274,8,7
"9626",6.19704424991979,27.923369006921,8,7
"9627",4.86746632261301,32.148920010157,8,7
"9628",6.0322399413974,42.1066899512867,8,7
"9629",4.93082798551394,33.9596959825908,8,7
"9630",9.45252486336568,33.046511201994,8,7
"9631",7.71586364019137,31.6997970474887,8,7
"9632",9.80005949036159,33.8888270290504,8,7
"9633",8.41433034043006,27.4300290185315,8,7
"9634",6.50627710127706,31.7931028857433,8,7
"9635",9.20383910159841,33.9888976540328,8,7
"9636",5.15326858461785,34.7301647930062,8,7
"9637",8.42263137788124,26.7950201824338,8,7
"9638",10.1326967467772,31.0027847164127,8,7
"9639",8.89223732171721,27.3196711031517,8,7
"9640",9.25377093126671,34.2176463798374,8,7
"9641",9.15813543421611,24.5944635474325,8,7
"9642",9.6527906265207,31.4696816633813,8,7
"9643",5.67059876390295,29.238447871241,8,7
"9644",6.07775104739778,26.4167834873807,8,7
"9645",7.65694374163369,30.4722784054022,8,7
"9646",9.50033451345448,29.7200191876879,8,7
"9647",7.44561573845933,33.8750220263947,8,7
"9648",7.59926739933539,37.2939299172509,8,7
"9649",8.72500991103414,28.7959088422951,8,7
"9650",7.45183137930514,26.2941204606667,8,7
"9651",9.21003843918932,33.8403316037335,8,7
"9652",9.00197370139431,30.0331096826901,8,7
"9653",7.40539302288987,25.8998235250608,8,7
"9654",5.77316988601758,27.6925746357558,8,7
"9655",10.1488072649075,32.0851604545069,8,7
"9656",8.85348730894423,36.7512638522209,8,7
"9657",8.20850574631656,31.8571201634311,8,7
"9658",8.93412329104636,37.9650195872136,8,7
"9659",7.04515453735606,32.2151600811441,8,7
"9660",7.21969134397024,28.8842671638114,8,7
"9661",8.69862122409509,23.9116339814981,8,7
"9662",10.747463922499,33.6452156522378,8,7
"9663",8.97885200692116,26.5948040179231,8,7
"9664",12.1306225769868,34.2677507638776,8,7
"9665",6.85839927467662,29.0523977084224,8,7
"9666",10.1353618084365,25.5269910912011,8,7
"9667",8.05997328370497,31.8215990706918,8,7
"9668",11.7428329723475,33.4409124527079,8,7
"9669",11.1950302088677,28.8516291329338,8,7
"9670",10.3399108538581,32.1298235359239,8,7
"9671",9.14222307116166,29.2432848570539,8,7
"9672",9.74646860634906,27.7898259917967,8,7
"9673",10.083937477705,41.9646572196975,8,7
"9674",7.93077594961573,37.6908535677468,8,7
"9675",5.69190763691209,33.6923235946083,8,7
"9676",9.75520897670188,25.4866380952398,8,7
"9677",9.22452129085057,31.3328788853177,8,7
"9678",7.51345240676926,32.4365519773188,8,7
"9679",7.73094879390847,26.0906337165989,8,7
"9680",7.45278676093329,29.625418388362,8,7
"9681",7.16152670976494,27.6364916033736,8,7
"9682",9.01935003252941,40.1189243649844,8,7
"9683",6.10250284234356,30.4067081942014,8,7
"9684",10.0886436803894,29.8886162668538,8,7
"9685",10.3830619286496,32.00985339547,8,7
"9686",7.81304063587212,31.3843238556565,8,7
"9687",8.4032184010922,32.6513151060443,8,7
"9688",4.98254643907831,32.2509650853243,8,7
"9689",6.87382683651306,29.0312956988771,8,7
"9690",10.4740462635058,29.4229002658975,8,7
"9691",9.7367129113229,32.6740654947093,8,7
"9692",7.3405063250223,26.0747281305835,8,7
"9693",7.36179659352819,30.1535285572331,8,7
"9694",6.48698022255569,31.9078831335434,8,7
"9695",10.1469445263044,35.1915331875294,8,7
"9696",9.21875381426569,19.0331255308425,8,7
"9697",9.4685826692778,30.239792451591,8,7
"9698",8.81689544070193,34.5083120058398,8,7
"9699",9.2997564531175,32.8119663196393,8,7
"9700",5.18340813981718,29.8093908633901,8,7
"9701",11.7953212584457,25.586456112967,8,7
"9702",7.10647880587097,32.8991017306107,8,7
"9703",8.37252270907828,26.160259740525,8,7
"9704",8.62307640342621,30.0961729599654,8,7
"9705",5.55086810494317,29.1321038022269,8,7
"9706",7.37966236851884,34.8001438220653,8,7
"9707",7.35806692449507,33.2421786869259,8,7
"9708",7.26066798180101,33.1292387371322,8,7
"9709",8.58044294621622,30.0825163342017,8,7
"9710",9.2094463887691,26.4653363829687,8,7
"9711",10.3135129939501,31.1549250176197,8,7
"9712",8.4638025420661,35.8335708019442,8,7
"9713",7.50451985758706,31.8511772025062,8,7
"9714",5.39412613716106,30.8787346937388,8,7
"9715",7.12636867455632,24.1898229636895,8,7
"9716",7.7921028604429,25.001455662822,8,7
"9717",6.53256517388176,32.6069961786612,8,7
"9718",7.17542141342512,31.6688097008456,8,7
"9719",9.09112933361919,32.1569317534621,8,7
"9720",9.17371852720459,33.5658297191341,8,7
"9721",8.89697254684959,33.1427954921575,8,7
"9722",10.5478240837468,31.6277149087145,8,7
"9723",8.36118858582747,38.3613874531587,8,7
"9724",6.31822835717471,31.5000457848357,8,7
"9725",8.11412521289987,33.9497442687964,8,7
"9726",10.874702991465,28.9901483692037,8,7
"9727",10.71822616602,26.8124164205485,8,7
"9728",7.71542311574412,27.9407004951357,8,7
"9729",8.88069485865184,21.6951357855849,8,7
"9730",7.55313344775498,31.843831555403,8,7
"9731",8.21326749953705,30.3587556914365,8,7
"9732",6.67809789899197,26.6462267602352,8,7
"9733",7.19108020799463,29.7517921626531,8,7
"9734",7.70351376726119,33.7545313873319,8,7
"9735",7.36626000215879,34.958385355749,8,7
"9736",9.59735237272165,33.8171837656439,8,7
"9737",6.05858621285084,31.6474692717634,8,7
"9738",7.14531869886613,29.8336325083011,8,7
"9739",7.21091744273592,20.826998607839,8,7
"9740",7.93990257558359,32.6458199982116,8,7
"9741",10.393676421644,30.2458230795081,8,7
"9742",7.4851367499405,30.1470797655644,8,7
"9743",10.2581363882266,24.6396084176676,8,7
"9744",10.5256624100517,22.3789913614465,8,7
"9745",7.6527017594788,31.1459476074485,8,7
"9746",8.0923020062182,32.0035856598973,8,7
"9747",8.9821315083468,34.9064583163008,8,7
"9748",9.14521081116034,27.2944171988814,8,7
"9749",7.9137769125009,29.9170806586871,8,7
"9750",9.1849219825209,29.6246804535013,8,7
"9751",7.38440463094897,33.6319550920307,8,7
"9752",7.02913885425122,34.9339639684821,8,7
"9753",7.74179398536709,27.8753308718078,8,7
"9754",7.49930805559605,28.2880347880314,8,7
"9755",7.22941084105482,35.5252113523746,8,7
"9756",10.5073064076447,31.9778329223826,8,7
"9757",8.2768624839219,29.7723072720703,8,7
"9758",7.40500818460417,30.8298332177879,8,7
"9759",11.3199003900536,31.7799549192742,8,7
"9760",10.4121525049291,29.0488796509414,8,7
"9761",8.17037095102926,27.9105560966208,8,7
"9762",6.98104518732469,34.4119555806581,8,7
"9763",6.548848448325,28.7667560626665,8,7
"9764",7.11614958953988,33.8427828816682,8,7
"9765",7.58683220092689,30.5003179890139,8,7
"9766",6.87415518950881,35.7178886244384,8,7
"9767",6.32589366839138,35.0944797149659,8,7
"9768",6.48650093082072,34.3117372953369,8,7
"9769",5.43967250759309,26.6831365743854,8,7
"9770",9.12633961130051,26.675024649182,8,7
"9771",7.16978755131761,31.2162999865154,8,7
"9772",7.75739754490606,29.8480292934444,8,7
"9773",6.9262419482928,31.8117834739209,8,7
"9774",9.08554692785135,35.4724513868599,8,7
"9775",8.88956270826357,36.5950099145011,8,7
"9776",9.16702810547983,27.9390428910648,8,7
"9777",4.30456063288793,29.7097650493459,8,7
"9778",9.0145195820932,35.7573142916767,8,7
"9779",9.95504542079883,29.7660632046883,8,7
"9780",10.1807817026153,30.6766001769328,8,7
"9781",11.7589477613367,22.9373669271577,8,7
"9782",6.62641669801539,31.5736022281883,8,7
"9783",9.51156138446647,29.1694265169457,8,7
"9784",5.33157523000383,25.2461097030448,8,7
"9785",8.45966097782621,39.3977565981193,8,7
"9786",8.17306858629773,27.3271287881316,8,7
"9787",7.35119148868311,31.8038491694826,8,7
"9788",6.45707450445603,22.6078548094818,8,7
"9789",7.84248652487778,34.001133555401,8,7
"9790",10.9649271594767,28.7211521357451,8,7
"9791",7.52269341735744,32.2021698068473,8,7
"9792",7.65446498886555,37.4391793486731,8,7
"9793",9.2868383873609,29.8294693399593,8,7
"9794",7.51392056422724,29.3751057442674,8,7
"9795",5.4264142498599,37.021905690233,8,7
"9796",5.97543809542229,36.6250382093113,8,7
"9797",8.54093196942987,30.9456976451979,8,7
"9798",9.80272854259633,23.3703653221487,8,7
"9799",6.3297958367489,29.4746167255687,8,7
"9800",8.20988474670153,32.2314791029307,8,7
"9801",7.79066707510597,26.9103640063618,8,7
"9802",8.92214475632151,26.3417350475387,8,7
"9803",6.87972227509815,28.0040802901136,8,7
"9804",10.7913227259353,24.514044059606,8,7
"9805",9.64464441782526,34.7949454615285,8,7
"9806",10.1383902899138,29.0601108634444,8,7
"9807",8.32521883680886,33.1694794623061,8,7
"9808",10.8037106611223,37.1264994684922,8,7
"9809",6.82160466301293,29.8401485946282,8,7
"9810",7.35823685195586,35.7762977217137,8,7
"9811",9.12269870649157,32.2734818213544,8,7
"9812",9.14509067923103,32.0053640759692,8,7
"9813",7.60220491161499,23.8779736348392,8,7
"9814",9.44870284052304,31.6106281118444,8,7
"9815",7.93775758079004,36.2846903125056,8,7
"9816",5.10733451333483,28.1183204912506,8,7
"9817",7.17362980600903,36.6803880650299,8,7
"9818",8.6692362334385,26.7655704562065,8,7
"9819",9.02795890021891,31.6219854590304,8,7
"9820",9.48394765285931,33.6174336435538,8,7
"9821",5.57221247681965,26.9722957273236,8,7
"9822",8.66269842187974,30.8609154022206,8,7
"9823",7.82186052279957,31.2073828660499,8,7
"9824",10.2494935828417,31.8829987574323,8,7
"9825",8.70087986078541,36.2166196446412,8,7
"9826",9.78915235378034,32.5242635111916,8,7
"9827",7.61030304763562,33.4695771830837,8,7
"9828",6.69325344342757,30.6544719915521,8,7
"9829",10.676057107037,23.3326081190764,8,7
"9830",10.6120056952184,29.910382948797,8,7
"9831",5.90684962453329,33.1837926771234,8,7
"9832",8.97954201606523,32.4006679304522,8,7
"9833",8.39994823338255,40.0970623583729,8,7
"9834",9.3418060023907,28.2952188661969,8,7
"9835",6.90887064259206,24.1140947668376,8,7
"9836",7.82843591731256,29.2506052064388,8,7
"9837",8.79462063869601,40.6796621551383,8,7
"9838",6.82873072168252,38.4105043345044,8,7
"9839",9.04320785910663,29.9135114712302,8,7
"9840",10.4532742074074,29.9277302269427,8,7
"9841",5.65180725641932,26.9452136272975,8,7
"9842",7.5700485826137,35.7895376960417,8,7
"9843",6.51581294177796,28.8168946404706,8,7
"9844",9.0234060556562,22.7587753093116,8,7
"9845",6.86507230218267,34.9233253967713,8,7
"9846",8.1934649501482,31.3434057617577,8,7
"9847",7.29942480427025,33.3518822682316,8,7
"9848",8.08623599191503,27.8628114743436,8,7
"9849",6.89991994263638,33.1381093311085,8,7
"9850",7.76388736535491,34.6895788530118,8,7
"9851",7.72193357842688,34.3749864635781,8,7
"9852",8.45921111310615,33.7769216425478,8,7
"9853",10.1369047801998,34.836019485974,8,7
"9854",10.4497088898692,38.2212364281666,8,7
"9855",6.38631851928122,34.1073793702319,8,7
"9856",10.0119479500743,28.3969909292578,8,7
"9857",8.54192735611967,30.1521346608224,8,7
"9858",8.28432775540014,36.4940211643112,8,7
"9859",6.89176641460126,26.9814570993178,8,7
"9860",7.96008530110204,27.9205669694675,8,7
"9861",5.92003720883518,30.8360605881193,8,7
"9862",10.0117841195302,30.0629169902684,8,7
"9863",8.3243123543278,26.9148794814445,8,7
"9864",7.01421583780525,33.5394959393634,8,7
"9865",9.00159991952366,30.9270328900719,8,7
"9866",8.82288764776845,27.3255790242922,8,7
"9867",8.62218153620462,30.4753646509303,8,7
"9868",6.8754816243007,28.9669085229818,8,7
"9869",6.58569359314968,34.3282763932327,8,7
"9870",10.7448396083699,27.3620753062629,8,7
"9871",8.45919170830571,17.409533741531,8,7
"9872",7.67674454682359,31.0364500767913,8,7
"9873",7.76250036164236,34.6737373505001,8,7
"9874",9.52125538787973,25.7363515308451,8,7
"9875",7.16193543851927,32.5710418411442,8,7
"9876",6.13531779503062,28.7902262660418,8,7
"9877",5.93454929801502,30.7021699126398,8,7
"9878",6.92810992909779,30.0193825986066,8,7
"9879",8.37548290884381,33.358132845518,8,7
"9880",9.41433227939313,35.7612008063662,8,7
"9881",8.50076167369346,34.0209957686123,8,7
"9882",4.21930469531319,30.3437582458331,8,7
"9883",5.24579657922325,29.8892357642111,8,7
"9884",8.26186683366166,25.9145721392222,8,7
"9885",6.35710073700237,30.2388182863296,8,7
"9886",8.29702840196974,21.6615672233319,8,7
"9887",6.80520556245594,37.2909054034688,8,7
"9888",7.43614670085463,22.2102730278912,8,7
"9889",9.91189274829075,27.184995659437,8,7
"9890",8.65762672372462,38.6629172294854,8,7
"9891",7.48488313985614,28.8840987311568,8,7
"9892",8.05450599680287,39.6847486789845,8,7
"9893",11.505262559422,22.2748855380261,8,7
"9894",9.45053138145134,31.1352655568982,8,7
"9895",6.45035980459897,30.1011446259596,8,7
"9896",6.96384729636956,34.9564159518945,8,7
"9897",7.4577133520207,32.9919465956378,8,7
"9898",8.12964310154738,23.3002742815881,8,7
"9899",9.95564939324705,35.9972130191241,8,7
"9900",6.96684851900184,22.0944354533297,8,7
"9901",7.24194382953401,35.2132045608203,8,7
"9902",7.92879788416085,32.5942668623808,8,7
"9903",8.09711433194391,30.3847774796618,8,7
"9904",8.06770608115041,30.8410662254099,8,7
"9905",9.57053892302848,33.4712310532295,8,7
"9906",7.86139865916389,24.082298549291,8,7
"9907",10.1143369024308,35.2139166538028,8,7
"9908",8.09296171877001,31.0620233958471,8,7
"9909",8.41316757112723,27.8744319728215,8,7
"9910",8.50402693921126,33.6936240611065,8,7
"9911",5.94002988488607,24.3020062997494,8,7
"9912",8.79960400933728,28.4160620957249,8,7
"9913",8.53738611669262,33.2476004939921,8,7
"9914",6.46613202370048,36.6422839552878,8,7
"9915",9.95403893248445,30.4205080201347,8,7
"9916",9.91945596017455,27.7909519869245,8,7
"9917",8.66597274161693,32.200567836625,8,7
"9918",10.1893728382145,30.5862969696134,8,7
"9919",8.79981762469194,33.8304822617457,8,7
"9920",9.65029135027921,38.1557364919932,8,7
"9921",6.38552365498648,33.7750512637443,8,7
"9922",8.95190152737865,32.1362991944555,8,7
"9923",8.72647140149153,27.1617312399745,8,7
"9924",9.60955265937081,33.2084642729343,8,7
"9925",9.95023078598416,31.49102686393,8,7
"9926",7.97822202383196,26.7299024748904,8,7
"9927",6.52345232019852,31.7319205965815,8,7
"9928",8.28463899981963,29.8422557579632,8,7
"9929",5.63556617978074,30.0819154229179,8,7
"9930",10.8237441722771,31.529154643062,8,7
"9931",5.43761829725213,31.9883636881523,8,7
"9932",8.18560938111558,23.6741538941347,8,7
"9933",6.29219635340227,33.0314724770412,8,7
"9934",6.56511236574031,31.6412856856,8,7
"9935",9.56750300453318,28.4688053223979,8,7
"9936",10.785008481158,30.3798666734944,8,7
"9937",10.7113372809778,33.3655034846207,8,7
"9938",4.63581817000153,27.7842911721476,8,7
"9939",8.06292950921484,28.4186405817212,8,7
"9940",7.73140222856386,30.7478322504967,8,7
"9941",7.78448113494487,32.6438409226341,8,7
"9942",8.93011086300969,31.7352175242334,8,7
"9943",7.08756807257669,34.7581648183804,8,7
"9944",7.50129766035047,32.749179022204,8,7
"9945",6.97514965104213,25.99270725658,8,7
"9946",7.21788909745046,29.9450936186264,8,7
"9947",5.47795401802443,35.08814734468,8,7
"9948",9.99184603685328,32.4854092884569,8,7
"9949",8.24036533107711,32.2948386116388,8,7
"9950",10.0667285249193,28.895418538317,8,7
"9951",4.64229530008039,31.6013946818015,8,7
"9952",6.51404006813151,27.1027245328318,8,7
"9953",8.1250237715581,31.1109342344517,8,7
"9954",9.70429583843297,26.9656307238784,8,7
"9955",8.00569712890993,37.2941238738529,8,7
"9956",10.2857624342494,38.5113143340265,8,7
"9957",9.63557555350897,28.7438347647395,8,7
"9958",9.47010754747276,31.9299233052919,8,7
"9959",9.60688801026515,34.7821699845731,8,7
"9960",9.86809660540035,33.2039547811948,8,7
"9961",6.46174604700956,26.5195087768562,8,7
"9962",5.23824250323108,38.1597003666098,8,7
"9963",9.11215985237654,32.0306892325867,8,7
"9964",8.78437355521993,33.8553569852487,8,7
"9965",8.01093945442602,29.3723368783249,8,7
"9966",10.3083258112906,25.8259808181512,8,7
"9967",8.77980299154324,31.7950226300521,8,7
"9968",3.84701817665604,39.4729914755824,8,7
"9969",8.88474832774817,33.2917918118864,8,7
"9970",8.53308765169792,28.6218254072587,8,7
"9971",6.72036471369426,27.3198501529664,8,7
"9972",4.715067818223,31.3789698392673,8,7
"9973",8.11333054130053,26.2048645583526,8,7
"9974",7.6769973458942,33.8318790259041,8,7
"9975",5.99254172310795,32.5767640278812,8,7
"9976",6.34888522140903,31.6991346647181,8,7
"9977",7.29612429782232,32.9377554624843,8,7
"9978",5.73766968306202,28.6881898539855,8,7
"9979",6.44370722428152,22.4924540563485,8,7
"9980",8.94359901106447,33.6309484959163,8,7
"9981",8.08039476701898,35.1670286781463,8,7
"9982",9.53612630002525,29.5596649661822,8,7
"9983",7.44216284040463,27.6333552503006,8,7
"9984",8.84736456631746,25.0302344498726,8,7
"9985",6.65513749125451,25.4208930560006,8,7
"9986",7.20844744598843,27.5346665883873,8,7
"9987",8.9151846952793,30.7406281191715,8,7
"9988",5.15265440205905,42.6948404664344,8,7
"9989",5.91711449660817,37.3733518848624,8,7
"9990",7.23656292698718,30.0051862240257,8,7
"9991",10.011916912917,34.4845490853533,8,7
"9992",9.04672153724005,27.7019703458148,8,7
"9993",6.93684365091275,29.05560498416,8,7
"9994",7.44373716238121,26.6142803028632,8,7
"9995",11.8975625096233,34.0154312370183,8,7
"9996",8.52601123803515,37.2083353861482,8,7
"9997",7.21254891046304,27.2118138881389,8,7
"9998",6.85356313700026,26.7934040778253,8,7
"9999",7.93237557389091,30.3817352721617,8,7
"10000",11.0328942779237,31.8120330210153,8,7
