"X1","X2","component","subcomponent"
"1",21.8386052254403,6.22241625127043,12,8
"2",19.8501573341818,6.12180160163448,12,8
"3",24.4595859918635,6.639349304376,12,8
"4",27.1620995547348,4.15170606727113,12,8
"5",22.6143135267018,3.74854532138127,12,8
"6",18.8263287347567,5.15483883674308,12,8
"7",19.39808870122,7.18081400993016,12,8
"8",26.2759052994223,7.7246591158311,12,8
"9",27.3139661210554,7.66111838310197,12,8
"10",18.4422564105825,6.55272558890859,12,8
"11",16.1309415110633,7.99460410711333,12,8
"12",21.2550488717824,5.59664453170693,12,8
"13",22.099669369154,7.21277074504236,12,8
"14",19.6475884511483,6.73785847998487,12,8
"15",26.322560883884,9.25120648311365,12,8
"16",14.4817660153841,4.75641879583972,12,8
"17",16.964949799584,9.94649622431077,12,8
"18",27.6478991902255,8.28462279860465,12,8
"19",13.2627756005715,7.90261856764496,12,8
"20",26.141068111415,6.03530014294168,12,8
"21",18.1800135466644,4.37733254478236,12,8
"22",21.6584345883833,5.85672989247988,12,8
"23",21.7697527652954,6.36494589767863,12,8
"24",24.6423913774754,4.29105923817549,12,8
"25",18.2434821731781,4.52046720830114,12,8
"26",26.6297811797387,6.03344874930111,12,8
"27",22.4768347104576,5.64709931088433,12,8
"28",15.9323336139328,9.76033500812079,12,8
"29",15.2951800109824,7.36876065607137,12,8
"30",17.2194363605803,7.75989353339652,12,8
"31",23.0643105015708,4.16960528827676,12,8
"32",20.4855610199493,8.08584828816482,12,8
"33",20.6229401369237,7.79733365584165,12,8
"34",20.8286371817671,5.6673288124471,12,8
"35",23.8409926688942,8.2836322568477,12,8
"36",22.0134548970179,8.56120836650471,12,8
"37",22.2259839213607,7.41133996409064,12,8
"38",32.2270932144861,2.11704316483056,12,8
"39",22.5439111725529,8.13792555785906,12,8
"40",17.7405958325417,9.71618268524542,12,8
"41",22.149311405206,3.70440362246166,12,8
"42",26.1318485669936,8.66727489470541,12,8
"43",23.651218926139,4.4019087486968,12,8
"44",27.9699727571434,7.47480041707577,12,8
"45",28.3005335149838,6.56793194655116,12,8
"46",24.4499493629201,7.19734968281733,12,8
"47",23.6422318732093,9.8499895702166,12,8
"48",19.9486708756112,4.60680648368723,12,8
"49",25.6362501892294,6.11608900205093,12,8
"50",20.073075315482,3.13559153748379,12,8
"51",22.2178891887871,6.61886670120686,12,8
"52",23.0981199536771,5.31484390647022,12,8
"53",25.5499830748818,7.98698708343037,12,8
"54",28.5618308359477,7.56219919004357,12,8
"55",15.6131295757109,8.89667023877257,12,8
"56",22.6606552902907,9.08764030538787,12,8
"57",22.1957516712926,7.03759479955615,12,8
"58",21.9210795001026,7.51948924783815,12,8
"59",27.8661995362862,4.50152655790125,12,8
"60",20.3512994941068,9.31796116449801,12,8
"61",19.482056218839,7.11207804001276,12,8
"62",22.0330376886572,6.06247436365983,12,8
"63",27.3205754105308,6.00572993965332,12,8
"64",29.3209982109236,6.1135306358424,12,8
"65",19.9132116733786,5.81228379218582,12,8
"66",18.6474564408846,7.76505984420511,12,8
"67",20.2717792368187,9.26020792785769,12,8
"68",22.8182336144051,5.14561958105861,12,8
"69",24.0056014277611,7.70811406007743,12,8
"70",23.7813001264997,5.53708287490809,12,8
"71",25.0762300445687,8.83019951623418,12,8
"72",19.6765514364834,8.50216451198886,12,8
"73",22.9478642863578,4.38606307156801,12,8
"74",23.1137473407525,7.72773792745733,12,8
"75",23.6887725097495,9.2843181672489,12,8
"76",22.728681071405,9.71418380055793,12,8
"77",19.9188342054365,8.57680330917884,12,8
"78",21.2705387162801,4.16443034507768,12,8
"79",18.7480685862461,6.78578871590788,12,8
"80",21.36667851307,5.6361119217822,12,8
"81",21.9001740121597,4.86462182604983,12,8
"82",16.1524845406669,7.07041926758729,12,8
"83",31.3362896130905,5.00204836906203,12,8
"84",32.1360261947761,6.41247461367675,12,8
"85",22.9738982872194,7.82038031407276,12,8
"86",24.1122796829687,4.41554660302351,12,8
"87",23.2157194864212,3.9792483003746,12,8
"88",25.3037585124873,4.70589597128436,12,8
"89",24.2971475508216,4.54542988386575,12,8
"90",23.9941017586336,7.17838215566694,12,8
"91",23.7480396853626,7.34854798478989,12,8
"92",24.8842570898498,8.35424156694037,12,8
"93",24.9037878662087,7.62333904156194,12,8
"94",23.9011837400661,6.92261315576389,12,8
"95",24.9307850103558,9.47662809543553,12,8
"96",21.4358337224087,6.39072303277738,12,8
"97",22.6538313182038,5.9797341365309,12,8
"98",19.4017019077743,10.2498948048772,12,8
"99",19.1071166747731,6.23171564931971,12,8
"100",15.2191883847649,5.28512084707543,12,8
"101",15.6839197212651,6.20797407379084,12,8
"102",16.9475808737532,5.72983385994947,12,8
"103",22.0949760641007,8.04894593440955,12,8
"104",24.96128995403,8.32448152182586,12,8
"105",17.1124108432599,3.99115727378253,12,8
"106",26.3425759018288,7.81979486616542,12,8
"107",23.9664867816283,4.76568319242258,12,8
"108",21.3537492478298,6.99662787988307,12,8
"109",22.4409849941595,6.97714047084121,12,8
"110",18.4749614520432,6.26008766463152,12,8
"111",20.7910394624565,5.56890323407247,12,8
"112",22.2312947552089,6.22652376955797,12,8
"113",27.3131468096172,7.2052351000441,12,8
"114",23.4085606855621,7.79233237000631,12,8
"115",24.5951855105296,7.27359386436924,12,8
"116",18.2988705769272,8.26070053077159,12,8
"117",22.2719176235459,7.88174716067566,12,8
"118",24.8106085551793,6.18330686697809,12,8
"119",21.4694907333633,7.21792783565978,12,8
"120",24.2394478843192,7.46503244471856,12,8
"121",20.0190170518694,7.49671227154725,12,8
"122",17.8229099324626,9.51942168187091,12,8
"123",22.2601504714537,6.86556618765698,12,8
"124",17.2160136165195,1.30733898721011,12,8
"125",22.3577120221773,2.16931558255361,12,8
"126",24.6153363916752,5.20662009327953,12,8
"127",30.2956641096091,7.34797927553096,12,8
"128",17.6518597411479,6.6257685095861,12,8
"129",23.8891668860552,6.53627229569054,12,8
"130",24.6782351985903,7.33563044941489,12,8
"131",27.4996910819283,7.40789715040238,12,8
"132",24.947165664613,9.55419245652665,12,8
"133",19.2854937441594,3.83850635339012,12,8
"134",22.5443436762219,5.07896890353113,12,8
"135",22.5610031383169,7.43700792955701,12,8
"136",16.4914692064375,3.23193594006104,12,8
"137",13.7872245376504,8.05222919022848,12,8
"138",21.1273862922831,7.81931653205483,12,8
"139",27.6734510434351,8.40717732419562,12,8
"140",21.6023703432319,5.00723832224365,12,8
"141",21.0617495659513,7.30788472894878,12,8
"142",26.2219792474343,4.58261627278288,12,8
"143",21.2829170312179,4.93647510867674,12,8
"144",18.4710889881666,9.11159085655299,12,8
"145",22.3200287076019,9.73971992327938,12,8
"146",21.1081082082323,4.45168486446299,12,8
"147",18.9945475399992,6.95702112973538,12,8
"148",24.301359081544,7.84958011923518,12,8
"149",21.9602531068828,6.99424588350004,12,8
"150",24.8059224293021,5.49589056477013,12,8
"151",19.5774966475354,3.2896647519526,12,8
"152",24.0108246589923,6.01129730126809,12,8
"153",25.3551034019362,7.87420667333169,12,8
"154",25.0522208119363,8.37430276007636,12,8
"155",16.2349634776556,8.16689164807013,12,8
"156",22.8536993039871,8.77454648602587,12,8
"157",14.0713850637513,8.13263806934544,12,8
"158",22.4868976910739,5.96706935549611,12,8
"159",23.9588348959574,10.4833181304555,12,8
"160",22.5205619597709,6.18038435333501,12,8
"161",18.5146192327729,4.93728752244718,12,8
"162",22.5217066786077,7.13744215797825,12,8
"163",22.475008132708,7.20305538933993,12,8
"164",23.7572187109629,5.86041338194185,12,8
"165",27.1872255690293,4.13990882011528,12,8
"166",21.6671908322025,4.52031641233466,12,8
"167",20.8746486868447,6.75495791297285,12,8
"168",20.5106091989204,3.77889712953889,12,8
"169",18.3963774328361,3.96995819309137,12,8
"170",20.5101739533655,7.33117517696396,12,8
"171",27.5508420441135,5.20718655227326,12,8
"172",18.5837173411194,7.19150233388286,12,8
"173",26.3110655177522,3.45975526685233,12,8
"174",18.2070282791713,6.5347541986357,12,8
"175",28.2466565622468,7.23883627821477,12,8
"176",20.4681574007762,6.03187334209627,12,8
"177",23.9492240125397,6.74036796053112,12,8
"178",25.5500811662493,5.37509673463745,12,8
"179",21.3894516417802,5.14387498589938,12,8
"180",21.5962851204544,5.13304777835898,12,8
"181",25.1211722374609,4.896467654546,12,8
"182",14.9764998753478,4.74451799044402,12,8
"183",19.7188372806911,4.70164386493325,12,8
"184",24.4084730582236,3.32719638037295,12,8
"185",18.8425764479128,7.43236456997711,12,8
"186",23.2546635060798,4.20645055861548,12,8
"187",22.3242178723522,5.48071922506568,12,8
"188",27.0782820655422,7.41880744592012,12,8
"189",20.6751286492756,6.53464390801563,12,8
"190",19.5232982360795,7.77756219459455,12,8
"191",23.9253696046134,7.01235643737326,12,8
"192",22.8617578860196,5.08482392384137,12,8
"193",19.7771541724589,7.86834084228331,12,8
"194",28.5850941829779,6.04246511240734,12,8
"195",15.3861272672412,2.3626816529835,12,8
"196",21.90754298993,6.6148617198446,12,8
"197",17.3839650738027,9.85326197676091,12,8
"198",22.9877862368009,6.99031427816968,12,8
"199",25.330556317828,4.06275671985833,12,8
"200",18.4753263928644,8.8409159727835,12,8
"201",20.189840046012,4.70107146720664,12,8
"202",20.6969653708216,9.62958213017045,12,8
"203",21.0479221039561,6.89326017415303,12,8
"204",20.0523442222023,6.87072875705534,12,8
"205",17.933978584222,8.18908408494847,12,8
"206",29.3384795554853,7.21697179636172,12,8
"207",25.8340390182284,7.10167475179772,12,8
"208",17.8891285585922,3.21489033071438,12,8
"209",22.5311446950089,5.2915747511067,12,8
"210",20.107899365471,6.10615811288744,12,8
"211",22.9773616186127,5.68747738976076,12,8
"212",22.1593149984621,6.28468517167551,12,8
"213",23.9589528167244,4.65571010110516,12,8
"214",23.1709887766496,4.73270810989819,12,8
"215",19.4042414741308,5.41870479158823,12,8
"216",25.6919131464734,5.93961191805104,12,8
"217",23.5866410354658,4.68752534370877,12,8
"218",22.3648927800904,3.42604810201718,12,8
"219",22.7686582286427,5.66308562117446,12,8
"220",18.1831782745517,5.90459503605796,12,8
"221",26.9443179426669,4.22055697789862,12,8
"222",21.0487908863604,3.1433134905599,12,8
"223",22.4221458399845,6.27730726363904,12,8
"224",20.5055260021565,6.28358524567107,12,8
"225",21.6748566999059,5.41702749748056,12,8
"226",23.6274867177118,9.61057563025757,12,8
"227",24.1741735980989,7.81961256720168,12,8
"228",15.8946345313297,7.43577642393422,12,8
"229",21.2870403145465,4.61547871635743,12,8
"230",21.5321065706976,8.45450311434168,12,8
"231",27.0661150820779,4.76902341069454,12,8
"232",25.8924764150007,8.12545061906902,12,8
"233",26.0364259566916,3.90766237106059,12,8
"234",21.9276379749861,5.93106020341597,12,8
"235",16.8862847569985,6.36419105337656,12,8
"236",19.6647015848307,3.40913743520907,12,8
"237",20.1074018211388,9.52101549022497,12,8
"238",12.5711566797834,5.03373382046725,12,8
"239",28.2548180679309,4.46909210362333,12,8
"240",17.953248325276,2.95958725995224,12,8
"241",14.3850836579139,6.91371068644224,12,8
"242",24.6349575602234,7.16776279329709,12,8
"243",23.2713744880228,10.0193414483466,12,8
"244",22.5842036163903,8.19221811802091,12,8
"245",26.0679977309747,8.01375184739263,12,8
"246",20.3646886888909,6.03957416045006,12,8
"247",27.35350092775,4.56380597633907,12,8
"248",28.7459871199239,4.39921877754687,12,8
"249",20.0527693117544,7.8116269544197,12,8
"250",21.8162555069423,8.69216372530004,12,8
"251",20.4141363026611,4.45078266966861,12,8
"252",22.9923561826209,8.99787469561155,12,8
"253",21.6821525800762,7.2262331881291,12,8
"254",25.2102289772361,6.07661224471653,12,8
"255",16.0656887698883,6.97269959506501,12,8
"256",21.51782546048,5.55090211518872,12,8
"257",22.5488662843635,8.64761494071012,12,8
"258",20.5873760906395,9.12767321578432,12,8
"259",23.4738650536372,7.40631288415037,12,8
"260",18.9361487591234,6.46771979724573,12,8
"261",25.58202658609,5.32503968172062,12,8
"262",19.9146568371159,9.40946938413053,12,8
"263",19.6103848551345,5.12727900095422,12,8
"264",21.3303658245808,5.26846957828304,12,8
"265",20.0589228496939,9.27564964650885,12,8
"266",16.2893179557697,3.32119916181948,12,8
"267",23.2049650460933,4.10125000240841,12,8
"268",23.8180593664032,6.34568701039791,12,8
"269",25.4079341003713,8.35196896202406,12,8
"270",26.3109437711159,5.31303434571376,12,8
"271",22.8673011445046,3.96777371763705,12,8
"272",22.2159216886598,5.65957536585569,12,8
"273",27.125787056843,6.66723199802507,12,8
"274",19.3948433143737,3.4548060939333,12,8
"275",18.1471772609749,7.21525165918134,12,8
"276",24.620511854123,5.04575083479491,12,8
"277",21.2205331824675,5.84060450455228,12,8
"278",21.7161010984316,6.03432312068041,12,8
"279",26.5486061112292,4.64732368642928,12,8
"280",21.4657642846557,8.86920809877767,12,8
"281",24.1270062550938,6.55423093096587,12,8
"282",25.541752705859,4.82600655992544,12,8
"283",17.9853867434364,7.37302554774243,12,8
"284",21.945824621567,8.09114857819795,12,8
"285",25.5684026618222,8.48311898678054,12,8
"286",18.8971903320714,5.75264667094484,12,8
"287",24.506725173149,7.2894290131458,12,8
"288",22.4502545281561,5.82767982094723,12,8
"289",17.1455811926275,7.59257410287323,12,8
"290",19.0014605313559,6.8295736707586,12,8
"291",23.2531673815759,3.17810395442358,12,8
"292",22.8519226452675,5.05016624459896,12,8
"293",26.5064208630092,7.15318532433378,12,8
"294",15.2266492210206,5.203797109177,12,8
"295",18.421760383609,4.71631719413123,12,8
"296",17.387045752467,5.97957222206458,12,8
"297",23.9421908330031,3.71263548053309,12,8
"298",29.5627564671987,5.33676835297346,12,8
"299",27.0105464367758,7.68491284271662,12,8
"300",24.4940499832722,6.98412688442189,12,8
"301",24.408714650444,2.68761335313739,12,8
"302",19.7948291492458,7.56630419305655,12,8
"303",23.0573762558498,7.99009350935552,12,8
"304",15.7919713019074,5.91440932947058,12,8
"305",18.0871595609926,4.88752787675989,12,8
"306",21.0488206062254,8.4443551349926,12,8
"307",24.1074929837759,4.93650114016763,12,8
"308",22.5293138625393,9.32720827354099,12,8
"309",29.8034605945902,1.7663464786177,12,8
"310",25.0356053646122,10.2557593044645,12,8
"311",24.6973497733364,7.8573037451329,12,8
"312",22.6136517038764,7.05612021928773,12,8
"313",25.0018516342241,1.52537919481287,12,8
"314",27.6448205602733,4.92859615615387,12,8
"315",23.0188510737463,3.82816061597569,12,8
"316",23.2177013404381,4.81178579700281,12,8
"317",23.5735411033386,5.2984393277915,12,8
"318",22.3565557862224,7.72049033639869,12,8
"319",20.1598519938923,5.93028108727053,12,8
"320",21.3230934486358,6.82356422185677,12,8
"321",24.1411807724525,5.85400847353564,12,8
"322",18.9416457223997,9.68448619550366,12,8
"323",25.1860196361318,5.43893143492888,12,8
"324",15.6226841110854,5.17554407251358,12,8
"325",22.3290655190095,7.23575572639158,12,8
"326",18.5985689556009,6.79934081036417,12,8
"327",26.1817161337232,5.99366957346243,12,8
"328",22.2581222061593,5.92888300963167,12,8
"329",20.176735813459,6.54731709914137,12,8
"330",18.5767608674383,7.32622623622099,12,8
"331",19.9587155896068,4.14371837166368,12,8
"332",22.9811052211214,7.43034987793449,12,8
"333",19.2304747312257,3.99776403089445,12,8
"334",23.3659051489964,4.70694696796905,12,8
"335",22.1706252016406,9.31079266723618,12,8
"336",19.060516307726,8.91932795102966,12,8
"337",22.836860436168,8.69336534887662,12,8
"338",18.3705164186766,11.4883208913205,12,8
"339",20.5548102680081,3.85036489752387,12,8
"340",20.2442792422746,4.85509549932458,12,8
"341",22.1316388921902,6.834854158128,12,8
"342",21.578393397953,4.27599149273119,12,8
"343",15.9595067140197,7.21791695114016,12,8
"344",23.3926981877405,3.48559040211522,12,8
"345",21.138678403833,4.26383451448187,12,8
"346",19.7333173396456,5.43772040976387,12,8
"347",21.4936067156302,6.341490712759,12,8
"348",17.1556055326415,10.7344735687541,12,8
"349",23.1631839546329,5.4672487209532,12,8
"350",21.8179853632801,4.58925807941044,12,8
"351",20.9549050452249,5.46080978586071,12,8
"352",21.2620070318307,5.41165047818462,12,8
"353",20.5932671730793,4.1411690097673,12,8
"354",14.2645207764942,10.716428962772,12,8
"355",22.5211945527624,5.25347626406371,12,8
"356",15.4849451872653,2.41395864753358,12,8
"357",20.3212798575004,4.95103708060406,12,8
"358",18.6269613124537,5.66155410991927,12,8
"359",20.4101962569424,8.00521277153618,12,8
"360",22.2099134632175,3.82561453954056,12,8
"361",25.3216112201769,5.52949986495762,12,8
"362",18.1220517682412,7.68115961995472,12,8
"363",21.2367460239261,4.67011770494692,12,8
"364",22.9341833389144,5.98478063962059,12,8
"365",18.952655857691,6.93983243910744,12,8
"366",14.5369557837315,7.34184250517104,12,8
"367",27.1006675412554,7.46046593762965,12,8
"368",27.102002054735,7.035202728754,12,8
"369",19.4373423685242,10.9009982682419,12,8
"370",24.3569768890557,8.13107200491451,12,8
"371",22.9377225663578,8.45737529864195,12,8
"372",21.2793805880823,7.19826894006184,12,8
"373",25.3531181599513,7.17090728756066,12,8
"374",26.6419684152041,7.41171016901888,12,8
"375",22.2673349441007,5.48187099740895,12,8
"376",25.5057929047301,6.5679774378689,12,8
"377",15.0829062095194,6.97252317893066,12,8
"378",14.4978118654266,6.34267171669102,12,8
"379",25.9633569316573,10.0415450905371,12,8
"380",15.4648757377722,7.52224999454062,12,8
"381",24.8872951746508,5.29110481854186,12,8
"382",20.2793824661719,3.55347428081506,12,8
"383",17.5126261233356,6.37919530440256,12,8
"384",24.2608330388556,5.73114805344216,12,8
"385",25.1835225754632,3.87756828011588,12,8
"386",19.8552173456459,4.42267457060954,12,8
"387",20.6748474111482,8.30719652730355,12,8
"388",25.8361206125755,8.91485642359564,12,8
"389",19.4170832425314,9.87961394819887,12,8
"390",26.3488238708807,5.422632322344,12,8
"391",22.2542028002465,4.25912830631697,12,8
"392",27.158101171235,5.92750021836962,12,8
"393",24.696585981339,3.63827736898983,12,8
"394",25.0823404180342,7.47756482160453,12,8
"395",26.2441196218597,5.61062851907332,12,8
"396",27.9633862958016,8.14260459571403,12,8
"397",21.6449972494548,8.00711516074777,12,8
"398",26.8134152169269,10.6102746448371,12,8
"399",25.1363377614916,6.31411640014277,12,8
"400",23.928738107351,5.2234777954989,12,8
"401",25.9260533762182,5.30254266392767,12,8
"402",22.7153460718401,4.59592151294737,12,8
"403",17.5047343255449,5.43916979129831,12,8
"404",18.8592289594811,4.99906236118074,12,8
"405",23.0679990999279,7.47854714426793,12,8
"406",21.1718163127265,5.84249534418954,12,8
"407",26.930047912,7.6497790797718,12,8
"408",23.7765125224017,7.09824647853642,12,8
"409",23.0810392589151,5.59389264277643,12,8
"410",24.0221630168838,6.17124106357021,12,8
"411",25.3195554731672,6.39453089771014,12,8
"412",23.5794724770405,4.68353866993054,12,8
"413",24.466915231871,8.68550075630216,12,8
"414",19.4956826686769,5.6723055663916,12,8
"415",22.910262858588,8.67796913637596,12,8
"416",23.342458695022,3.77644197417964,12,8
"417",23.3988938213644,3.58975615536986,12,8
"418",17.943170538647,9.93417048820813,12,8
"419",26.1395391410707,6.88171678575601,12,8
"420",19.9870332787446,8.06442282840806,12,8
"421",27.3811099446063,6.06264822482442,12,8
"422",22.1890080408451,7.94345294789621,12,8
"423",23.9064270053252,6.14259088498318,12,8
"424",23.812381950524,7.7533741753657,12,8
"425",24.7918498981671,6.06640628618744,12,8
"426",21.2538080382802,8.38425545345804,12,8
"427",18.9672344844164,6.05955917641982,12,8
"428",24.4895856387089,8.76815815533766,12,8
"429",19.4028715460181,4.62749270786807,12,8
"430",18.3251680997158,9.55479341651123,12,8
"431",17.2765375834409,4.56153078326292,12,8
"432",18.9431193117757,2.43560589331825,12,8
"433",18.1439798681217,3.49675117013781,12,8
"434",24.3870821707733,3.72718658267846,12,8
"435",21.6916852300849,7.82874592410724,12,8
"436",22.7245416903303,6.36391286613315,12,8
"437",16.059369808022,8.93024899674517,12,8
"438",20.9655463974236,7.288278649499,12,8
"439",19.9289845801916,3.50344927667023,12,8
"440",24.7859167006318,6.91160499532312,12,8
"441",22.7298194699099,4.83171454749193,12,8
"442",29.0489837350175,1.44494693011883,12,8
"443",18.6758570938395,5.45083822026343,12,8
"444",20.5562812485795,7.11600126651536,12,8
"445",21.2353354059136,6.54347888668728,12,8
"446",20.0931090821327,3.58701875255535,12,8
"447",24.5598839772866,8.80080650756173,12,8
"448",18.332116054575,4.36098472320483,12,8
"449",23.726474980595,3.48565290706146,12,8
"450",19.051858306415,7.49397755240967,12,8
"451",26.853915630893,4.28038239689273,12,8
"452",20.2574060991443,6.05590468304796,12,8
"453",24.892398539535,5.95681763706891,12,8
"454",20.5164353513,4.93029509018158,12,8
"455",20.9500378936003,9.9130894175465,12,8
"456",19.4570907529832,4.7647214064218,12,8
"457",22.9286260871466,5.12916657153709,12,8
"458",23.3893841121477,5.57847999069383,12,8
"459",22.8296799664238,9.63778945107887,12,8
"460",21.0464810238583,9.41726421797103,12,8
"461",21.5987388687643,4.29898094642999,12,8
"462",20.4651906816748,7.2304991174591,12,8
"463",23.8887986449019,3.97201318613769,12,8
"464",25.4886070342946,5.2705644060688,12,8
"465",26.7056050417076,8.91853818022152,12,8
"466",23.4015289107172,8.82309400733561,12,8
"467",18.7999706652176,7.57414042302183,12,8
"468",20.9182262453934,5.88305433945673,12,8
"469",21.5495273168738,7.70989478053661,12,8
"470",19.9115356282014,7.19876165115223,12,8
"471",22.824516964556,6.78342063561529,12,8
"472",21.2941935853263,5.12242929147959,12,8
"473",25.8858081755564,6.03845569460159,12,8
"474",27.2195804343192,6.84912418687391,12,8
"475",19.6156822097004,3.45981298474895,12,8
"476",27.7580598575346,9.24134877643938,12,8
"477",23.4341826679154,5.259735236765,12,8
"478",20.8843111748628,10.4298562805004,12,8
"479",22.0007714596673,5.44468020839521,12,8
"480",21.4697394065078,7.03397285027445,12,8
"481",23.7810717627741,5.13237345069783,12,8
"482",20.6498286282761,9.05945920107889,12,8
"483",22.7017927656726,5.95641065593051,12,8
"484",20.5281735445668,6.65871678564853,12,8
"485",19.6951321964374,5.10116635204449,12,8
"486",18.882734431556,5.50544487734449,12,8
"487",25.4824974506943,8.39923346848225,12,8
"488",23.6957704055317,7.59684189554804,12,8
"489",17.0295407279659,6.83018031776934,12,8
"490",20.7790307461849,5.94472311358041,12,8
"491",19.216725890435,4.54400476003457,12,8
"492",25.0888677154267,7.75192067593433,12,8
"493",23.5944259437774,4.18672629576561,12,8
"494",26.3543453654196,7.90523440646067,12,8
"495",24.7395928415899,10.4023246393487,12,8
"496",20.5598136795736,4.95534625425637,12,8
"497",28.7185207909779,7.28184076649284,12,8
"498",19.6110357186553,8.05576908403057,12,8
"499",24.1461867744937,5.04696224438983,12,8
"500",20.1306120650979,8.52716247036525,12,8
"501",20.556300823349,3.67746080316746,12,8
"502",28.9339468302013,6.40739733197237,12,8
"503",15.6238361894839,7.5766277167096,12,8
"504",15.6415949682075,7.77622415451274,12,8
"505",23.0658050330983,8.03574386130471,12,8
"506",22.2968452035768,6.34179721808932,12,8
"507",18.56805548854,6.69441176447871,12,8
"508",21.5955096736771,5.52152586118256,12,8
"509",20.9278273813429,5.68590208725642,12,8
"510",15.9455937642599,6.39695196462177,12,8
"511",20.6663465136851,6.2833635091668,12,8
"512",29.3183887508816,9.70638745050163,12,8
"513",24.6723552011978,6.77867228782039,12,8
"514",20.8473925929488,9.19939683139725,12,8
"515",24.0712019318913,4.20595142979669,12,8
"516",21.5626252272544,6.58180093047959,12,8
"517",20.0918473513058,10.3986650174669,12,8
"518",21.1080555234393,8.73351694010215,12,8
"519",20.3155309286963,3.18940599728644,12,8
"520",23.9780784547421,8.47414585739613,12,8
"521",16.8477016076881,3.77581710638734,12,8
"522",28.1761685116843,6.68686570062657,12,8
"523",20.2824668037989,4.630910505885,12,8
"524",25.091926072671,5.92315800250712,12,8
"525",22.875799109404,8.05119182351335,12,8
"526",18.001127955052,4.82515152855553,12,8
"527",17.2462623019516,10.3151806364001,12,8
"528",23.8971681711646,7.25781891251257,12,8
"529",18.3347897362386,7.62259740014258,12,8
"530",23.0599682886718,4.29712065303666,12,8
"531",16.7114620394253,9.14764120520658,12,8
"532",24.9424069955694,7.54868649245536,12,8
"533",25.59409414,9.97734567660414,12,8
"534",25.2388682843678,7.25592288607363,12,8
"535",22.2564829616843,5.02784184828276,12,8
"536",19.7626951746356,6.20556613593949,12,8
"537",20.2868230126777,4.79069945834467,12,8
"538",29.9001735602395,6.29190137087856,12,8
"539",13.8175202047694,9.97678886144761,12,8
"540",13.3992739415751,8.94329805270248,12,8
"541",24.3148206792994,7.61250961454273,12,8
"542",22.2974722904836,3.41924793246644,12,8
"543",25.7040788293571,5.56033491065536,12,8
"544",30.5432302988049,5.50217049462114,12,8
"545",12.9942314329917,5.35722538776928,12,8
"546",24.6378277845754,3.80987483600402,12,8
"547",21.1565989239201,3.78491259941663,12,8
"548",20.4419716241982,5.4957979092091,12,8
"549",22.9533229233181,7.17111583285527,12,8
"550",27.6109089660553,5.41955377820658,12,8
"551",24.3729505778489,6.13402590671666,12,8
"552",15.9634390454876,9.12111355704315,12,8
"553",23.0948670451456,6.65465866577752,12,8
"554",19.2134449387482,5.72536304558561,12,8
"555",18.6894982836075,6.3372134598,12,8
"556",24.0302412107588,6.20771213491486,12,8
"557",24.3063903940271,7.32606794949874,12,8
"558",23.3153045747592,4.37606605511926,12,8
"559",24.8073013662505,4.65236790528531,12,8
"560",14.6427771088745,7.62320484286112,12,8
"561",15.2392104048729,8.14381588592002,12,8
"562",18.5261025659345,6.05389465020111,12,8
"563",22.7625199490943,4.93919881829697,12,8
"564",20.7833220686945,6.69745846620238,12,8
"565",20.8917759578512,6.20446870706877,12,8
"566",24.6504445066907,5.38392945040112,12,8
"567",11.9432949435496,7.46155463829947,12,8
"568",22.770491571992,4.47714699998873,12,8
"569",19.51817320328,8.79796610881757,12,8
"570",20.3680837650264,6.83176636987241,12,8
"571",19.1693496950574,8.3357835943319,12,8
"572",17.5770434802292,5.78510353652763,12,8
"573",24.1581964371557,4.93225413837754,12,8
"574",19.5100773592476,6.05800948706598,12,8
"575",20.4587574915228,7.34203568618113,12,8
"576",23.541853506349,6.54949559062398,12,8
"577",18.3900159202727,9.29717376163067,12,8
"578",24.548280000601,8.41888563808167,12,8
"579",26.0363307896202,6.57922560443922,12,8
"580",24.5258354915113,3.44810451266277,12,8
"581",24.1839361702162,7.94094789928712,12,8
"582",20.6921481159683,9.41528667275222,12,8
"583",23.1962358352856,4.10306097646668,12,8
"584",19.1931668964422,5.32528696085794,12,8
"585",20.1252008383747,5.91481217416132,12,8
"586",23.0178539603642,9.72253540214827,12,8
"587",23.9808071755885,7.01385971082307,12,8
"588",25.3967452007042,8.20545377910021,12,8
"589",22.8263479361748,6.82129735280735,12,8
"590",22.4167486830516,9.25966693281838,12,8
"591",16.5654907715585,6.96684935759417,12,8
"592",19.9569764312979,7.50706118350302,12,8
"593",24.9255345006839,6.63854285983197,12,8
"594",23.6073633264754,7.27951865850188,12,8
"595",23.8836357434689,3.86284572826683,12,8
"596",22.6476697190291,6.17547570305207,12,8
"597",17.1184822412984,7.98836725824155,12,8
"598",19.0872459031107,4.54882081556486,12,8
"599",22.5279545309488,7.17763066989871,12,8
"600",19.0559418202403,5.82392007193268,12,8
"601",23.8845528700984,5.94152431856216,12,8
"602",20.8717564253145,7.28216786997624,12,8
"603",18.1227893598002,6.0587834491223,12,8
"604",22.9632518941982,3.52151159079343,12,8
"605",20.3128858187626,2.74024863012152,12,8
"606",25.1189918798574,9.69686316700583,12,8
"607",18.2466365341279,7.63933570382336,12,8
"608",23.6964110645843,5.95619663429111,12,8
"609",28.0628510696631,4.74991118411902,12,8
"610",30.7470895044175,7.50705068528334,12,8
"611",20.7968202000626,3.83505184974138,12,8
"612",18.2784240780788,7.51121288762216,12,8
"613",24.6597686286158,8.25259379991748,12,8
"614",20.6183220104006,5.12806057196061,12,8
"615",29.5365720058702,6.21020325364348,12,8
"616",17.1980746709629,2.5055589283768,12,8
"617",17.3981815641173,6.54486442362111,12,8
"618",26.6123945088695,6.38779773207876,12,8
"619",19.3767403915267,6.22516129497147,12,8
"620",23.7838295455909,7.14550487089851,12,8
"621",19.822434370837,7.09844626345505,12,8
"622",21.9232825585879,6.86298310414566,12,8
"623",27.4907866487403,8.4967668772002,12,8
"624",20.3961160083698,7.44322830668343,12,8
"625",24.1105054003588,8.58142922947663,12,8
"626",23.3910865467454,8.00406230775475,12,8
"627",27.4557629511557,6.23386855704748,12,8
"628",20.2034582298309,4.49477173349478,12,8
"629",23.4144057813943,4.21721103786021,12,8
"630",24.05643157935,8.04569822805561,12,8
"631",25.4755614651794,5.68358033155495,12,8
"632",21.2364947400329,5.83945233232856,12,8
"633",17.5663393175383,5.21212535966202,12,8
"634",21.4975260468412,3.1927698203238,12,8
"635",16.7890707673415,7.38739337440939,12,8
"636",22.3074207202621,8.99001373908742,12,8
"637",17.8412869003663,9.02389854349376,12,8
"638",22.5633664477775,8.77069011641588,12,8
"639",23.6594677941367,7.51577404682487,12,8
"640",23.1258334939242,6.16550768639452,12,8
"641",26.027294795442,7.33137563274942,12,8
"642",23.9689730689462,7.56347323891209,12,8
"643",28.7568129788085,6.56423798823679,12,8
"644",18.2393288523183,3.79045092478065,12,8
"645",26.7176643571484,4.26632908355116,12,8
"646",23.1435597405983,7.36750482884243,12,8
"647",15.5988759642064,9.22714913425953,12,8
"648",18.7022463985629,6.17431730729433,12,8
"649",22.9213785833434,5.89927083705351,12,8
"650",23.2532904698974,6.29380641120041,12,8
"651",22.6394106205432,5.49834476057524,12,8
"652",23.4467549304399,8.03500511521492,12,8
"653",16.5734899309508,5.65465361352292,12,8
"654",24.7487224825592,3.68134702659908,12,8
"655",27.9270819908976,12.638821673061,12,8
"656",23.0611176920357,3.32051019588708,12,8
"657",13.5706617674837,6.88322541566037,12,8
"658",25.4243059547851,5.48219866020293,12,8
"659",28.7159749229998,5.01154525839448,12,8
"660",18.0763085931846,6.66904481990511,12,8
"661",26.055713622144,6.97877844004338,12,8
"662",19.2178314288362,4.2463525300474,12,8
"663",25.5830753937639,10.9403341496566,12,8
"664",20.4651882493866,7.45197519250557,12,8
"665",20.5536879923997,5.6578582365936,12,8
"666",24.9547943453167,8.03128512740264,12,8
"667",23.3805929389779,7.98510618060642,12,8
"668",19.2382452845838,6.46115352949195,12,8
"669",18.82080366384,6.15145359780289,12,8
"670",17.2156459397606,8.91344813042881,12,8
"671",27.8960006997688,6.66062730676892,12,8
"672",20.3028555146907,6.12605937315449,12,8
"673",23.0947124140593,4.69659051052329,12,8
"674",28.4133972703368,6.95734396081774,12,8
"675",23.7350011521506,8.98468412958271,12,8
"676",20.2131461574243,6.56459799320874,12,8
"677",25.5148727671919,5.87235202467358,12,8
"678",22.285092806259,6.26431423651131,12,8
"679",26.3138080643168,4.68465461245853,12,8
"680",21.6391281878086,6.3320715749991,12,8
"681",23.3603868580766,7.59723089241568,12,8
"682",19.6527651157829,5.62360697776129,12,8
"683",19.1751376534868,6.87920994252016,12,8
"684",22.8850167135327,8.39390294847018,12,8
"685",18.3378717700968,5.07162294088971,12,8
"686",24.8528018431619,7.662681226754,12,8
"687",22.0043301209584,7.16735433873368,12,8
"688",26.0864076914853,9.87116079225508,12,8
"689",18.1334067825855,5.42262642934941,12,8
"690",21.4035756151937,7.57360587276375,12,8
"691",18.8518338977697,5.31809005650049,12,8
"692",16.1802747527343,4.50596591446478,12,8
"693",20.9294120818401,7.64948309283537,12,8
"694",19.1308503941167,2.91942202784797,12,8
"695",21.3977972241283,6.59059117977316,12,8
"696",21.2013829042318,4.12250921633259,12,8
"697",24.5471104954069,3.37044494944408,12,8
"698",24.5282082211406,4.2516656448546,12,8
"699",19.2362885615302,9.74826025142025,12,8
"700",23.9201656170201,4.57580710615957,12,8
"701",27.2212389069127,5.47141709774922,12,8
"702",22.5864357187029,8.25485478459483,12,8
"703",25.4922734832544,6.45275725287953,12,8
"704",18.6856286082314,5.51135767528515,12,8
"705",18.1495753407758,5.72870806273411,12,8
"706",18.4387821439601,6.37151089307266,12,8
"707",27.4488668102425,4.98682719284668,12,8
"708",16.9601748186884,3.56930279969753,12,8
"709",20.5109864152789,7.75632246754865,12,8
"710",27.9896501747298,6.58622241160022,12,8
"711",23.5073127803106,6.31781518559652,12,8
"712",18.9101312764539,4.39943158788992,12,8
"713",16.7368822921708,8.89630010376586,12,8
"714",18.2884082512824,6.72744120834637,12,8
"715",22.8069435566859,5.24182047817941,12,8
"716",16.6652138316921,8.26910005035657,12,8
"717",23.543580712881,5.76258025226464,12,8
"718",24.0702389740348,2.08769228835986,12,8
"719",20.7718130426993,6.68785442797766,12,8
"720",20.8270110827165,5.70406214519294,12,8
"721",22.2025345655028,5.75680427589936,12,8
"722",20.0329095391087,6.6097036441145,12,8
"723",26.3218104444197,6.04639733902965,12,8
"724",21.2244228337818,8.64477127846331,12,8
"725",27.6468872834264,6.67867465346857,12,8
"726",25.0034835831053,5.8461469837694,12,8
"727",27.7940536474662,5.22438676800773,12,8
"728",21.7197291708227,7.76409169728632,12,8
"729",19.3930998643758,4.88402552025296,12,8
"730",24.1874534949025,4.8742453317444,12,8
"731",12.7223400417884,3.71878622557196,12,8
"732",21.1765654533079,8.11474417461156,12,8
"733",20.732245912262,8.57693831162633,12,8
"734",25.2267247994707,6.84894537633254,12,8
"735",23.9314658431163,5.28916727480548,12,8
"736",19.9046273626576,8.56744357943554,12,8
"737",26.6907654488749,7.42057504934275,12,8
"738",18.151489799738,7.78693391195513,12,8
"739",19.3961105150524,9.11497229917106,12,8
"740",23.9702916530583,10.2366470881105,12,8
"741",24.6026832017812,9.81389969187035,12,8
"742",21.5886386254293,6.98441062390644,12,8
"743",21.878049571541,8.5609554996707,12,8
"744",24.1921897672324,6.97926555084554,12,8
"745",28.0067637608264,7.01341051319487,12,8
"746",23.9561610054375,4.14143207518143,12,8
"747",26.3037284701933,4.27227475791064,12,8
"748",20.1786726408365,7.96482770469709,12,8
"749",26.0698404469176,5.53356947572426,12,8
"750",16.2169149840791,5.49266145172457,12,8
"751",22.1138802263436,7.71594322283137,12,8
"752",18.5451244783631,7.66035834507018,12,8
"753",22.7754281282725,7.28057505618564,12,8
"754",17.1380436411267,9.7320721347487,12,8
"755",23.7280726437676,9.50348278866761,12,8
"756",27.1807773240297,7.20763318255337,12,8
"757",16.105606155807,2.75768648444739,12,8
"758",27.5193098280003,5.52227847823136,12,8
"759",18.7340486035355,7.63767904053354,12,8
"760",19.1318752318296,6.40858566517807,12,8
"761",22.2382172802663,4.38935319573707,12,8
"762",22.8155435857559,6.6633849560652,12,8
"763",24.2201524551887,8.76309391848509,12,8
"764",21.7786490464971,4.91074336738149,12,8
"765",20.5496956769037,6.56730093494405,12,8
"766",21.155604524285,5.18504150602998,12,8
"767",18.9020379238902,5.48873493431042,12,8
"768",26.6403095974322,5.79402437579974,12,8
"769",22.6672931225146,8.25509286505268,12,8
"770",16.6046055843291,6.31287913960077,12,8
"771",24.4010750287255,5.7013338782235,12,8
"772",22.1689906005249,8.00784099648446,12,8
"773",19.7174959731062,4.54413331066519,12,8
"774",15.0847171442918,5.10073141829746,12,8
"775",19.7395233511457,5.32735942747758,12,8
"776",15.089768997747,8.98735493843365,12,8
"777",22.5851416634497,5.81356079362526,12,8
"778",14.6223707255405,6.78828730765146,12,8
"779",18.2815141786232,4.76941442734378,12,8
"780",26.3701902651217,6.3889927557546,12,8
"781",28.0631130454528,5.75574828948023,12,8
"782",17.4815638606351,3.7833670600953,12,8
"783",22.3314189310342,3.42652881088667,12,8
"784",19.1965284764348,9.83488154229084,12,8
"785",20.305449400822,8.33551197218307,12,8
"786",27.7503365267515,6.34988897503264,12,8
"787",18.6229419175202,7.16397774399749,12,8
"788",21.3323353126846,6.82252011733843,12,8
"789",21.8457094597843,4.49029274256229,12,8
"790",18.8172025077266,4.59846631506132,12,8
"791",24.1558707624029,6.18273484055304,12,8
"792",18.2285097705317,6.93556793233681,12,8
"793",21.5174215423604,4.59707245526317,12,8
"794",17.9279559664146,8.36668795947482,12,8
"795",25.4376933454377,5.92630369179752,12,8
"796",18.6037280494386,3.13043403247703,12,8
"797",19.4752803333989,6.71838522033982,12,8
"798",15.0998114861534,9.4505387356545,12,8
"799",27.6076653729698,6.04185460202424,12,8
"800",23.0773144107122,6.36476495458343,12,8
"801",20.4350398544268,9.41291736857166,12,8
"802",20.8508060667221,3.89970772289477,12,8
"803",17.8976068891511,9.85972438688987,12,8
"804",16.360292784165,8.92686136035659,12,8
"805",26.1174796849891,4.43849352167285,12,8
"806",20.1204948260218,7.21149839473165,12,8
"807",17.9800677050015,4.37179959180501,12,8
"808",21.8366649042707,9.41865347047415,12,8
"809",23.8294150120291,4.58351400255075,12,8
"810",16.3600801819781,5.98157061319297,12,8
"811",15.1602167364697,4.98431405183001,12,8
"812",22.8986832696652,9.18799459379005,12,8
"813",20.9457451862844,8.2895109225582,12,8
"814",25.5108065134288,6.18706333149966,12,8
"815",21.1927040943097,8.64194598086173,12,8
"816",26.4715309053616,5.06831048752935,12,8
"817",21.6334218309591,8.77716105256416,12,8
"818",20.2842223513419,3.30116426209084,12,8
"819",14.0574612742588,4.24898252577123,12,8
"820",18.2154522162307,7.5511445175779,12,8
"821",21.704489218809,5.52360728071566,12,8
"822",21.367602071881,10.9086052591621,12,8
"823",21.4406293154242,7.99553825763596,12,8
"824",25.0626148952669,4.08511038611117,12,8
"825",19.6961435959063,4.62997246705007,12,8
"826",23.4954699330027,5.19349521875978,12,8
"827",23.4156298121343,11.1992980151734,12,8
"828",25.4312549553232,8.37317620889023,12,8
"829",26.8052319229559,6.46545023977765,12,8
"830",21.7816153274256,5.23880548140328,12,8
"831",21.9431610785515,6.88019950622767,12,8
"832",30.3080285220022,3.91757168513803,12,8
"833",23.1595061297421,8.32393211269568,12,8
"834",24.8900283052612,9.5343311860644,12,8
"835",21.0550456037732,4.99741922668271,12,8
"836",22.7676310472781,3.35895435731461,12,8
"837",14.4956732497523,10.3467424116369,12,8
"838",26.8661705428353,8.53724305069137,12,8
"839",8.61548222643368,8.62501192129517,12,8
"840",24.9682975424185,4.09988636103702,12,8
"841",21.0841089700861,4.23021453560992,12,8
"842",19.3289785747081,7.64449262357159,12,8
"843",19.4623660251145,6.58545008137358,12,8
"844",24.5784673635697,7.48255005727614,12,8
"845",20.0689803542272,6.14288454725708,12,8
"846",25.0776655842929,5.66691729800451,12,8
"847",23.7034048106143,8.12570977105296,12,8
"848",24.5730791107478,10.2670127902657,12,8
"849",26.7969489091191,5.82896436161799,12,8
"850",19.581275704827,7.5524418237548,12,8
"851",22.5635576505769,4.11320326473839,12,8
"852",23.6025481614072,7.3358970482125,12,8
"853",24.571930435286,7.61987845415644,12,8
"854",17.464700421377,5.86409945289629,12,8
"855",21.0504925124204,6.15150278700545,12,8
"856",23.7883142552756,5.91101276768851,12,8
"857",22.1595063574752,7.51375741386915,12,8
"858",21.4800505322163,6.59024582832643,12,8
"859",21.9908718292995,7.16691733422716,12,8
"860",22.38038035445,7.0270335266454,12,8
"861",22.0589532696226,5.42735290881752,12,8
"862",18.7023768947422,3.84153388807622,12,8
"863",22.0428085499495,6.3985832393805,12,8
"864",24.5152128843297,9.24590290532815,12,8
"865",25.7332184655091,7.55155928826219,12,8
"866",23.5154510137304,3.52251135458541,12,8
"867",19.530850402301,4.31705620086709,12,8
"868",21.8485278623371,8.90409318096001,12,8
"869",24.0897998642243,6.74533457022733,12,8
"870",24.172880879614,5.67257371260697,12,8
"871",22.1293325541471,9.38125099013896,12,8
"872",21.0252445051781,7.8820218250777,12,8
"873",16.0792636772268,4.2975986739183,12,8
"874",18.6794047593215,7.28672176825036,12,8
"875",20.0511601527974,4.25668994951879,12,8
"876",25.699966554461,3.63633898028256,12,8
"877",22.1057305473354,6.6270712917877,12,8
"878",19.9557827486402,4.9212913730074,12,8
"879",22.6801721273567,7.46708122368934,12,8
"880",20.2723380767464,7.11300040707596,12,8
"881",23.2838696280111,4.99236311628535,12,8
"882",31.4376422253012,8.23530987984318,12,8
"883",15.7505125093828,6.19693905668379,12,8
"884",23.1034121920142,7.23990425493169,12,8
"885",16.446125016653,7.32592657867045,12,8
"886",18.5884794916975,7.73482517243574,12,8
"887",21.8333407289651,2.82824052509608,12,8
"888",19.4016666103491,6.75982096242311,12,8
"889",25.5216925247833,5.99020552908769,12,8
"890",22.2360055144263,5.24592507669878,12,8
"891",21.850854219085,6.55426953864274,12,8
"892",23.0774800792553,7.05535461745777,12,8
"893",20.4433638072824,5.23895304774112,12,8
"894",20.0208788168254,6.93470063929281,12,8
"895",27.4381402933413,5.0604474357167,12,8
"896",18.0114337992522,5.44330498288086,12,8
"897",23.3321028840168,7.34618511382721,12,8
"898",26.1499658167228,6.29107115082421,12,8
"899",24.2166180068148,7.19429697471175,12,8
"900",25.58721607317,6.65292057847322,12,8
"901",20.6493746575577,7.04225406420335,12,8
"902",22.4753398494667,4.45505576559301,12,8
"903",17.7956311470471,4.83922298285192,12,8
"904",17.1457645756566,6.64345215350827,12,8
"905",20.3189056126587,4.66400787154356,12,8
"906",17.1111019189166,9.3936273074546,12,8
"907",25.7566907200111,2.53620364475601,12,8
"908",19.2424404694301,6.82245450463399,12,8
"909",29.1214152710915,8.11295882107781,12,8
"910",20.4678532638868,8.18949208681153,12,8
"911",25.6060192863769,8.51517952009045,12,8
"912",23.8690593054693,12.5002906100909,12,8
"913",23.558259980067,3.34681974684665,12,8
"914",18.65154947689,6.37937552359601,12,8
"915",14.3679163103828,5.34032789878223,12,8
"916",22.3954251621202,7.3061413079587,12,8
"917",17.2185836681635,3.56713823012129,12,8
"918",14.7754405046108,4.06593946627805,12,8
"919",18.6533216524525,9.32211379010229,12,8
"920",24.7757746776634,6.58380193262654,12,8
"921",28.2999075007696,7.47353815755285,12,8
"922",23.8163264202078,8.17111719818755,12,8
"923",15.261101338806,10.3178062495973,12,8
"924",24.4300072809217,7.63480023107658,12,8
"925",23.2432768708196,7.00105497547417,12,8
"926",23.7674867377032,5.53095306128617,12,8
"927",27.2869202288843,6.25333819396577,12,8
"928",25.8160429970393,7.20653697414939,12,8
"929",20.494576179997,8.63598199152493,12,8
"930",17.8056069028519,8.29031064357565,12,8
"931",17.2468021099377,8.9028618496698,12,8
"932",22.4431898982944,10.1337597981435,12,8
"933",19.4438455917935,10.1361400251684,12,8
"934",27.243231016909,5.26750569391204,12,8
"935",20.981460655144,8.08066513183178,12,8
"936",24.2569009155902,5.21402497437525,12,8
"937",25.0508421878827,7.36149586861008,12,8
"938",22.4792738360281,3.94500657892729,12,8
"939",26.1559409456455,5.02332895178932,12,8
"940",17.6036827884795,8.50425720335136,12,8
"941",21.6914339465593,8.11280728204235,12,8
"942",18.5952090620515,7.5981780053066,12,8
"943",20.7915161289979,6.3944474286375,12,8
"944",12.0112708657113,8.21034058169852,12,8
"945",13.9798266960314,5.57085818859499,12,8
"946",17.4447640312232,8.24035382030227,12,8
"947",23.9429506339847,7.51195454646509,12,8
"948",19.8073499901084,6.94246545158546,12,8
"949",17.9400775697061,7.41295484256734,12,8
"950",18.0309452839991,5.56191831197857,12,8
"951",24.2732069927003,6.56994995025222,12,8
"952",22.2823812318315,2.54437068369883,12,8
"953",18.4370381205853,5.26909785057342,12,8
"954",26.9836496011058,7.12026165652289,12,8
"955",21.3001103269766,5.11181610343682,12,8
"956",19.2105432407581,6.99717599245842,12,8
"957",24.277334534506,8.24500843027752,12,8
"958",19.7752522681015,4.39222792190244,12,8
"959",27.834176871359,4.21247452195638,12,8
"960",20.6965046613298,4.32746794031652,12,8
"961",25.733938720973,9.1168978525332,12,8
"962",16.3365145967724,5.9331669990209,12,8
"963",26.6207004205597,8.05275615099642,12,8
"964",21.0856959514748,6.80498986454168,12,8
"965",22.4015914181058,4.82582167009019,12,8
"966",23.7384832743379,6.16795995160861,12,8
"967",19.9744723282073,4.80505194995329,12,8
"968",25.0313200059474,11.4193462187531,12,8
"969",25.0316025439612,6.34825478843202,12,8
"970",27.834901392975,6.40908329888981,12,8
"971",25.0214286746535,5.26921459935545,12,8
"972",25.1743552433747,4.58700458436818,12,8
"973",22.7286741806738,6.67383292334505,12,8
"974",24.2357798210288,4.16148848895698,12,8
"975",25.7822048750711,8.10165412278228,12,8
"976",26.434251909407,8.5915208593861,12,8
"977",20.6574417633633,6.25092563389646,12,8
"978",26.2881128919941,6.75920892840588,12,8
"979",21.2867938356906,6.62880954529101,12,8
"980",23.9084982669845,5.99900468944486,12,8
"981",17.8490456646279,4.37253861324768,12,8
"982",18.6430267668542,11.1365632414202,12,8
"983",31.7348817165336,8.33651859471848,12,8
"984",23.8234532241939,7.39336246739039,12,8
"985",28.1958624156096,8.15309599332867,12,8
"986",17.8492572516512,5.92970435227865,12,8
"987",21.4736527558045,6.37769914346848,12,8
"988",21.3122616572283,3.61038499941628,12,8
"989",22.1344009759647,7.29154002449604,12,8
"990",18.1533061496831,5.14356609104245,12,8
"991",20.5912456270071,7.49727781231239,12,8
"992",28.2429633343099,6.94397071409649,12,8
"993",20.9639896198541,7.03372350424677,12,8
"994",25.4551631265019,5.14537890148844,12,8
"995",15.7718628862582,5.47536800652179,12,8
"996",19.0273092518769,8.34478622718035,12,8
"997",17.3893186687554,6.03096953111406,12,8
"998",20.8007746968222,6.43273001827194,12,8
"999",13.7552269144482,4.76768119099836,12,8
"1000",20.0915045674318,6.72745471678399,12,8
