"X1","X2","component","subcomponent"
"1",1.98323620362687,2.29207629584986,1,2
"2",0.61587222550129,7.70033984255616,1,2
"3",4.05926270339308,5.38555054376691,1,2
"4",0.884334272998964,1.78748817011606,1,2
"5",-1.54779541261764,8.9294929718895,1,2
"6",-0.733062742307708,10.2515143888992,1,2
"7",1.98644425569207,10.8849276912495,1,2
"8",1.55895585323383,4.20727970665615,1,2
"9",1.03664484136227,6.88646700768733,1,2
"10",3.18266931070106,8.93530928662416,1,2
"11",1.17767700067144,4.89471879481597,1,2
"12",3.82581414853875,1.4719076025771,1,2
"13",2.22561732093105,11.7627808775401,1,2
"14",5.23423518939706,8.81762720373549,1,2
"15",2.87613558798192,14.6335517757646,1,2
"16",1.74203838223424,2.18681001603063,1,2
"17",1.48994212882516,3.28728820932497,1,2
"18",2.63178744841205,4.94388404513395,1,2
"19",1.39874737045132,9.30248557673722,1,2
"20",1.19093407937064,7.71912698247825,1,2
"21",2.51424223034848,8.76689781926003,1,2
"22",1.07579958746648,7.38073018878656,1,2
"23",-1.89432289690954,4.9960492057044,1,2
"24",0.0960514816368068,8.48445524975701,1,2
"25",1.37240071003914,6.787749107746,1,2
"26",2.7514242223406,5.58526700629255,1,2
"27",3.97336823561019,12.2286936612494,1,2
"28",5.75092036162306,2.14589032824404,1,2
"29",-0.612437296884027,6.21338641500614,1,2
"30",0.135065305792315,4.21736982252494,1,2
"31",2.93786891413078,6.19733171287341,1,2
"32",5.55778793776922,8.12907416328546,1,2
"33",1.91062651289405,4.65183987826527,1,2
"34",2.47314020245641,7.97544256273127,1,2
"35",4.89225871045793,10.049882858666,1,2
"36",-0.434203775804805,5.28860413371833,1,2
"37",3.02050916252326,4.07852855630293,1,2
"38",-2.57769526665634,5.62754133667905,1,2
"39",2.90428035710155,6.0772152133071,1,2
"40",0.664995791405456,7.17751072386581,1,2
"41",0.514687865942277,6.50196648679407,1,2
"42",2.47802392405953,7.09757091888412,1,2
"43",1.24366124079702,4.66835717956466,1,2
"44",2.06319803437779,6.85193229679839,1,2
"45",1.09794243496794,10.3778140553945,1,2
"46",2.24477137616528,3.82104644530457,1,2
"47",2.59870984190981,8.92742270872182,1,2
"48",3.22554948963148,7.92140169823964,1,2
"49",3.34990561179809,4.2358959803317,1,2
"50",1.73038147100276,8.42239162489812,1,2
"51",-0.196667221749927,2.93332044277769,1,2
"52",1.21331701245724,9.55439087816928,1,2
"53",4.33096492047582,11.9774618265481,1,2
"54",0.478406700908987,8.73414377222431,1,2
"55",0.467339369133484,-1.39593881453104,1,2
"56",0.19096725932773,6.97305702055624,1,2
"57",-0.290024489846189,-1.24959864128286,1,2
"58",1.21762432378174,4.05982183046759,1,2
"59",2.68280846580952,1.42670940765747,1,2
"60",-0.672205610942325,11.3920910635898,1,2
"61",-1.93272404581769,7.88379900506578,1,2
"62",-1.07805517150279,9.54130819613256,1,2
"63",3.00038625077605,7.85353557764943,1,2
"64",2.17027851842253,9.84881740831334,1,2
"65",3.33745479781334,4.50587037031381,1,2
"66",3.42097078384064,4.41606324403855,1,2
"67",5.17002883949525,0.448165422157851,1,2
"68",2.76820280438205,8.17762644085738,1,2
"69",1.10914723123401,7.0109397619333,1,2
"70",3.3573196676934,4.74156440544239,1,2
"71",0.843683710360062,9.83463250325258,1,2
"72",-1.33874343741265,7.3355569056462,1,2
"73",-0.634148620726296,-0.442464154498157,1,2
"74",1.55871374979172,4.05310513850366,1,2
"75",2.68156887941172,5.78257602948245,1,2
"76",-0.417117985230607,3.55731936283503,1,2
"77",1.31265608556178,3.89067782049339,1,2
"78",3.9871169946225,2.10182214806719,1,2
"79",0.927100534289939,2.93734041231656,1,2
"80",-0.197744184868327,5.86042071737578,1,2
"81",-0.113645141920911,0.834814751859994,1,2
"82",2.30452263474316,13.5254625581319,1,2
"83",-0.0852985217681754,6.8588991301226,1,2
"84",0.405461522498002,7.42588689152141,1,2
"85",-0.0469778439827375,7.95957367334271,1,2
"86",2.84706968885265,4.44596042940603,1,2
"87",2.30488934021804,-1.83436351506389,1,2
"88",-1.02362526443958,2.68938614633363,1,2
"89",1.49781797414181,8.46379307599479,1,2
"90",3.02917998991564,5.22986875414203,1,2
"91",2.30423466254672,5.13274406195863,1,2
"92",2.14083652769422,5.69217793490379,1,2
"93",3.44640398735619,-2.54708627526932,1,2
"94",1.63716819681903,1.80790246415621,1,2
"95",2.05417281832104,5.22725313678351,1,2
"96",2.34539431618408,6.35823460154039,1,2
"97",-0.707917041475389,7.93810699366103,1,2
"98",1.12328987687342,0.310011131351435,1,2
"99",3.11300952838425,4.65483164105643,1,2
"100",-0.179530643042563,4.40601608051454,1,2
"101",1.57392462968433,6.81394909593367,1,2
"102",1.61709040506619,0.115711266057391,1,2
"103",1.14947481139872,5.57599171249801,1,2
"104",4.19901695248772,2.97928831412569,1,2
"105",0.909293840882908,7.1184876561373,1,2
"106",5.08344786815106,5.71268923431358,1,2
"107",2.66683109547159,7.82131854466244,1,2
"108",-0.075464711546634,4.73973045879816,1,2
"109",3.09732622590529,10.464990542962,1,2
"110",1.955330101393,14.1506724569398,1,2
"111",3.52867067531003,5.13065566216323,1,2
"112",0.548110868529937,9.40533125543429,1,2
"113",0.140740865554214,4.77129103728414,1,2
"114",0.225948687718918,3.33679602306865,1,2
"115",-1.81478646595569,14.4361660782695,1,2
"116",1.62800842101294,2.60787363485579,1,2
"117",1.25327581601488,4.62891541795451,1,2
"118",-0.048000088344637,0.94270887624472,1,2
"119",1.9780590626238,8.62022968176526,1,2
"120",-0.235067814079461,5.60180189984511,1,2
"121",1.42872487853016,8.97755979277459,1,2
"122",4.06666193746306,10.7604259129706,1,2
"123",-1.0962364635498,-1.41683152406973,1,2
"124",2.40879930438884,9.67437302351138,1,2
"125",1.87956951764437,1.18840664760116,1,2
"126",2.68713116553166,3.61176447621174,1,2
"127",0.459357846015309,5.75786684283915,1,2
"128",3.43781194837213,4.3938630761408,1,2
"129",5.42304690411715,3.93481604097405,1,2
"130",-0.776632127325465,8.6609930105137,1,2
"131",0.673125900221765,6.3677753512386,1,2
"132",4.33029739389468,15.0279394958692,1,2
"133",0.626686226250432,7.00093951353713,1,2
"134",-0.902282340422341,5.89070118655301,1,2
"135",3.18240729903564,6.29794391706423,1,2
"136",2.11516146069847,3.09862912082648,1,2
"137",-0.789717628629766,7.11567701855776,1,2
"138",2.81530221083758,3.01079550177558,1,2
"139",2.45979203086648,12.3627436189773,1,2
"140",1.51995968974298,5.20568226041205,1,2
"141",0.839997409557961,5.2595649576297,1,2
"142",-1.28821785272832,8.33576053529962,1,2
"143",0.350183981995776,8.87876970051926,1,2
"144",2.88648048827982,1.87888203392418,1,2
"145",3.91504459264612,9.560594553243,1,2
"146",1.45796418714896,6.84569106715555,1,2
"147",1.71315291521866,6.58535309462627,1,2
"148",-1.80559004337619,12.2234668734844,1,2
"149",-1.54027451218044,9.53025269183372,1,2
"150",1.28523690256707,6.84495422895737,1,2
"151",0.417168064160369,4.74225534007078,1,2
"152",0.449436128178246,10.800728056787,1,2
"153",3.91211768738282,9.80379683090737,1,2
"154",-0.0770905393249768,5.41514042632442,1,2
"155",-0.822208331361118,12.3893750743923,1,2
"156",3.44785795490762,3.74667880961443,1,2
"157",-2.42620558497727,8.19640744325531,1,2
"158",0.543753777551058,16.177201543912,1,2
"159",-1.23390272430716,3.39538165356647,1,2
"160",5.02160493549062,5.29482828959302,1,2
"161",2.62790643608889,5.22352947135021,1,2
"162",0.510036750014178,2.76111699575945,1,2
"163",-0.91117850548892,7.68944564504977,1,2
"164",-1.50640801202956,3.32367917713024,1,2
"165",3.79953323454918,10.1014277232609,1,2
"166",2.03211280496631,6.57568431358354,1,2
"167",-1.23449736122955,2.2796601328386,1,2
"168",4.62315884359364,1.85198874320729,1,2
"169",2.19980375612842,1.75992979925205,1,2
"170",2.00338397949169,5.73561488562242,1,2
"171",0.682499895812623,3.8351051736086,1,2
"172",1.19311899895037,8.68226819108439,1,2
"173",3.4258380309468,12.5472810187546,1,2
"174",1.21838701469256,7.23904171960298,1,2
"175",0.536739426203928,3.59418959247607,1,2
"176",0.233703491624656,8.82666749255091,1,2
"177",3.78537927729745,11.503732897138,1,2
"178",2.6521831112292,5.31495905229336,1,2
"179",1.68573658319082,8.02357888728367,1,2
"180",0.706824242820471,3.61418599200151,1,2
"181",0.826535104254754,3.88477736801199,1,2
"182",-2.15042444967392,10.0355640831224,1,2
"183",1.41188084408201,7.24991584948125,1,2
"184",3.07306397478372,8.85333046915551,1,2
"185",-2.76913723415802,8.91679751750378,1,2
"186",-1.29798227695998,9.77874805126349,1,2
"187",0.102505616382213,6.24506143158808,1,2
"188",0.0607623923626444,9.50493447659554,1,2
"189",4.36217171979225,0.0104925591425031,1,2
"190",2.1019717734799,3.71857996924099,1,2
"191",1.61206941454137,8.47222165223494,1,2
"192",2.72923004053822,7.07869449091242,1,2
"193",2.80180201505979,2.75099382934911,1,2
"194",3.13099860887448,5.81541677357244,1,2
"195",0.324226427643394,8.81180597574999,1,2
"196",2.4466032525526,9.14174643662732,1,2
"197",-1.17246536705665,14.8561770672264,1,2
"198",1.96470462570639,5.26127053737507,1,2
"199",0.726370737420003,11.2405098844203,1,2
"200",-0.138010882457838,7.93995740556532,1,2
"201",2.62687255150908,11.7009572100345,1,2
"202",3.89259738634361,0.13515044326539,1,2
"203",1.91831540623372,3.80136709817147,1,2
"204",3.20392019864122,9.76968495293205,1,2
"205",0.164777993152377,4.78267531973446,1,2
"206",2.33139190733934,6.93058531070176,1,2
"207",6.55177392983363,8.14940480082715,1,2
"208",-0.120939988693759,4.92911486103024,1,2
"209",1.04938305239231,6.97750979554498,1,2
"210",3.71999532877119,6.98931164141758,1,2
"211",2.03944912642596,0.871602920865341,1,2
"212",-0.0804869965233463,2.10544722226215,1,2
"213",2.9651662435161,4.42961286122695,1,2
"214",-2.17083204027957,3.39957179492071,1,2
"215",2.03610894382396,4.04469626253711,1,2
"216",0.359006789625295,2.53705122421004,1,2
"217",1.40254391708403,5.17998880868534,1,2
"218",2.98009475999818,6.38010056705865,1,2
"219",3.61994721896217,10.6984786706896,1,2
"220",1.20234935837925,9.11213497033144,1,2
"221",2.81509860173383,3.78809478237036,1,2
"222",5.01306089762128,9.68577768873943,1,2
"223",3.52220696107268,5.55997186433828,1,2
"224",2.59578257496268,7.94539932700269,1,2
"225",0.269387917747788,4.65848165006495,1,2
"226",1.19564900927037,7.6174058177875,1,2
"227",1.95977352518267,6.7233465764173,1,2
"228",-0.328232124006587,5.29340594099079,1,2
"229",4.79782493461417,8.58913650930701,1,2
"230",0.48385081235175,5.03523203150421,1,2
"231",3.0501669129391,8.37845483307527,1,2
"232",-1.07313750119197,9.36073142144897,1,2
"233",-1.07844340223995,7.62353481531639,1,2
"234",2.1317113689756,10.4185699487877,1,2
"235",0.245126135176918,3.74517423430051,1,2
"236",2.0592062604776,11.5751283939251,1,2
"237",-1.30789490241394,0.470656257171746,1,2
"238",-1.89163371912094,9.13560693837357,1,2
"239",-0.911027428491008,8.60241556227231,1,2
"240",0.0886021607558922,3.73197323443995,1,2
"241",-0.0195796551621801,3.39880929489383,1,2
"242",0.0891266347959965,10.1812854995434,1,2
"243",2.44735355791434,3.39358517167249,1,2
"244",6.23067316420316,7.69232105164963,1,2
"245",0.954194275523575,7.52397970017056,1,2
"246",0.324985900547436,3.82323659819651,1,2
"247",2.22611266461638,2.84510111971993,1,2
"248",1.00879344948935,0.260380351325286,1,2
"249",-1.80386355952961,6.40053368403604,1,2
"250",3.2003561288321,6.53684010084194,1,2
"251",-0.817313353730036,1.5497341327173,1,2
"252",2.10371935084326,7.5002427581375,1,2
"253",2.13754947314816,5.1222215078283,1,2
"254",-0.848708989945784,-5.53536044964011,1,2
"255",1.44679881463193,9.03050135601291,1,2
"256",1.78465238488128,6.62692672093942,1,2
"257",0.990625217581849,3.56606849610164,1,2
"258",0.833265196749604,1.1991557182119,1,2
"259",1.51501617549508,10.5085891244723,1,2
"260",0.237121523693675,-0.543501790272101,1,2
"261",2.06065959959781,2.0329243337169,1,2
"262",0.0809495550420427,2.88646832473942,1,2
"263",0.808586659408419,3.31176126136895,1,2
"264",2.36085175162456,7.35123252319324,1,2
"265",-2.53478225584866,5.70586088853089,1,2
"266",-0.241411066511747,5.21777814175872,1,2
"267",0.987980009874138,11.6333223344412,1,2
"268",-0.07032215838885,7.63450740719853,1,2
"269",2.72590787546775,0.547240613883744,1,2
"270",4.21913318273067,9.19790513217416,1,2
"271",2.77118920078465,2.05094603883816,1,2
"272",4.31721542375576,13.6811610405896,1,2
"273",3.65867232085497,11.6765263521143,1,2
"274",1.56343933269134,9.08311106084364,1,2
"275",0.55774658902065,7.45799747515431,1,2
"276",-1.37365737430692,3.02279359677227,1,2
"277",2.77154413171318,0.412021604475909,1,2
"278",3.02219668405236,0.982222678938683,1,2
"279",3.07517541638074,4.09113244128705,1,2
"280",1.03646791174605,6.44427955069795,1,2
"281",1.03808928167065,6.81919142927858,1,2
"282",4.17456088119391,9.87487887841415,1,2
"283",4.86910234041576,4.10682104669747,1,2
"284",3.71487488865671,2.70900991727416,1,2
"285",3.39429794381371,5.51776522961754,1,2
"286",3.3141715680481,4.8081739331537,1,2
"287",0.999003382687785,-0.745113782351879,1,2
"288",0.645224872179717,3.16156086424462,1,2
"289",2.27967045892985,15.6657763552123,1,2
"290",1.34189080471005,4.61444812697595,1,2
"291",4.63682050881628,8.43444231375348,1,2
"292",0.799284468151604,4.16792013962643,1,2
"293",2.97790160317163,1.97200398487151,1,2
"294",1.88431101360822,7.78286509147901,1,2
"295",3.21973080298331,3.30713316528454,1,2
"296",5.48680257105705,6.17263186953274,1,2
"297",-0.194063629414349,3.94775218517541,1,2
"298",2.44572969373401,0.487177295081266,1,2
"299",2.33534215181831,11.3772332322232,1,2
"300",1.78975682332319,5.30331786520497,1,2
"301",1.60048669771632,5.3646204286489,1,2
"302",2.23173708682387,9.35774904008611,1,2
"303",3.26762525733127,13.6161928270572,1,2
"304",0.904016498351401,4.37988846311347,1,2
"305",1.02602721973286,7.7352149940002,1,2
"306",1.55276848976205,4.4025781736967,1,2
"307",3.35337290668955,9.844819391177,1,2
"308",-0.127537499789997,1.15830193416232,1,2
"309",1.35452484365274,6.25554835676659,1,2
"310",0.750398683342667,1.70716719531067,1,2
"311",-0.48427469012446,5.82697522831736,1,2
"312",0.553085564872497,1.3314733022093,1,2
"313",-0.224427956659206,6.6357291749643,1,2
"314",3.43208368004608,6.16360591680328,1,2
"315",1.16266961535384,9.71164303044109,1,2
"316",2.24235171585551,5.60707312676162,1,2
"317",-1.92805379016366,9.7313383162115,1,2
"318",2.05433256621383,7.07196699448381,1,2
"319",5.61258750338425,11.4003944602511,1,2
"320",-0.00420611925676817,3.3721738885399,1,2
"321",-0.780772765609822,7.18153169507156,1,2
"322",2.02801398726516,3.38531289051791,1,2
"323",-0.57687962321056,8.12397454790538,1,2
"324",1.49334064176667,1.87046900989222,1,2
"325",1.2437490235853,12.2425258979566,1,2
"326",3.55715318133035,4.302007832719,1,2
"327",1.58773705265922,1.77630799313154,1,2
"328",2.76529044216586,6.41898532672628,1,2
"329",2.15973530207403,12.2926591614482,1,2
"330",1.52563210533657,9.2891151150133,1,2
"331",3.35155989369265,9.86188472641289,1,2
"332",-3.69347806002075,6.63288505372042,1,2
"333",2.9361270083566,6.03614725528629,1,2
"334",-0.934814342868473,2.14805912688439,1,2
"335",3.22063888752127,3.96961466450503,1,2
"336",-0.545277006286167,8.88021444612237,1,2
"337",2.60288164138415,4.56786740613045,1,2
"338",1.09862855119105,4.6506095695888,1,2
"339",2.74844811386683,4.23168231309684,1,2
"340",6.38294245924405,1.97035366690713,1,2
"341",2.01836799947402,8.15815103529523,1,2
"342",1.04434523368547,1.04001199282168,1,2
"343",1.51179260740386,7.7342410654336,1,2
"344",0.506432668097785,7.51126272506668,1,2
"345",2.32987805727389,11.3485571606233,1,2
"346",-1.45049132767382,6.02309659387843,1,2
"347",2.04156284769662,-1.08978411184505,1,2
"348",3.72471194977546,7.62014455147439,1,2
"349",2.27330528659796,10.067466487448,1,2
"350",2.07884695359162,1.74855672949253,1,2
"351",1.71935763342285,1.22578082432418,1,2
"352",3.47427711211085,8.43575892541187,1,2
"353",4.52004860492736,9.26224082072124,1,2
"354",1.84104646038613,11.9206803174387,1,2
"355",2.25711322528477,5.64776786311037,1,2
"356",0.604808170852652,3.29592589286152,1,2
"357",7.80773325320592,5.50204217285194,1,2
"358",-1.72779103877662,5.91846673558135,1,2
"359",1.0430527703687,8.79254950430894,1,2
"360",0.720122467511985,4.27039457750334,1,2
"361",4.86690226182804,0.711680601447116,1,2
"362",0.237907806552555,0.902043432704598,1,2
"363",2.52235879223592,7.59625378964421,1,2
"364",-0.967091625851526,3.71544991609758,1,2
"365",1.92901071109752,1.8997025135528,1,2
"366",-0.63743383698828,9.54879293403664,1,2
"367",1.13872420390169,6.48217682530517,1,2
"368",-3.05677027264585,6.65570879877979,1,2
"369",4.71487962903646,6.23471044225616,1,2
"370",2.94881554341956,6.61493478241518,1,2
"371",2.66247319617846,11.9809617605338,1,2
"372",3.7299317500252,5.99012881955808,1,2
"373",1.11416743986496,8.30954382757467,1,2
"374",0.0543851564141133,10.6895458317056,1,2
"375",3.8798566056815,5.16645986524148,1,2
"376",-0.521990347677667,10.1775777342704,1,2
"377",-0.702280752689842,9.05635202551702,1,2
"378",0.00413160261273027,2.0212423661407,1,2
"379",1.20429069407538,4.52394169047646,1,2
"380",-0.604882052626031,7.80835528660405,1,2
"381",1.7832618551591,5.38122624669865,1,2
"382",2.44556393823915,12.5614613655287,1,2
"383",0.877720611027171,10.2008030658314,1,2
"384",-0.972194643525296,7.28047657462587,1,2
"385",0.668824968438428,5.44155242570865,1,2
"386",2.49426111199621,8.76840502803141,1,2
"387",2.18165813854921,5.440743235475,1,2
"388",0.55710675406272,4.77353030853088,1,2
"389",3.22982933955484,5.67293394183893,1,2
"390",1.15140405905049,6.81486776536071,1,2
"391",0.583096314986247,9.15306674561784,1,2
"392",-0.910680319206168,4.12016522121261,1,2
"393",1.60561709351284,9.01565527928458,1,2
"394",0.971177331095139,10.6445895450444,1,2
"395",-0.0332297845346785,4.95780075600222,1,2
"396",3.0813180507183,3.60482633527952,1,2
"397",1.02563023600244,4.56943202935184,1,2
"398",-0.28313378116941,11.7545411295922,1,2
"399",0.427107035756143,7.73237783998737,1,2
"400",3.77051919417774,6.7764538874015,1,2
"401",3.84937970170805,11.1652947505918,1,2
"402",1.17338499799415,2.73234277016795,1,2
"403",1.26754062672869,5.21632419523718,1,2
"404",0.351707753854267,8.30356613413512,1,2
"405",0.291578985139438,8.77397822852679,1,2
"406",2.78592592604165,9.24763234001937,1,2
"407",0.0843287691731731,9.48778143868002,1,2
"408",3.0235466739316,8.54768116756786,1,2
"409",2.58129339586991,4.93309099385626,1,2
"410",0.923229541844568,7.96754081475799,1,2
"411",3.45013577306264,0.676415293107744,1,2
"412",3.53133432024176,4.55987846520857,1,2
"413",1.74983481789104,0.9661123083465,1,2
"414",1.36926257868909,4.41303699130281,1,2
"415",1.71100698799972,9.88753331016553,1,2
"416",2.2356588240769,7.42472006098907,1,2
"417",1.65645360038124,10.7278858326153,1,2
"418",2.78561228663554,2.51139876624037,1,2
"419",3.20752598887733,9.92920322704511,1,2
"420",0.317499889960584,8.12858525460975,1,2
"421",5.18162823376966,4.95989489887863,1,2
"422",2.34589589677202,7.49726556980757,1,2
"423",-1.40078026092494,3.87619770898752,1,2
"424",-0.0395292468037416,0.947080043800144,1,2
"425",0.7808650317799,4.04564527801206,1,2
"426",0.0927444528893979,8.29370165987739,1,2
"427",3.15913517344009,1.7888147047285,1,2
"428",2.35665030504174,10.3996410000659,1,2
"429",3.3205992312765,0.637740160295261,1,2
"430",1.63719009806277,8.1156468324249,1,2
"431",1.39121690774143,10.1558776087658,1,2
"432",4.14598340639792,6.13273286415078,1,2
"433",1.66989302230783,3.78055601783178,1,2
"434",3.07240147094195,12.4599966787878,1,2
"435",4.18954667939023,4.09778773503203,1,2
"436",4.25456627465737,6.89362264386054,1,2
"437",-0.300233667726475,8.10256412219482,1,2
"438",2.0789038807753,0.0881457818585583,1,2
"439",6.10425276532914,5.78422572397394,1,2
"440",3.38517065079911,6.85596321131453,1,2
"441",0.179774116382948,3.71241847914798,1,2
"442",1.36280264089898,7.00756359570912,1,2
"443",4.7320204718044,5.05741449676432,1,2
"444",2.70999800647014,6.27970584314529,1,2
"445",0.316228935619796,3.16633062782084,1,2
"446",1.02782730581445,1.80611506701862,1,2
"447",3.88681532291247,5.81707702222644,1,2
"448",3.09213692318539,3.77748277009998,1,2
"449",-0.868634701390706,3.37387631526166,1,2
"450",-0.247584449555926,8.32771311754621,1,2
"451",-1.79358204820586,6.59722448449207,1,2
"452",2.62682723574561,10.3604900003001,1,2
"453",3.94398401403093,3.80817108215252,1,2
"454",2.42332067548386,4.71943204624527,1,2
"455",3.73042212770211,6.86175448893805,1,2
"456",1.78746856448465,9.00161573927565,1,2
"457",3.47520915473067,3.57526923460716,1,2
"458",0.215489829387887,8.62692254607946,1,2
"459",1.74132988481624,13.9089619722302,1,2
"460",-0.0713513045502046,2.64165965528689,1,2
"461",1.84920896984329,8.65802175561797,1,2
"462",-1.14652080317372,5.64398152136664,1,2
"463",1.38947798588661,11.8700382323138,1,2
"464",1.32783851695481,11.3581997167247,1,2
"465",1.71552942926307,5.7046859238981,1,2
"466",2.38803948180253,10.8427389141124,1,2
"467",1.64047435112668,4.78228524933817,1,2
"468",3.72236301054758,9.95436310881818,1,2
"469",3.98741880686749,6.15806659541233,1,2
"470",-0.176284707176041,11.4662672134562,1,2
"471",2.0182165594316,9.40218181516684,1,2
"472",3.56624043470593,8.45737490453791,1,2
"473",1.29244385974133,1.92443042048882,1,2
"474",4.4973122880676,7.55631495975251,1,2
"475",1.28236948733535,1.2614895460587,1,2
"476",1.22725461720572,3.00995639101306,1,2
"477",3.58729998538731,8.03472700216433,1,2
"478",-0.496098035920242,2.92031464959476,1,2
"479",4.24609499490316,4.87829302456312,1,2
"480",0.882454258885873,4.94796617192851,1,2
"481",0.289940001321902,4.94676944619312,1,2
"482",2.12669732759586,7.50256391528339,1,2
"483",3.02121427289733,12.9799976728904,1,2
"484",0.808762421550944,8.03200466944597,1,2
"485",1.04868992580309,-2.77940598276112,1,2
"486",3.6689239830456,0.481328215015384,1,2
"487",1.80697943192256,7.28286884515267,1,2
"488",0.51480818337436,5.16935285084786,1,2
"489",3.31993097625035,13.1797222441013,1,2
"490",-1.64947223312376,4.12879946837266,1,2
"491",-0.31883119069502,6.71378375714396,1,2
"492",2.45519273988021,5.96957699495047,1,2
"493",2.66532688334455,7.60864822121088,1,2
"494",0.0271133600076194,5.50888837975953,1,2
"495",4.98485951880287,6.98568312931707,1,2
"496",-0.144012849384497,-2.34898488426341,1,2
"497",0.869820230122342,8.59745450134528,1,2
"498",1.71737319204906,9.58668855312338,1,2
"499",2.07916529538224,6.77666326888147,1,2
"500",2.04671648791875,2.68304621260527,1,2
"501",2.96012541017179,3.5470010453186,1,2
"502",0.334145601585808,6.37489412961376,1,2
"503",-1.62900569216404,6.58185249566946,1,2
"504",2.33938259558718,5.4374027081541,1,2
"505",2.84648642526722,9.51350100415268,1,2
"506",1.48334124664988,3.46056174339669,1,2
"507",0.018389863947649,9.58866121025823,1,2
"508",2.01274895217022,12.3294037463535,1,2
"509",1.52815280811594,4.01550056600438,1,2
"510",2.2904326744595,6.71317330542621,1,2
"511",0.557723973094808,11.0243970134091,1,2
"512",3.93044997040459,9.10688724598618,1,2
"513",2.08277418285199,11.9074480877413,1,2
"514",0.0481345975516472,6.25001061477267,1,2
"515",-1.07809730625112,4.26700396763687,1,2
"516",2.78069819774545,7.1335673549917,1,2
"517",2.57542918087372,2.10069055363784,1,2
"518",2.90062095429585,-3.28955870197954,1,2
"519",-0.33713322778669,4.25628503027652,1,2
"520",0.620800108724164,6.91878459216535,1,2
"521",2.30332484130773,8.00711368047029,1,2
"522",3.92578540413731,3.37482542918804,1,2
"523",2.31071411101934,4.49782076410774,1,2
"524",1.07962025319639,13.5446365771667,1,2
"525",-0.899750015744187,2.69225436608739,1,2
"526",5.41728089975332,5.97837380661628,1,2
"527",-0.0431563963503865,2.4472001122927,1,2
"528",1.07231504589173,12.9325837260246,1,2
"529",4.61194023520229,7.37201606311564,1,2
"530",6.05105739075841,3.5376414235767,1,2
"531",1.00100375200624,7.50020831888713,1,2
"532",2.8560730987984,4.29026672252962,1,2
"533",1.43309837880529,8.17655340956293,1,2
"534",-1.54312158041185,8.46466537192833,1,2
"535",1.71784484903973,2.19030471700632,1,2
"536",1.16262216780464,9.24164943545995,1,2
"537",3.8682921371568,5.91066308762228,1,2
"538",0.182420104519685,2.77414878204429,1,2
"539",2.30281292080925,5.54359655408143,1,2
"540",1.55782730354489,7.2408913705152,1,2
"541",2.40133368723888,13.0082861694109,1,2
"542",-2.34582579025026,7.41146300560198,1,2
"543",1.49614134417605,7.50867074791699,1,2
"544",0.233407914509436,4.65343266854756,1,2
"545",-1.47433142442563,2.14871438579466,1,2
"546",0.625699194685191,6.87440401859338,1,2
"547",1.54923011728728,4.81052025557827,1,2
"548",2.13727252748051,10.2543214031941,1,2
"549",-0.617290665343645,6.84100112763534,1,2
"550",-0.851884995692787,10.4766292920596,1,2
"551",-2.01611785483821,5.70698477286334,1,2
"552",-0.0341620674964314,8.59877816648331,1,2
"553",5.6555232698302,8.0162349860236,1,2
"554",-0.488957795715377,2.26325554828945,1,2
"555",2.57738653087077,12.2459715000423,1,2
"556",0.289795261771713,4.06137711075999,1,2
"557",0.372188245321701,3.90736425799173,1,2
"558",1.04267793374557,2.36742431904133,1,2
"559",4.50167613596912,6.01342033829922,1,2
"560",0.684967387856465,3.59892089008249,1,2
"561",1.85260877066924,3.03836217821505,1,2
"562",3.75601427053201,10.1914564502035,1,2
"563",-1.73248765396982,-0.60828482508522,1,2
"564",1.86636340740262,7.69945532909779,1,2
"565",0.93715748189396,3.83259128500144,1,2
"566",-0.540830401397137,3.84484371689026,1,2
"567",2.86570869099199,8.36506606282712,1,2
"568",-4.22419199163537,6.84641140225898,1,2
"569",1.84097345201462,2.65820847054391,1,2
"570",1.71325227985994,6.81191447100358,1,2
"571",0.812904495750879,7.24490438325849,1,2
"572",1.92021911555405,4.55724932961759,1,2
"573",2.79267852747512,9.94990722561413,1,2
"574",4.65313430478274,8.96927653347901,1,2
"575",2.91650804667572,13.2848310299051,1,2
"576",0.621732153948563,0.186772761654846,1,2
"577",2.35654050679314,0.530930194317034,1,2
"578",5.17594776106198,3.08139191675724,1,2
"579",2.83575061165285,6.13039985403698,1,2
"580",3.21075709838839,-2.81779449720589,1,2
"581",2.01792239977749,11.8295017688681,1,2
"582",1.62481685855983,2.83178059444844,1,2
"583",2.04525852233182,6.97715213173788,1,2
"584",2.16633640480186,4.52597837046292,1,2
"585",3.37813731056601,11.9215294044927,1,2
"586",4.22130474031723,9.16259453235891,1,2
"587",-0.318228882541269,7.10979834862577,1,2
"588",0.647918025723385,0.43329273693991,1,2
"589",4.18695378567976,9.3527542359431,1,2
"590",2.98539199219162,5.55630331466086,1,2
"591",-0.594911864488052,7.08412264352875,1,2
"592",1.51102526116852,9.44279838435907,1,2
"593",3.51448176075964,3.75054436534936,1,2
"594",-0.587248223606705,-0.540821406515044,1,2
"595",-1.10037154253938,5.45897637194588,1,2
"596",2.06571419191701,4.81652586642118,1,2
"597",4.58119420547171,8.4420373390011,1,2
"598",1.27135917425373,8.95126362997087,1,2
"599",2.20939116372841,9.85683500259053,1,2
"600",-0.739081712546863,8.24099572827964,1,2
"601",2.55831161038482,5.87210516274197,1,2
"602",-2.54818196064665,1.18989984934171,1,2
"603",6.03161231749062,6.23090365889014,1,2
"604",0.819632958445634,7.15617032731451,1,2
"605",1.97265036466949,2.01882651078859,1,2
"606",3.0354462913388,-1.79784847680577,1,2
"607",3.32714096819433,9.79467230413842,1,2
"608",-1.97386530251705,0.0479589303546355,1,2
"609",1.01815479286999,9.70010605036982,1,2
"610",2.18871092927049,3.36357966050105,1,2
"611",3.3158468673352,9.63142184530392,1,2
"612",0.996886206267938,-0.876540264873505,1,2
"613",2.97366738035981,11.6760100398985,1,2
"614",3.64592211884706,3.13701829117016,1,2
"615",3.54309157598358,5.47553381756911,1,2
"616",2.62619291142559,3.23334970040682,1,2
"617",-0.77957899830156,6.06729634657785,1,2
"618",2.52908499470818,2.53502138848495,1,2
"619",1.74047129278919,2.80301818010384,1,2
"620",4.50097477824312,8.37931918792588,1,2
"621",-0.239391041238437,6.91223603132768,1,2
"622",0.320889411053981,2.60244692260652,1,2
"623",3.4637805840993,5.34940772519962,1,2
"624",-0.030724478176102,5.46563353179819,1,2
"625",2.93108687506698,5.58134805167581,1,2
"626",1.657966314547,9.87286628462817,1,2
"627",3.09536086197896,10.6484740389794,1,2
"628",1.66732466524217,8.66013936412779,1,2
"629",4.48901374394969,6.685214026173,1,2
"630",2.33177942207048,3.31776167314005,1,2
"631",0.117770615348433,9.61673313063966,1,2
"632",-0.602818130429794,4.86997571157133,1,2
"633",-2.17577849449685,6.03608478393619,1,2
"634",1.45156291238181,2.98652406732031,1,2
"635",2.18793002262185,7.84252342348306,1,2
"636",-0.929474770070295,3.96863599266831,1,2
"637",1.96300370892065,4.931162070093,1,2
"638",0.388793420713955,4.86803786678526,1,2
"639",1.72162172441797,2.84694045685394,1,2
"640",1.08893780700775,4.97556882094821,1,2
"641",5.22817131261094,5.4850908633764,1,2
"642",-0.84127943208861,9.9511735054875,1,2
"643",-0.822871849364823,3.85402601467633,1,2
"644",0.945159974831795,6.27965958686926,1,2
"645",0.458534506967523,2.3971384467525,1,2
"646",-1.78432127430797,19.4047766514471,1,2
"647",2.03840680090089,7.08726799672838,1,2
"648",3.2004516413653,4.27072746692721,1,2
"649",2.33705712124749,7.57661498810226,1,2
"650",-0.025866458646485,0.462424340500327,1,2
"651",2.34275837271961,5.06644534890706,1,2
"652",5.04011992690262,1.18408486205887,1,2
"653",5.5317547776773,2.26660598606632,1,2
"654",-0.229731848324586,5.75294505233775,1,2
"655",3.71066583434976,5.4921373661353,1,2
"656",-1.16673710524131,5.62881660907848,1,2
"657",4.88972300641249,4.31070192795235,1,2
"658",1.08115732216125,6.06356710749829,1,2
"659",0.674112834890381,4.09710938429499,1,2
"660",2.6500915875698,2.40713344223498,1,2
"661",3.61921983016549,10.7050179775579,1,2
"662",-1.94958398716398,6.29523992359317,1,2
"663",0.128618591242824,5.11827489835191,1,2
"664",0.960497965452908,11.7310191483343,1,2
"665",3.61044411131271,2.15003094165697,1,2
"666",0.671816866343868,7.27983736561523,1,2
"667",1.8157393348515,7.74524056043015,1,2
"668",0.304337044925283,3.2327730054458,1,2
"669",2.99359542399004,2.191209936534,1,2
"670",2.30668115385732,5.74907541366041,1,2
"671",0.0345383045290382,10.3541184595789,1,2
"672",1.68771140381675,8.56079880981347,1,2
"673",0.965336769690414,3.06149350301214,1,2
"674",3.3283562919629,5.29610743096824,1,2
"675",0.300084552355706,4.88269415417685,1,2
"676",2.88106094372929,6.50744139828159,1,2
"677",1.68994142001484,3.09939758611616,1,2
"678",4.63785007608286,-0.247594133788542,1,2
"679",1.7931742909258,7.97810770266503,1,2
"680",0.39394332717037,1.22598116099649,1,2
"681",0.418510399382064,0.810886773422467,1,2
"682",3.11649924731143,2.92371303184453,1,2
"683",0.892907478707669,7.15424157128745,1,2
"684",-0.651977599963186,7.34867981537671,1,2
"685",2.44174013915035,8.62142004507095,1,2
"686",1.42478161065524,3.8339872819245,1,2
"687",1.71715799703676,9.7662321455321,1,2
"688",3.82107216880885,9.19305209366626,1,2
"689",1.04160105088417,6.26266597309041,1,2
"690",2.42261722163462,5.92716623707758,1,2
"691",3.15384110825406,5.3215548161965,1,2
"692",2.33447001248547,10.2186670329734,1,2
"693",-1.7537344338049,9.98127062593659,1,2
"694",1.63949577613084,3.03096696959249,1,2
"695",-0.0957096922527392,10.8341034688939,1,2
"696",1.23415083718892,2.89171241168551,1,2
"697",0.829987762207941,2.38335647232173,1,2
"698",3.9667081121607,3.03572303774864,1,2
"699",0.740032917808747,11.4404675805061,1,2
"700",3.03891957451458,3.17043052686365,1,2
"701",-0.735693173239388,6.94742638670303,1,2
"702",2.357111644441,4.38545919117441,1,2
"703",2.25876377657882,6.56700204414724,1,2
"704",0.550767908383521,8.26242826811995,1,2
"705",4.16705118432593,7.4791719423124,1,2
"706",1.50297189486177,9.28080821581166,1,2
"707",4.36697510352951,2.8406383160298,1,2
"708",1.90994743814286,2.52839632744878,1,2
"709",2.64307762554631,9.58075780810112,1,2
"710",-0.401297451817599,4.17711976084503,1,2
"711",2.88173379676783,1.18136883911894,1,2
"712",2.32742381731873,4.14211002589356,1,2
"713",1.91913533757224,8.21371057691237,1,2
"714",3.60506276665687,3.88765829975987,1,2
"715",4.35486421444336,5.45407115127469,1,2
"716",-2.38380361887168,6.09918203444587,1,2
"717",0.495846795883837,-0.437528322523931,1,2
"718",1.42673952295406,7.96464134124227,1,2
"719",-0.45099887188976,9.29659687155812,1,2
"720",1.87588379104317,12.3688423020481,1,2
"721",1.86391752835152,10.40288865798,1,2
"722",2.10080490074448,2.73341727661499,1,2
"723",-1.65316160973882,9.51561316545905,1,2
"724",4.49626756160134,0.430788542276751,1,2
"725",-0.204362410110592,8.33592045059585,1,2
"726",1.10394384136958,2.0572780258043,1,2
"727",0.0893021343177205,3.98346451594495,1,2
"728",1.51476020870159,4.16897252643196,1,2
"729",1.04997197606625,2.73646427830678,1,2
"730",2.09907340056931,6.7237336117992,1,2
"731",0.354284946166161,7.69662736294124,1,2
"732",1.26170305396238,7.68539906925107,1,2
"733",2.95142014963778,2.37422104612934,1,2
"734",2.79479271178729,2.96672241932867,1,2
"735",2.11676494185877,-4.50075281013468,1,2
"736",-0.775693819687342,6.93855713702779,1,2
"737",-0.418680177759708,8.67451134799968,1,2
"738",3.45883619058883,5.84377810455261,1,2
"739",4.41349669684168,8.77742907507781,1,2
"740",1.4477625997254,8.6715451116201,1,2
"741",3.09038945113209,7.62246997489402,1,2
"742",0.480252690917096,1.45116938020708,1,2
"743",5.07916361721061,9.75072407657385,1,2
"744",1.40644538322989,3.59675615250213,1,2
"745",1.22284714128419,10.0745817621779,1,2
"746",1.12619074795839,7.1190123789887,1,2
"747",2.21253165039894,4.47915438677993,1,2
"748",1.44551146536463,5.36945172225703,1,2
"749",-2.62556068991176,2.1591630924574,1,2
"750",0.483732982753438,3.53933951270181,1,2
"751",0.0924119501759544,8.9378322443337,1,2
"752",4.02414019390753,9.12544599292863,1,2
"753",3.43361686144117,9.33430763096072,1,2
"754",0.71914858321904,8.34712710709924,1,2
"755",4.48881913552522,9.3366245676322,1,2
"756",-1.0828770631063,5.41018864529809,1,2
"757",0.316296866295512,4.10105654575457,1,2
"758",2.96237321914625,-0.455462211945385,1,2
"759",3.51218228192143,1.64119124500149,1,2
"760",2.36073581047575,4.36767925064707,1,2
"761",1.8908492927778,5.68061447366044,1,2
"762",3.08909638302035,6.42259598977516,1,2
"763",3.61756042581254,6.69262675327452,1,2
"764",5.40898387237953,10.8107184103199,1,2
"765",1.43324991782021,11.0418031585996,1,2
"766",1.09574135922704,9.52731853172432,1,2
"767",-2.15101679166594,7.39279721551544,1,2
"768",1.31808983481762,10.0611245784519,1,2
"769",3.11733294037535,-0.0150660202690682,1,2
"770",1.64542766278062,10.4069639756434,1,2
"771",0.935900000435166,8.22788175701051,1,2
"772",-0.323422707942657,11.3767155136396,1,2
"773",0.0181369345990432,3.66354740380897,1,2
"774",-0.860462217453617,0.530612533459375,1,2
"775",1.4076552956083,7.6061130656184,1,2
"776",3.41332954477124,11.0216248752091,1,2
"777",0.50038512228218,12.1051027485539,1,2
"778",2.70780186774483,8.68539666695742,1,2
"779",0.992525974686709,3.84051846814331,1,2
"780",1.63593388097264,11.8159177186449,1,2
"781",1.88492266647427,8.69027684560234,1,2
"782",2.73466703420303,5.44337050852886,1,2
"783",4.60322700116404,4.66242316317761,1,2
"784",-0.517729442252886,2.02824832768203,1,2
"785",1.64261527325752,8.68394788750697,1,2
"786",0.6520885380166,9.49661597637966,1,2
"787",1.703970880495,3.82816408948372,1,2
"788",0.885936994497678,11.9083961503604,1,2
"789",1.64757001702037,2.97129537374873,1,2
"790",1.84380386024719,9.37967079001133,1,2
"791",0.757135722408929,1.0148824740063,1,2
"792",-0.0554669519339941,10.0191815314982,1,2
"793",5.25791454707156,9.95871952091334,1,2
"794",-0.280303303368068,0.0513106983809397,1,2
"795",2.00735880083974,5.95522168373478,1,2
"796",2.34199930111662,9.68387331980069,1,2
"797",0.0695014348989318,8.64333659244344,1,2
"798",3.74036906577064,8.14797286355523,1,2
"799",0.493788230625274,5.65466047042185,1,2
"800",3.42178608786471,8.91296524517215,1,2
"801",2.50630024204622,9.20319996146228,1,2
"802",4.83337719127118,5.41510514964371,1,2
"803",0.657784140068137,6.9846786107828,1,2
"804",-1.46132608487188,-1.24469056460707,1,2
"805",1.63811514100542,2.96211060832227,1,2
"806",0.608020694605956,4.56277573190566,1,2
"807",2.71413131033257,8.49185159198167,1,2
"808",-0.819024099138522,4.68963818331195,1,2
"809",5.37494587985706,-1.83231926919296,1,2
"810",4.59559213877888,6.30235683985804,1,2
"811",2.6088650263652,1.38748428475451,1,2
"812",6.11065466287061,3.19568336575707,1,2
"813",-0.165843712155106,2.69175522918729,1,2
"814",2.16734521162147,7.37285683764742,1,2
"815",2.02830832119478,1.93356887255123,1,2
"816",2.9449176020721,7.90696523074291,1,2
"817",-0.290703072678062,4.985661317274,1,2
"818",4.28405647612297,-0.0785040702132127,1,2
"819",3.30419286409573,13.3755057704523,1,2
"820",1.04276766103275,1.17586664418363,1,2
"821",2.42799911277961,8.15155032580195,1,2
"822",0.130326695655914,10.8603825085843,1,2
"823",2.44775243039854,8.90144359676544,1,2
"824",4.95969243892355,8.69783227796442,1,2
"825",4.0884724336392,3.67476189366962,1,2
"826",0.730757555527704,3.96158752305405,1,2
"827",2.25620093445346,4.97799609168639,1,2
"828",0.629507582413519,8.71784671496602,1,2
"829",1.11521901155467,3.96028359628566,1,2
"830",2.61607464188809,11.2852470299748,1,2
"831",2.6650382358889,5.08064756174229,1,2
"832",0.00498121253193595,9.5758406723788,1,2
"833",0.652561963559417,8.24435398198131,1,2
"834",3.27560395327677,7.25845073316688,1,2
"835",0.427601855241324,4.49456680192923,1,2
"836",3.28965680323868,6.43752144708545,1,2
"837",1.87014984146951,4.75616343213373,1,2
"838",1.52402106954419,6.60961541586837,1,2
"839",1.09500862510687,6.00433249746425,1,2
"840",2.30226752686144,8.16499998732746,1,2
"841",1.00165327777129,4.27393014632708,1,2
"842",2.25606280664442,4.45908383075017,1,2
"843",0.549081221315415,9.72657680187091,1,2
"844",2.41084031862421,5.74819948741659,1,2
"845",-1.3243693043788,13.5251549197077,1,2
"846",-0.367580197330848,-0.17879101577666,1,2
"847",1.55593716438818,8.60090623726553,1,2
"848",6.77088827631099,8.11767735679462,1,2
"849",0.859408454927657,1.90079648560127,1,2
"850",2.87397959052068,3.57939769463952,1,2
"851",4.49848009660696,5.8184822223662,1,2
"852",-0.938487270089814,3.23305578120254,1,2
"853",2.08197524170555,9.57544055488252,1,2
"854",1.89498036466046,4.85320289086279,1,2
"855",-0.31960883913119,6.30427045039872,1,2
"856",6.6602595540891,16.0163531657102,1,2
"857",-1.45718594545657,4.8519683607008,1,2
"858",-2.55463069666561,3.46111975665258,1,2
"859",3.27301582220976,3.52542128321838,1,2
"860",2.67638618336828,1.34657380012007,1,2
"861",-0.253329489224356,5.06174715473785,1,2
"862",2.36466532743585,7.69896631273657,1,2
"863",-1.86307175985038,5.67915801180641,1,2
"864",0.0392046829819797,2.41328831466233,1,2
"865",2.13098819163603,10.1992463306539,1,2
"866",0.402260635862644,6.70445151740246,1,2
"867",3.95947211280943,7.30991173134159,1,2
"868",0.480159334109201,9.58664538138429,1,2
"869",0.446700505180555,7.04172926412694,1,2
"870",3.92487614756267,5.57983666002236,1,2
"871",-0.147974912775837,10.6121850903899,1,2
"872",-0.605993929158915,4.78712222880641,1,2
"873",-0.68396120626182,3.94833656984657,1,2
"874",2.1754920224561,4.14750465203597,1,2
"875",1.08319377060166,3.71608136804429,1,2
"876",2.49430826539767,5.20264011820173,1,2
"877",3.53426362947765,9.39880249244036,1,2
"878",-0.678966096473159,9.00493707959696,1,2
"879",-0.299350950857518,4.60335432217623,1,2
"880",2.68239814119243,10.3607716382651,1,2
"881",2.2558674361573,6.71972962615385,1,2
"882",1.75693276759495,3.3505109525531,1,2
"883",3.20047946133603,10.0828911984518,1,2
"884",1.20573382768488,1.85771409040319,1,2
"885",2.2156382822542,1.63588231274268,1,2
"886",3.78830832434839,2.75483104512273,1,2
"887",3.37589481345382,3.54131894929546,1,2
"888",-0.0431618420812212,1.52932796156452,1,2
"889",2.9286858774413,0.776804891051969,1,2
"890",0.850964021106168,14.9785398752397,1,2
"891",1.63199778573614,4.70882250845749,1,2
"892",1.72804342840334,8.6932835232024,1,2
"893",2.99194948435162,-0.0125932507510056,1,2
"894",3.40346467310709,2.98748593909443,1,2
"895",0.457078036221245,9.33996411996213,1,2
"896",-1.29827399970387,2.18888424171246,1,2
"897",2.36874623806826,-0.815786930184419,1,2
"898",-1.54406536562302,3.35945739325073,1,2
"899",0.0484631283006423,6.84036090209384,1,2
"900",0.467071038611569,3.68515291148168,1,2
"901",-1.09603617596339,2.47038297640665,1,2
"902",0.744558996307556,2.71150118700916,1,2
"903",-2.1740543648178,10.3959980930322,1,2
"904",4.50549464460892,7.30225879848652,1,2
"905",-0.081985965637472,10.1792145423815,1,2
"906",0.56729894475158,7.26141428748693,1,2
"907",-0.158308235244968,7.33925779655461,1,2
"908",-1.12317395035125,6.07232568166967,1,2
"909",0.234644974002451,3.82893932551925,1,2
"910",2.23488168712307,9.27729263081248,1,2
"911",1.4043651557375,7.88588782512382,1,2
"912",2.23891099726363,2.93021268648538,1,2
"913",3.10686853249066,7.50805669750042,1,2
"914",2.18780058823745,3.44851260609777,1,2
"915",1.83134630742451,14.1761678929798,1,2
"916",-1.16775538602806,2.89641695885381,1,2
"917",3.31641615741325,8.3574271253099,1,2
"918",1.69502207083822,12.8199710828463,1,2
"919",0.931228925398817,1.93106715285405,1,2
"920",0.719485295844293,5.06919128178651,1,2
"921",3.09340088770207,2.10967854354941,1,2
"922",4.285731061156,4.25129540562782,1,2
"923",1.43136430694843,6.85664327866188,1,2
"924",1.23191572507009,6.78232087636842,1,2
"925",1.60710090864586,1.83924635774695,1,2
"926",1.82292733270418,10.4616444621432,1,2
"927",2.09932659488133,4.25146983494311,1,2
"928",0.880140940379414,0.34409728882973,1,2
"929",1.50773433198354,9.08330255340915,1,2
"930",3.57965952537733,12.1195670438753,1,2
"931",3.38231360364829,9.07236397786892,1,2
"932",-2.90463618956165,14.0690014624899,1,2
"933",-0.078793913449797,2.38727379180983,1,2
"934",-0.887664488321096,9.36232048554296,1,2
"935",3.35522189497858,5.73262886544875,1,2
"936",-0.493658554611919,3.0376786799947,1,2
"937",-2.24790714376501,6.77351495677909,1,2
"938",3.37855982791429,0.442313514321723,1,2
"939",3.07675177064556,5.26813302825371,1,2
"940",1.26668863030716,6.7320664107672,1,2
"941",2.09793068758077,5.64111043131888,1,2
"942",-1.13551776572802,8.14132688761583,1,2
"943",0.703560279352267,0.579148992671307,1,2
"944",3.13157682239743,8.34445056829913,1,2
"945",3.92218537386668,3.5237025905269,1,2
"946",-0.603748673251255,11.4489609892474,1,2
"947",-0.929244549731087,6.60122554637542,1,2
"948",2.53806904367301,8.21554564533169,1,2
"949",1.85998063975497,5.55221664072892,1,2
"950",1.80294496341236,11.7333938066098,1,2
"951",1.82203269135755,11.6327110628844,1,2
"952",2.51246685719472,10.0141374587204,1,2
"953",1.07048323506588,0.434889205449315,1,2
"954",0.000393221060826621,8.02562540772018,1,2
"955",2.18159035720963,5.99294602284107,1,2
"956",3.39542038562467,4.19636818522278,1,2
"957",2.62619987819533,7.51065029063103,1,2
"958",-0.861123721215443,5.67270691252387,1,2
"959",1.45280138332389,2.83008216293546,1,2
"960",3.62736173277292,6.34584365002388,1,2
"961",3.52619144582309,8.06068058026463,1,2
"962",1.43829023995275,11.9669865938951,1,2
"963",1.66202845235879,6.66275255316401,1,2
"964",1.6143074206662,9.32770766234843,1,2
"965",-0.482503326774737,7.77935833016161,1,2
"966",2.64253737693652,6.84256697380198,1,2
"967",3.16721633094768,0.815705755202655,1,2
"968",-1.01651901709394,5.65956973315624,1,2
"969",2.31675938495501,7.30970717360628,1,2
"970",3.49383336896059,9.53701848124276,1,2
"971",0.30886270078887,9.86102780769086,1,2
"972",3.18983549735683,10.1646863263299,1,2
"973",-1.19139337340582,8.43570594721067,1,2
"974",1.68125662466745,11.2235357666835,1,2
"975",0.855894544588978,2.30716383596322,1,2
"976",-1.54658868683081,6.44124522732595,1,2
"977",1.71983909835439,12.2186264594454,1,2
"978",1.31214235118578,1.59299321498217,1,2
"979",-1.12325166006947,7.66885974317006,1,2
"980",2.09340068209479,4.80509344472102,1,2
"981",-1.55896373352298,12.0134845218297,1,2
"982",-2.21883611060784,5.86205499057272,1,2
"983",4.39896786430224,11.9957306788314,1,2
"984",0.88411283383508,7.46649577628364,1,2
"985",-0.927253748102394,2.91680031135943,1,2
"986",2.25558561265434,6.17574382935586,1,2
"987",-0.523042719865576,10.5672701175029,1,2
"988",1.95509360486189,14.934229289791,1,2
"989",2.95322768861857,10.9910078388545,1,2
"990",1.94562948323046,7.85050222738413,1,2
"991",5.17473183842973,8.73263261490587,1,2
"992",2.21711202884261,8.79134405083813,1,2
"993",0.294380608739576,4.2565155208184,1,2
"994",0.0508200666780418,1.80192678317403,1,2
"995",1.80976881678513,8.31916897044581,1,2
"996",0.680071820411733,2.41146190546687,1,2
"997",1.75763495354427,8.85487213505736,1,2
"998",1.62589324947132,4.22754414814078,1,2
"999",2.46711198972792,2.95891272001669,1,2
"1000",1.00654389579702,-0.0828534718016929,1,2
