"X1","X2","component","subcomponent"
"1",18.9808723239389,28.3699507264836,4,5
"2",21.9367222837044,28.1506801410696,4,5
"3",19.897323085596,27.1481349391704,4,5
"4",20.429287405017,24.4437896163883,4,5
"5",21.8252370889645,24.2977610417262,4,5
"6",21.8665659007215,26.6004948728771,4,5
"7",21.7371259795886,31.200551731634,4,5
"8",19.7458042216064,23.0548283574588,4,5
"9",22.7085421935836,34.1817352553935,4,5
"10",20.8642305423374,28.1176805968014,4,5
"11",21.956231018193,35.4478590449701,4,5
"12",21.4435633162574,26.6708292003065,4,5
"13",20.3399870272558,26.003751660051,4,5
"14",21.3706803582839,28.5854725673071,4,5
"15",22.2167136094071,32.1567580357272,4,5
"16",21.613738969038,32.1303237552111,4,5
"17",21.4303075438552,30.9386431335655,4,5
"18",21.8706570182525,28.1299056665624,4,5
"19",19.2524144242144,25.1691102946539,4,5
"20",21.1661624565277,31.5600170249309,4,5
"21",21.0586006742652,29.0176336930046,4,5
"22",24.3667071301152,32.781272576622,4,5
"23",22.8196688211244,31.0256176908616,4,5
"24",19.0714787987297,27.0679596692088,4,5
"25",22.5396003872831,30.0171608267977,4,5
"26",21.525156892994,27.107809637722,4,5
"27",21.9301618094379,26.083597874007,4,5
"28",20.1585440667211,27.8965609322245,4,5
"29",22.1967736774177,32.0882746201533,4,5
"30",21.0660116473218,30.6730114336783,4,5
"31",17.9600607083958,22.212003165124,4,5
"32",18.0412638331184,18.7984551370115,4,5
"33",19.8061233451529,23.7125556361542,4,5
"34",18.7505792743036,29.7514597596106,4,5
"35",20.4710794515249,28.7330943023033,4,5
"36",20.1541262850148,26.1621944445863,4,5
"37",23.7332459205906,31.7486607808967,4,5
"38",23.2778683212479,35.3629295899043,4,5
"39",20.4579447127262,35.7556434589016,4,5
"40",23.4584650687287,32.8800745663086,4,5
"41",18.9584273434242,27.6950276248564,4,5
"42",19.3959421629674,25.381566378777,4,5
"43",18.3576081973046,24.9080612529727,4,5
"44",17.9260552145856,22.1747807865981,4,5
"45",19.3973904468562,28.0651127353588,4,5
"46",20.9772095285706,29.3933051828382,4,5
"47",21.5139035066814,24.763481388944,4,5
"48",21.6666778347787,33.2781193555011,4,5
"49",20.9763511203277,33.329465728416,4,5
"50",20.4046919410171,28.4789507179863,4,5
"51",24.014551490513,32.0285355793215,4,5
"52",19.0912434097918,27.155142719313,4,5
"53",23.7803957634719,31.8712188109817,4,5
"54",19.8376580280249,25.7470233667262,4,5
"55",22.195871275839,30.5438989104836,4,5
"56",19.5085222050921,25.3029834451678,4,5
"57",22.902906654659,33.5247788524051,4,5
"58",20.9936367520017,22.3979282230461,4,5
"59",20.1949463103303,27.0128559859619,4,5
"60",19.4667782751316,25.1965797964398,4,5
"61",22.9461641481459,33.5597670468381,4,5
"62",21.6545317461324,29.9618283888899,4,5
"63",18.830164441289,26.5218773300839,4,5
"64",19.4193857886459,24.4634921463614,4,5
"65",21.2854627976562,29.1312026819032,4,5
"66",19.2797536433004,18.9562414727789,4,5
"67",22.1959478742899,33.6221196577188,4,5
"68",18.1755534843598,31.5161181381214,4,5
"69",23.0832702331622,34.7469519877626,4,5
"70",20.1323312547005,21.1300372176458,4,5
"71",22.6376451014467,32.4849517577921,4,5
"72",18.8850864121012,21.0161234414853,4,5
"73",21.0190182211576,30.971111066199,4,5
"74",19.232776876448,26.5319604079293,4,5
"75",18.9465503033728,29.5575852487922,4,5
"76",18.7011745386623,24.8447529017988,4,5
"77",23.368451642745,34.2076285966141,4,5
"78",20.9743763510792,29.2333441695254,4,5
"79",23.0733001008107,34.2476211126482,4,5
"80",20.2806366712729,26.9583857947255,4,5
"81",21.4949756112358,30.7960299717475,4,5
"82",20.7332948778137,30.9482292763155,4,5
"83",21.6935826771453,30.1563729375163,4,5
"84",23.0839889249695,32.9651090442994,4,5
"85",22.4097964279115,34.249971547788,4,5
"86",20.6348977026821,27.3456321099671,4,5
"87",21.4461008033005,29.8246719931309,4,5
"88",23.4422302863235,37.2208246217371,4,5
"89",21.4018614908173,26.2618523045544,4,5
"90",21.60233980036,26.4191590267307,4,5
"91",19.0178655341826,28.9026033442707,4,5
"92",18.3539209808994,24.0747918741992,4,5
"93",22.5582585438255,27.8599718782399,4,5
"94",21.6389841204209,30.2609827046144,4,5
"95",22.6662996483714,33.3919891806825,4,5
"96",22.6887699642534,29.9691542628803,4,5
"97",20.3715607090539,27.5924389763413,4,5
"98",20.7182054298734,28.4447311313378,4,5
"99",19.0142009351857,27.0443964855136,4,5
"100",22.5434356638447,31.6547209514698,4,5
"101",21.2105782790086,27.7499312440799,4,5
"102",20.4099913412778,26.4997774996543,4,5
"103",20.5676244166872,29.2222790090918,4,5
"104",19.373681450054,28.4283405156671,4,5
"105",21.2646242275149,28.0845089615128,4,5
"106",20.7319748778061,28.9079986688584,4,5
"107",22.8675079436165,33.2063982329451,4,5
"108",18.7981619768763,23.2974154679092,4,5
"109",16.9926066285308,20.317288694719,4,5
"110",21.4542198970893,25.6749658020238,4,5
"111",20.1364979071072,27.9247662568528,4,5
"112",18.4002855371049,21.23694087163,4,5
"113",20.3003204013744,27.1104033846732,4,5
"114",19.3796366801417,29.4158183224185,4,5
"115",22.9661811781172,32.2728430381168,4,5
"116",20.007986391737,25.5184356879781,4,5
"117",23.6526914678668,33.7937080586275,4,5
"118",22.9937909079798,38.0279874056392,4,5
"119",19.6360771691502,27.3671263632286,4,5
"120",22.7145467393621,30.2650004743277,4,5
"121",19.9882646139212,29.2493701994434,4,5
"122",19.2766282277296,23.6747825195568,4,5
"123",21.9522926395841,34.8789775951818,4,5
"124",22.9597868576576,34.6508078281114,4,5
"125",19.2677916872999,22.6269423249209,4,5
"126",20.6274228227146,23.7967487696265,4,5
"127",22.7740588627116,31.6826983137361,4,5
"128",20.888625771059,27.1641213657436,4,5
"129",19.2361380529259,27.6104780560287,4,5
"130",20.9692945279849,24.9683916427928,4,5
"131",19.9520850749203,28.1366910383662,4,5
"132",21.1995420480143,30.1998189153536,4,5
"133",21.9857362772586,35.2324362219334,4,5
"134",21.6098949467853,30.7903307611171,4,5
"135",19.1884454490944,29.2027744344669,4,5
"136",22.4592835771223,26.103242461342,4,5
"137",19.6506779440988,26.7505898636734,4,5
"138",22.9800787170484,33.2500243835914,4,5
"139",21.3614694581499,30.6835235221883,4,5
"140",19.3853112691022,26.1917531023303,4,5
"141",23.1276283022813,29.1461425518347,4,5
"142",20.7793542646242,32.7684734551169,4,5
"143",18.2781341823545,18.7616283927908,4,5
"144",20.2180529619517,29.1912009593371,4,5
"145",19.2243692615904,19.9575561328364,4,5
"146",20.4534021946851,25.5095181284104,4,5
"147",21.8984313731271,34.9343043397472,4,5
"148",20.2654404588151,30.1721256791312,4,5
"149",21.4676347629895,30.3465681205645,4,5
"150",22.6561347718895,31.2626705298451,4,5
"151",21.3008302601684,28.4648574451114,4,5
"152",19.2058828883978,24.8218448370278,4,5
"153",21.2210254193289,21.8420041029576,4,5
"154",21.7683246505513,32.2040012546458,4,5
"155",25.8585703259355,38.94219341803,4,5
"156",22.9860016712712,35.4382341436317,4,5
"157",21.8467305288395,28.67954610485,4,5
"158",21.3656085101999,25.3456128833636,4,5
"159",20.6352918730213,24.1086950453608,4,5
"160",22.9877908142876,31.4542832371751,4,5
"161",22.0299158579085,29.1537062377247,4,5
"162",20.5404652697538,25.9282075194406,4,5
"163",20.8081506716041,27.9676845010426,4,5
"164",24.5729497343985,43.7146465340837,4,5
"165",22.5263159245105,28.7758637613268,4,5
"166",19.6466071001383,24.0041349953131,4,5
"167",20.3971559287271,30.4891723697361,4,5
"168",22.9367631206204,31.1156588778721,4,5
"169",21.3548339398412,33.843628282047,4,5
"170",21.8114165335896,30.2820122715012,4,5
"171",20.558396710868,26.1216745321066,4,5
"172",19.2285204723584,22.7678053929329,4,5
"173",21.658392477377,31.3210278397354,4,5
"174",19.8793334393901,29.1620058903849,4,5
"175",21.1525175546449,30.0305058627114,4,5
"176",23.4904192041888,33.1573497883837,4,5
"177",21.3166246552459,29.5885412806467,4,5
"178",18.6208746597321,23.2893448558331,4,5
"179",23.6327243334983,33.7571949777942,4,5
"180",22.8655987382691,37.0404596263969,4,5
"181",19.63425191953,30.510091194955,4,5
"182",22.7562463548666,34.8221920082894,4,5
"183",20.3755183089068,27.1094258163934,4,5
"184",15.897009579251,17.3245411720959,4,5
"185",20.5405559616804,25.120526324975,4,5
"186",21.3557880711627,28.3451421545438,4,5
"187",21.1125645788945,29.7972722718261,4,5
"188",20.0279490132141,24.4855767625124,4,5
"189",22.8876938240612,32.8205433969577,4,5
"190",20.8412114723578,27.7498955551126,4,5
"191",20.8556647229551,27.1980513010458,4,5
"192",21.8734008805975,32.9674975948235,4,5
"193",21.1250167742557,25.8208676940307,4,5
"194",21.6965227533244,28.4302281386894,4,5
"195",22.360489380263,31.6373176894718,4,5
"196",18.6285747424006,22.2494296978607,4,5
"197",16.9131004871144,18.2830620440109,4,5
"198",23.0134279010908,37.9126004471537,4,5
"199",20.6779822059765,29.0785937743232,4,5
"200",20.1882662580312,31.5032362845707,4,5
"201",21.6469548881093,31.9313533358788,4,5
"202",23.1567675823857,33.0991264182224,4,5
"203",21.3746377919551,28.0507504866218,4,5
"204",22.5955118106066,30.4066828372913,4,5
"205",18.7576055358856,26.4163583121916,4,5
"206",23.4022103611968,32.9753564509161,4,5
"207",20.8922819342911,27.3767303873972,4,5
"208",21.4332553069792,31.7641802859631,4,5
"209",18.8162311323725,22.0730520207504,4,5
"210",19.9434484093736,25.0437869474292,4,5
"211",20.8803129552429,27.0093889339715,4,5
"212",22.6045343304435,37.9286759418816,4,5
"213",25.4277637883417,40.2891394104498,4,5
"214",20.522648816485,28.9246384603803,4,5
"215",20.8732199215537,32.3714574617547,4,5
"216",20.7759966661382,27.6937347063138,4,5
"217",19.1971442254438,21.9130677610089,4,5
"218",22.3259071660192,31.7024786558635,4,5
"219",21.0851476566495,30.3769913345735,4,5
"220",22.2730886519828,23.3966492517549,4,5
"221",21.0397985605121,25.4286165033427,4,5
"222",20.7146133834544,28.5091045033558,4,5
"223",19.6840455612387,27.1042854312221,4,5
"224",22.7411757555473,30.7696469525574,4,5
"225",20.4504539309459,30.876639117435,4,5
"226",19.9885114422752,28.126120682361,4,5
"227",20.4012210760446,32.936224671181,4,5
"228",19.020259890306,22.9859811471187,4,5
"229",18.2815742817795,22.6431049992808,4,5
"230",21.7911618679328,30.0768950450941,4,5
"231",17.4467838961055,20.3631291829113,4,5
"232",20.9008853964085,29.4868347203059,4,5
"233",21.6248381448003,26.6715362699739,4,5
"234",22.3303633781633,29.0275657187683,4,5
"235",19.7532825960586,26.6300206118989,4,5
"236",20.5058717429357,29.2810662031778,4,5
"237",20.5423330922661,26.3904016810798,4,5
"238",22.9362255776028,34.8278178828849,4,5
"239",19.8885343898822,28.5345920291815,4,5
"240",21.1150615724855,23.6582443749224,4,5
"241",21.9400928770548,31.6106457240742,4,5
"242",21.5580619463746,29.7041408568652,4,5
"243",19.8911912888991,27.5601524941439,4,5
"244",19.4732776413104,33.5284943370042,4,5
"245",19.5449911656044,29.3607830949444,4,5
"246",20.6380392143816,26.6694623731054,4,5
"247",20.9628409023489,27.9954270460635,4,5
"248",20.6609424052097,31.2604006621165,4,5
"249",18.569582648456,22.6568033550487,4,5
"250",21.7889177269708,29.901279025471,4,5
"251",20.6522329291632,25.9238755517314,4,5
"252",22.7236212835218,29.5421280581469,4,5
"253",24.0765409042902,33.798742731399,4,5
"254",21.3128178517988,27.2083236417921,4,5
"255",22.4682691157705,34.3122467628969,4,5
"256",23.5412837722209,33.3477383755944,4,5
"257",19.705513252445,26.3974076614208,4,5
"258",19.8235665368847,27.5841178109432,4,5
"259",20.690473636312,30.2461475022879,4,5
"260",22.8300022168422,29.3160412019856,4,5
"261",19.5352952906227,24.8436320197944,4,5
"262",21.1681988006021,31.0351574192395,4,5
"263",21.7733025863295,28.8040721719069,4,5
"264",20.5044638936277,20.5827242965767,4,5
"265",22.9916910035386,31.5838678143799,4,5
"266",21.179544212711,27.9389342034044,4,5
"267",23.0842823330321,34.0427417469082,4,5
"268",19.6729943818507,25.6375644027746,4,5
"269",22.4932080765343,30.9953421222954,4,5
"270",21.0040107986789,30.79543797295,4,5
"271",17.8676920126369,24.8798405046738,4,5
"272",19.5236579047498,27.9569740079704,4,5
"273",18.5933516014797,26.5351413699171,4,5
"274",20.5057340501688,31.1501071514925,4,5
"275",21.3143239985593,29.4569715152265,4,5
"276",23.9812592352833,32.5819478362056,4,5
"277",21.0337249087633,29.9852686671742,4,5
"278",18.5303093490724,25.5376448568623,4,5
"279",23.1859913352788,33.8425497997889,4,5
"280",20.8608090828704,29.0971861076141,4,5
"281",21.957456828532,22.0346619124711,4,5
"282",22.8830645412042,33.1445586899498,4,5
"283",19.3744449384308,27.9189102002693,4,5
"284",22.0024660480342,34.6543087833522,4,5
"285",21.7881682660819,26.1501948204063,4,5
"286",20.8432822993701,28.8002439575491,4,5
"287",20.8080083782741,29.0129807592976,4,5
"288",19.7869935356314,27.6597109140529,4,5
"289",20.8942731776895,27.3055240708881,4,5
"290",20.4955307385958,32.827216212986,4,5
"291",21.4414073787203,35.8060732453987,4,5
"292",19.5773754565828,23.9687341358399,4,5
"293",19.4991362707525,23.6951899154954,4,5
"294",23.7324448510671,32.3744215098349,4,5
"295",22.0496925851239,26.8329421428289,4,5
"296",20.8443582447626,32.1721799903313,4,5
"297",20.1524819841506,28.4529829990915,4,5
"298",24.3012995720747,37.1030039878213,4,5
"299",19.6939194633284,26.0801042073012,4,5
"300",19.4713137791177,29.6338719794054,4,5
"301",23.3174137284217,35.5736416170022,4,5
"302",19.475156953712,25.037900107857,4,5
"303",22.8181030487523,33.7413228783842,4,5
"304",19.3951503321595,28.2207307761348,4,5
"305",21.2048149783919,31.5430612430123,4,5
"306",20.8554816017694,24.0865546507934,4,5
"307",20.7914658134054,32.0090838993617,4,5
"308",21.8372227980431,30.6427429704909,4,5
"309",22.0081913970742,28.925145383773,4,5
"310",22.4476271265176,33.6891737110391,4,5
"311",22.5301846460224,33.7302472625127,4,5
"312",21.0986274892756,26.5783404730863,4,5
"313",20.4273338927642,29.8164171629092,4,5
"314",21.4587087502243,30.1453948869888,4,5
"315",20.0311773964634,26.2304457777734,4,5
"316",20.4078526464372,27.0485636597827,4,5
"317",19.9137597689921,32.9158431455461,4,5
"318",19.1459636105948,25.098025379663,4,5
"319",19.2433838980035,31.0002918633238,4,5
"320",20.8943351808704,28.0737649150112,4,5
"321",19.9168396485469,24.672353298767,4,5
"322",21.877491393056,26.228647817598,4,5
"323",20.0330417901515,26.8000188631384,4,5
"324",22.7939301323374,31.9471452441087,4,5
"325",21.2309559843579,31.6131669319549,4,5
"326",19.7070669724378,26.1068620283686,4,5
"327",23.1140405789748,38.5381227802463,4,5
"328",19.7262670944693,29.877071863676,4,5
"329",23.5895163556395,39.2932701598273,4,5
"330",22.6204166138637,32.0547375217309,4,5
"331",21.1202537670081,31.8843166977961,4,5
"332",22.1835991285975,30.1115457972026,4,5
"333",20.1060215309924,30.9949374982838,4,5
"334",20.259895751052,27.8658885856754,4,5
"335",20.2235177416245,27.3218714806442,4,5
"336",21.549419311142,32.7702813715752,4,5
"337",22.3494970268897,31.5273904804378,4,5
"338",19.3372782637912,29.6158238292474,4,5
"339",20.6748212987295,29.6839386295221,4,5
"340",21.4429454627197,29.2404855495398,4,5
"341",19.9097546834539,25.8334094706621,4,5
"342",19.9921799358351,22.7152007847855,4,5
"343",21.8805446837509,27.7132700000269,4,5
"344",20.0883364688152,29.5892969367156,4,5
"345",20.819024953653,29.5328570420661,4,5
"346",21.4046451425768,27.7928851919168,4,5
"347",19.9552203426926,21.9023718721042,4,5
"348",17.341661964478,21.5830684731566,4,5
"349",20.4927790378661,26.9115873686312,4,5
"350",21.8045837861357,34.105325872299,4,5
"351",17.3626706785043,25.0214765672234,4,5
"352",20.1705766405941,29.3366640443502,4,5
"353",24.3874826322115,37.5228787379801,4,5
"354",22.3815726710093,27.6467855774966,4,5
"355",22.4312204778831,27.3949575033689,4,5
"356",19.7417712364339,29.047756370686,4,5
"357",21.1167969202704,29.2221730788912,4,5
"358",23.8383904769144,35.0613490848676,4,5
"359",20.9805902717253,25.4569870264307,4,5
"360",22.328267921813,34.5205811633007,4,5
"361",22.2247032164036,29.5887296071522,4,5
"362",22.0789004548357,34.7969336552888,4,5
"363",18.2460825432025,19.3186816580134,4,5
"364",19.6594490695871,25.0967652227968,4,5
"365",19.0699255643275,24.8290628567713,4,5
"366",20.4413393729785,26.1995915709469,4,5
"367",23.2762285954782,34.8216474062207,4,5
"368",22.2403511342832,27.2238352898665,4,5
"369",21.9551205900347,25.1594685064689,4,5
"370",20.520513166847,23.4436008287858,4,5
"371",19.4276168968571,26.1653929825511,4,5
"372",17.8895939093007,23.9470240628828,4,5
"373",18.9930100859529,20.425225207436,4,5
"374",21.1935366325775,26.0834651985665,4,5
"375",21.7616116891468,28.2386336825285,4,5
"376",23.7466006877456,33.4586626392365,4,5
"377",24.2209601229188,32.3660654557609,4,5
"378",20.7280892931098,28.4016081065813,4,5
"379",18.2530550112643,26.8651631584887,4,5
"380",22.3110858935968,31.880552819066,4,5
"381",22.3489698509916,34.1362748961973,4,5
"382",18.5977751577857,20.7556200336777,4,5
"383",20.9757927323346,30.7959307103885,4,5
"384",21.6827058316873,27.3061914935531,4,5
"385",20.3872123229156,28.30417469756,4,5
"386",19.3786978998729,23.9622506099797,4,5
"387",22.1914422504714,31.7300810260773,4,5
"388",21.9522554641631,31.9523478900935,4,5
"389",23.9793486457586,31.3079564137738,4,5
"390",21.0668242138982,26.5212887052269,4,5
"391",21.5567000026615,35.4196829123489,4,5
"392",22.3061289041567,34.9003794343681,4,5
"393",22.2083053580178,29.3971776654122,4,5
"394",22.3988701458522,29.83357041816,4,5
"395",22.5953923681258,32.257265958725,4,5
"396",22.6688165104683,37.6345853978965,4,5
"397",21.976357832621,37.1799046903379,4,5
"398",22.5552072298532,27.839046825008,4,5
"399",21.943384100802,31.9836004234406,4,5
"400",21.9469755787188,28.479113462609,4,5
"401",22.3789299055256,28.679103713939,4,5
"402",24.706665324086,34.3170701723387,4,5
"403",20.0307754416429,27.9285933366281,4,5
"404",23.544530181572,35.4236238708711,4,5
"405",21.3974526477217,28.4802175584292,4,5
"406",21.4353150586693,31.2667332783719,4,5
"407",21.34147901603,25.4748090277025,4,5
"408",22.6215100824359,29.1593397549796,4,5
"409",20.28928187824,29.2592794142431,4,5
"410",18.9789583096205,27.1932890322643,4,5
"411",21.2739454931666,28.50986979626,4,5
"412",22.5246734692368,30.3816437096884,4,5
"413",19.6203392021421,25.9064190659513,4,5
"414",19.5848238384937,27.0897468616418,4,5
"415",22.7633222616159,29.9518985290239,4,5
"416",21.2132141561071,31.611164409348,4,5
"417",19.49029923588,29.8217676904034,4,5
"418",24.5327102625995,34.15308968427,4,5
"419",21.5344391632172,29.8145812523237,4,5
"420",22.3613999376531,34.2755351292246,4,5
"421",20.273376993705,27.2751458933674,4,5
"422",21.4063749569763,29.3625645359526,4,5
"423",18.6017446606391,25.7507767555642,4,5
"424",20.4486581361532,26.1114567882082,4,5
"425",19.5969186141189,29.8067859027731,4,5
"426",21.990386487915,29.8857766099596,4,5
"427",21.7680340407511,35.5882577334443,4,5
"428",21.4120310737996,24.4307257998425,4,5
"429",20.1640102376502,27.4623578610008,4,5
"430",21.0749468736952,26.7599452213096,4,5
"431",19.1849481081767,27.7694614424455,4,5
"432",20.2647265883037,26.4714994878663,4,5
"433",20.1567091545979,26.2997116844989,4,5
"434",22.3977158956986,26.781870184938,4,5
"435",22.0002224858839,32.0692355319473,4,5
"436",20.4826275325005,25.8847196765759,4,5
"437",19.9393411095834,32.12382862632,4,5
"438",22.5508405937011,28.9037925859481,4,5
"439",21.612901601955,33.0079957748637,4,5
"440",21.9193743327704,31.2926102979149,4,5
"441",20.9778826930189,32.1416949778334,4,5
"442",20.9501132110736,29.9428848444314,4,5
"443",22.0136045216094,30.5737150525142,4,5
"444",24.2668883626278,35.6121019484332,4,5
"445",22.118358736298,30.4985797842409,4,5
"446",18.727311816943,23.4507048206874,4,5
"447",21.9940136136083,21.9809331921209,4,5
"448",21.7686033972001,32.4282669158218,4,5
"449",19.8292039516254,28.2161704835856,4,5
"450",21.5266839102504,31.3071781548108,4,5
"451",19.5168104224933,26.8544898848955,4,5
"452",21.4974641762486,31.2849437090236,4,5
"453",21.2041646197189,29.3225482959899,4,5
"454",23.3123671875446,37.6095709811261,4,5
"455",22.4369991078352,38.3390535050431,4,5
"456",22.8597716792918,32.3282184206933,4,5
"457",19.8069656820793,25.931842515073,4,5
"458",20.5706295929438,24.5625121272301,4,5
"459",20.201535305824,24.7694916394268,4,5
"460",22.3395256393233,28.8156162737484,4,5
"461",19.6541182900991,24.8590854600612,4,5
"462",19.7070459884573,27.8934575722425,4,5
"463",21.3392249331042,28.1255607321721,4,5
"464",20.5544416063822,30.2938793022283,4,5
"465",19.8076030128894,29.2861689493663,4,5
"466",20.7519412591004,27.0138042369419,4,5
"467",19.1823596814387,17.264460588156,4,5
"468",21.7365037215394,31.7289248550012,4,5
"469",21.7411198211017,29.3844493279893,4,5
"470",20.0629274016326,30.8949224792989,4,5
"471",21.4987229725401,30.3034512041167,4,5
"472",19.9659950279329,28.4971296247933,4,5
"473",22.3687719163009,29.842346808632,4,5
"474",21.2464708280724,33.5138489721813,4,5
"475",19.3368461054358,27.5033134606524,4,5
"476",21.3241016928924,29.2646877324788,4,5
"477",22.3732512415596,32.0013102791587,4,5
"478",22.8194923042616,30.018732528108,4,5
"479",22.2306491169846,28.4044511935486,4,5
"480",20.7996999555308,31.1060588374335,4,5
"481",22.6508414034994,35.7432220724701,4,5
"482",17.3027302666359,29.9087855652601,4,5
"483",24.2300362802402,34.8061517745658,4,5
"484",20.87306458786,24.8277378535199,4,5
"485",21.4138638688392,30.0026310665667,4,5
"486",20.4605477262526,29.5455711468428,4,5
"487",21.4824568715845,27.3802291577826,4,5
"488",21.7237733720989,34.619600593334,4,5
"489",20.9786294164194,26.6387923476189,4,5
"490",22.5121544081409,37.1455094917493,4,5
"491",21.9069578315741,31.3983470768743,4,5
"492",21.5679824980938,30.0566890761965,4,5
"493",21.4321323099691,34.3132290662926,4,5
"494",20.2456633762562,28.2415807095586,4,5
"495",24.4913149772789,26.8844817298294,4,5
"496",20.8043841206837,29.0543938915947,4,5
"497",19.7965702937247,27.6496134955516,4,5
"498",21.439261426285,28.5989283668027,4,5
"499",20.2153291604999,29.0491853531331,4,5
"500",20.7087998205697,26.9171167441229,4,5
"501",18.5642053711653,28.6196126680675,4,5
"502",21.9905315018609,24.9151319502584,4,5
"503",23.5291201291949,33.8289151237448,4,5
"504",25.2108929547513,36.429707948264,4,5
"505",21.3872743235752,33.8312462633297,4,5
"506",21.6241721228707,27.9076131141706,4,5
"507",19.7713939883168,25.2996696210895,4,5
"508",20.7281357688031,28.3824553317309,4,5
"509",22.5923059447208,36.6113670630411,4,5
"510",20.6587839996348,26.2213549638989,4,5
"511",20.3360999524518,26.8141532405597,4,5
"512",20.8449076245363,28.5328412217232,4,5
"513",21.2181606069133,32.3338282564195,4,5
"514",17.6076957110059,24.3354383953604,4,5
"515",19.5156825024764,23.5615134284775,4,5
"516",23.0333954312544,29.8721379464654,4,5
"517",21.6823116205804,33.8130181371107,4,5
"518",23.2054528251023,34.4845649457544,4,5
"519",22.7953703743359,30.8648046360255,4,5
"520",22.0693770478154,28.738084446824,4,5
"521",20.6130204819672,26.769175230179,4,5
"522",20.0464055783522,33.1511515330205,4,5
"523",22.7182949466667,26.276831508678,4,5
"524",20.4354022540034,26.1417131024596,4,5
"525",23.7054106301188,33.2158749300507,4,5
"526",22.735810698784,35.1411416038362,4,5
"527",21.1059021652739,26.2759577523164,4,5
"528",19.317716856711,27.95848540656,4,5
"529",20.4763632296383,34.3627142847902,4,5
"530",19.1267055783567,28.6074622421621,4,5
"531",20.7198833076128,26.9270292556662,4,5
"532",16.7190614232445,25.2269910701198,4,5
"533",21.2000212562024,33.4894116604794,4,5
"534",21.2873767218217,30.6075570292866,4,5
"535",23.2277902603981,38.5030194050734,4,5
"536",21.3701355158268,24.5811189135835,4,5
"537",20.9586889901737,31.4646932191734,4,5
"538",21.8817038885998,31.2152727561499,4,5
"539",20.4783200665131,27.1467567308656,4,5
"540",18.3387146599594,26.1375126283567,4,5
"541",19.8559099919062,26.2249027514634,4,5
"542",25.6570268759644,40.9663475691912,4,5
"543",23.049239237635,35.4880209606564,4,5
"544",22.1928497463197,29.0526772839746,4,5
"545",20.427056845682,28.5748456610621,4,5
"546",20.7660086133629,29.633319288027,4,5
"547",23.8677639003727,35.0434617175035,4,5
"548",18.8549129870337,28.0563612712956,4,5
"549",20.8745748355308,30.367059958446,4,5
"550",21.852129761422,25.3609615881039,4,5
"551",21.0286856531355,31.4365662885643,4,5
"552",23.1033566741208,29.0737508544296,4,5
"553",21.2752618957842,26.6392121856157,4,5
"554",18.5691510570653,23.9838320156184,4,5
"555",21.5882015818241,33.4758387975027,4,5
"556",22.5124320902596,31.6741889144441,4,5
"557",20.8792565937786,26.6653080348447,4,5
"558",19.5548507576602,22.5389709895713,4,5
"559",19.3964062020388,27.3653859896273,4,5
"560",20.9337529852049,26.7226823628381,4,5
"561",20.9206892323936,28.2690290125454,4,5
"562",21.5268584122121,32.8341296792782,4,5
"563",21.2008126068486,27.9172358494488,4,5
"564",21.0237168497405,31.8959188383695,4,5
"565",21.5372024207099,33.9573947110505,4,5
"566",22.054568025614,27.7092434073802,4,5
"567",22.1354436159445,30.6572628837976,4,5
"568",21.4384023248721,31.5866344886646,4,5
"569",20.9304306088589,25.3523804206941,4,5
"570",22.3197901920135,25.777798736635,4,5
"571",21.1678640747882,29.3553879497297,4,5
"572",21.3556090634251,30.6397785513082,4,5
"573",22.0181382732998,33.5641891302143,4,5
"574",20.7501519292869,24.9775503897708,4,5
"575",20.111251685419,29.7946778214044,4,5
"576",20.768172050561,28.2056942793661,4,5
"577",20.7859107801298,26.8789897468292,4,5
"578",20.3363541915434,31.4165419848171,4,5
"579",18.8538518480608,27.7488314800526,4,5
"580",21.4976785213948,25.1448557252038,4,5
"581",23.3605803183104,29.6178776483703,4,5
"582",23.3621012391356,35.1701830914381,4,5
"583",22.9262648390475,34.2380812551538,4,5
"584",20.1304678954303,25.1013032749744,4,5
"585",22.2198834640017,26.5761281285732,4,5
"586",20.7054237743868,32.7035572647781,4,5
"587",20.7917402457029,25.7965738119771,4,5
"588",22.4244541928331,34.5921754483806,4,5
"589",18.4640214224279,18.6047909471016,4,5
"590",21.2977087494849,29.1717580117251,4,5
"591",20.0168794837869,29.169336137142,4,5
"592",21.5545600238062,27.1798945465129,4,5
"593",22.0728600694894,27.1942943675593,4,5
"594",20.1386759112416,30.1167685168101,4,5
"595",21.6557772059941,31.4959440616548,4,5
"596",21.7272679521511,25.8264023380664,4,5
"597",19.5144866386904,25.844852624157,4,5
"598",23.7753025938524,35.4082271719234,4,5
"599",21.5820615957016,31.9054927703921,4,5
"600",20.8252866175851,29.9309286464312,4,5
"601",22.9302950699412,33.0873264458443,4,5
"602",23.1501878890707,33.7500411284283,4,5
"603",19.6738312982986,21.7582295920517,4,5
"604",22.5950956191527,35.0337840873642,4,5
"605",21.674862113223,31.5276065150933,4,5
"606",20.9922148648822,34.1058725642213,4,5
"607",20.4496485881345,32.3582047478146,4,5
"608",22.7052504082544,34.3212423880683,4,5
"609",21.0715506797852,29.4403519607508,4,5
"610",22.0444869946501,27.7879408250808,4,5
"611",20.7483467491133,20.7326753900419,4,5
"612",20.7511661838121,21.5052225155005,4,5
"613",18.5956623637099,25.1839200271863,4,5
"614",19.7866832429608,29.0846415703945,4,5
"615",20.7054323322265,23.2029411165777,4,5
"616",24.2496526908324,32.4855965112071,4,5
"617",20.4073095432546,23.6054656399571,4,5
"618",22.9887164412486,30.2371294225273,4,5
"619",20.8653240052101,30.4145193122629,4,5
"620",20.4482338800452,29.6686923774189,4,5
"621",20.1929974391863,29.0650366520405,4,5
"622",20.7916803928379,25.6601806967719,4,5
"623",22.6908769570124,25.2938018816561,4,5
"624",20.675021623584,27.8269724999235,4,5
"625",20.4647893007626,25.7380482885447,4,5
"626",21.1017765804078,28.7777182927653,4,5
"627",20.2315894700686,28.3251717306827,4,5
"628",20.308302156674,27.3842912932349,4,5
"629",19.2575189967441,26.4492501017036,4,5
"630",22.476443993551,34.2205736966467,4,5
"631",21.9472794204839,23.3417195779707,4,5
"632",18.7526757553809,27.3525281211506,4,5
"633",22.6501350499255,29.0011217280423,4,5
"634",18.3850019322595,26.1653463237832,4,5
"635",21.7941735851194,30.299188294823,4,5
"636",22.8213616097813,34.161926522073,4,5
"637",21.3810110145628,27.9402432328263,4,5
"638",23.003371171075,34.6617282904155,4,5
"639",20.9854829160535,30.942229467139,4,5
"640",20.1830946261773,22.0913139177771,4,5
"641",21.5065665506108,31.2551689055072,4,5
"642",17.0012985991452,22.0806714953601,4,5
"643",18.8226255968209,24.2825991570425,4,5
"644",19.1054925328354,22.4313975430436,4,5
"645",22.3588654351532,31.5006469684347,4,5
"646",20.5811223790215,28.416952092172,4,5
"647",22.1232746186264,32.4276091924374,4,5
"648",22.7045719815428,27.4779364895602,4,5
"649",21.471283190403,28.6949436866346,4,5
"650",20.0290302791465,32.5984512503022,4,5
"651",21.6076979180458,22.9352842291714,4,5
"652",19.1299559968979,22.1095652520775,4,5
"653",22.6890554312947,30.8888317589834,4,5
"654",25.4054589169843,40.4196429715044,4,5
"655",19.7773248467478,27.173718221217,4,5
"656",19.0031420506961,24.4338356802651,4,5
"657",19.9498766411016,32.1779854114968,4,5
"658",21.1892032456328,36.7309115370679,4,5
"659",20.4791341900148,29.7531933037474,4,5
"660",19.779297086646,21.5128354800355,4,5
"661",22.9210962627717,37.3309432339446,4,5
"662",17.9995357942967,21.141219237483,4,5
"663",20.6507720022781,23.5558641668183,4,5
"664",22.1378828396121,29.7744357565266,4,5
"665",21.9610206021337,29.8137696454616,4,5
"666",20.3482010454974,27.8364844872516,4,5
"667",21.9449189291342,30.1010073633225,4,5
"668",22.0012055468072,28.1286563095372,4,5
"669",19.9395505613713,22.9625943982476,4,5
"670",21.8907252395259,30.4912709692142,4,5
"671",19.7000807486115,26.7940999211829,4,5
"672",18.1368467660297,29.1434544315492,4,5
"673",21.9932570276924,31.2343734975724,4,5
"674",22.7199933285419,31.7804205216447,4,5
"675",21.7297296586378,35.3711429495698,4,5
"676",19.2593616963515,26.7757802129734,4,5
"677",21.3216392645272,33.7001435097613,4,5
"678",21.4033762019417,27.1500219599743,4,5
"679",21.0757662454561,25.0291893854962,4,5
"680",22.6870116752077,31.909281659165,4,5
"681",20.7880797616827,27.9423881552941,4,5
"682",19.7738879951266,26.0720653097711,4,5
"683",19.9509330424339,26.0449366354771,4,5
"684",21.1200283962211,27.0977269086976,4,5
"685",20.460832972223,30.0469383073706,4,5
"686",22.4564143524967,28.0670818921356,4,5
"687",20.4444141743855,29.6256675445405,4,5
"688",23.3014831690369,28.733770910331,4,5
"689",21.1725111893073,29.9170773211127,4,5
"690",23.2457120589394,31.1238891378929,4,5
"691",23.3929609020355,31.9080046847443,4,5
"692",22.4780983851075,32.7834756656367,4,5
"693",19.7803796004226,23.6798733026713,4,5
"694",21.1721790572802,26.3170381779584,4,5
"695",23.3293420009482,34.2607790739551,4,5
"696",23.7064488952309,36.4744775857327,4,5
"697",21.5252891487159,30.8878087396722,4,5
"698",22.6016407950333,33.7273059437383,4,5
"699",22.7158117542731,32.4917833745483,4,5
"700",20.2923844445366,26.2356994388901,4,5
"701",21.721224719755,32.6435194437571,4,5
"702",21.6991735341328,28.8420739780984,4,5
"703",21.9237129720376,29.1479563318427,4,5
"704",21.7782540802686,31.5577766752111,4,5
"705",21.5532773198378,32.1844935448157,4,5
"706",18.8764560325715,25.6228188660597,4,5
"707",22.673707817448,34.3306942106956,4,5
"708",21.6083481890366,33.3077215119009,4,5
"709",21.5372927580727,24.2170363225342,4,5
"710",21.6806595714416,29.2760914387902,4,5
"711",22.4387296848531,27.8467157767679,4,5
"712",18.7289599744607,23.0900160887031,4,5
"713",21.4088323375279,27.6970148900308,4,5
"714",22.003078316792,29.527350469227,4,5
"715",17.3959144693592,24.5294844557249,4,5
"716",19.9691990808923,29.0518620949236,4,5
"717",24.4592708059125,36.9085132987373,4,5
"718",19.7225995988613,26.2141088478596,4,5
"719",20.6854955252135,30.2481210836973,4,5
"720",22.4340129422338,28.4577177433302,4,5
"721",17.640816632319,20.575457331466,4,5
"722",21.0703852741284,33.6935892102261,4,5
"723",20.3534375666148,27.0633180259604,4,5
"724",18.590360985919,24.0923845184203,4,5
"725",20.9348663695895,29.2858171290036,4,5
"726",24.3170805315582,35.6731217115546,4,5
"727",21.1455225767159,33.9286966066065,4,5
"728",21.2993120921655,23.493954254962,4,5
"729",21.4405951309921,27.0239011101823,4,5
"730",20.0682905441855,24.9824228644261,4,5
"731",21.5405128022861,31.297473585428,4,5
"732",22.2742353410352,30.362537164981,4,5
"733",20.1082143603237,30.9218660744063,4,5
"734",20.8918647753827,24.490897056166,4,5
"735",20.2761268189404,23.7699799179056,4,5
"736",20.9062676750487,26.3667257820108,4,5
"737",23.0320936513187,32.3181179430772,4,5
"738",17.2162847854793,21.6237218253912,4,5
"739",17.7754806694999,21.1887983976389,4,5
"740",23.039360000245,39.0157432657762,4,5
"741",19.8379536668402,27.8509247893791,4,5
"742",20.341509867697,30.675921775057,4,5
"743",21.7083439044849,29.4772552693126,4,5
"744",19.5952862708179,30.3023704323682,4,5
"745",22.1262564833709,36.0686128136475,4,5
"746",18.7535675358893,23.8727370607919,4,5
"747",21.7695031471657,32.3694017960779,4,5
"748",24.0500695079442,33.7481889121665,4,5
"749",24.173822048915,35.1464954443326,4,5
"750",17.7400928815813,17.0820558619138,4,5
"751",20.74994251542,31.6157387074415,4,5
"752",20.942747532676,31.5270589068737,4,5
"753",22.820330726042,30.8555468046096,4,5
"754",19.978437868119,29.2402160179272,4,5
"755",22.4198310724749,38.0482943995959,4,5
"756",21.3352638517669,27.9364426374639,4,5
"757",20.8431796851817,28.0932892886728,4,5
"758",19.7696345864259,28.9405545835958,4,5
"759",20.7024353625748,26.6182743192751,4,5
"760",21.8322859485332,33.9111076127443,4,5
"761",21.122733455992,26.1083145271546,4,5
"762",19.3274300255234,24.3521768269179,4,5
"763",18.0976647516419,17.6865581098949,4,5
"764",20.0564670350661,28.5115007816438,4,5
"765",21.3366217205626,29.5016784550303,4,5
"766",21.1632284484307,25.7947971521007,4,5
"767",22.0078048950118,32.161775507077,4,5
"768",23.9242201620245,35.3231224614903,4,5
"769",21.2515029169948,31.2498556490199,4,5
"770",22.0650602247382,28.2152164656163,4,5
"771",21.4707688682329,28.8251686615485,4,5
"772",20.233384990672,30.8886788913963,4,5
"773",20.2414754712769,25.0099164825292,4,5
"774",20.0797918436247,25.8751391847206,4,5
"775",24.3294637664761,33.0986406132038,4,5
"776",19.7158913083203,26.7616094333879,4,5
"777",21.6055612022073,32.1680536977823,4,5
"778",19.7137654006149,34.438030768935,4,5
"779",20.256362584191,27.3190995363971,4,5
"780",19.7066642078054,27.7032490481935,4,5
"781",20.6059780059802,22.5656690221653,4,5
"782",23.3700886153848,34.9677741085317,4,5
"783",19.1443554726826,29.5232527550901,4,5
"784",20.41575288878,27.3691352347445,4,5
"785",21.7893853690464,39.1715394734106,4,5
"786",19.3126890056749,26.6398542642118,4,5
"787",19.5402734458485,27.5638258873878,4,5
"788",21.6077310620386,26.7662305010934,4,5
"789",20.6857078191096,22.588170107997,4,5
"790",20.7430500043107,29.1461533185862,4,5
"791",20.6008376898727,27.9210015980619,4,5
"792",21.9201778147773,34.4214991744616,4,5
"793",21.54979164881,28.8620520183081,4,5
"794",21.7557406846135,29.2565550210728,4,5
"795",21.6250888697706,36.6639002547294,4,5
"796",18.4088517867342,24.416472873467,4,5
"797",20.6048860197766,27.1007262507083,4,5
"798",22.476496953744,34.1434314552951,4,5
"799",21.4347420322427,26.2568782997761,4,5
"800",26.4374826441608,41.2338350667663,4,5
"801",21.4776310249668,30.8412111494455,4,5
"802",23.1847712829394,32.3827047691646,4,5
"803",21.7205701920424,32.2361570389564,4,5
"804",20.8754464016165,31.8502004855671,4,5
"805",20.363083669804,31.6901287423813,4,5
"806",19.9498769621026,25.9882519850855,4,5
"807",22.7375408010502,30.2125445177879,4,5
"808",20.5990173748984,29.9218194784166,4,5
"809",21.1251553067133,31.3425731695511,4,5
"810",22.636333566308,30.5168519789907,4,5
"811",21.6398398153686,29.5817003873282,4,5
"812",20.6095336499832,28.2556642304314,4,5
"813",20.9222673650502,32.7218459479644,4,5
"814",20.0542661872369,27.7682532223302,4,5
"815",19.9888083302838,26.9599784441875,4,5
"816",20.695244274743,30.7147302602611,4,5
"817",20.0080956658871,25.8631837784956,4,5
"818",21.2615340019066,33.0364996162394,4,5
"819",22.0055954235196,33.5360074325419,4,5
"820",21.9771160865327,28.1102353619039,4,5
"821",23.5313594291287,33.8923521832847,4,5
"822",21.5597246711556,32.4442890720327,4,5
"823",19.9203780791196,26.0801757100045,4,5
"824",21.7140270546359,26.6625204522906,4,5
"825",18.6806664370232,27.7099505801075,4,5
"826",20.3519806920427,28.3442680734186,4,5
"827",19.8277786650282,26.5468718206976,4,5
"828",19.2766607514348,27.661311433731,4,5
"829",21.3979401689959,33.8431610613449,4,5
"830",20.6306679214241,25.8086702653497,4,5
"831",20.5632951937752,25.572969287266,4,5
"832",21.5753125844217,32.0180824147646,4,5
"833",16.9298157768077,16.4800430659638,4,5
"834",21.0491846211501,28.2154141213952,4,5
"835",23.0298048186182,35.1016199173654,4,5
"836",20.7470562822158,31.909225257872,4,5
"837",21.1941502063277,32.8163909737225,4,5
"838",20.415255001642,31.0265515654826,4,5
"839",20.756593360511,23.9632091006485,4,5
"840",18.6234329289092,24.612508474807,4,5
"841",21.7399904458659,28.9013459712184,4,5
"842",17.8938538491094,22.3384378491696,4,5
"843",20.6273637933502,28.1142446269805,4,5
"844",21.9190940980143,33.8330121045956,4,5
"845",21.5452587972609,32.9243995405045,4,5
"846",22.1634802499875,27.8896794017,4,5
"847",21.0802522019964,32.5949216425061,4,5
"848",22.7675685157503,33.6468371712768,4,5
"849",22.2080183856226,29.4905541465993,4,5
"850",20.3912357266448,25.0935572488955,4,5
"851",19.9719085947201,22.8836603626954,4,5
"852",21.7839274536437,33.8813700487937,4,5
"853",22.1036659515964,31.6526005902086,4,5
"854",19.8543334477485,24.8665556020293,4,5
"855",17.8981104426736,18.1094209960686,4,5
"856",22.3123072937155,36.634587750237,4,5
"857",18.1633396117384,27.3195995561528,4,5
"858",20.2067296731206,29.6012191120119,4,5
"859",21.1164680445623,27.667272823889,4,5
"860",23.8266758803613,32.8465833044586,4,5
"861",19.9009428872428,26.1203190336982,4,5
"862",21.8518318064556,30.0587353357655,4,5
"863",23.5900361774492,32.1131119081474,4,5
"864",21.5589802287559,34.7443880622577,4,5
"865",24.8670754370511,32.2614596378249,4,5
"866",22.2501371507323,31.277802997308,4,5
"867",22.3495023948645,33.8096742166183,4,5
"868",19.3614113294644,25.7709765775048,4,5
"869",22.0919898894883,27.2142620407299,4,5
"870",25.5526442081871,39.6739084497489,4,5
"871",19.4606622536864,22.8479567443864,4,5
"872",20.1019149832193,25.4057608309194,4,5
"873",17.3697177558678,22.2192360878354,4,5
"874",22.2007798760156,33.1973969529663,4,5
"875",22.2999162105516,30.4120886861013,4,5
"876",25.1116198682573,39.2943327922648,4,5
"877",20.5415887284253,27.6877955059973,4,5
"878",23.0676943934279,29.2508861053004,4,5
"879",20.0455824616544,27.7775450175728,4,5
"880",19.0299248782653,22.5904016946008,4,5
"881",22.9109558902071,30.6807220230515,4,5
"882",20.7650223891752,28.1201345740373,4,5
"883",21.0117314881277,32.7242869472593,4,5
"884",20.2515717201807,24.8733298266481,4,5
"885",21.1992697980206,32.524736376329,4,5
"886",18.349885253183,20.6838292650149,4,5
"887",22.384697439426,32.1708814456563,4,5
"888",21.4850772705595,29.2791700569931,4,5
"889",23.7039538966739,33.9195919386941,4,5
"890",19.4986531938819,28.2791324499269,4,5
"891",19.8175263622328,24.4420476205025,4,5
"892",20.6074376450589,22.9173319074556,4,5
"893",22.2824243608075,31.4882573455564,4,5
"894",20.9622444234775,28.8158172644522,4,5
"895",20.3668205241224,31.5490138587264,4,5
"896",19.1957248653986,26.8004046187088,4,5
"897",22.7865790117856,29.6841659715126,4,5
"898",22.1329748849309,36.1433720047128,4,5
"899",18.7407259523586,22.5681709980502,4,5
"900",20.8573840240276,26.1051288206042,4,5
"901",19.4653758085813,27.2885885224659,4,5
"902",22.956797559551,39.8319313812156,4,5
"903",20.0927383009099,23.8649074110686,4,5
"904",21.1070427899813,27.6773219317467,4,5
"905",20.5324052650519,25.7923851566204,4,5
"906",21.7031326543752,25.6180352218552,4,5
"907",19.3340773994542,21.0127766436075,4,5
"908",19.9278328346479,29.10108174681,4,5
"909",20.2898027838168,30.0906310057518,4,5
"910",18.6125687111584,25.1441920380923,4,5
"911",23.9097865042073,33.3366001599524,4,5
"912",21.1176506649345,29.2877539866904,4,5
"913",22.4751632698436,33.4582684135289,4,5
"914",21.5405758795448,31.8224921037249,4,5
"915",19.6323874177576,22.7702881857019,4,5
"916",19.3806484901298,25.6210931518421,4,5
"917",22.5199851729369,28.0735579779597,4,5
"918",18.3967254956056,29.1724374910301,4,5
"919",19.149101465507,25.9136254332652,4,5
"920",22.1420126597158,33.466501067474,4,5
"921",20.4169149790222,26.4578082192274,4,5
"922",22.1372469236749,29.1537947745414,4,5
"923",21.0915360364185,29.9906405065488,4,5
"924",20.9883583109777,26.784284822661,4,5
"925",19.5970126097891,29.2210573886137,4,5
"926",22.0397104610447,25.4646843260851,4,5
"927",21.8044517149833,27.9410228589192,4,5
"928",24.0928362487684,37.6942376121061,4,5
"929",20.4836191299457,27.3911254319762,4,5
"930",21.9088802851788,34.5928330400218,4,5
"931",24.1403863778187,35.4328033639382,4,5
"932",18.8372116629558,26.4218547885033,4,5
"933",21.9902647162496,32.9475703613367,4,5
"934",21.9649674172516,31.1895600069394,4,5
"935",21.0529994847459,31.9697223695069,4,5
"936",18.8457893463356,24.7607444823778,4,5
"937",24.6453297901591,34.98973995026,4,5
"938",18.5557282425132,24.1027590805934,4,5
"939",18.8896922237759,28.563683335503,4,5
"940",22.2531637060711,29.7978112185186,4,5
"941",21.2052182825906,35.5881736268294,4,5
"942",21.5232425459326,29.9781316823306,4,5
"943",22.7304489210974,33.339477151615,4,5
"944",21.8423781192915,29.3455753998379,4,5
"945",20.1780268285857,29.0381653768785,4,5
"946",22.1249720734145,30.0991073565625,4,5
"947",20.6707106179438,24.0103334362562,4,5
"948",20.6377792730593,28.0028185603167,4,5
"949",22.9526739770897,30.1176573646768,4,5
"950",22.5062484575209,29.7841588697911,4,5
"951",19.6749839883423,26.1104312064192,4,5
"952",20.8827162919823,31.1013735314633,4,5
"953",21.0829368084734,27.4488403282043,4,5
"954",20.8034508293649,29.3334326568669,4,5
"955",23.3983260434715,33.8870139653454,4,5
"956",21.5948099700348,30.7573554708254,4,5
"957",20.553640601072,27.3172271472495,4,5
"958",22.808473793415,34.1390910427337,4,5
"959",20.6513679834867,28.7737329820613,4,5
"960",21.7133453338253,26.2057347786805,4,5
"961",19.671590253041,24.8884535088529,4,5
"962",21.1517893911679,27.3136755309893,4,5
"963",23.1270581011534,33.2946623810987,4,5
"964",19.3664635714422,24.6305075795877,4,5
"965",19.3892810961759,29.8800940567455,4,5
"966",20.0545731966419,28.3286486718598,4,5
"967",21.8672279836422,30.5900945125918,4,5
"968",22.3694714562186,33.7236697731713,4,5
"969",20.0949579882223,24.6495219400609,4,5
"970",19.6670255519383,22.1791330001813,4,5
"971",20.9340900977275,25.7137157503851,4,5
"972",23.4570707200442,30.9282715341542,4,5
"973",18.5124205237048,27.6886934756715,4,5
"974",21.6535866245691,32.1275844821695,4,5
"975",20.2952162412245,25.3797061996572,4,5
"976",20.5975742743006,29.1237100158164,4,5
"977",23.6205211934544,34.8761087360918,4,5
"978",21.2757224409491,23.8081428596403,4,5
"979",21.2229070034745,33.0934229960233,4,5
"980",20.6189764335585,30.2278574582138,4,5
"981",25.3247281932219,34.6431099395539,4,5
"982",22.7652052607117,30.1001278760673,4,5
"983",21.6581873040883,33.5319316738747,4,5
"984",19.2268191480006,20.5083563321612,4,5
"985",24.0808401973017,28.6907858474912,4,5
"986",21.4154984233728,28.2435439805059,4,5
"987",19.9014509701368,27.5054329632515,4,5
"988",19.1919213465937,30.5848233091068,4,5
"989",19.5339458601653,26.7554919675614,4,5
"990",20.9324298361124,33.1235705331672,4,5
"991",19.7211744768283,28.7959076635966,4,5
"992",19.8418225933473,25.38020660489,4,5
"993",21.2370464898605,28.4362809227512,4,5
"994",20.4749941204106,21.4822160841292,4,5
"995",20.0162377818879,26.7181432259265,4,5
"996",21.5297678964881,26.0107148973557,4,5
"997",19.0199954203226,24.7974832288458,4,5
"998",19.3108699788906,25.5083097285622,4,5
"999",23.2237207655781,36.2816968648498,4,5
"1000",19.7799760356997,24.2177871519243,4,5
