"X1","X2","component","subcomponent"
"1",10.0446366006058,28.2367224275613,8,6
"2",9.82915104391694,20.7950048718815,8,6
"3",8.71074536002442,26.162068921967,8,6
"4",8.12461709665841,21.6052953362826,8,6
"5",8.44518192564717,19.0207099665578,8,6
"6",10.0696948934325,28.2881926257575,8,6
"7",5.35532750672865,18.8305499236824,8,6
"8",7.54665911662506,22.2294236280159,8,6
"9",5.61195736541438,16.1815717281429,8,6
"10",9.98209500470696,20.3924462344071,8,6
"11",7.26354552822109,22.1229256818599,8,6
"12",7.11278096219391,20.925567551018,8,6
"13",7.96985334841361,24.3244335540378,8,6
"14",8.02754921388481,21.3923884688484,8,6
"15",10.5316123385895,29.0328165876277,8,6
"16",9.3713075164637,28.1039097229402,8,6
"17",7.88271393410473,21.2539352954293,8,6
"18",4.75463447178097,21.534729918458,8,6
"19",12.3815712456091,27.3881191788382,8,6
"20",7.80952333905736,24.9186150985202,8,6
"21",7.97921607944674,23.1060463385812,8,6
"22",8.75651981734994,24.2307832517844,8,6
"23",10.4259222019263,22.0666154116295,8,6
"24",8.33478155743647,19.8583684042824,8,6
"25",13.5764858540787,30.3316282656845,8,6
"26",8.37330545642825,22.5104030137973,8,6
"27",7.38617791101017,22.1736563590694,8,6
"28",9.66852803008369,28.0453685031121,8,6
"29",2.03724120404962,16.5224092557491,8,6
"30",7.44111336644484,19.4231058901115,8,6
"31",6.79831321941905,19.7200539794714,8,6
"32",8.73846293673247,19.3141920102988,8,6
"33",9.37247566653412,23.6430923362557,8,6
"34",8.82723087401465,24.6939947788869,8,6
"35",9.13597824868481,18.3586961025573,8,6
"36",8.6756919336233,24.7804282868632,8,6
"37",10.1953028762704,26.8515065329843,8,6
"38",5.27044702532553,17.4854411935128,8,6
"39",11.3967438315631,24.8803145820366,8,6
"40",6.61056967751739,19.346294850203,8,6
"41",8.29376693232516,25.2033106406324,8,6
"42",7.12555895439343,16.4575034359949,8,6
"43",8.41829536800708,21.7712956099827,8,6
"44",6.89379602063011,17.6538675885742,8,6
"45",5.93064717489272,21.311822988251,8,6
"46",6.6311170261022,16.3361469121792,8,6
"47",7.58932645758829,19.5578278208037,8,6
"48",5.90942525146182,14.7735212975347,8,6
"49",8.41160768192102,22.8017287524746,8,6
"50",6.72130738702222,23.1475214532039,8,6
"51",10.0084595220838,25.2911469887878,8,6
"52",8.93619991563175,24.770457973669,8,6
"53",9.82623659282438,19.3400668546796,8,6
"54",7.35084435630278,23.2331385477624,8,6
"55",9.14763806712905,26.9599698270324,8,6
"56",6.18645595406862,19.9811014419926,8,6
"57",5.36563543326759,16.7788980231756,8,6
"58",6.73272406347288,20.9351026681254,8,6
"59",10.5656035261491,26.6922666332649,8,6
"60",12.1232319973702,28.2211897884355,8,6
"61",6.88972974663567,24.2862838107301,8,6
"62",4.97731128447036,14.3526391839566,8,6
"63",4.67399283587609,17.2204336930167,8,6
"64",8.10657972941435,25.3017985129541,8,6
"65",9.60453721550051,27.0024007050603,8,6
"66",9.50506600900118,23.9444230154235,8,6
"67",8.62107295291232,20.7714983919131,8,6
"68",9.7933817126921,23.8906291689365,8,6
"69",9.97323705365728,31.1077643044993,8,6
"70",9.11345175132464,23.6842301622926,8,6
"71",6.8465648902137,25.0262903384143,8,6
"72",9.93612318223267,25.19358112507,8,6
"73",6.70891696824358,22.8570032503522,8,6
"74",8.22818587724587,20.8069029348439,8,6
"75",4.43312093459326,13.4162187338036,8,6
"76",8.78254580884891,22.6581021038192,8,6
"77",8.41148110933801,24.572725441263,8,6
"78",9.32890688623362,27.148549905502,8,6
"79",6.22084080399658,19.1448182951716,8,6
"80",12.644358246059,34.3279021005371,8,6
"81",7.70259501995531,18.0389472933408,8,6
"82",6.87670995019471,20.7868999729786,8,6
"83",8.9381341743239,24.3402439633545,8,6
"84",10.2469620284488,25.5138521876127,8,6
"85",8.95655477689179,23.0069096485778,8,6
"86",9.54812035796382,29.0468546848434,8,6
"87",8.58774944103591,24.4771062862339,8,6
"88",7.29047217567369,24.3542353792018,8,6
"89",4.19248903272132,12.1642791162066,8,6
"90",5.97998164820676,19.9189827882851,8,6
"91",7.83802598402884,22.9759255962939,8,6
"92",9.47264186056726,30.7771481170855,8,6
"93",10.5411326033383,28.1441313415569,8,6
"94",6.22627100026229,21.6363247617883,8,6
"95",4.8246379058769,14.2947517794389,8,6
"96",10.8165388981191,28.9459074861482,8,6
"97",10.4295384877388,22.2093196621283,8,6
"98",11.5122668441635,28.4722678681593,8,6
"99",9.39314121142726,24.7798526667163,8,6
"100",10.7597333715122,23.7495299496706,8,6
"101",10.1836193058091,27.4350294427989,8,6
"102",10.6055947879496,23.2820605579542,8,6
"103",4.82510506505258,16.7035975839827,8,6
"104",6.64368372940004,22.6696635499232,8,6
"105",10.1313146016093,24.5024077029821,8,6
"106",6.29261633970597,18.7355496058744,8,6
"107",7.50049073116621,23.2376469820818,8,6
"108",6.18312284443588,17.3958017681482,8,6
"109",7.86120275732435,18.7338198504378,8,6
"110",7.35114839465174,24.202350679309,8,6
"111",7.40749918607183,22.274737820195,8,6
"112",4.85827697463845,19.571130149261,8,6
"113",6.91561714755466,22.1081065433471,8,6
"114",6.32474145363869,19.880633643156,8,6
"115",6.48225225558535,19.538933545507,8,6
"116",7.45993985689338,17.2650578553848,8,6
"117",8.76262233597176,27.685944929033,8,6
"118",8.24023112377636,26.6544454092709,8,6
"119",7.48701539244051,21.0100925517457,8,6
"120",11.4711347422413,24.4316307451033,8,6
"121",5.60996483413479,21.0471829138402,8,6
"122",8.41380827430944,24.0125169465742,8,6
"123",7.19202258323167,16.8931667804411,8,6
"124",5.6411402257484,20.5108808570139,8,6
"125",5.1589604625065,22.5067232677874,8,6
"126",7.40507874482269,24.7184912519661,8,6
"127",14.6597687802131,29.4345684021448,8,6
"128",7.02808243320283,14.7800215944524,8,6
"129",8.83889134487624,19.636439681806,8,6
"130",8.39221787448114,18.5869162142004,8,6
"131",9.15056213761022,21.9100556854291,8,6
"132",8.17311111111146,27.5784615828573,8,6
"133",9.82226162076535,23.0713192506486,8,6
"134",10.4532561113628,25.9877115942571,8,6
"135",3.93433985355128,18.4242070442461,8,6
"136",8.80126264029647,22.832970918788,8,6
"137",7.23595007203589,16.4954871206491,8,6
"138",6.24778317880187,23.6670970190857,8,6
"139",7.82642063778077,21.6017510748383,8,6
"140",4.21855019684787,18.7918426842668,8,6
"141",9.64681833338293,24.7215391085706,8,6
"142",8.48645502346454,20.5355505533846,8,6
"143",8.2789371759258,18.1794257171076,8,6
"144",9.89694723760742,23.7895852331261,8,6
"145",9.98850811724595,25.7767096767329,8,6
"146",9.14834423879212,26.0583160449088,8,6
"147",7.03440254271075,22.583728979346,8,6
"148",6.78062191405497,18.3451416716989,8,6
"149",7.45698650906556,21.8937545678888,8,6
"150",11.3035837227678,24.3365151319042,8,6
"151",6.86438873446559,23.7078865359159,8,6
"152",8.95019523126408,21.1678724159196,8,6
"153",9.01966439632002,19.8054152862225,8,6
"154",12.4041873624056,31.5442042305881,8,6
"155",9.36188996550241,24.7745904133385,8,6
"156",11.6828836885125,29.1990980430493,8,6
"157",5.35255409480096,18.3897310298192,8,6
"158",4.04041465562189,14.310214355967,8,6
"159",9.20690357511588,17.706434943369,8,6
"160",6.47559611728474,21.1905662758045,8,6
"161",6.91036684330036,16.9259707609005,8,6
"162",6.84554401969139,17.5801165476033,8,6
"163",9.37384141254681,24.77162054193,8,6
"164",7.92015652077971,20.9141522414064,8,6
"165",11.7496649417513,31.5897875454439,8,6
"166",11.1001268205419,25.0563439953992,8,6
"167",7.87900642981552,20.0286678364704,8,6
"168",7.04094382958698,18.3923600033683,8,6
"169",10.77250395868,28.0997161073239,8,6
"170",13.475282920202,31.6055657695747,8,6
"171",6.80154936183922,24.5979383863832,8,6
"172",11.302459347247,22.7338871997626,8,6
"173",11.5712881683163,32.1221700681252,8,6
"174",6.86123886870675,24.5526159857265,8,6
"175",8.10326019053748,23.20121931875,8,6
"176",7.48877076113298,22.9645037286627,8,6
"177",5.01811019044961,19.3687801210114,8,6
"178",7.36876689434982,20.3316357816448,8,6
"179",9.19133256964404,25.9234720933527,8,6
"180",8.85496715917353,26.9962067980187,8,6
"181",9.89951923841716,23.7119358899526,8,6
"182",9.12502361636116,24.4205619859452,8,6
"183",8.75402866895729,25.423891073915,8,6
"184",3.75167242757232,18.2279291098392,8,6
"185",9.20396409721358,26.468527014101,8,6
"186",6.71389937291471,20.8464952663946,8,6
"187",6.16406726396878,20.2579828749091,8,6
"188",4.54054223615595,20.3146938643308,8,6
"189",8.73346775319685,22.8891475954365,8,6
"190",6.42467553513336,25.278698784564,8,6
"191",8.03156119375545,24.5275248366614,8,6
"192",9.1196790741358,22.0822751337317,8,6
"193",9.27364395520515,21.3333518791987,8,6
"194",9.41214003904183,24.955448389119,8,6
"195",6.31647295781748,18.1810153606161,8,6
"196",6.22986272121584,19.8412350439608,8,6
"197",8.92551377790948,24.8006665549012,8,6
"198",9.10381571048914,24.2947351961018,8,6
"199",7.67406019681378,24.1000868302286,8,6
"200",7.93002062541484,22.48474096799,8,6
"201",7.89175462892902,25.0712663468743,8,6
"202",8.72740459541614,26.0274642489741,8,6
"203",4.08528042024432,17.4071903661574,8,6
"204",6.28582961575967,21.2642707299224,8,6
"205",7.01283797031653,20.1720603719229,8,6
"206",7.19205068131353,21.2977038947825,8,6
"207",10.0078434161173,24.2236299241024,8,6
"208",9.32314838139811,25.8910895165423,8,6
"209",7.99493243956332,23.7293437559359,8,6
"210",4.19899973660976,14.5356377443598,8,6
"211",6.5921306111057,18.5298216275013,8,6
"212",8.02566307179798,25.1966763363061,8,6
"213",6.03693406999225,18.1784948089285,8,6
"214",12.9959908816765,28.8208796830506,8,6
"215",8.50777739721037,21.4371966548712,8,6
"216",10.1050471572543,26.3033025131524,8,6
"217",5.85598629070472,17.1989175164394,8,6
"218",9.34742757497678,22.10764704828,8,6
"219",10.6109858430144,26.674629969817,8,6
"220",8.57054968397473,23.8838716409429,8,6
"221",6.96517273985269,22.5378923806204,8,6
"222",9.48059573368871,25.0391706742597,8,6
"223",8.3786009071835,23.2688495723519,8,6
"224",8.91553693529206,21.2958035164608,8,6
"225",5.74886612587595,16.5271014426417,8,6
"226",6.51698713996386,17.6985576082328,8,6
"227",7.81628839067974,20.6387477681885,8,6
"228",9.7104537987915,25.5296036618209,8,6
"229",9.9041995947651,28.93703972979,8,6
"230",5.6760851203424,17.9664216611578,8,6
"231",10.073067738196,28.3716208095419,8,6
"232",4.68175602049017,19.6906488730704,8,6
"233",9.34802507346223,23.4012058976048,8,6
"234",8.59878407916981,24.4649876566761,8,6
"235",7.63737887069386,20.2032926840635,8,6
"236",6.21209663830752,17.9226577900853,8,6
"237",9.52298915424336,28.3375778405083,8,6
"238",7.27339335514429,19.569873316849,8,6
"239",10.6561114991263,25.1047053468767,8,6
"240",5.28127619352459,14.9884004986472,8,6
"241",6.69598178957998,18.7328862985834,8,6
"242",7.53638397358877,19.2075994218875,8,6
"243",11.6729389290406,28.8902192601828,8,6
"244",8.12344826860484,22.640587874963,8,6
"245",8.63376196473841,20.0867649959209,8,6
"246",7.199608885168,19.0644631875802,8,6
"247",8.03872273292589,29.1763781229069,8,6
"248",7.22261977415249,23.4619025213872,8,6
"249",5.40118200772021,21.40655127899,8,6
"250",8.33898068022422,22.6201749726827,8,6
"251",8.49366200949486,25.1421675012364,8,6
"252",11.2236453869332,29.4994899425483,8,6
"253",7.43567205488289,21.9057648527017,8,6
"254",10.8868544636325,28.9532145349245,8,6
"255",10.0413141917082,25.6675869901279,8,6
"256",8.3590621116739,22.7376654452715,8,6
"257",9.21681424528389,26.8637599713682,8,6
"258",7.01223201410428,16.6940338528305,8,6
"259",3.14789949153258,18.2746161348262,8,6
"260",9.9048983822712,28.9467333200786,8,6
"261",8.21044021493289,25.4637590586106,8,6
"262",8.2073528722475,27.8555047961752,8,6
"263",9.87937870386592,26.941981884792,8,6
"264",8.19671109584689,24.7769106142519,8,6
"265",6.929765820642,17.8181674030755,8,6
"266",7.8899307725152,18.3991598205077,8,6
"267",8.56506050661937,23.4684316671594,8,6
"268",6.87256956097995,19.6033651512301,8,6
"269",4.86989314245535,17.3640514383736,8,6
"270",7.83723785905866,19.5406956900841,8,6
"271",9.64499045457005,23.6469728646391,8,6
"272",7.91527018767399,19.6600611986848,8,6
"273",5.83065442305787,18.0694676320525,8,6
"274",6.31184340775964,21.2836961323699,8,6
"275",6.83668263282174,21.9730081611204,8,6
"276",7.218012487081,23.9399039241851,8,6
"277",8.91781135003417,20.7385349992637,8,6
"278",7.34206677988215,23.2528915302407,8,6
"279",5.84053982093659,16.2165236270118,8,6
"280",7.71594412978966,25.4661438690009,8,6
"281",8.73666351079802,17.0951127838955,8,6
"282",8.86370582295332,24.3431593383872,8,6
"283",7.96109819426908,18.9052707312276,8,6
"284",7.56313234107627,19.2910069785695,8,6
"285",8.69055056889956,19.6309356894636,8,6
"286",7.07490761767051,19.8760981090901,8,6
"287",9.8597213049212,25.6966268847668,8,6
"288",9.67354115117512,24.5086941569459,8,6
"289",8.26757034463157,26.4563846419482,8,6
"290",7.16279507088858,25.7080961673375,8,6
"291",9.66066947805586,24.7922698352968,8,6
"292",5.45787509496004,16.231332599661,8,6
"293",5.40767874416841,20.4872661172674,8,6
"294",7.97213539414873,26.9293875619119,8,6
"295",5.88233783245818,18.1553724741668,8,6
"296",8.90541133953302,18.8833273995548,8,6
"297",8.91168917038747,27.4179010292972,8,6
"298",7.67533582572526,20.176877972465,8,6
"299",7.50374460431294,21.3443687732421,8,6
"300",9.47452585873355,21.2195182437327,8,6
"301",5.89568460750167,17.5756014524966,8,6
"302",9.96418261220542,19.3628970158208,8,6
"303",11.0186396607686,21.8295879347089,8,6
"304",8.2346101369014,22.6702244053549,8,6
"305",11.6151795468279,30.6240632980357,8,6
"306",8.61952260827666,21.7022247210882,8,6
"307",10.7207915235424,24.607791611721,8,6
"308",7.36166399913264,21.9521082910241,8,6
"309",9.68424797230994,22.8065831668314,8,6
"310",7.42841715587069,18.4492686798941,8,6
"311",9.06965104207214,26.8874657339322,8,6
"312",9.745436763178,24.5407830126582,8,6
"313",10.7282924372973,31.7771790406957,8,6
"314",5.10637573277584,19.3890599099387,8,6
"315",7.88620577241343,22.1303667790497,8,6
"316",9.07863066744302,19.532267898216,8,6
"317",7.96359904380205,21.635015675964,8,6
"318",10.0811969239785,24.8752748316046,8,6
"319",7.2373983451271,22.675907953554,8,6
"320",8.34009297631706,27.2203243751849,8,6
"321",7.72799010762554,19.7451411068903,8,6
"322",12.0501217300175,26.3353313401877,8,6
"323",9.91182199059529,24.5138246019554,8,6
"324",6.22346091369946,20.1224356738496,8,6
"325",9.83952281936478,22.4462481174046,8,6
"326",5.95295484895187,18.8534443343002,8,6
"327",8.42608064244171,27.8582006270935,8,6
"328",9.96406059893706,28.670830533113,8,6
"329",5.9434954764955,19.0575832178555,8,6
"330",4.91589337598551,21.3417129187891,8,6
"331",9.27486289695559,27.1797343851453,8,6
"332",9.22848835165732,31.9312876136124,8,6
"333",4.43575847349951,16.6404965306548,8,6
"334",9.81236390654863,25.7581161225239,8,6
"335",6.55638245150779,18.3890600176482,8,6
"336",7.2570924092987,27.7017361450626,8,6
"337",4.57809382527792,17.255139661968,8,6
"338",5.17484090793614,13.9634885279459,8,6
"339",6.22699464844758,22.9713037535645,8,6
"340",9.21129984570455,21.1267943890848,8,6
"341",4.79443947882725,16.3511712720006,8,6
"342",8.94580674877857,17.1113010107833,8,6
"343",7.06372286420964,20.3551889940015,8,6
"344",9.73841624348718,22.2084182692501,8,6
"345",9.66475365074925,27.0087316791271,8,6
"346",8.24007046944247,21.6418190303423,8,6
"347",10.8948513114454,24.865878893775,8,6
"348",5.25642740865359,16.3772083095773,8,6
"349",4.29081767583694,16.9013266706703,8,6
"350",10.1601143382211,22.4286558063226,8,6
"351",4.94535077827331,18.7939528648508,8,6
"352",5.20635245988719,16.7149764992548,8,6
"353",7.81712337954486,24.8160592538013,8,6
"354",7.7020858563093,22.4183065350812,8,6
"355",11.9861215907082,29.0621326232392,8,6
"356",7.92286798076753,23.5763532111321,8,6
"357",7.648750694923,22.2349301507376,8,6
"358",7.75951844823196,21.3437187747014,8,6
"359",11.1202123043904,28.2722900146916,8,6
"360",8.60177806079472,23.080227185859,8,6
"361",8.67118714823871,25.8235651162593,8,6
"362",8.96443819763355,19.4547292541197,8,6
"363",10.8900633268306,29.8067808592492,8,6
"364",8.14423540104287,18.5266625747702,8,6
"365",6.87904415888791,21.9241851371226,8,6
"366",8.47705016102497,22.4743388104938,8,6
"367",7.9985537822599,27.2162713120572,8,6
"368",8.60052407810151,20.9856211819598,8,6
"369",9.85985191755849,21.4186635880264,8,6
"370",7.84197422913539,19.6673220964709,8,6
"371",7.73435529228394,20.2863641655218,8,6
"372",4.988203805022,18.5909140845024,8,6
"373",6.22409277268498,18.5945269015403,8,6
"374",9.43985742319867,26.3526688400228,8,6
"375",10.0518897519406,23.7496150412092,8,6
"376",10.030691799207,30.7917174196115,8,6
"377",8.13416861481386,22.6157269466365,8,6
"378",9.64925414936276,24.1091073661417,8,6
"379",10.0612537250617,29.5105567534104,8,6
"380",7.85519938921976,18.6010188538473,8,6
"381",7.94334559197992,17.6748138859856,8,6
"382",4.85235311365703,21.9361743788389,8,6
"383",8.48514092141402,25.212072791547,8,6
"384",9.41033095975516,27.357541196162,8,6
"385",8.76493792525094,22.8373602300743,8,6
"386",9.05971531959098,22.4998190405523,8,6
"387",5.92962940315791,20.0317175679663,8,6
"388",8.07157193158412,23.1424795828313,8,6
"389",7.52273523344504,25.9778973946741,8,6
"390",8.13349348495284,23.6371212843886,8,6
"391",8.85666724429124,29.3061646261447,8,6
"392",11.9028208683553,28.5631704289219,8,6
"393",10.6883248144604,30.9164618584704,8,6
"394",7.02474475333714,22.2334221650859,8,6
"395",8.12575751361935,23.9090203735156,8,6
"396",7.6301481408509,20.6549287597731,8,6
"397",10.0652063345468,28.6009150255445,8,6
"398",7.36107279671952,19.9373914357138,8,6
"399",10.2174397800468,26.757001675389,8,6
"400",7.55100725828667,17.7447246028754,8,6
"401",10.7381126360558,25.8330788277324,8,6
"402",4.13750012788513,21.7950730864039,8,6
"403",7.75240636420972,20.2417623346682,8,6
"404",8.64590852885057,23.11454124504,8,6
"405",8.62535020466551,30.4064866415407,8,6
"406",7.09516567608373,19.3939519440166,8,6
"407",6.49620586259017,21.6689561987464,8,6
"408",8.03864536160865,18.7063499700891,8,6
"409",9.58056340055789,21.434686905397,8,6
"410",5.60912060712146,18.2066602622425,8,6
"411",7.96392664216151,20.0214944067687,8,6
"412",7.94059544344472,22.359369210752,8,6
"413",9.56359794059822,24.3790990832211,8,6
"414",7.68659814496363,16.1948822665297,8,6
"415",6.4812705176489,17.7059530119067,8,6
"416",9.69674773998934,24.1952953736,8,6
"417",10.1076425239888,31.6933245043854,8,6
"418",10.5692552074388,27.3627493287239,8,6
"419",7.05089957469955,18.3875225658142,8,6
"420",10.0717529552563,22.7619136008111,8,6
"421",7.86342822286681,22.249880794999,8,6
"422",6.4591746339664,20.2609109682911,8,6
"423",9.75205443409928,21.6313302864171,8,6
"424",5.43313236470514,15.509253134617,8,6
"425",5.42331064432294,22.2310193283195,8,6
"426",6.60567501821248,19.1066225540274,8,6
"427",6.77256555855412,17.0746447134854,8,6
"428",10.00593474805,25.9779185394213,8,6
"429",9.79047076634711,25.0757232455558,8,6
"430",8.97027534992259,23.8435688819756,8,6
"431",4.3610685062309,15.4942044546499,8,6
"432",9.7084071006709,23.6565478174813,8,6
"433",6.59599550145046,22.5567162720879,8,6
"434",11.1227745936716,27.4729815872301,8,6
"435",10.1243293719044,26.1045571645689,8,6
"436",10.779563933346,26.5400983952687,8,6
"437",11.7557059222707,25.4090463049964,8,6
"438",4.34223932472368,15.3240980252803,8,6
"439",9.98968799719236,26.6635832348044,8,6
"440",6.38852395206537,17.9624535319745,8,6
"441",7.66049337368559,24.7990617603472,8,6
"442",4.59669325237769,21.5666321261046,8,6
"443",7.43665632082642,22.3235776374346,8,6
"444",8.93475793460309,21.3870708293667,8,6
"445",7.91808768351973,23.7853055976071,8,6
"446",9.1261095722118,23.628872392826,8,6
"447",7.35265716384363,17.237178345274,8,6
"448",7.19116177582295,20.6216629619431,8,6
"449",7.89228761170666,22.4716879100935,8,6
"450",6.06549890798462,19.997437181567,8,6
"451",11.7898533692768,33.0172958645359,8,6
"452",9.95147486671202,22.8734509142705,8,6
"453",5.14692477536982,14.0806168678961,8,6
"454",10.4749052791828,22.3791980526745,8,6
"455",7.32710733007021,20.2420364902962,8,6
"456",8.83809212266536,21.0752499349627,8,6
"457",5.87754715138555,19.9610181559966,8,6
"458",9.24744783550104,24.2531301244827,8,6
"459",4.65182863358771,17.9523679262691,8,6
"460",6.78507317101695,15.0196305520459,8,6
"461",10.0103252411636,22.5223597292991,8,6
"462",9.10525334189062,23.7993271478059,8,6
"463",7.5690713543943,18.735624811288,8,6
"464",6.258215803676,18.3393163822145,8,6
"465",5.56021699473689,21.6837048639342,8,6
"466",7.77579740376537,23.2431458606033,8,6
"467",10.9657432740036,23.0670058475009,8,6
"468",9.68585772907468,25.9211359205119,8,6
"469",5.63033314415276,17.7771643302514,8,6
"470",10.0383061829312,27.5446756188353,8,6
"471",8.19119104713098,26.6360879016154,8,6
"472",8.39314320081427,25.8223636805457,8,6
"473",5.75460532787234,20.2533190415403,8,6
"474",7.27640445808972,24.5044919594972,8,6
"475",9.02758850151839,20.5112608371976,8,6
"476",8.31644550506545,25.3231465808756,8,6
"477",6.79231531775774,25.3210765093339,8,6
"478",3.69162125099218,18.7082017331816,8,6
"479",9.10611972857221,23.2025988875613,8,6
"480",7.73931073369418,21.837924666038,8,6
"481",2.68075213664085,12.7142014422514,8,6
"482",7.08871871326191,20.9443890240174,8,6
"483",7.47348228976218,20.1489415453673,8,6
"484",7.92212750787685,23.9201013063313,8,6
"485",4.51825494268159,11.6336911902541,8,6
"486",12.6955629303491,33.0424356660951,8,6
"487",11.6114573350321,27.5445882627395,8,6
"488",9.59084426983645,21.0191008025503,8,6
"489",6.38424228726455,21.5689146672727,8,6
"490",5.73252871430111,18.0322183206185,8,6
"491",9.14288874487901,21.2214450105357,8,6
"492",4.7656926048499,15.5132822355953,8,6
"493",6.7428114706015,24.145718409807,8,6
"494",8.65308872348151,28.501313106868,8,6
"495",7.1192417605617,24.2357528235173,8,6
"496",6.70451701732009,24.5867943393765,8,6
"497",9.00705414948053,21.5854044762336,8,6
"498",8.13836524859146,24.2196712052634,8,6
"499",10.1282331370232,27.089740435308,8,6
"500",8.63408662006389,22.9187320760634,8,6
"501",8.03524996324312,16.4717890473553,8,6
"502",7.66161748597365,21.0234406013683,8,6
"503",7.31630074638298,16.0405293788404,8,6
"504",6.8566698776501,20.101048295587,8,6
"505",7.52746577518683,20.449725102823,8,6
"506",8.66789270555694,20.1144087787047,8,6
"507",4.57806469234476,16.5824139979325,8,6
"508",6.96559190724312,20.8980104495329,8,6
"509",11.0533922577285,23.4095245619245,8,6
"510",9.98713565029978,20.4629868730302,8,6
"511",7.32538828955713,20.4097937750677,8,6
"512",8.72540546777049,25.9471188231307,8,6
"513",7.7621876348594,26.8498892226363,8,6
"514",9.46925540004691,24.5573233306889,8,6
"515",8.40055042959091,23.8951395738717,8,6
"516",10.1327552926117,26.8715265034124,8,6
"517",9.722631285937,18.5892542117208,8,6
"518",8.35913637779759,17.7265737867429,8,6
"519",5.17898887126853,21.1533633461808,8,6
"520",7.37244754628021,24.2245959374979,8,6
"521",8.32244084413618,24.5254679336432,8,6
"522",4.5352673141451,15.3285973126746,8,6
"523",9.74906983484794,22.2970681474405,8,6
"524",5.30583057374749,17.6715168016506,8,6
"525",6.24581462169197,15.6677686941442,8,6
"526",9.10120998596501,26.6240424991203,8,6
"527",10.5707226255085,26.4992123553817,8,6
"528",9.41099119942187,27.7081920413877,8,6
"529",7.17387237304625,20.0051367894612,8,6
"530",11.4552776071346,26.9298188458303,8,6
"531",9.93843288867317,25.334724064488,8,6
"532",6.69615406560293,23.6955220604755,8,6
"533",5.85990234756921,18.7346513335955,8,6
"534",7.27095761593771,22.0128887282445,8,6
"535",12.6992304834688,27.756285666002,8,6
"536",6.49957484454271,17.6524653768852,8,6
"537",6.27114296333817,19.2395493513841,8,6
"538",8.67835189874389,25.6041585466756,8,6
"539",7.55623300077313,25.8427546310603,8,6
"540",7.93299235056947,21.017188287245,8,6
"541",6.95925618265088,21.9095663959047,8,6
"542",3.97335617369991,16.15080562966,8,6
"543",6.60188066623603,24.7215766898885,8,6
"544",11.4418848804038,25.761164152285,8,6
"545",6.83454587051233,23.0834520624793,8,6
"546",9.61809617156403,26.2294804112885,8,6
"547",7.67839119663117,16.9126242650817,8,6
"548",10.5891673789692,26.9004302652155,8,6
"549",5.16268904729607,19.2523163132896,8,6
"550",8.45156932206737,24.0860944631634,8,6
"551",7.43113335585033,20.6086341695702,8,6
"552",7.12299520321689,24.9684636780596,8,6
"553",12.1614088192926,26.2483084172844,8,6
"554",4.94936970079418,20.256778820607,8,6
"555",8.10535319045638,23.8814811289797,8,6
"556",5.63095137509194,18.5245963258294,8,6
"557",11.3259381877942,23.3448910379833,8,6
"558",7.56097598997534,25.4277358688825,8,6
"559",5.85342654056402,19.1967822905467,8,6
"560",2.94334422131999,9.59539921244804,8,6
"561",5.36959740827324,18.8400205599896,8,6
"562",8.63847558035626,25.1126245306172,8,6
"563",3.94769220579684,22.0674597138541,8,6
"564",8.95223792810535,25.4644981158019,8,6
"565",8.98575912790795,19.4589243955734,8,6
"566",9.58443576718756,28.2304564807825,8,6
"567",7.49133217826405,13.846114306575,8,6
"568",8.48966736158425,28.3603298749954,8,6
"569",9.28561815031221,22.7044329675643,8,6
"570",10.95139164335,25.9979442481947,8,6
"571",7.96956077096116,20.8572098374097,8,6
"572",5.91193095390973,21.7470481304776,8,6
"573",6.69909245447221,18.4817872588976,8,6
"574",8.26110683469555,22.5141990672552,8,6
"575",8.02885979983478,22.35757592794,8,6
"576",6.79716288163576,20.0575765439372,8,6
"577",7.49580669869619,20.0430809902963,8,6
"578",6.0588380988694,18.355601481737,8,6
"579",7.94477245347056,24.4464594501663,8,6
"580",6.81175122890759,20.9050936671504,8,6
"581",9.8469170612785,24.1128720462488,8,6
"582",8.51598283127327,25.8307550182631,8,6
"583",6.84839265487112,18.038096517072,8,6
"584",7.39956243828276,19.4326947779807,8,6
"585",9.15880118589242,25.6919811561851,8,6
"586",10.6110266194051,24.7663685411506,8,6
"587",7.11261258631388,23.9424493877371,8,6
"588",8.19571128649072,20.1759396118776,8,6
"589",8.04493281596328,22.7325150684715,8,6
"590",4.96268813809519,17.3147150100865,8,6
"591",11.131733406486,30.8259424667114,8,6
"592",11.1426493279232,25.7839841132878,8,6
"593",8.88939907040444,21.4565911945007,8,6
"594",9.8946767991516,24.3842791629038,8,6
"595",7.25130915831106,22.4032693400947,8,6
"596",8.82582625978396,22.3067038099991,8,6
"597",8.68542078516895,24.2768861088867,8,6
"598",9.30221752581485,21.4080921752113,8,6
"599",8.51292449943002,26.4790727245637,8,6
"600",2.97922720402892,14.6497648596716,8,6
"601",9.10401643194632,22.2230979158895,8,6
"602",7.04241547936697,20.6727438066538,8,6
"603",8.97947489911513,20.359962354223,8,6
"604",9.51191479417204,23.1142207790935,8,6
"605",7.26459316415091,21.2547131262945,8,6
"606",7.07478877228009,21.6287741634494,8,6
"607",10.0467935891998,28.9263958642797,8,6
"608",8.01669973846043,22.3893503241696,8,6
"609",8.04777973512799,15.7813998687574,8,6
"610",8.49180002266507,24.5460711525196,8,6
"611",7.93477962608037,26.579367602941,8,6
"612",7.66073087294876,19.9764204934841,8,6
"613",5.51983679685959,16.9678795050051,8,6
"614",10.7394257881975,25.9745512767917,8,6
"615",7.15217306011877,22.7899212264878,8,6
"616",3.61082590127175,15.2814652263244,8,6
"617",10.287988279645,22.7794428279148,8,6
"618",8.71016669099597,25.0479349940865,8,6
"619",7.40330424644544,24.8034005556462,8,6
"620",7.70098945537967,22.9308007389897,8,6
"621",10.3302181573374,23.7261301548286,8,6
"622",9.55517216748334,25.8777536893969,8,6
"623",9.7764766399125,25.1976471346535,8,6
"624",8.87020245207304,28.8174977548306,8,6
"625",9.38413788552434,22.3866681370493,8,6
"626",8.58073283946631,20.4796569551205,8,6
"627",9.51955008350845,20.2916838421451,8,6
"628",9.87691764349257,22.8649041970402,8,6
"629",6.50930880675564,18.6476296855952,8,6
"630",6.53409089712967,18.6761159912954,8,6
"631",11.2432803598556,24.3459663219697,8,6
"632",3.49561895091136,16.6061580189443,8,6
"633",7.3570863599219,18.9523492830085,8,6
"634",5.8429124119201,19.9834469405277,8,6
"635",9.67645335287954,22.5858874758235,8,6
"636",7.58860529089606,20.1185863880872,8,6
"637",7.17884871813601,17.8027733156055,8,6
"638",7.24308682408232,22.080951327912,8,6
"639",5.55438917805909,15.6781975263514,8,6
"640",8.50386346000673,27.0872908124471,8,6
"641",11.6809908722396,27.2956608093766,8,6
"642",6.46168692025274,19.7089814602886,8,6
"643",8.41262581589753,24.4883159758906,8,6
"644",8.53055720648729,24.5388535904263,8,6
"645",8.7751120946702,31.512381902843,8,6
"646",9.18998214905415,27.2381491532006,8,6
"647",7.87328193208333,21.6710806402083,8,6
"648",7.23360277405655,19.4680489756887,8,6
"649",8.2856038624657,24.1254600872043,8,6
"650",11.491845991852,28.4152487219775,8,6
"651",4.63560275600126,19.5232704430551,8,6
"652",7.24923570928217,20.7840448898377,8,6
"653",7.83063456738966,18.8049574656177,8,6
"654",10.132959890662,23.7381402132415,8,6
"655",8.91927658064599,24.8663286929595,8,6
"656",6.79631691535198,15.7529314826618,8,6
"657",8.88147565037129,21.3619086421102,8,6
"658",7.37409298304012,22.2081786316694,8,6
"659",9.65996175463555,20.2914590728801,8,6
"660",6.74649360673184,24.0392776073389,8,6
"661",8.05798317708009,22.1403025064662,8,6
"662",7.09246889629381,23.0717506950186,8,6
"663",10.8103430763994,23.8286850517276,8,6
"664",8.29700223568066,20.534245989658,8,6
"665",6.3161237883256,16.9287860110063,8,6
"666",7.64329313001758,20.8884187386836,8,6
"667",7.63380705652561,23.6859717061118,8,6
"668",9.03264966513086,23.3536711831039,8,6
"669",6.84722588458379,18.8303317230916,8,6
"670",8.42240567757974,25.9001320042849,8,6
"671",8.34847394501148,19.3100601553271,8,6
"672",7.72695934217253,21.0890971969304,8,6
"673",6.61902082378918,17.1038944359412,8,6
"674",10.3244396476129,27.4097805830686,8,6
"675",8.3904024723301,21.5212500410578,8,6
"676",6.57854046473089,22.4082792050513,8,6
"677",4.79117810356226,21.0181528474219,8,6
"678",10.1488873606187,26.9403013497781,8,6
"679",10.2177096760041,24.4409541239193,8,6
"680",8.174870180878,18.565284648799,8,6
"681",10.330084160384,24.7758321737193,8,6
"682",6.82298829799893,24.5461377867113,8,6
"683",7.32610480285995,14.0036890496232,8,6
"684",7.67102904203675,21.8691655713839,8,6
"685",8.51680382278554,17.80999343571,8,6
"686",7.09818888245282,20.5423686244039,8,6
"687",9.67094338280583,26.8012533960139,8,6
"688",7.00634446636088,19.254333419743,8,6
"689",9.00466218633976,21.0396241984577,8,6
"690",11.6704221136174,30.4089171448309,8,6
"691",6.93442441924818,24.2035911406097,8,6
"692",9.26654901867792,29.8656576889723,8,6
"693",7.53954075534413,25.7760397523286,8,6
"694",11.5876263336816,25.8895350065613,8,6
"695",9.81438917362724,23.5640898029005,8,6
"696",10.2743764986337,27.4281055769322,8,6
"697",8.31554295804465,27.8601652967302,8,6
"698",12.5112502297248,27.0758628386557,8,6
"699",10.4581198745254,25.9045587302186,8,6
"700",7.81853769009335,15.5077190087043,8,6
"701",3.4842672055022,18.5624471114961,8,6
"702",4.03402776260721,18.4533136556356,8,6
"703",10.4131383341873,23.0938680132829,8,6
"704",6.44590512251469,17.6438668267855,8,6
"705",8.42563744135161,22.5940874898339,8,6
"706",6.29843582285633,18.5357252683263,8,6
"707",4.84806415064746,21.1025267280918,8,6
"708",9.138544730984,19.7611120912572,8,6
"709",7.21845753645365,27.2457795164162,8,6
"710",9.02907409043644,24.0586586440886,8,6
"711",6.20291681305659,20.9042008347073,8,6
"712",7.73825864135074,21.7204932603069,8,6
"713",11.0023770690045,28.6500622905347,8,6
"714",6.81827376582863,22.0001705112361,8,6
"715",9.51372037581282,24.7446190387841,8,6
"716",8.48438045012718,29.5711518332758,8,6
"717",4.51038116617094,15.4368091895061,8,6
"718",8.75277416482132,20.024324421988,8,6
"719",9.74380813887202,21.9442610654305,8,6
"720",8.06610725150668,23.2062015587642,8,6
"721",9.83617328743558,25.9673246219651,8,6
"722",4.50115259187245,20.695544939463,8,6
"723",8.09491677831699,28.7319478064574,8,6
"724",8.35871026804298,25.1277844736543,8,6
"725",7.56534446361856,17.4303331779127,8,6
"726",4.15355918630664,22.1482495541748,8,6
"727",5.41169384566013,21.0873361057246,8,6
"728",2.25016059230483,15.21027402709,8,6
"729",6.05472202932423,20.3715371986351,8,6
"730",10.1447955726724,23.7141122750383,8,6
"731",11.126874170959,27.5023547051482,8,6
"732",10.7837775721062,27.152104248439,8,6
"733",5.86540203210409,16.4691432795746,8,6
"734",6.78446979853157,16.3787294560548,8,6
"735",9.71176051815286,25.0306664414302,8,6
"736",9.84803892994367,25.129279296145,8,6
"737",8.25382901850978,21.130420147215,8,6
"738",9.39543011521151,25.1531519057433,8,6
"739",9.56013574104261,25.9015193075887,8,6
"740",7.96322279209673,24.5418266939786,8,6
"741",4.08209692155146,17.9843087709529,8,6
"742",8.967897318118,22.1254614558055,8,6
"743",6.30286061873259,24.0365432393885,8,6
"744",4.24729109359505,15.8296370345443,8,6
"745",8.23828569594096,23.8752327498636,8,6
"746",7.07730231586549,26.4548771464635,8,6
"747",7.95115213806427,23.2150539561285,8,6
"748",9.58371188218356,23.2080463483514,8,6
"749",4.86884491702196,17.2116074587042,8,6
"750",10.9529906763931,27.0736968816576,8,6
"751",7.48994636947345,20.9504588201691,8,6
"752",8.32319565591355,22.5160581345372,8,6
"753",5.18950601052786,18.582694748731,8,6
"754",9.39020389112792,25.6720467237604,8,6
"755",6.99822028837279,20.1965693760547,8,6
"756",6.84676028133051,20.4376700737444,8,6
"757",7.20133130701303,20.5210724601494,8,6
"758",6.4429769813986,17.4476784639911,8,6
"759",4.47138885920016,18.6032896407718,8,6
"760",8.71666722040606,27.8751846310623,8,6
"761",4.9118498456375,18.487422404244,8,6
"762",6.50051957054976,19.4685303268666,8,6
"763",5.38715213025587,20.9768622368095,8,6
"764",6.98017558886185,20.9111460554028,8,6
"765",9.4118062277331,22.8479501057842,8,6
"766",5.51313953931446,17.4209084805267,8,6
"767",5.40804891227444,20.0946550841079,8,6
"768",7.64832894723504,21.7482981640457,8,6
"769",7.54915304851321,22.9368270138198,8,6
"770",10.1267836205426,26.4195764067583,8,6
"771",5.90519586448567,19.6044928163066,8,6
"772",6.59078328638875,19.0000402573497,8,6
"773",7.13931004416168,22.0104649999731,8,6
"774",10.9864696727706,19.8875725727408,8,6
"775",6.98125268544514,23.7759032986631,8,6
"776",10.3789285202647,27.0386884845898,8,6
"777",7.28568783931531,16.5343737026049,8,6
"778",9.10893570313275,24.2681536099529,8,6
"779",7.59066628000179,18.3590077023373,8,6
"780",7.9901317154652,21.996102997763,8,6
"781",10.1817559522779,25.2399954684194,8,6
"782",5.73697296204977,23.6076143175657,8,6
"783",9.88939528500897,24.4802308700138,8,6
"784",7.86058553033374,21.6249848657961,8,6
"785",7.16047243328338,22.1757762179525,8,6
"786",8.28218001747462,23.5873072430547,8,6
"787",9.6981550425852,25.6896429102964,8,6
"788",10.0257968507012,21.4006812998242,8,6
"789",8.64232265355975,23.3946372750951,8,6
"790",11.2160936777291,26.8982061070476,8,6
"791",9.45051136363836,23.9567079819884,8,6
"792",11.0050890493965,25.223437521036,8,6
"793",5.87736986541158,14.1923242347824,8,6
"794",8.47741198722091,25.9844096011995,8,6
"795",5.13108044866726,20.8790849337189,8,6
"796",6.74483591203575,27.3775086594853,8,6
"797",10.7462394316705,29.6743747669253,8,6
"798",7.48739502603344,21.9820356427745,8,6
"799",7.98059424536609,20.6592575449023,8,6
"800",8.04133568181797,25.0607240094598,8,6
"801",11.750846558143,24.7176473506381,8,6
"802",10.0728432921366,27.5960519206828,8,6
"803",5.81596095533458,19.1245030780454,8,6
"804",10.3700480374798,21.0956274751697,8,6
"805",8.01253994160084,22.9088551545988,8,6
"806",9.01671386751302,28.0353800708378,8,6
"807",3.83576295503908,13.1758549564687,8,6
"808",5.98501256804011,17.3130661595198,8,6
"809",5.89929304653133,25.2876308869291,8,6
"810",7.64271969580644,24.2379573974105,8,6
"811",12.0380773758654,32.2363867442529,8,6
"812",6.80732633429431,18.1772599574769,8,6
"813",8.91388476456256,26.1358065322286,8,6
"814",8.37250728885592,20.8751326304041,8,6
"815",7.33706474595785,23.3577307929788,8,6
"816",11.1301020507596,28.0279182464821,8,6
"817",10.4203021475509,25.9394611588571,8,6
"818",7.50567236646897,14.3267496988327,8,6
"819",7.18580156937631,21.0446894007514,8,6
"820",6.36529503716796,19.8861404895553,8,6
"821",7.97644044588654,20.5110452903506,8,6
"822",11.7405946747756,27.157191857022,8,6
"823",9.89025730124417,23.6503685312031,8,6
"824",8.96128392826966,28.8978333258865,8,6
"825",8.77531027781852,26.3768763449071,8,6
"826",10.5311445343687,27.0066058456435,8,6
"827",11.1850393131211,25.9516526394227,8,6
"828",5.64928703723096,21.4450984404152,8,6
"829",6.9095822522127,23.4357682030283,8,6
"830",5.37246667803197,16.7203361780181,8,6
"831",9.37049316342501,28.6148557447047,8,6
"832",7.37047344554351,18.1522058251818,8,6
"833",5.87249483879739,21.1154799862392,8,6
"834",10.6552453067398,22.0838417932565,8,6
"835",8.12052643308622,20.095809041437,8,6
"836",7.70098653220626,19.9397581468997,8,6
"837",7.5645877339999,20.2263304656646,8,6
"838",5.99475900410245,24.9831417055871,8,6
"839",3.0105804099803,11.460131670833,8,6
"840",9.35535705539308,23.0083138082494,8,6
"841",9.90922517272234,25.7399615605725,8,6
"842",7.61716721829275,23.1547859946646,8,6
"843",7.51670219531061,21.7150953027308,8,6
"844",9.47482833070643,25.1799452970965,8,6
"845",8.55264968565698,26.7821981976493,8,6
"846",8.65346931784916,21.7746474243302,8,6
"847",3.83099940559538,19.2539637664868,8,6
"848",6.80856455842607,25.8649112736206,8,6
"849",8.51802455917865,26.7859564719084,8,6
"850",6.71566659241248,23.9552706952518,8,6
"851",7.7136016414444,20.2888661714771,8,6
"852",9.22520874841074,23.2778290695567,8,6
"853",9.89043431221329,25.0402312623516,8,6
"854",8.58079946246387,22.3488502658915,8,6
"855",4.93292233200333,17.51449961866,8,6
"856",8.7475466672041,26.1368379963272,8,6
"857",9.48089403410139,24.732570602666,8,6
"858",9.03296652989622,26.2278824544311,8,6
"859",9.49284394250124,25.4948313263869,8,6
"860",10.5563767810731,25.7272720888929,8,6
"861",7.92572058411737,27.2201465107148,8,6
"862",8.42379847689184,19.5409125443662,8,6
"863",7.61788842068422,23.0418816843937,8,6
"864",7.06582101134513,19.9004009345492,8,6
"865",7.19917187929548,23.9358898129298,8,6
"866",8.08205886199953,22.0181427093377,8,6
"867",6.88173693258098,14.9589404963094,8,6
"868",5.47339242895208,19.4859333865533,8,6
"869",4.55157765367711,16.0154925962553,8,6
"870",6.19718571629042,22.6185704930457,8,6
"871",4.14121834489309,18.5047407881515,8,6
"872",9.1984147035856,23.1821671069096,8,6
"873",7.82608999198187,25.6560351601712,8,6
"874",11.2214224199465,26.3616539763522,8,6
"875",8.96824562079825,19.9230656750212,8,6
"876",9.79538710518615,24.3592000357753,8,6
"877",5.05291888365242,16.6466214646052,8,6
"878",7.82602545498028,17.8985238734589,8,6
"879",7.87247743790803,24.56246126649,8,6
"880",4.36531090355865,18.3934606760659,8,6
"881",6.81991822155995,20.5134890647155,8,6
"882",10.0386580310772,23.4569816954013,8,6
"883",8.80875088734166,24.2400826468558,8,6
"884",7.27700954186501,21.217677010848,8,6
"885",9.34275457654656,27.5367084778796,8,6
"886",5.9826968838646,21.2251815186849,8,6
"887",6.24721564989632,17.0309067929303,8,6
"888",3.697229573054,16.6074853073343,8,6
"889",7.42413684186351,19.9308736723839,8,6
"890",5.0497095907947,24.6359604062195,8,6
"891",10.5766941491856,28.2830964653679,8,6
"892",7.19594035328643,20.8025610578427,8,6
"893",9.31340562174271,24.1620910046029,8,6
"894",9.96346300212054,23.1313247525029,8,6
"895",5.6215908890705,16.6131419819738,8,6
"896",5.74522223255591,18.6618811855755,8,6
"897",11.2427080952966,29.8531213760955,8,6
"898",7.35460169153485,22.5981486108619,8,6
"899",6.612494091774,19.6305358167196,8,6
"900",8.81048932887129,28.6184142855188,8,6
"901",8.65309331248256,20.1791478979721,8,6
"902",9.68626694617969,26.61730776249,8,6
"903",12.7497474319032,30.5926433122734,8,6
"904",10.4074331893915,24.9960925830955,8,6
"905",6.58828134616422,19.6664853342064,8,6
"906",7.39232197339064,23.395395031458,8,6
"907",10.6099307423018,31.4947257328665,8,6
"908",7.33921175569403,23.3324399199634,8,6
"909",7.08151384768327,19.7477774083648,8,6
"910",9.50660028567924,21.5231999862104,8,6
"911",8.59294759811511,28.4859909216221,8,6
"912",6.15428360212182,20.1727854098777,8,6
"913",5.70139437924667,20.5985015924645,8,6
"914",8.65686192949465,22.8833751168349,8,6
"915",9.72576700587565,30.1797844149951,8,6
"916",10.067423618646,21.9933254701046,8,6
"917",5.49534971614507,13.86927726851,8,6
"918",8.7042305629192,18.8367533956635,8,6
"919",9.81312378136205,26.5875060915553,8,6
"920",8.32515422499343,20.6485264991528,8,6
"921",7.99219070069901,21.185245596087,8,6
"922",7.94352879871726,21.3940385618746,8,6
"923",7.16201520734733,20.8027408967478,8,6
"924",9.4713619289203,18.3897517785378,8,6
"925",7.78450302636368,23.1608527971419,8,6
"926",10.0954604461819,26.5952006309129,8,6
"927",7.05427628097617,25.4159201689673,8,6
"928",7.37988807791175,24.1038320830267,8,6
"929",8.34026841331982,23.2981395101986,8,6
"930",9.55628678381927,24.1366695323188,8,6
"931",4.95706072848748,25.9812378751767,8,6
"932",6.80625829939343,19.4155958305889,8,6
"933",11.5659550313421,26.9153919834998,8,6
"934",7.55588506237272,20.4918999625823,8,6
"935",9.50995831465167,21.6057440436789,8,6
"936",9.81282196806087,22.3187884513444,8,6
"937",8.10694414009891,22.4357426177133,8,6
"938",5.76921135936063,20.9614495389267,8,6
"939",9.01076596299314,23.7282227977545,8,6
"940",10.2772183960055,26.1688191539698,8,6
"941",9.60127512829177,28.4862519578618,8,6
"942",6.97630340941706,25.1610949897435,8,6
"943",11.121757989965,25.6367768652847,8,6
"944",7.92069335193649,20.5279413536314,8,6
"945",8.27389783428893,23.9320433703938,8,6
"946",8.14999155667046,26.0033100217377,8,6
"947",9.47240816773727,22.775489921327,8,6
"948",8.75109163142963,24.2276723805476,8,6
"949",6.69836655970003,24.1756729351901,8,6
"950",6.57424711489894,25.9798591444745,8,6
"951",8.13510171791595,20.3721118065175,8,6
"952",9.67814299486388,26.3174314758897,8,6
"953",8.42909522142933,22.7568685588511,8,6
"954",5.10212429120191,15.4037517215915,8,6
"955",5.93300570873504,18.4172230363186,8,6
"956",9.70677229771828,28.1874882975593,8,6
"957",9.40405591882395,30.9869579518862,8,6
"958",10.9290899013482,28.5344763540026,8,6
"959",6.83415676910491,18.628001340315,8,6
"960",7.51414258526078,19.5846788346136,8,6
"961",6.38591820756817,19.6584019889604,8,6
"962",7.95278925219059,23.1424749196277,8,6
"963",7.51341650772169,23.6146096139842,8,6
"964",8.35968698325884,21.2341108759729,8,6
"965",7.51665292175838,21.8551706322024,8,6
"966",7.8393160241887,22.3081216005123,8,6
"967",7.83336393560018,27.9842840120159,8,6
"968",5.16920503953669,21.2073815084872,8,6
"969",6.0685887872595,21.4652065642368,8,6
"970",5.01399842830508,14.6856122355072,8,6
"971",11.8783028270208,27.7041460313372,8,6
"972",8.79719491652717,23.1159983479521,8,6
"973",8.78005130937644,19.4175694739919,8,6
"974",7.63056271349558,26.3698104759879,8,6
"975",8.9376198572414,26.6182171976319,8,6
"976",9.03425022593143,24.0306965177283,8,6
"977",9.3456437942903,24.2880242001035,8,6
"978",10.9143190349845,21.3386978392278,8,6
"979",5.69347675394145,19.2626697334937,8,6
"980",5.72075183859079,21.5559233982289,8,6
"981",7.99603450338474,16.2969670734672,8,6
"982",4.27118289919715,14.9861718384365,8,6
"983",7.48121857874311,22.097415684674,8,6
"984",7.59810979814326,20.6623064226649,8,6
"985",7.25636503527276,23.6987097282146,8,6
"986",7.37008491943761,25.472854721441,8,6
"987",8.62529370441269,23.9876539125452,8,6
"988",7.74013285834999,23.2233971820486,8,6
"989",9.56638078224091,27.1631302953833,8,6
"990",7.24003785383966,23.4286965159949,8,6
"991",11.5181985841076,25.9555744379967,8,6
"992",8.20595939781746,23.1734481692655,8,6
"993",7.88591081825177,21.8601388122408,8,6
"994",6.73268682510068,18.3691129058137,8,6
"995",9.75161844787518,22.9865799334624,8,6
"996",6.97451126278688,18.4271893355742,8,6
"997",5.42516309814866,19.3357057791152,8,6
"998",9.08293921578569,24.3068929015478,8,6
"999",6.72108830146962,14.152731253023,8,6
"1000",7.50743328782404,17.8281582773948,8,6
