"X1","X2","component","subcomponent"
"12001",9.09885280738471,26.1508235789046,8,6.5
"12002",8.83159005840148,25.7493043801678,8,6.5
"12003",8.93315350962168,25.5993791595292,8,6.5
"12004",6.39673910401663,23.9110017571189,8,6.5
"12005",7.8530670745405,27.4782014790314,8,6.5
"12006",8.38635892840395,32.6955872007453,8,6.5
"12007",7.75471384249688,29.5220839266412,8,6.5
"12008",9.48914380070161,31.6780212192701,8,6.5
"12009",7.51203853611383,28.5886816367163,8,6.5
"12010",9.73292120447476,25.2492714084328,8,6.5
"12011",6.9422138207747,25.6223473073531,8,6.5
"12012",6.50929790771071,21.5591717298234,8,6.5
"12013",8.15422235886311,27.0398535860459,8,6.5
"12014",7.76783750297993,27.745711695993,8,6.5
"12015",9.55497419998003,27.7373033367297,8,6.5
"12016",7.7182975918067,26.460975844432,8,6.5
"12017",8.14434876563114,22.2913771978231,8,6.5
"12018",7.12129974370477,30.5614340635773,8,6.5
"12019",8.02631287094511,30.8182839834287,8,6.5
"12020",8.74582624333047,23.7378370287711,8,6.5
"12021",7.81690262538382,21.8127020035299,8,6.5
"12022",6.1545081939273,23.5381689415243,8,6.5
"12023",8.79618899826266,27.7510264227596,8,6.5
"12024",7.18724918289,24.9104823076804,8,6.5
"12025",8.53446128487149,34.1647846999507,8,6.5
"12026",7.54288214265481,22.1163283043975,8,6.5
"12027",7.3600479855391,29.5661601642409,8,6.5
"12028",9.31952989642473,26.907128964646,8,6.5
"12029",8.85223914343521,35.8282516749054,8,6.5
"12030",8.84885991018706,30.4285365412588,8,6.5
"12031",8.83505445479827,33.6660713382758,8,6.5
"12032",7.82105635934999,31.143728745321,8,6.5
"12033",8.56485019113145,28.8011839483667,8,6.5
"12034",7.74623369708076,24.9160472798544,8,6.5
"12035",6.09378487734934,28.6690128034013,8,6.5
"12036",8.4793133351736,23.8837878942084,8,6.5
"12037",7.73501347391809,24.5382977445629,8,6.5
"12038",9.11280950339826,29.2903009518684,8,6.5
"12039",7.24835741601114,27.8982435960349,8,6.5
"12040",7.95543923603069,23.6583815847117,8,6.5
"12041",6.8722871981253,27.0902600136313,8,6.5
"12042",8.70702015864391,25.7853112023777,8,6.5
"12043",5.99687563711726,23.214786987593,8,6.5
"12044",7.87885887432116,27.6767203800521,8,6.5
"12045",9.34403698968681,26.7538805701474,8,6.5
"12046",7.20895328274378,21.8549102911,8,6.5
"12047",7.70881592291762,24.1742030483203,8,6.5
"12048",6.95854942700007,25.2716543218372,8,6.5
"12049",6.49502664410302,21.3233980701641,8,6.5
"12050",9.45419416765015,21.0894786812674,8,6.5
"12051",6.6366206390678,28.8959922331004,8,6.5
"12052",8.08123338971126,26.4042407749666,8,6.5
"12053",8.74410098380805,26.1319073397395,8,6.5
"12054",7.1975647653119,27.5764729368465,8,6.5
"12055",8.73299269198748,27.4862797263563,8,6.5
"12056",9.02192243131382,26.6923571120694,8,6.5
"12057",9.15053622779317,27.1452674409522,8,6.5
"12058",7.18363515657116,29.1171762826856,8,6.5
"12059",7.00885453358657,27.5543538350937,8,6.5
"12060",7.16035156205447,19.8630265766884,8,6.5
"12061",8.5339709448637,27.6469914549481,8,6.5
"12062",8.11456989669237,28.38138554456,8,6.5
"12063",6.3987224616931,25.2542900387398,8,6.5
"12064",5.55860500760194,27.3863389845805,8,6.5
"12065",7.89565943853472,20.0547024862159,8,6.5
"12066",8.94731196727258,29.1786248183569,8,6.5
"12067",7.35804594868846,26.4544987579473,8,6.5
"12068",7.27880070927641,22.5173277514266,8,6.5
"12069",7.19398527294608,24.1466794145061,8,6.5
"12070",8.00334017729558,27.0650606110281,8,6.5
"12071",9.77092173849673,25.174715270508,8,6.5
"12072",6.58557705509978,24.8864718790321,8,6.5
"12073",7.99743318240829,27.7885494422802,8,6.5
"12074",7.56642311386464,21.449840837919,8,6.5
"12075",8.09959379955871,25.6937390573256,8,6.5
"12076",8.54308224105863,25.5856613009316,8,6.5
"12077",8.53595270858961,28.1427069986795,8,6.5
"12078",9.19678156506123,29.8781699983161,8,6.5
"12079",6.72994381406881,27.5824660689765,8,6.5
"12080",7.60953156796143,29.3672024421808,8,6.5
"12081",7.88294101905323,24.370785192631,8,6.5
"12082",9.02334504901747,26.1856460841866,8,6.5
"12083",8.05872783091465,31.4953773000416,8,6.5
"12084",6.73746338569676,21.0876207521016,8,6.5
"12085",5.3817254200259,29.9803049463093,8,6.5
"12086",8.27583643153032,27.9044810130704,8,6.5
"12087",7.05307896600929,29.5146161921694,8,6.5
"12088",7.8971209560317,29.6721583820308,8,6.5
"12089",7.47960775606376,25.5190194501086,8,6.5
"12090",6.67361227814899,24.1072604792851,8,6.5
"12091",9.60182549080584,25.3426693142638,8,6.5
"12092",8.7050215704945,30.2078758570417,8,6.5
"12093",7.28755401820394,25.5915945552766,8,6.5
"12094",7.3908295242201,25.3254644059951,8,6.5
"12095",9.95351475824709,31.1850810808368,8,6.5
"12096",7.92770373103784,32.1515404190578,8,6.5
"12097",9.02465865515683,32.8999963775826,8,6.5
"12098",8.57376605977822,23.6807159692924,8,6.5
"12099",8.65783812181758,26.5803890245117,8,6.5
"12100",8.58625935026932,28.5889777633559,8,6.5
"12101",8.91188100463953,28.983505925485,8,6.5
"12102",6.76846370757919,28.1465010093101,8,6.5
"12103",6.73586752039218,23.1886760341607,8,6.5
"12104",9.01084393414399,29.2560748553058,8,6.5
"12105",7.16876734811685,28.1744408504602,8,6.5
"12106",8.31215620338467,29.4590631094557,8,6.5
"12107",6.23936611845947,26.2775278878793,8,6.5
"12108",7.59045677087077,22.8090619530539,8,6.5
"12109",9.12290854558108,24.9812405023638,8,6.5
"12110",8.10245956591218,24.9308046756209,8,6.5
"12111",7.88658557732503,26.5078077943302,8,6.5
"12112",8.11159514484751,26.3969752088143,8,6.5
"12113",7.15431757825308,28.0831652017724,8,6.5
"12114",9.42963251476506,28.5413292905684,8,6.5
"12115",8.56996963024276,31.2165580278787,8,6.5
"12116",7.10207462217315,27.5298532104875,8,6.5
"12117",10.5954493009778,29.9923692966356,8,6.5
"12118",9.26682627914939,26.5272150577074,8,6.5
"12119",8.65429830229323,27.9985460506735,8,6.5
"12120",5.45761858842433,29.546946687037,8,6.5
"12121",7.73788213583957,25.1619825972553,8,6.5
"12122",9.23365519343869,26.4523688228805,8,6.5
"12123",5.64133941265896,22.036923078859,8,6.5
"12124",9.12086881117254,26.6431428478776,8,6.5
"12125",7.67144818758646,26.0216904739572,8,6.5
"12126",6.07491749091743,26.6248103620287,8,6.5
"12127",7.81809305335636,29.2659402768958,8,6.5
"12128",8.55717449420882,27.0223172578565,8,6.5
"12129",8.61309870866788,26.8971470108357,8,6.5
"12130",8.88552828337738,24.5212086655918,8,6.5
"12131",6.31367362842698,26.1242150451448,8,6.5
"12132",8.8033891085558,26.8208742154724,8,6.5
"12133",9.64340981932622,24.7619540439505,8,6.5
"12134",9.03411645921672,29.6170298875727,8,6.5
"12135",9.45964214604282,32.5073228036864,8,6.5
"12136",7.9502708954686,26.2034180487165,8,6.5
"12137",7.85950177639455,27.0574733128023,8,6.5
"12138",10.024963542353,30.3606079295427,8,6.5
"12139",9.8625865234937,28.0110000793805,8,6.5
"12140",9.41756944335064,25.7923346388825,8,6.5
"12141",8.12642876289563,27.3553043734947,8,6.5
"12142",7.97555277531066,28.6422983712731,8,6.5
"12143",7.69132753592037,29.580965561313,8,6.5
"12144",8.20437004498283,27.2435916154269,8,6.5
"12145",6.40451901856394,23.0765496224603,8,6.5
"12146",7.68073053915565,23.633130003589,8,6.5
"12147",8.94618100866417,27.0441921473986,8,6.5
"12148",7.82933407978017,26.0524502819928,8,6.5
"12149",5.86995946783376,25.4096135140778,8,6.5
"12150",8.08954378550759,27.3738698627223,8,6.5
"12151",8.76917006829395,30.5742268252204,8,6.5
"12152",6.09039350347197,22.4755854996888,8,6.5
"12153",7.23089180132155,26.1154073841222,8,6.5
"12154",9.80221686450901,27.0192553089704,8,6.5
"12155",8.49190690706833,28.4954557565408,8,6.5
"12156",7.0905774121695,23.2738799198612,8,6.5
"12157",9.60732972670899,31.943055677608,8,6.5
"12158",7.01906806375151,22.0407236680613,8,6.5
"12159",10.5558416447256,27.5053025377569,8,6.5
"12160",7.08881974087538,26.3490748001593,8,6.5
"12161",7.60533432242086,26.8082928566981,8,6.5
"12162",7.88156927228795,26.3066880206543,8,6.5
"12163",5.82197626227419,23.91105471999,8,6.5
"12164",7.41297375500909,27.3284888663891,8,6.5
"12165",6.58628682372146,26.3799480284938,8,6.5
"12166",7.31362247277766,21.4285361401602,8,6.5
"12167",8.32653225472923,21.5675317071915,8,6.5
"12168",7.57932859355633,30.204674648295,8,6.5
"12169",7.42844231362023,28.4876656847822,8,6.5
"12170",7.73083681411699,28.7141194570656,8,6.5
"12171",6.75788854350324,24.1695202051445,8,6.5
"12172",10.1912867033388,29.7276162571662,8,6.5
"12173",7.62137223548767,27.5454288464154,8,6.5
"12174",6.31455279930499,21.4672799867022,8,6.5
"12175",7.5629387370522,26.5905749622952,8,6.5
"12176",8.87349908749244,27.5813777699448,8,6.5
"12177",9.32129277985859,33.324072675443,8,6.5
"12178",6.38210232663608,27.1662872131532,8,6.5
"12179",6.85633959869645,23.7117444218584,8,6.5
"12180",8.14928082240044,25.8882745699265,8,6.5
"12181",7.52652307128831,24.8503437894377,8,6.5
"12182",8.77138081353573,25.961002534739,8,6.5
"12183",9.31331772391166,28.3377581574762,8,6.5
"12184",7.48991952890499,23.8445126345071,8,6.5
"12185",8.51936183682097,26.8300279234644,8,6.5
"12186",9.5459774410077,28.2037503000188,8,6.5
"12187",8.22778790855541,29.6445706835518,8,6.5
"12188",9.69489027069767,29.71970661973,8,6.5
"12189",7.15640853508922,25.7201426201944,8,6.5
"12190",9.20999055436228,27.7015583239486,8,6.5
"12191",7.20667733940607,26.1082349208602,8,6.5
"12192",6.81734069042067,23.3136509957031,8,6.5
"12193",8.98649693891161,22.5646594050936,8,6.5
"12194",8.19824649934442,30.3174701437131,8,6.5
"12195",7.26622671162356,26.0984203087043,8,6.5
"12196",8.50468455478876,30.985423062432,8,6.5
"12197",7.01846017099174,28.4783190515534,8,6.5
"12198",7.66343284784274,21.8649629425597,8,6.5
"12199",8.40825263373257,25.8931827066531,8,6.5
"12200",6.75860702568861,27.5576836909432,8,6.5
"12201",8.33342675573605,27.8991679063041,8,6.5
"12202",7.35154306616486,25.7064891258617,8,6.5
"12203",7.43588963213615,27.1703822303263,8,6.5
"12204",7.85405076290291,22.104011679614,8,6.5
"12205",7.24301002328291,24.6979827198683,8,6.5
"12206",9.63642100599154,24.3139150392816,8,6.5
"12207",9.42917789716321,29.4167299611601,8,6.5
"12208",8.32240444643077,25.0040616859676,8,6.5
"12209",7.75761344640332,30.2366217370954,8,6.5
"12210",8.88511473558728,25.1420224000849,8,6.5
"12211",7.95625801077172,30.1270492551215,8,6.5
"12212",8.88879169108176,25.9365794523104,8,6.5
"12213",9.0920671986222,23.6186254134877,8,6.5
"12214",5.56660991052473,20.1004709943127,8,6.5
"12215",7.93703720253745,22.3233340855602,8,6.5
"12216",7.94199969619973,29.3159827655933,8,6.5
"12217",9.37203955506518,29.9506608690547,8,6.5
"12218",9.71940840849409,30.8666300370478,8,6.5
"12219",7.4955288113121,25.2365297463179,8,6.5
"12220",8.30561988262016,25.2320055801622,8,6.5
"12221",5.50450486915074,23.0356862381557,8,6.5
"12222",7.98550079621493,28.5574159822424,8,6.5
"12223",6.64087101681682,22.0295718648282,8,6.5
"12224",7.51998876331967,26.1314066681066,8,6.5
"12225",7.46617914577487,23.1650166967119,8,6.5
"12226",6.10873545948658,27.1567260543244,8,6.5
"12227",7.91364490928563,28.601275320187,8,6.5
"12228",7.09299629958299,29.9878691895836,8,6.5
"12229",7.94621602822124,28.4199093884469,8,6.5
"12230",7.06166609832083,25.2691187841847,8,6.5
"12231",8.65802404957483,27.8095356060108,8,6.5
"12232",8.72733315756275,30.8813176966877,8,6.5
"12233",7.8254168663059,27.4053125909066,8,6.5
"12234",8.91121578552697,26.7517906725035,8,6.5
"12235",7.86518493341324,23.8769124974634,8,6.5
"12236",9.33987668612688,29.7190914069113,8,6.5
"12237",7.1703885140243,28.3849535737229,8,6.5
"12238",8.62945401075377,31.7292065016117,8,6.5
"12239",7.93008382119979,24.561584177139,8,6.5
"12240",5.81376168569837,30.1476854237054,8,6.5
"12241",8.76744151951273,28.592224062109,8,6.5
"12242",7.5605188010216,28.051067986883,8,6.5
"12243",7.46607539339801,25.7672177220562,8,6.5
"12244",9.03785690038535,31.3284487475947,8,6.5
"12245",7.77404494116784,27.6987138929004,8,6.5
"12246",7.69314986281418,27.6627258885444,8,6.5
"12247",7.54756359152788,24.5226434655385,8,6.5
"12248",9.57103942265649,30.3900872849666,8,6.5
"12249",6.2005367402072,22.8630966695868,8,6.5
"12250",7.56161076731668,28.5033276892825,8,6.5
"12251",6.48671118829128,20.8148793170834,8,6.5
"12252",9.62328006019994,24.5885164879772,8,6.5
"12253",8.90623398655529,21.9097438437627,8,6.5
"12254",6.10768526834267,23.628187743327,8,6.5
"12255",8.50208150248149,25.0257791949577,8,6.5
"12256",6.21979567697281,22.460776577463,8,6.5
"12257",6.74423120575368,22.2970978271534,8,6.5
"12258",5.69350984494275,23.8490064063555,8,6.5
"12259",8.81048473210506,26.6708545525917,8,6.5
"12260",5.82304553639925,25.440017477873,8,6.5
"12261",6.98223455217337,22.9004304279738,8,6.5
"12262",9.78443736937103,29.2183243822167,8,6.5
"12263",8.74071875634075,25.965838044684,8,6.5
"12264",7.14010406119263,26.5550960722742,8,6.5
"12265",6.83619787369007,24.3059167323721,8,6.5
"12266",7.3399285878008,27.4699836934658,8,6.5
"12267",7.91029447821348,23.3947294962477,8,6.5
"12268",6.58254135172419,23.0936386451631,8,6.5
"12269",6.99469170284358,26.5501778932418,8,6.5
"12270",6.291295395983,26.4832253383151,8,6.5
"12271",10.4429923526547,28.0432028530366,8,6.5
"12272",7.997187375131,27.5123609694946,8,6.5
"12273",5.8550066246285,25.5859823584281,8,6.5
"12274",6.52713506940774,26.6205733939617,8,6.5
"12275",10.6510851581231,31.5750788074757,8,6.5
"12276",5.61504499913506,27.524333977721,8,6.5
"12277",7.85019788249713,26.320522517422,8,6.5
"12278",6.27165258102435,24.5714473199935,8,6.5
"12279",7.86200423249161,29.1425546365575,8,6.5
"12280",7.57591985264384,23.1743922990238,8,6.5
"12281",7.90564739658872,25.8699085710126,8,6.5
"12282",6.97972117560593,23.3431415272445,8,6.5
"12283",7.18757918466672,25.6002864279274,8,6.5
"12284",6.31633119403302,23.6295894609248,8,6.5
"12285",8.18041657641275,27.4554674893341,8,6.5
"12286",9.04383994924929,29.9683885288454,8,6.5
"12287",8.09851981824079,27.5567261967331,8,6.5
"12288",6.94563212457361,26.6258292679042,8,6.5
"12289",8.03615848529691,28.2104348443635,8,6.5
"12290",8.2026771108784,28.2643152858301,8,6.5
"12291",7.67387084680761,29.3392520938608,8,6.5
"12292",8.95031471836954,26.9377409563356,8,6.5
"12293",8.71424545659987,27.6905727348377,8,6.5
"12294",11.2481612038125,23.1387246424876,8,6.5
"12295",7.69309743522485,34.8126076531404,8,6.5
"12296",8.5732529186275,23.6291317266134,8,6.5
"12297",7.22074888404616,24.2830968615292,8,6.5
"12298",9.14244591994125,25.4741950179984,8,6.5
"12299",8.24890060390976,26.0209320851466,8,6.5
"12300",7.30559283157242,31.6479260275282,8,6.5
"12301",7.36965490990956,28.5801684738049,8,6.5
"12302",7.64913982988973,29.6222409640237,8,6.5
"12303",5.82051852195551,28.5083852846027,8,6.5
"12304",8.94585794810264,23.560143146879,8,6.5
"12305",5.34517230531698,30.2345737832669,8,6.5
"12306",9.1587094333802,24.7380850191078,8,6.5
"12307",8.70398671467139,26.3555414109348,8,6.5
"12308",5.26657327625588,24.3899835594928,8,6.5
"12309",7.5066561389667,24.1947912638901,8,6.5
"12310",7.84307663188376,26.8269897703747,8,6.5
"12311",8.06642239317953,26.1534285433742,8,6.5
"12312",7.77595160142544,25.1400827563851,8,6.5
"12313",9.56311249089553,31.175158275282,8,6.5
"12314",6.01276645570142,26.2735757193536,8,6.5
"12315",7.48579963551787,23.9766799464486,8,6.5
"12316",9.89985730847966,30.9285971771079,8,6.5
"12317",8.92022195170362,29.7283149582077,8,6.5
"12318",6.5173163868714,24.9282649043685,8,6.5
"12319",8.94324181129205,31.0335893979933,8,6.5
"12320",8.20282708991808,24.7461651618331,8,6.5
"12321",7.49869111162169,27.837490376011,8,6.5
"12322",8.1450143794027,26.394361074915,8,6.5
"12323",7.88439444495059,29.4170459333416,8,6.5
"12324",6.70869268159564,25.4190939571934,8,6.5
"12325",8.54200030393549,33.938318567814,8,6.5
"12326",8.91505035699576,23.5808409528349,8,6.5
"12327",7.36455101670401,30.6370377171179,8,6.5
"12328",7.12181794492597,24.3031189141878,8,6.5
"12329",8.53604618288997,27.5818270263884,8,6.5
"12330",8.30010211169054,26.8173863576774,8,6.5
"12331",9.07091137787435,28.017627779834,8,6.5
"12332",8.9957245716236,27.9262722894005,8,6.5
"12333",7.71262285933758,28.0052930052641,8,6.5
"12334",8.91221807391931,29.8023016034201,8,6.5
"12335",6.15089128700786,28.9289658012701,8,6.5
"12336",7.53068320603647,25.7735173377968,8,6.5
"12337",9.82331978228525,31.3435481959531,8,6.5
"12338",6.82135500545516,26.5975342112033,8,6.5
"12339",6.98882574345649,28.0222240825665,8,6.5
"12340",7.49551516867155,27.3954948864002,8,6.5
"12341",8.76559546030967,26.1222375155245,8,6.5
"12342",7.73157786222696,24.8378993680669,8,6.5
"12343",8.65593558727252,21.8985515717508,8,6.5
"12344",7.36832516143135,29.7079047291633,8,6.5
"12345",9.71389183058871,30.4115793609353,8,6.5
"12346",8.05321351707682,24.7534247670085,8,6.5
"12347",5.98001545640556,23.9662084542558,8,6.5
"12348",8.48167968262485,21.6493875305199,8,6.5
"12349",6.62200217166977,25.1046159224012,8,6.5
"12350",8.28348414788698,21.5432010418446,8,6.5
"12351",7.60271468312183,26.1283110189197,8,6.5
"12352",8.29587040207794,26.8149580129366,8,6.5
"12353",9.06615820656746,25.109806442666,8,6.5
"12354",6.94715353150235,28.0459962679817,8,6.5
"12355",9.0279193516305,29.421038154184,8,6.5
"12356",6.56443904362157,26.7916703019984,8,6.5
"12357",5.82947916528927,26.7798093487067,8,6.5
"12358",8.31252155415207,26.3223694652605,8,6.5
"12359",9.93498104224324,32.342657248561,8,6.5
"12360",7.84601614853282,28.5337442354801,8,6.5
"12361",5.25068858804877,27.0049282077769,8,6.5
"12362",7.16129343431588,27.4002497970101,8,6.5
"12363",5.97999050731526,23.0668633671864,8,6.5
"12364",6.38915950737703,21.1511650361017,8,6.5
"12365",7.59631359199161,26.5921031231811,8,6.5
"12366",7.40478804556158,22.1050332372922,8,6.5
"12367",8.85336793644307,26.2056504904068,8,6.5
"12368",8.06301625019719,25.8261336250505,8,6.5
"12369",7.39228314993974,22.2805501497494,8,6.5
"12370",7.64182399467045,25.7929183710047,8,6.5
"12371",9.6345966946389,28.8352017947591,8,6.5
"12372",10.1386108180297,28.8474000276805,8,6.5
"12373",9.22503858183821,26.1575305244515,8,6.5
"12374",6.03591584209692,27.7827906087084,8,6.5
"12375",8.51958254385613,25.8754819603207,8,6.5
"12376",7.93152149400075,28.064804535081,8,6.5
"12377",8.61685710871207,24.2004941158144,8,6.5
"12378",9.2792058181436,26.9399858782425,8,6.5
"12379",8.40936317487032,26.5860819854381,8,6.5
"12380",7.28036628160588,22.8198388296195,8,6.5
"12381",9.52295866644833,26.830430219297,8,6.5
"12382",9.48707468613879,27.212747155092,8,6.5
"12383",8.92975165223758,28.2006469290432,8,6.5
"12384",7.53595710098326,22.1814754030191,8,6.5
"12385",7.24667139644764,26.3639446067587,8,6.5
"12386",7.06913152246072,30.4279398231865,8,6.5
"12387",8.10435329063995,19.7024208682557,8,6.5
"12388",7.42634410665859,28.1068748278151,8,6.5
"12389",8.04388642644894,30.3781885082918,8,6.5
"12390",8.56278255193692,24.1902800111659,8,6.5
"12391",10.178954150794,29.9200565735122,8,6.5
"12392",5.05983850716115,20.4122027409244,8,6.5
"12393",9.0087962891644,22.1519481811706,8,6.5
"12394",8.34246923167314,23.8995928611949,8,6.5
"12395",9.19490045398928,26.6614810735249,8,6.5
"12396",7.45994022642941,22.8456939083143,8,6.5
"12397",8.84364816178821,24.0063413981125,8,6.5
"12398",8.60021801430209,29.8025441106174,8,6.5
"12399",7.6343876484273,25.7367007183768,8,6.5
"12400",8.7434123215765,33.3665107662086,8,6.5
"12401",6.36428946713144,20.7869933891403,8,6.5
"12402",8.82585385884103,26.5609064973354,8,6.5
"12403",6.43935791480038,26.8667332651181,8,6.5
"12404",8.13885726790215,24.8654559642178,8,6.5
"12405",7.49978834610456,28.700598908444,8,6.5
"12406",8.12177081996949,24.4505837655029,8,6.5
"12407",10.1698827366142,24.475990191997,8,6.5
"12408",8.69278093724277,22.5813305435839,8,6.5
"12409",10.3525558460418,31.4838870003852,8,6.5
"12410",8.04661434330614,27.6967384048301,8,6.5
"12411",11.2466212147916,29.2165993469614,8,6.5
"12412",7.72865761716667,29.2309408100898,8,6.5
"12413",7.70507248413123,27.7163296747996,8,6.5
"12414",9.24707358610353,26.7880185511293,8,6.5
"12415",7.63850860679348,23.2455143621585,8,6.5
"12416",9.1784743640558,30.6688904032884,8,6.5
"12417",8.91488904019332,28.5503052228092,8,6.5
"12418",8.0880766743962,21.6447238557422,8,6.5
"12419",7.82923195368721,24.6822218252443,8,6.5
"12420",8.68247533107274,25.7387839915117,8,6.5
"12421",8.25776635958925,28.2446080854064,8,6.5
"12422",7.24168071834121,25.5927278048952,8,6.5
"12423",8.78764884555441,28.1865757449513,8,6.5
"12424",8.30925527290833,24.7960493925058,8,6.5
"12425",7.63582465366589,27.7349459345305,8,6.5
"12426",7.78580745447063,25.1842990273564,8,6.5
"12427",11.0118657944885,27.2895988147783,8,6.5
"12428",5.72648378344473,21.4103460219717,8,6.5
"12429",7.54855943178105,27.8497319791248,8,6.5
"12430",8.2735152511257,28.0649424843114,8,6.5
"12431",8.06135453428486,28.3241848375786,8,6.5
"12432",7.98419844080138,25.8771517213469,8,6.5
"12433",8.52298863477906,24.626626862169,8,6.5
"12434",9.4237701086708,29.1523991355446,8,6.5
"12435",6.15659343905211,28.519313565153,8,6.5
"12436",7.73122726019412,27.5270491085998,8,6.5
"12437",7.93821097463002,27.4064311460237,8,6.5
"12438",6.98461939475639,29.4015391780779,8,6.5
"12439",8.5151308744284,27.8784767054968,8,6.5
"12440",8.31965578700142,24.9242680577524,8,6.5
"12441",8.44681789317303,28.2578942387395,8,6.5
"12442",7.971423266979,28.5583237548158,8,6.5
"12443",6.04880464426148,23.3219090809473,8,6.5
"12444",8.12543048225862,26.7118824060812,8,6.5
"12445",8.70985333639674,27.6164128863424,8,6.5
"12446",7.83589238044444,26.6906881296185,8,6.5
"12447",7.49338205788936,26.3198941661207,8,6.5
"12448",10.2880314879241,28.7751816802046,8,6.5
"12449",7.86133528520979,25.5649839076649,8,6.5
"12450",10.5199566936687,28.1744675591336,8,6.5
"12451",8.50768620552623,30.6181311229093,8,6.5
"12452",8.43885834074913,25.140229972256,8,6.5
"12453",6.98062479585053,31.3429211344593,8,6.5
"12454",7.75033356878325,24.2939037955829,8,6.5
"12455",7.88872899538713,30.5260640209528,8,6.5
"12456",9.40532243951465,30.2944639154084,8,6.5
"12457",7.27438629154839,23.13946210018,8,6.5
"12458",8.88048679533223,24.6318557924226,8,6.5
"12459",8.16261370489909,29.0654864584175,8,6.5
"12460",8.82325716176446,24.6293883403594,8,6.5
"12461",7.57553754147194,28.6677447527992,8,6.5
"12462",9.23076531020136,23.6816045341164,8,6.5
"12463",7.04482150410753,23.2254101384702,8,6.5
"12464",6.15280357707112,27.1011283712501,8,6.5
"12465",8.24913723069284,23.222260093245,8,6.5
"12466",9.49584351847887,28.8890401160225,8,6.5
"12467",6.59734836047923,25.2241928243279,8,6.5
"12468",7.48080403410332,21.9795172715682,8,6.5
"12469",7.87669554536067,30.3644320660349,8,6.5
"12470",7.48613883412695,22.7758458187589,8,6.5
"12471",7.14190711945764,23.9011278196957,8,6.5
"12472",9.0493592410603,29.0613657516766,8,6.5
"12473",6.34534321487904,25.3730525147209,8,6.5
"12474",8.61806929845528,27.9618900771017,8,6.5
"12475",7.67526813733329,24.9868710471961,8,6.5
"12476",9.44767680322435,22.7867774302918,8,6.5
"12477",5.49179613038373,22.9774971627561,8,6.5
"12478",9.55830835785699,27.9075100179773,8,6.5
"12479",7.90566282580404,23.8601707450257,8,6.5
"12480",8.56541811962583,30.5550237958351,8,6.5
"12481",6.59722651311285,24.6472854304135,8,6.5
"12482",7.77629687542296,23.1132610583317,8,6.5
"12483",7.17073189672227,22.0558658346274,8,6.5
"12484",7.74145235242086,30.6952079107564,8,6.5
"12485",8.58056461997838,24.5511349410073,8,6.5
"12486",9.25280864817724,21.8708973127396,8,6.5
"12487",8.45307828744219,25.9252219574369,8,6.5
"12488",7.64474991121773,23.8848161715096,8,6.5
"12489",6.73769824485668,23.8601505482512,8,6.5
"12490",8.82268204157825,22.4297262679308,8,6.5
"12491",9.09769255723149,27.3146466227339,8,6.5
"12492",6.78210275247266,22.410222225908,8,6.5
"12493",8.47598208975359,24.8399398326364,8,6.5
"12494",6.70682511223778,29.4296723694237,8,6.5
"12495",5.6192061212888,24.9871277563858,8,6.5
"12496",9.10734540182962,28.4602873226271,8,6.5
"12497",8.14701684376164,30.2867534217522,8,6.5
"12498",7.39637423750784,27.4549021981035,8,6.5
"12499",9.60993641069907,26.0987334509934,8,6.5
"12500",8.85598607360668,29.6524438247977,8,6.5
"12501",7.95612078994544,27.3448092438393,8,6.5
"12502",7.0511933543277,27.5017035831497,8,6.5
"12503",8.26806127354245,26.2581371715138,8,6.5
"12504",7.65744380862798,23.6474641242807,8,6.5
"12505",9.51348938424676,27.783132551601,8,6.5
"12506",10.0186103484085,26.8255096067816,8,6.5
"12507",6.96538077445425,22.3705272095367,8,6.5
"12508",7.60164996334613,23.2912177920656,8,6.5
"12509",6.876788588944,23.5681642368352,8,6.5
"12510",9.21448703494683,28.2535833503374,8,6.5
"12511",8.78441368761582,26.4961734166772,8,6.5
"12512",8.98635458369743,31.5287043137621,8,6.5
"12513",6.5675504908288,24.351419808631,8,6.5
"12514",7.34582584576218,26.4160783301108,8,6.5
"12515",6.61372127996644,24.7514808376466,8,6.5
"12516",9.1321248862534,31.6559147865163,8,6.5
"12517",8.94748815305065,26.8013483911217,8,6.5
"12518",7.85498683320259,24.8533490493594,8,6.5
"12519",7.64076170109079,28.0421475492622,8,6.5
"12520",7.63823511389619,28.0350799917976,8,6.5
"12521",9.35493901645208,29.111490396707,8,6.5
"12522",9.06705760577874,26.7633106619344,8,6.5
"12523",9.17686072582512,25.1782231567399,8,6.5
"12524",5.91307465175434,26.0325519052808,8,6.5
"12525",7.74742288693786,28.9752164705769,8,6.5
"12526",7.48760175939951,26.3883345842312,8,6.5
"12527",9.21828993050642,24.6298533305521,8,6.5
"12528",7.39829800133339,27.7444684929181,8,6.5
"12529",8.19389987763351,28.4966280808396,8,6.5
"12530",5.95078805940075,19.7917873601177,8,6.5
"12531",10.6854860399981,34.286360733362,8,6.5
"12532",7.92600144048913,25.8431236166695,8,6.5
"12533",7.35771254969311,24.796370943349,8,6.5
"12534",9.91407015681014,29.0891831707698,8,6.5
"12535",7.01025222845522,28.5106126650541,8,6.5
"12536",7.57244369438555,29.067097579043,8,6.5
"12537",8.66574310693332,32.0222748416481,8,6.5
"12538",6.90962161351699,29.0500779562366,8,6.5
"12539",7.78333847758219,28.8981509366792,8,6.5
"12540",5.32183767447542,24.5645525650211,8,6.5
"12541",6.62300114038182,25.2719204776843,8,6.5
"12542",9.38087955142944,29.5330277845034,8,6.5
"12543",9.26339666027329,26.9698306596702,8,6.5
"12544",6.90374489004169,25.4998418218671,8,6.5
"12545",9.23192294124047,24.4001496409168,8,6.5
"12546",7.70324075804866,27.709591986311,8,6.5
"12547",8.30328659531807,32.9330433104658,8,6.5
"12548",5.69608982836237,25.9408406445987,8,6.5
"12549",9.23798439186198,25.7366570647001,8,6.5
"12550",6.46860791681001,27.0794178498197,8,6.5
"12551",8.42021925846514,26.776657308558,8,6.5
"12552",7.13406630112284,26.1705582889777,8,6.5
"12553",9.71724683695699,26.5057108369726,8,6.5
"12554",7.27884479505815,30.5843426138847,8,6.5
"12555",7.43319472048058,27.8131457409026,8,6.5
"12556",7.80905570569949,28.8374864424534,8,6.5
"12557",6.76782920078268,28.1912377016841,8,6.5
"12558",7.79134124227325,25.1477665357867,8,6.5
"12559",8.6365551514517,25.3427517425467,8,6.5
"12560",8.62854409600046,23.9970418526954,8,6.5
"12561",9.34688779504514,30.047452393164,8,6.5
"12562",8.75468501694791,30.0375946823826,8,6.5
"12563",9.83893016004421,24.7011499991273,8,6.5
"12564",9.6898752738055,29.6956842313027,8,6.5
"12565",8.57874429656746,30.7738445592279,8,6.5
"12566",4.75809721290801,21.3540527033446,8,6.5
"12567",8.46034597509229,24.5448272972779,8,6.5
"12568",7.25960942859005,25.7085927117111,8,6.5
"12569",7.59449730737015,24.9114077509136,8,6.5
"12570",8.29565528025458,22.7839631577251,8,6.5
"12571",8.32622895896858,27.2150385114162,8,6.5
"12572",8.98104609411116,30.3629620355907,8,6.5
"12573",7.19458533270442,27.7898720399889,8,6.5
"12574",8.15689434243027,27.8976049561894,8,6.5
"12575",6.00876738958791,26.2354196402448,8,6.5
"12576",8.03602458530766,25.922219482693,8,6.5
"12577",8.25000758997025,21.4673190611725,8,6.5
"12578",9.1046116525754,28.3767680986725,8,6.5
"12579",7.26933950437318,19.4208703071662,8,6.5
"12580",4.20204461898194,28.752000901169,8,6.5
"12581",9.97496621670523,34.1294721536574,8,6.5
"12582",9.30911502560939,25.2922075360778,8,6.5
"12583",7.57458822437701,25.2610730081429,8,6.5
"12584",6.88550817378703,22.6983561455686,8,6.5
"12585",8.92925273296346,30.8503351897056,8,6.5
"12586",7.33515038868961,26.7188352242939,8,6.5
"12587",7.41908726928689,27.2516640698482,8,6.5
"12588",7.87863771406393,24.362006544431,8,6.5
"12589",7.8563809930425,24.857894183661,8,6.5
"12590",5.75158045945627,25.7646558399513,8,6.5
"12591",6.60426605002162,26.3522968099521,8,6.5
"12592",8.15077734922031,24.5032214348081,8,6.5
"12593",8.91039260035507,25.9761476285293,8,6.5
"12594",8.42443246577553,24.5351837339199,8,6.5
"12595",9.01641616031895,25.9886192251211,8,6.5
"12596",8.79470400941228,23.3665434592785,8,6.5
"12597",7.3607828480296,23.795986334415,8,6.5
"12598",7.56529062198516,27.2548478780559,8,6.5
"12599",8.26819111744561,29.5765162645742,8,6.5
"12600",8.53469764914153,31.0625974580249,8,6.5
"12601",8.51585446477969,30.7598378470182,8,6.5
"12602",7.63049022321381,23.145086478101,8,6.5
"12603",9.46806356066559,28.6803934204953,8,6.5
"12604",7.94383776920167,28.2869745229769,8,6.5
"12605",6.77960735881052,22.3521318540014,8,6.5
"12606",5.18849667782506,26.0224621583576,8,6.5
"12607",8.861002491911,25.842184610985,8,6.5
"12608",9.86928589690422,26.8002747966929,8,6.5
"12609",7.92952079935776,28.5339938875555,8,6.5
"12610",7.71372463336603,29.9073342000312,8,6.5
"12611",7.02982696305925,29.5478801793989,8,6.5
"12612",8.5004704993959,25.7630068900009,8,6.5
"12613",10.8232915669274,35.7752314913185,8,6.5
"12614",9.36514995474889,31.8916865415038,8,6.5
"12615",6.51741849635199,31.8839782455709,8,6.5
"12616",10.2001762824275,30.3476957909707,8,6.5
"12617",9.0207876007355,25.9561066387677,8,6.5
"12618",5.88449240960063,24.9818080287146,8,6.5
"12619",9.56494868178504,26.610273659012,8,6.5
"12620",8.83313704948676,33.7021002904945,8,6.5
"12621",7.04055135301624,23.3847343972706,8,6.5
"12622",7.45379271521025,30.8824083589173,8,6.5
"12623",8.15452244260278,23.9878725552317,8,6.5
"12624",10.7314083972547,25.3619550799669,8,6.5
"12625",5.9675810429973,26.2308045606697,8,6.5
"12626",8.32758755256093,21.0492760258146,8,6.5
"12627",8.63748057068457,29.7869927964505,8,6.5
"12628",6.97016227138381,26.0539633837539,8,6.5
"12629",8.55014748673516,28.8019168361529,8,6.5
"12630",8.70905779094914,25.5175861254948,8,6.5
"12631",9.19070940588591,29.788026721325,8,6.5
"12632",8.1474511994296,26.6931743773737,8,6.5
"12633",7.82531633917492,29.8424809786254,8,6.5
"12634",6.55212655467612,24.8391431177433,8,6.5
"12635",8.08940079411094,25.0967069205,8,6.5
"12636",8.82850220009055,27.8014462778757,8,6.5
"12637",6.69000055167744,25.2314354272428,8,6.5
"12638",7.51320996808797,23.6806814445343,8,6.5
"12639",7.15222824163106,26.5488156209947,8,6.5
"12640",6.60396339857222,23.1077486490747,8,6.5
"12641",9.46175085449827,28.1807248528041,8,6.5
"12642",8.01242323594338,29.0415256179665,8,6.5
"12643",8.17961691788132,27.1115980819587,8,6.5
"12644",8.91511629491535,25.5975331472132,8,6.5
"12645",7.75486822705585,30.698533925402,8,6.5
"12646",6.22069305303144,21.6336571793769,8,6.5
"12647",9.85055282749862,31.5333278114928,8,6.5
"12648",8.60956995759699,29.9579038120494,8,6.5
"12649",8.36976895617656,26.5553054825642,8,6.5
"12650",9.89227115658319,28.2919750390476,8,6.5
"12651",8.18834101020806,29.4770757046985,8,6.5
"12652",7.47393553188131,26.0286996126775,8,6.5
"12653",9.28082759489464,29.4892174303384,8,6.5
"12654",8.3077547718935,29.999055344903,8,6.5
"12655",6.3807750083563,21.49226408833,8,6.5
"12656",7.01670835084168,25.3725129485781,8,6.5
"12657",8.98853011927929,27.765735004541,8,6.5
"12658",7.48573158905579,26.3701168078562,8,6.5
"12659",9.87800463918759,22.0735514894713,8,6.5
"12660",7.43642726015849,24.3716066638433,8,6.5
"12661",10.1226767968918,25.5907410658122,8,6.5
"12662",6.27699283954539,27.7145126570618,8,6.5
"12663",7.89749042452876,28.3841150121921,8,6.5
"12664",8.38455347806912,31.9347687984453,8,6.5
"12665",10.1513150979572,32.3205568716882,8,6.5
"12666",8.43235458613443,29.265111001001,8,6.5
"12667",9.05141263376811,26.7723363459173,8,6.5
"12668",8.54215813903992,28.1456389568887,8,6.5
"12669",10.1462306201607,29.1039388236969,8,6.5
"12670",8.08295350022164,33.7306232980612,8,6.5
"12671",8.25761449352037,24.3625457175752,8,6.5
"12672",5.06260753110394,20.4310476358982,8,6.5
"12673",7.0525793112714,25.3203481232642,8,6.5
"12674",6.82425293574146,24.3092770336664,8,6.5
"12675",8.45842396383405,24.3676174498747,8,6.5
"12676",8.36437566323878,24.1395476190557,8,6.5
"12677",7.92081385834182,26.6592964839719,8,6.5
"12678",7.35549981711405,25.3928720708549,8,6.5
"12679",9.1871667349673,28.1888652612674,8,6.5
"12680",10.5851986396609,32.9844123269986,8,6.5
"12681",7.6100479485079,23.4014852088215,8,6.5
"12682",5.63303458519521,21.6865271637144,8,6.5
"12683",7.75695625314895,23.2665711392118,8,6.5
"12684",8.25832348847838,25.903574903888,8,6.5
"12685",9.29022674480241,28.1307501700851,8,6.5
"12686",5.75496798733363,22.545217030034,8,6.5
"12687",9.2547443270709,25.7275134506834,8,6.5
"12688",8.47630005846069,23.0887265908843,8,6.5
"12689",6.11852731978245,21.5489301952173,8,6.5
"12690",9.86374052602327,28.5549117756472,8,6.5
"12691",10.6531529251023,26.6878835288328,8,6.5
"12692",8.15647889968605,24.198125663548,8,6.5
"12693",9.74454212136881,25.3925181553322,8,6.5
"12694",8.59319725962637,24.6552049738806,8,6.5
"12695",8.28091618897537,31.0907257666199,8,6.5
"12696",6.742572509649,23.4554663906762,8,6.5
"12697",6.32696144466837,28.3277915608272,8,6.5
"12698",8.45827030349372,25.0794477453156,8,6.5
"12699",8.10418693064921,30.5555041913723,8,6.5
"12700",8.04802156436817,25.2378802352858,8,6.5
"12701",8.71901980937787,29.3707390663113,8,6.5
"12702",8.85518337951576,29.2347747406505,8,6.5
"12703",7.92654675325471,22.5179373933241,8,6.5
"12704",10.5421530030967,28.7132718309617,8,6.5
"12705",11.0913959157924,26.3700701281116,8,6.5
"12706",8.67494184939635,25.1609032384219,8,6.5
"12707",7.96979923431529,28.3096373894258,8,6.5
"12708",8.22220220604797,28.6427482025034,8,6.5
"12709",6.80157991539496,27.9486867128647,8,6.5
"12710",8.26481315477459,31.0861588512573,8,6.5
"12711",8.6645721970624,30.7643551210409,8,6.5
"12712",5.83472937311218,20.7386514972573,8,6.5
"12713",9.98307161373614,31.3920257142044,8,6.5
"12714",9.68803792791275,27.3316368988046,8,6.5
"12715",9.83039443278821,26.4394443719093,8,6.5
"12716",5.91196708970996,23.4701412159542,8,6.5
"12717",7.96590505611608,30.3435784227975,8,6.5
"12718",6.62402288446803,26.1282152046897,8,6.5
"12719",9.81829180992919,27.2271678511198,8,6.5
"12720",6.82098304383852,26.3969738309469,8,6.5
"12721",8.05298933548794,26.5977091459558,8,6.5
"12722",8.32014476933107,28.2084814988803,8,6.5
"12723",8.16019993869088,30.984540934605,8,6.5
"12724",8.90697976815717,27.5041462517116,8,6.5
"12725",7.1678653203871,30.1301353984596,8,6.5
"12726",9.45129253080071,22.6279057696794,8,6.5
"12727",5.71268940682557,22.0157046772641,8,6.5
"12728",8.61697263221382,26.4564802942497,8,6.5
"12729",6.59993284951662,25.3852833580435,8,6.5
"12730",7.80465657533042,28.4185210138466,8,6.5
"12731",8.19466708677619,24.6883040663942,8,6.5
"12732",8.72538557767683,27.8645488117865,8,6.5
"12733",7.2058811684069,21.7752606823079,8,6.5
"12734",5.44661602046658,23.9554353953022,8,6.5
"12735",5.57446926027703,21.351825844795,8,6.5
"12736",10.4513975507484,29.1428724439489,8,6.5
"12737",9.00379149888889,27.3813420445192,8,6.5
"12738",8.6308005633113,28.5019152705967,8,6.5
"12739",8.06506825772903,26.7618503713697,8,6.5
"12740",8.39013859904502,27.597209245976,8,6.5
"12741",7.4529280659804,25.1752700948162,8,6.5
"12742",6.27296196534066,24.517778937544,8,6.5
"12743",7.84977042243376,27.3191546376779,8,6.5
"12744",7.4809955859419,24.1620165343821,8,6.5
"12745",9.69975031877765,29.4751840089954,8,6.5
"12746",8.84933679943875,25.7455513858026,8,6.5
"12747",8.62000973721568,24.527322586858,8,6.5
"12748",7.078697092815,27.7087793967028,8,6.5
"12749",9.52582493187167,29.7955199861885,8,6.5
"12750",7.85227700253644,31.7572698058154,8,6.5
"12751",7.38225345514684,21.1545446677267,8,6.5
"12752",6.81253188910683,26.3359227857756,8,6.5
"12753",7.67338572222894,30.9273435043309,8,6.5
"12754",7.82161891139636,31.8239874934647,8,6.5
"12755",7.93528827802592,31.3117666857059,8,6.5
"12756",11.4342832379823,29.5340999565157,8,6.5
"12757",7.59085460377066,21.7430339772126,8,6.5
"12758",7.90190035597179,32.6480501355647,8,6.5
"12759",10.8945830990772,29.221085896664,8,6.5
"12760",8.8849060208529,28.2793108866976,8,6.5
"12761",10.4303363025743,31.8176978143893,8,6.5
"12762",10.1388260174886,30.5299250406975,8,6.5
"12763",8.18459443853198,22.6509442228697,8,6.5
"12764",6.03025111470323,28.7177103766676,8,6.5
"12765",7.86809039310305,26.1300358804896,8,6.5
"12766",7.36485802495622,24.1999767927935,8,6.5
"12767",7.23636073254555,26.8819334163757,8,6.5
"12768",6.74456113717354,22.5429690071105,8,6.5
"12769",7.5014962460879,23.3775135385273,8,6.5
"12770",7.51848046938373,24.1077681426156,8,6.5
"12771",9.34347520830737,29.1207315796005,8,6.5
"12772",9.14470370113957,31.3780615428119,8,6.5
"12773",5.88348306992622,23.9137155203554,8,6.5
"12774",8.20991705133193,31.0009955958652,8,6.5
"12775",7.63166243392537,27.2722802937453,8,6.5
"12776",8.1783843958197,25.7149046362859,8,6.5
"12777",9.18862887066485,31.4562585096793,8,6.5
"12778",8.16178286087841,27.2443365465365,8,6.5
"12779",7.25726373506637,26.752879936372,8,6.5
"12780",8.55593766896471,32.2731742880857,8,6.5
"12781",7.96775969477724,33.6517805298384,8,6.5
"12782",9.85543977977901,25.7178053474021,8,6.5
"12783",7.76435184764591,24.3129298993061,8,6.5
"12784",8.25599548700065,26.3870756564316,8,6.5
"12785",7.35324017950109,27.0259879138349,8,6.5
"12786",6.91964276230645,26.9808558338089,8,6.5
"12787",8.54795593352706,27.9387658368905,8,6.5
"12788",9.59705234925234,27.9134991277851,8,6.5
"12789",6.81280948933345,28.0476795938151,8,6.5
"12790",8.04383933822101,25.9764893949247,8,6.5
"12791",9.02826967840112,29.7633916335846,8,6.5
"12792",7.56441741058645,25.8245884402756,8,6.5
"12793",7.0314056768145,25.2238208732454,8,6.5
"12794",7.29372456466106,24.6297592588775,8,6.5
"12795",6.03375672202685,26.8289257645844,8,6.5
"12796",7.65622428700807,23.7475384104504,8,6.5
"12797",7.35121951868116,22.9961715549666,8,6.5
"12798",6.74097185496756,27.5564859227,8,6.5
"12799",7.68432165361427,26.0586754152944,8,6.5
"12800",8.95773162654366,28.4495973407317,8,6.5
"12801",7.47106819520235,24.1961628366325,8,6.5
"12802",7.74934227489999,28.9822161402066,8,6.5
"12803",9.23022062978268,29.6915037781063,8,6.5
"12804",6.8731752744732,27.739926388299,8,6.5
"12805",10.0036111222222,26.4068856261613,8,6.5
"12806",8.32185413155194,27.1805340766683,8,6.5
"12807",6.6276216118218,24.2227184430861,8,6.5
"12808",7.6349451944268,26.6150375849825,8,6.5
"12809",7.20781001990186,21.2818586422242,8,6.5
"12810",5.65533099063747,25.6545081978613,8,6.5
"12811",9.03367665523601,30.3216038203535,8,6.5
"12812",7.02887783110251,22.2828167758979,8,6.5
"12813",7.87022959143268,29.1151187936737,8,6.5
"12814",7.91922680648282,23.8868778245012,8,6.5
"12815",8.2571662467107,26.1855840580501,8,6.5
"12816",5.89045036470673,25.2013850482592,8,6.5
"12817",7.68702808395256,21.239663615584,8,6.5
"12818",6.68907359899308,24.7754630358097,8,6.5
"12819",7.81425038914221,24.1319697602331,8,6.5
"12820",7.85169629530396,24.0541608739218,8,6.5
"12821",9.79918115791417,28.1546536826706,8,6.5
"12822",9.23595180468045,26.9019423103868,8,6.5
"12823",7.4352771177257,25.6529254776299,8,6.5
"12824",6.78569560259042,31.4725449974785,8,6.5
"12825",7.04462958600816,26.9078704695634,8,6.5
"12826",7.84046129477878,28.733861809999,8,6.5
"12827",7.70851885863566,28.2426037440071,8,6.5
"12828",8.63264397401805,22.6655568900335,8,6.5
"12829",7.3163461477293,27.8865578889575,8,6.5
"12830",8.28225716541654,22.3691897318149,8,6.5
"12831",7.92346769718222,23.2508333237207,8,6.5
"12832",7.6707821249466,26.7389911467888,8,6.5
"12833",8.61344993742507,25.7620503061324,8,6.5
"12834",6.2969107349388,28.8549552613696,8,6.5
"12835",7.99753007995254,25.1848914258053,8,6.5
"12836",9.32635148394884,27.9225321761153,8,6.5
"12837",9.23575514578324,26.6607898815039,8,6.5
"12838",8.53726784404622,22.1312923686352,8,6.5
"12839",8.48394046595407,23.1717557668595,8,6.5
"12840",6.36011025918245,27.5099544396617,8,6.5
"12841",9.10636250892141,26.3284092205491,8,6.5
"12842",8.69578341467293,25.9275375453917,8,6.5
"12843",6.8609533453493,26.453270581875,8,6.5
"12844",6.0135915281974,28.2784702556788,8,6.5
"12845",8.97276201753229,29.7206898929301,8,6.5
"12846",8.18395190699378,31.1902031057162,8,6.5
"12847",6.11615557143336,29.6674412901594,8,6.5
"12848",7.24408725795168,22.9635356269438,8,6.5
"12849",7.00685500446841,26.174327891964,8,6.5
"12850",8.07632834500462,25.0232072912242,8,6.5
"12851",5.45873872937376,25.5917649907391,8,6.5
"12852",6.00694597654888,19.9126138630983,8,6.5
"12853",9.10357356798069,28.3932855857457,8,6.5
"12854",9.96895771600835,28.6462302441284,8,6.5
"12855",8.73149750473064,26.4251704317778,8,6.5
"12856",9.41441541222712,27.6591234727976,8,6.5
"12857",7.84571791068256,26.6322238080851,8,6.5
"12858",5.56244225088067,25.5599580193248,8,6.5
"12859",8.91223307765072,31.1550978866418,8,6.5
"12860",9.20562400593223,28.6455220737608,8,6.5
"12861",7.68083700822398,23.1425544777564,8,6.5
"12862",7.00287838609072,28.2135625532298,8,6.5
"12863",8.55090955237449,23.1074320468871,8,6.5
"12864",6.72721181210696,26.0554495800362,8,6.5
"12865",6.72222257522029,30.2548839091617,8,6.5
"12866",9.13045138870129,29.8916599020258,8,6.5
"12867",8.95961610282445,27.4107223425859,8,6.5
"12868",7.16393298424119,25.918161719645,8,6.5
"12869",7.51249633481066,29.2587333903887,8,6.5
"12870",7.95516470245213,25.038678616054,8,6.5
"12871",8.16274655291923,22.0912994760469,8,6.5
"12872",7.45055566815865,29.5661351898415,8,6.5
"12873",8.4621962860028,27.6604859668298,8,6.5
"12874",8.88618580748765,25.2035820937586,8,6.5
"12875",11.2357813748056,30.772743531818,8,6.5
"12876",5.9443166387788,25.0518552082967,8,6.5
"12877",7.6979166534104,28.4516790916345,8,6.5
"12878",9.25559925478385,31.927804924137,8,6.5
"12879",8.32298973129162,32.1295795333819,8,6.5
"12880",7.93358975734492,25.5915273919856,8,6.5
"12881",8.66841271039004,27.8018053984985,8,6.5
"12882",5.71391396066969,23.446135767472,8,6.5
"12883",7.94132898602313,27.0161704177998,8,6.5
"12884",9.24709943528581,29.5108164488946,8,6.5
"12885",8.70016693241473,29.0228779825755,8,6.5
"12886",9.28271290109971,27.9475780037287,8,6.5
"12887",7.35356850648262,28.0083991224723,8,6.5
"12888",6.43445258618177,30.2977398708577,8,6.5
"12889",7.91394512857778,22.5313008327628,8,6.5
"12890",6.07986563751853,24.2699206956385,8,6.5
"12891",7.84770581635557,23.78257994566,8,6.5
"12892",9.17147008724582,28.6700476598965,8,6.5
"12893",6.76957512274304,24.6488158697746,8,6.5
"12894",7.22248916264292,31.4300638086405,8,6.5
"12895",7.50449412266895,29.3726196670807,8,6.5
"12896",5.55927917288063,30.41166367438,8,6.5
"12897",6.80147741916127,27.1815821000153,8,6.5
"12898",7.22550239541607,26.102506763462,8,6.5
"12899",6.43123352890086,23.0848431871225,8,6.5
"12900",6.28900989365553,25.6291739212659,8,6.5
"12901",8.68706485551743,25.1838474479891,8,6.5
"12902",8.24894985432314,27.0343702418574,8,6.5
"12903",10.6925566419506,29.7904179119921,8,6.5
"12904",6.52158186950553,28.3450717027862,8,6.5
"12905",8.26656098426864,25.0950719852913,8,6.5
"12906",8.00272467547296,32.8833686606992,8,6.5
"12907",8.50871035782396,27.2370370960727,8,6.5
"12908",8.26777854142794,26.0537754262043,8,6.5
"12909",8.11075368370247,24.3830355766452,8,6.5
"12910",9.7855294484463,30.9605767380962,8,6.5
"12911",9.21181135519011,34.5196531118154,8,6.5
"12912",8.20046596917341,23.7606463897968,8,6.5
"12913",8.35273723779934,25.7954624317818,8,6.5
"12914",6.95176234412275,26.4637578207493,8,6.5
"12915",7.15157105395206,23.5150829090624,8,6.5
"12916",7.31594037206844,30.6140557035908,8,6.5
"12917",6.67185014894216,29.6913639668291,8,6.5
"12918",7.57864520346874,31.7625907514032,8,6.5
"12919",7.45132497021657,24.8266590953342,8,6.5
"12920",6.82683301729007,24.9434559792833,8,6.5
"12921",5.59885434900526,27.1893672349933,8,6.5
"12922",8.26693134721177,25.6257972853802,8,6.5
"12923",6.40568797292652,24.9646490194218,8,6.5
"12924",7.61690198537471,24.124034820226,8,6.5
"12925",6.96195926090981,27.5091248479061,8,6.5
"12926",7.00611280256092,27.6598185208506,8,6.5
"12927",6.97740977762729,29.0453420442099,8,6.5
"12928",10.4390920318703,31.691353437669,8,6.5
"12929",6.29764925639532,20.7111131031473,8,6.5
"12930",8.36478564909516,30.3405444259519,8,6.5
"12931",9.64897020667081,29.3105695799758,8,6.5
"12932",9.70710597354424,31.4146096931543,8,6.5
"12933",7.79027520911029,30.4710048435184,8,6.5
"12934",7.59340608769721,26.0751732953797,8,6.5
"12935",10.2481196330494,27.9756874775887,8,6.5
"12936",9.26476906434903,27.8520034460944,8,6.5
"12937",8.09564803233448,31.2875760628163,8,6.5
"12938",8.85195265437819,23.1911889416555,8,6.5
"12939",9.07802229221857,29.0751142404545,8,6.5
"12940",5.7735554327598,19.0967577685228,8,6.5
"12941",7.31462997137808,21.5538530479357,8,6.5
"12942",9.5085085290259,30.4992239584773,8,6.5
"12943",8.69587081622066,26.227901299182,8,6.5
"12944",6.4440408859257,27.6096153849548,8,6.5
"12945",7.23578122833323,25.8522695829418,8,6.5
"12946",8.87104064452868,28.0965619943704,8,6.5
"12947",8.48324640075014,28.4242209717896,8,6.5
"12948",6.76680040774598,24.9233682984421,8,6.5
"12949",8.14817790475029,28.5627184178803,8,6.5
"12950",6.93212211500971,26.3390157326251,8,6.5
"12951",10.0155190701164,31.7562683172594,8,6.5
"12952",7.59906167093511,33.8180205397146,8,6.5
"12953",7.85548595397565,27.1276490327344,8,6.5
"12954",9.01189990363413,26.9986601427305,8,6.5
"12955",7.46280894857988,31.410450667341,8,6.5
"12956",7.28378265503879,27.8440785374015,8,6.5
"12957",7.44572992835266,27.2479464233958,8,6.5
"12958",6.4458895567218,27.5988004740771,8,6.5
"12959",7.89775169919449,29.1004655473684,8,6.5
"12960",7.11584003388305,24.2585765072874,8,6.5
"12961",9.12750236735366,25.7244338895565,8,6.5
"12962",9.91333198340433,31.3303415934185,8,6.5
"12963",10.9242737913087,28.0515548957782,8,6.5
"12964",8.18118450351515,24.2464773252406,8,6.5
"12965",8.38699864520678,25.5424607611531,8,6.5
"12966",7.4278820291261,27.8814707215441,8,6.5
"12967",9.48097023066337,31.6035070727746,8,6.5
"12968",8.04238676111853,26.2862189666607,8,6.5
"12969",8.69340404364502,29.586588697438,8,6.5
"12970",10.5221950995378,31.1122327280444,8,6.5
"12971",5.96752037774983,24.0354845595621,8,6.5
"12972",9.37141676860353,30.5232932036277,8,6.5
"12973",9.26358391830448,26.3775900880744,8,6.5
"12974",8.64522216608046,29.4342005882545,8,6.5
"12975",7.31529937330411,27.8277819447536,8,6.5
"12976",10.4281958925299,29.8120991273911,8,6.5
"12977",6.49399316420695,25.6361552709977,8,6.5
"12978",9.58654800521428,29.0328322297467,8,6.5
"12979",8.75180643671054,25.0944602538051,8,6.5
"12980",10.4109405067081,32.320708551594,8,6.5
"12981",7.11679000408398,25.9407028616979,8,6.5
"12982",5.88553669740344,25.6891996968345,8,6.5
"12983",8.20314524146667,30.0743991191765,8,6.5
"12984",7.5159965872239,26.4253185467921,8,6.5
"12985",7.70515794613299,26.7815847146813,8,6.5
"12986",7.55649832063264,25.4599088440235,8,6.5
"12987",8.05690872306963,28.2918972983805,8,6.5
"12988",8.3069905890697,28.4480406223526,8,6.5
"12989",8.71635961495252,27.3551196387188,8,6.5
"12990",7.13952118296172,23.7759405184767,8,6.5
"12991",9.19442576403256,31.535656271326,8,6.5
"12992",7.53398775314683,31.9747839163889,8,6.5
"12993",7.9604759641082,29.1829178130091,8,6.5
"12994",7.59107857563823,32.2240209829436,8,6.5
"12995",8.53632572686493,24.1132334399928,8,6.5
"12996",8.88722249374537,23.7665197408457,8,6.5
"12997",6.88882584649504,22.2203511886469,8,6.5
"12998",6.97054062875743,28.0065476189006,8,6.5
"12999",6.66219916005916,22.293407384746,8,6.5
"13000",8.01964917274616,25.0672435497644,8,6.5
