"X1","X2","component","subcomponent"
"12001",2.34183152429766,4.44072038724526,1,1
"12002",3.88616238316693,2.08117200292327,1,1
"12003",5.73962410565294,4.15495739295919,1,1
"12004",6.36670398139145,6.41550437672294,1,1
"12005",9.64974009455779,2.96586027889022,1,1
"12006",4.13068926254346,6.74989764820107,1,1
"12007",5.20531747319605,2.58150248965348,1,1
"12008",7.60431445627194,3.45261249485134,1,1
"12009",3.86306651374505,4.42142354958984,1,1
"12010",7.65160489771361,6.20667244017499,1,1
"12011",8.30418144679376,5.20944494884598,1,1
"12012",5.34757546204436,5.50267498837853,1,1
"12013",5.61147898888587,4.52584511400635,1,1
"12014",6.77848198960203,6.39077350563265,1,1
"12015",4.47982951319596,2.77996619613474,1,1
"12016",6.88755004292799,5.76896694513392,1,1
"12017",6.61046325644508,4.03319313590512,1,1
"12018",9.09947079857574,2.66299103287981,1,1
"12019",3.00601138197492,5.11982140891054,1,1
"12020",6.37585924604205,3.17791903177396,1,1
"12021",2.21256198516076,3.71865133408481,1,1
"12022",4.0083423181846,4.97076979374068,1,1
"12023",6.34314542371828,4.20801431489412,1,1
"12024",4.72952759329758,2.96891083281903,1,1
"12025",6.58906596357224,6.23968433492029,1,1
"12026",5.81257214911836,3.68591409908088,1,1
"12027",7.69168641700772,4.23816402915242,1,1
"12028",5.27938916475459,1.11255685436228,1,1
"12029",3.3703272656998,5.65956083050355,1,1
"12030",7.49455666881616,2.49625092919876,1,1
"12031",8.08567444920475,2.9894018667997,1,1
"12032",5.68930905327472,4.70280981229835,1,1
"12033",5.34771613442596,3.10130529994143,1,1
"12034",10.1574334883531,6.19913121692508,1,1
"12035",5.35156017656521,3.88111134634872,1,1
"12036",8.64109411412519,3.48255181849835,1,1
"12037",3.78173067328231,2.58571545985484,1,1
"12038",6.97731926517734,1.33487303993714,1,1
"12039",4.90634945212575,4.57233830784802,1,1
"12040",8.41710443653968,4.55257190938848,1,1
"12041",1.22610937327916,1.45501384797086,1,1
"12042",5.28796765236561,4.2772122294701,1,1
"12043",10.8835087613555,5.39079503587998,1,1
"12044",6.70075869102345,4.70856679357444,1,1
"12045",7.57540448327646,5.33878931639118,1,1
"12046",1.18596294835348,8.67437520789192,1,1
"12047",8.18053025618832,3.07265566038538,1,1
"12048",9.07901394423106,3.27705217561014,1,1
"12049",4.3249323804978,7.70373752937793,1,1
"12050",7.17178332550849,4.47136368300204,1,1
"12051",10.059648765881,5.12877706691592,1,1
"12052",4.8631352243355,2.75424484613675,1,1
"12053",7.15382969672988,1.15881943734715,1,1
"12054",0.952619570198206,7.21270560839375,1,1
"12055",3.29698009000211,3.71480938008478,1,1
"12056",8.57901413137209,4.34990056100271,1,1
"12057",2.70309175021597,3.19283493056068,1,1
"12058",4.94370640538763,5.83912388136337,1,1
"12059",7.94610600564942,4.63530251682443,1,1
"12060",4.19716774423134,3.06331795850827,1,1
"12061",7.22827330149095,3.77987716308791,1,1
"12062",4.60978390396136,2.53747804646919,1,1
"12063",2.71254464007287,4.93665187302883,1,1
"12064",4.39872835121925,4.45752984492359,1,1
"12065",7.92770399010253,2.03460656469807,1,1
"12066",4.65110814590485,1.11878238193509,1,1
"12067",4.39257035862004,4.79877660982369,1,1
"12068",6.38193311014535,4.52893424119499,1,1
"12069",3.55240282240245,4.70091200228214,1,1
"12070",8.4214260923729,8.04776075797576,1,1
"12071",2.21064841002752,2.76064930372365,1,1
"12072",9.19246796726849,-0.917199430281883,1,1
"12073",6.5456771494013,2.01043124627067,1,1
"12074",5.10981213248403,6.84568727288079,1,1
"12075",5.95119914072045,3.67896910745536,1,1
"12076",4.63874580548764,6.05638399552806,1,1
"12077",5.57454461700044,3.17668391812393,1,1
"12078",4.52563313147716,4.60177851278742,1,1
"12079",8.9592741353454,4.70594661333182,1,1
"12080",6.82398054295238,5.23469699565835,1,1
"12081",5.41111759496977,4.51796161130666,1,1
"12082",7.79144822194895,4.47453712656481,1,1
"12083",6.14067934522984,4.76396541932647,1,1
"12084",6.71494760264903,3.25762477985448,1,1
"12085",6.5313579451719,1.04135352007402,1,1
"12086",1.92675565929701,2.44670100284316,1,1
"12087",6.02640371057296,3.97982318543019,1,1
"12088",5.46885421781539,4.34607491271661,1,1
"12089",6.99025658501064,2.94800350223054,1,1
"12090",4.27006134168454,4.91536835181557,1,1
"12091",1.97260661381934,1.7629701769938,1,1
"12092",7.49604910032347,5.24873989021376,1,1
"12093",4.28561814972329,6.50792512668307,1,1
"12094",6.49151809167814,3.72924069879625,1,1
"12095",3.13263300533788,1.10093772848122,1,1
"12096",5.3877937413123,6.01865900748596,1,1
"12097",8.17242445454063,3.98773411207693,1,1
"12098",6.03471811799973,2.68709575712625,1,1
"12099",5.39894678759006,4.07378620052034,1,1
"12100",3.4748054601354,4.63396786592725,1,1
"12101",2.9066906192278,4.44988740979096,1,1
"12102",5.93792129120114,2.24263373608684,1,1
"12103",7.92859665820848,8.46658626902968,1,1
"12104",9.63668448731089,4.88177872371052,1,1
"12105",4.7477785817683,3.68438378438895,1,1
"12106",2.84982203347937,6.33824973176925,1,1
"12107",5.35343015810311,6.34111026408948,1,1
"12108",5.95124795741668,5.75778107669895,1,1
"12109",7.22252170977264,5.60532711706884,1,1
"12110",8.61783355118524,2.42418568101943,1,1
"12111",7.16140153206164,1.27344012900119,1,1
"12112",5.8442797689423,1.48827674052694,1,1
"12113",6.74465946489687,4.07083908382126,1,1
"12114",4.70939928804744,1.64625753781231,1,1
"12115",6.72340333579672,1.23136705414825,1,1
"12116",0.33006292309976,5.79820456002666,1,1
"12117",5.06339656312413,6.98107571664668,1,1
"12118",7.01617015041117,5.83646366048197,1,1
"12119",6.38635177045188,4.15273600028412,1,1
"12120",6.75467720683528,4.52603517578599,1,1
"12121",6.21010587001792,3.42483785830403,1,1
"12122",11.4819965267448,4.43803920864914,1,1
"12123",5.40651815876543,4.44323943458761,1,1
"12124",6.94539378005308,6.64029084934455,1,1
"12125",6.22024216573164,3.55833503137348,1,1
"12126",2.52207434440848,8.29372943676892,1,1
"12127",9.14920469003613,5.05343908590645,1,1
"12128",7.93021963360145,3.78609039646778,1,1
"12129",6.38090785102057,1.78579185712884,1,1
"12130",1.76735313481122,4.16544780869522,1,1
"12131",6.37263998326413,3.21484675356897,1,1
"12132",2.91184078085728,1.07820637854049,1,1
"12133",12.3746417541642,5.72654836132907,1,1
"12134",7.72249335653555,2.41042779486009,1,1
"12135",11.3817952889544,4.57973832876687,1,1
"12136",8.15262064207693,-0.550154615243492,1,1
"12137",9.5630111594462,1.94941960652855,1,1
"12138",7.03596476765131,3.05758349610302,1,1
"12139",4.39479810932425,7.7270064426887,1,1
"12140",4.6017478911128,5.52443248946568,1,1
"12141",5.51365377250899,4.09011735105585,1,1
"12142",9.9508108930696,5.63011937050018,1,1
"12143",6.73329434943504,4.91046537866206,1,1
"12144",5.63631283291577,8.36924382442514,1,1
"12145",5.23820612790927,2.72910750564479,1,1
"12146",10.445145209672,5.6658359900057,1,1
"12147",8.16343319319423,4.77162210772958,1,1
"12148",5.1950596268881,4.79599456315071,1,1
"12149",3.41980511633578,4.57370483012285,1,1
"12150",9.05827311466568,6.06401965019337,1,1
"12151",8.00826521180901,4.63237071919619,1,1
"12152",5.56612947157662,1.42041617738939,1,1
"12153",6.50956669411705,2.50632997812136,1,1
"12154",2.60678819885462,4.50944249245358,1,1
"12155",2.64929837093259,3.31025625220374,1,1
"12156",4.03574640570186,6.09255219358456,1,1
"12157",4.04639681732021,4.90969351785016,1,1
"12158",7.15981337159262,4.95553807160742,1,1
"12159",4.62034158867248,1.54003347696789,1,1
"12160",6.31148383583393,3.96226073991387,1,1
"12161",7.84890390563488,4.70364488115563,1,1
"12162",7.17903087917658,5.96020809135534,1,1
"12163",7.35507593389844,-1.42205328264541,1,1
"12164",5.56761281777349,3.56532652914297,1,1
"12165",2.0168975055733,6.5665065772949,1,1
"12166",7.04160121688172,3.91284080086994,1,1
"12167",6.69256269609427,6.11371134491437,1,1
"12168",7.31880378345489,5.04516707315054,1,1
"12169",9.61909696356788,4.0801529670006,1,1
"12170",4.87704066666935,3.91797474361411,1,1
"12171",4.60683099109495,3.33697218060417,1,1
"12172",7.62128608187047,7.37608462469253,1,1
"12173",7.46790137359274,5.24828579377113,1,1
"12174",6.72752665761309,6.08781655228896,1,1
"12175",10.9372142598047,-0.561545372667007,1,1
"12176",8.01159322790142,6.95472941482482,1,1
"12177",8.2880968579945,4.39818848980884,1,1
"12178",5.92208083970593,5.54627180657388,1,1
"12179",8.95765445954326,1.41371089416101,1,1
"12180",3.88720738348371,5.34041112634587,1,1
"12181",5.98923455513643,0.0612211552545885,1,1
"12182",5.4799336647459,4.59666154780554,1,1
"12183",4.27016403435616,4.59618724749154,1,1
"12184",5.68707264819685,1.84558468967769,1,1
"12185",6.38357127104614,5.33375302951001,1,1
"12186",5.06153669781899,5.37626810353904,1,1
"12187",5.15980448058673,5.62613318290433,1,1
"12188",4.56905432821113,5.19335732929279,1,1
"12189",4.98424447406249,4.6807078287908,1,1
"12190",11.2444113123572,2.17026455953599,1,1
"12191",7.01443825384972,2.72480296553583,1,1
"12192",-0.115900599708661,3.92305812116436,1,1
"12193",7.23642652607654,5.00657132547212,1,1
"12194",6.96814715472061,4.92342475881856,1,1
"12195",7.16507811697831,2.97873770714548,1,1
"12196",8.97987341600804,4.21734694058695,1,1
"12197",3.54253221541788,5.07135126433524,1,1
"12198",8.33855384540024,2.30447648307294,1,1
"12199",7.24259459645008,6.44568929183629,1,1
"12200",4.0356257630941,3.82761380706432,1,1
"12201",5.95582650785829,2.05593418089021,1,1
"12202",10.2245010316504,3.92566014872766,1,1
"12203",7.72116339216983,4.64199837101811,1,1
"12204",4.1639316554721,1.86241089355472,1,1
"12205",8.10675308404768,2.74971101411949,1,1
"12206",5.97422465570803,3.11369467170246,1,1
"12207",5.83284786643969,3.2180063657501,1,1
"12208",3.63923693775922,3.0691800753804,1,1
"12209",5.12595407044071,3.41829888661544,1,1
"12210",4.80128123478353,2.14244474743362,1,1
"12211",7.30187865223246,3.67273545336995,1,1
"12212",5.46381164600562,1.83972144838677,1,1
"12213",6.51013078903265,4.43340031894637,1,1
"12214",8.79464667628461,4.41808588189842,1,1
"12215",7.06816202987686,6.52757110830902,1,1
"12216",9.73524226947384,5.03211586148701,1,1
"12217",3.181826520933,4.37975092536283,1,1
"12218",3.45153393588637,2.18023892325799,1,1
"12219",5.25509547770246,4.10796744383771,1,1
"12220",6.47475034320289,3.26818972160003,1,1
"12221",3.07446432384465,2.49022446440465,1,1
"12222",5.66607154061499,4.52376978792427,1,1
"12223",4.25558595372913,0.0439143099548001,1,1
"12224",3.87756323623132,1.86510168549503,1,1
"12225",7.66048194263031,2.24830962723464,1,1
"12226",4.83846007839057,2.90548968063364,1,1
"12227",9.33116626947238,3.01299265093871,1,1
"12228",5.68816449067592,5.2875495733245,1,1
"12229",6.69738326510796,3.94349884405309,1,1
"12230",5.71991047315764,3.57309381719698,1,1
"12231",6.34800089548284,4.32684770854521,1,1
"12232",5.38771815786154,5.8727953095443,1,1
"12233",8.64906346664251,1.64123290460989,1,1
"12234",5.5812954555566,1.49884311414696,1,1
"12235",3.43730975390008,3.05451564684827,1,1
"12236",2.76391317378815,1.58633048232493,1,1
"12237",6.70312212708218,2.6266625250013,1,1
"12238",5.93499581493549,4.75364252362838,1,1
"12239",6.05791448322644,6.1727886571569,1,1
"12240",4.63972902832399,3.87053265994488,1,1
"12241",3.85589804028167,4.72742815083512,1,1
"12242",6.27727413596698,7.77378368582544,1,1
"12243",8.49484241505075,2.36033570414803,1,1
"12244",5.10453584150215,5.93189178478491,1,1
"12245",7.08699878580868,1.68770986742274,1,1
"12246",5.49687224474764,4.11707894137751,1,1
"12247",7.24669875467543,4.32885888694401,1,1
"12248",6.53042934593674,3.8528200632307,1,1
"12249",4.45112003791134,0.908349144860433,1,1
"12250",5.14832055996994,3.34657692452188,1,1
"12251",6.22093451495723,8.14610769088795,1,1
"12252",7.6993796684861,3.69896892267126,1,1
"12253",7.20676502024493,3.8937044183413,1,1
"12254",6.41055336655939,3.25372836181176,1,1
"12255",2.83622555801788,1.15835350520629,1,1
"12256",6.68557686987629,2.76201062876726,1,1
"12257",7.00705260223572,6.10796221099458,1,1
"12258",5.5913628852774,1.37584942504841,1,1
"12259",7.26502394516202,5.0238274179508,1,1
"12260",4.91916213634573,5.56801330208001,1,1
"12261",8.16341689072295,4.89238669251459,1,1
"12262",7.63568000664068,4.30474841444667,1,1
"12263",6.12618196962687,3.15871896147913,1,1
"12264",6.38988042443954,5.00344623284702,1,1
"12265",3.57606959757312,5.79580877798674,1,1
"12266",4.60714949180768,1.43982534086435,1,1
"12267",5.35200293446974,4.75272673985273,1,1
"12268",7.88381307854621,3.31427157340442,1,1
"12269",4.89251575436016,5.00406255626328,1,1
"12270",6.87044059738959,3.95565791656414,1,1
"12271",8.29800471668559,3.55643029790175,1,1
"12272",3.94801121862435,2.21868609906979,1,1
"12273",8.75592658877614,5.09611528501618,1,1
"12274",7.63262000026116,2.30690873591103,1,1
"12275",10.4710959826197,1.61114749718058,1,1
"12276",3.98962257206109,3.72111107747601,1,1
"12277",4.11899968731845,6.11916248905202,1,1
"12278",9.56958815575735,4.31522787073916,1,1
"12279",7.7049484554371,2.90297357344672,1,1
"12280",7.08001665007659,2.44413204788111,1,1
"12281",3.30387298845389,6.28939981059975,1,1
"12282",6.96000749083001,5.71029350446271,1,1
"12283",4.9174878382944,5.36140570653506,1,1
"12284",11.1135823123409,-0.165713104543347,1,1
"12285",4.046680944481,5.05662787749,1,1
"12286",3.57100108976615,5.25052891411342,1,1
"12287",8.85963898411443,8.76873500548738,1,1
"12288",4.36966329919466,0.987885871255055,1,1
"12289",7.31683644148179,5.5292464954182,1,1
"12290",0.681892372892267,6.60513690809154,1,1
"12291",1.28884430955597,7.27717864379837,1,1
"12292",5.07261777746903,5.80813871574361,1,1
"12293",5.88469259958302,3.20598531815929,1,1
"12294",5.00115091544561,4.76974945174836,1,1
"12295",1.18868333229661,3.07126153627519,1,1
"12296",2.33256498340221,1.0014447147251,1,1
"12297",8.86697653762116,2.45833220191392,1,1
"12298",6.47583423449612,3.02089155745022,1,1
"12299",9.07297747582456,1.75880617072498,1,1
"12300",5.28732146069357,4.80480837459271,1,1
"12301",5.13760117487948,3.40016869179012,1,1
"12302",7.30336611716129,5.88376647621538,1,1
"12303",7.03113219379172,6.13236678947806,1,1
"12304",6.12455379630911,4.82443300655801,1,1
"12305",9.40499113043182,4.44570637151118,1,1
"12306",8.69018572196144,5.45003439084178,1,1
"12307",6.47478368721735,3.77048161731533,1,1
"12308",9.2806042816021,3.01611038227115,1,1
"12309",3.94023945240356,5.40666308564965,1,1
"12310",8.34791994106089,2.42958352765385,1,1
"12311",7.87456015733461,5.92308693178894,1,1
"12312",5.08737234762226,3.97375633654255,1,1
"12313",8.67333755481988,3.13479416918737,1,1
"12314",6.54921830661252,8.08350265861894,1,1
"12315",8.73306592412769,6.37693300362798,1,1
"12316",6.74750193102891,4.57085408137092,1,1
"12317",9.42218996303606,6.05129379156037,1,1
"12318",4.48034254265225,8.3822743268936,1,1
"12319",3.54611695161566,6.82794178215254,1,1
"12320",6.4371791257527,6.35940202250257,1,1
"12321",0.301934530719069,5.06401884385606,1,1
"12322",10.2522470544173,2.22142498566651,1,1
"12323",6.68878464512398,2.37752362885315,1,1
"12324",8.69206162000724,6.07524533588709,1,1
"12325",8.31405778489297,4.85617112626058,1,1
"12326",6.02198440035692,3.31888203517114,1,1
"12327",6.08009034708886,3.07870832625501,1,1
"12328",4.74985119978775,7.66880179560256,1,1
"12329",5.99293606629807,3.79503714269813,1,1
"12330",9.53557264439772,3.9217866865321,1,1
"12331",6.50483074687483,5.30137962695332,1,1
"12332",8.08432868707431,1.87227548346291,1,1
"12333",3.79047540646294,3.38276037027158,1,1
"12334",0.481933399726493,4.37357538653147,1,1
"12335",4.31659621225402,4.56449254123748,1,1
"12336",4.18995170765218,0.753468241999495,1,1
"12337",3.77939757367633,4.22305106039508,1,1
"12338",3.83921230224315,4.91539273871375,1,1
"12339",4.3696791004393,6.04577903167405,1,1
"12340",5.83240774330729,3.76242856956765,1,1
"12341",7.75823539531083,5.6080988429038,1,1
"12342",3.50801995906405,3.23079486035914,1,1
"12343",6.59942328370993,4.54802018297802,1,1
"12344",4.36597538683939,2.01443239910395,1,1
"12345",6.03288298348362,5.34778988212898,1,1
"12346",7.92329685891993,4.7002475385116,1,1
"12347",3.5391437416858,6.4929086059178,1,1
"12348",0.071936460935345,4.22853311550589,1,1
"12349",6.44847800291818,5.49947083864614,1,1
"12350",7.7980934030764,6.06507525640668,1,1
"12351",3.3671168067179,4.19472690704469,1,1
"12352",10.4098479085702,2.62923740189949,1,1
"12353",4.89858683391415,3.42375197013984,1,1
"12354",0.710136397539374,2.81759917180623,1,1
"12355",1.40225117555929,3.25380114874099,1,1
"12356",3.05956389822919,4.59166457359066,1,1
"12357",4.82343274892852,3.32628140585416,1,1
"12358",3.36802686153967,6.77277657161277,1,1
"12359",10.7809763346648,6.56291574280034,1,1
"12360",5.45691436883655,4.13827752293161,1,1
"12361",4.82778185196025,5.82531445239124,1,1
"12362",6.37030131580044,3.11984270484848,1,1
"12363",6.66999116176464,2.9512853303214,1,1
"12364",2.71841244263962,3.51873847874985,1,1
"12365",2.29221549607908,4.23340933197702,1,1
"12366",8.76011820795195,3.01240378692442,1,1
"12367",5.90478132248972,3.72991332716633,1,1
"12368",3.66817810681731,4.18575882746384,1,1
"12369",4.47798169906421,0.925393938189901,1,1
"12370",6.55516300821298,1.76653478531559,1,1
"12371",5.70832939252683,2.97289296357533,1,1
"12372",3.6632489566279,4.18102342107311,1,1
"12373",13.9487311571911,3.6515587502449,1,1
"12374",7.05304902352342,3.31469711929059,1,1
"12375",6.88663904618143,5.33220215867604,1,1
"12376",7.18221702525417,1.02430413599603,1,1
"12377",8.24939421003949,4.0564508857449,1,1
"12378",3.22679820902946,3.82618404452418,1,1
"12379",7.8366416373651,7.38928777510897,1,1
"12380",5.02772409151596,0.730457421873668,1,1
"12381",2.12541751693671,4.77672860376785,1,1
"12382",12.1029925381084,4.24102362703132,1,1
"12383",6.43528939568141,5.30328244773343,1,1
"12384",1.11924991881725,4.3989982837559,1,1
"12385",5.75429561894787,1.6822153092845,1,1
"12386",9.42017234898386,5.48204051184324,1,1
"12387",4.44518253121909,6.90474196188564,1,1
"12388",3.02822212820011,6.51901975072881,1,1
"12389",6.73853363082177,4.3621702865859,1,1
"12390",5.14312264673231,1.14584828179297,1,1
"12391",5.64475708244145,3.98975806328002,1,1
"12392",4.4833604718575,5.32902669395122,1,1
"12393",3.61001764278781,6.00847896885816,1,1
"12394",2.74784954465254,3.21253213950853,1,1
"12395",4.44645530615589,5.61683948687382,1,1
"12396",6.09370801131449,4.34961324568977,1,1
"12397",9.73628373443789,2.52070812141553,1,1
"12398",3.0571651258485,2.84583825248736,1,1
"12399",4.53755149724109,2.02004072961587,1,1
"12400",6.19257943268232,4.92315593436764,1,1
"12401",12.411231206141,2.68572580186195,1,1
"12402",3.65021546884352,4.51048047723841,1,1
"12403",2.72435505469432,3.08377360402764,1,1
"12404",6.04356266943839,4.6985022707396,1,1
"12405",4.82263366727507,4.85662710018743,1,1
"12406",7.78779886520048,6.57715236513349,1,1
"12407",6.44992005667891,1.74342783247399,1,1
"12408",7.6892142299294,0.577261926048239,1,1
"12409",4.68520838688541,1.77045384253675,1,1
"12410",4.70608092868065,7.91694644921197,1,1
"12411",7.90432472374434,3.87579140999757,1,1
"12412",5.10916288426087,2.23269688878739,1,1
"12413",9.97702452961781,7.9051616542657,1,1
"12414",8.33682693875871,3.70637107497435,1,1
"12415",6.00587746860292,6.53290139773802,1,1
"12416",5.50354927204806,4.38857164983692,1,1
"12417",7.57592363967446,4.48687662489221,1,1
"12418",0.93612570029801,4.38421404188493,1,1
"12419",8.39076855240517,2.41660685391994,1,1
"12420",9.66985339654357,4.52796269001726,1,1
"12421",5.02852605790737,5.30781709636717,1,1
"12422",5.36528128325854,5.00465125848914,1,1
"12423",6.37779061451381,3.10276413958229,1,1
"12424",9.15243749871517,7.45174130769283,1,1
"12425",7.48971530960096,4.63143688398498,1,1
"12426",0.89632217035953,3.72023754463885,1,1
"12427",3.17670788480822,3.27159684374931,1,1
"12428",5.44133186599295,3.1836377165979,1,1
"12429",3.01184023964226,-0.221589919399101,1,1
"12430",2.70955509716086,3.58349032251757,1,1
"12431",6.7965256392869,5.57242989261544,1,1
"12432",1.93983336672028,2.27097747101795,1,1
"12433",3.27193782453932,4.97052526233178,1,1
"12434",7.42971013504633,5.48680531733788,1,1
"12435",4.84785573274478,5.09844770312649,1,1
"12436",5.26681760328977,3.23596475404964,1,1
"12437",2.4717168417239,5.3367400768042,1,1
"12438",9.40718280730882,3.09806296316455,1,1
"12439",8.45704513222823,2.66911118679717,1,1
"12440",8.67069723898307,5.57632134084915,1,1
"12441",6.65859869939113,2.90624943763558,1,1
"12442",5.81085234729427,1.93345865256877,1,1
"12443",4.63925937118173,3.28043904961929,1,1
"12444",4.47386934855302,6.18308307728504,1,1
"12445",4.25596830472757,6.05550682419636,1,1
"12446",7.40098284559593,2.81373065395194,1,1
"12447",9.4276352142393,2.09940720854149,1,1
"12448",9.88774732801051,6.13922317584051,1,1
"12449",5.55913989880876,3.10929536390961,1,1
"12450",5.46124793896056,2.55616139945238,1,1
"12451",7.82674780244997,4.73681028436534,1,1
"12452",1.61822846184194,3.60662752120175,1,1
"12453",1.38051342972366,2.61502754491271,1,1
"12454",5.81534733341996,3.47605643770973,1,1
"12455",3.99319288965204,4.56504506043676,1,1
"12456",2.83006584994702,3.9407148620836,1,1
"12457",-0.415590584675682,4.74312092514419,1,1
"12458",3.31706024683511,6.39231444757391,1,1
"12459",6.18833661544214,2.89689012134137,1,1
"12460",6.38171745839508,3.20061789858204,1,1
"12461",7.21764470439216,3.00090564980656,1,1
"12462",5.41608364251777,2.00316061442086,1,1
"12463",6.69984592728485,5.02400267518648,1,1
"12464",1.51686147301432,3.5728787421236,1,1
"12465",9.49205753452352,4.75432873809058,1,1
"12466",7.34112141155151,4.01871589929033,1,1
"12467",9.60830525595525,5.027837776636,1,1
"12468",4.68114821243466,0.698468418309508,1,1
"12469",5.62931762924605,4.01925537967953,1,1
"12470",6.91318388490734,4.20742144889419,1,1
"12471",10.3112763969429,1.53388904309932,1,1
"12472",4.59717471989866,9.03751630831337,1,1
"12473",5.44670746024006,6.30500526388049,1,1
"12474",2.15014799424435,5.24356774643473,1,1
"12475",2.50983213729362,4.25517328440833,1,1
"12476",6.19212847294631,2.3550286825889,1,1
"12477",7.55185234207995,5.26543865008014,1,1
"12478",4.1347411141495,5.99514712913847,1,1
"12479",7.32516611072703,5.01071213262826,1,1
"12480",5.40511504802022,3.33463068192172,1,1
"12481",6.51848767403959,3.64420943735106,1,1
"12482",8.25675585667912,3.52938240055395,1,1
"12483",9.59723782540186,4.34315976836928,1,1
"12484",3.35106036873723,1.74719390839019,1,1
"12485",7.58074144790721,5.25146153380374,1,1
"12486",4.46699659048805,2.62762259165618,1,1
"12487",5.43648874402509,5.48931692007645,1,1
"12488",6.06180193332824,3.50683009163966,1,1
"12489",4.10047547987131,4.59066772251362,1,1
"12490",3.55891919453128,0.00833140440132007,1,1
"12491",3.47651269041989,3.82340347943546,1,1
"12492",9.23649284277131,4.1399749480444,1,1
"12493",10.3392456634589,4.12702160092888,1,1
"12494",7.21282904708781,3.84026235395694,1,1
"12495",6.25947392259588,1.51984560636545,1,1
"12496",8.07651510346168,6.30167747595038,1,1
"12497",5.07431746562529,2.22740372332126,1,1
"12498",4.15669621425441,6.59918475654265,1,1
"12499",5.16028322807451,0.624792181775322,1,1
"12500",4.83451882754375,5.72271120962564,1,1
"12501",4.79681778328958,2.20648887521027,1,1
"12502",8.26019303603104,3.59974698737693,1,1
"12503",4.9273247239281,6.2488781282408,1,1
"12504",5.03432788809187,4.33963963807832,1,1
"12505",5.19625326315373,3.06042515846053,1,1
"12506",7.88705512317448,3.83923923806766,1,1
"12507",9.90278037426098,2.26440887583041,1,1
"12508",5.04015535793847,3.37482681469973,1,1
"12509",7.66885250962942,4.54277799589149,1,1
"12510",5.09496332545475,3.86749780438005,1,1
"12511",6.27602241033356,4.43488535709533,1,1
"12512",5.64445108939812,5.94394030756735,1,1
"12513",4.40197739769945,3.70631292969284,1,1
"12514",6.62163511670373,3.5726127080411,1,1
"12515",6.08668089505868,5.47853333569733,1,1
"12516",6.55352456492002,1.53235822283971,1,1
"12517",9.9931690325739,1.01100617307441,1,1
"12518",7.61723416572623,5.36783457267386,1,1
"12519",6.53628102097226,7.08929475819753,1,1
"12520",5.7540807049172,5.09539436637129,1,1
"12521",6.80409821293009,3.33278575379945,1,1
"12522",6.41535176503661,3.63598736272407,1,1
"12523",7.7906497820401,4.35824688597285,1,1
"12524",2.56992431769841,5.603280470157,1,1
"12525",6.22307582141569,3.1902976369944,1,1
"12526",3.054718030228,2.81031143137555,1,1
"12527",10.8082846945754,3.65662840356088,1,1
"12528",11.9305974977312,4.17672445985855,1,1
"12529",4.77866406568644,3.53928514781989,1,1
"12530",9.10125707484831,5.0177003287605,1,1
"12531",6.16484291666079,6.89659607048327,1,1
"12532",5.87153619221782,0.0988612949888807,1,1
"12533",5.74069441836542,3.6426725064684,1,1
"12534",5.93090358286945,3.73248004289938,1,1
"12535",9.11744442070257,5.99904194228618,1,1
"12536",4.11482655777138,4.50850119708575,1,1
"12537",7.34537072202426,4.08873759144045,1,1
"12538",4.57345052031897,6.74328803079089,1,1
"12539",4.8001423941877,7.77016555396537,1,1
"12540",4.5461312845129,3.34186936476723,1,1
"12541",7.73380896068099,2.4017651675719,1,1
"12542",5.59229918576891,2.01651054006346,1,1
"12543",8.69767389003062,5.54674411845085,1,1
"12544",9.20201096969144,3.35478376839165,1,1
"12545",7.66250361435125,4.58798948191415,1,1
"12546",10.5112396877698,6.40652583913012,1,1
"12547",8.6235645055035,2.87801702595415,1,1
"12548",2.73444637047014,5.7735590595943,1,1
"12549",5.74240604749423,5.66419454305256,1,1
"12550",6.21252515096921,3.77224236339874,1,1
"12551",6.09793243757627,6.07484537940673,1,1
"12552",5.36847509074845,4.52149014693899,1,1
"12553",3.49898346268321,3.81525420032294,1,1
"12554",6.59008877510139,3.7539588807433,1,1
"12555",6.86374903149667,2.54333149163037,1,1
"12556",6.96557502460785,7.66077071262299,1,1
"12557",3.93857809415165,2.76498147108786,1,1
"12558",9.77771143715769,2.72044062228578,1,1
"12559",6.17851135185264,5.75235574573156,1,1
"12560",5.10603184846018,5.28816022480207,1,1
"12561",4.77473309776814,1.56160655689459,1,1
"12562",8.2905253379547,6.13979091073748,1,1
"12563",5.24064363729075,5.96593393840166,1,1
"12564",3.34734628053005,3.60628528257366,1,1
"12565",6.31005288754665,2.58769183148198,1,1
"12566",3.82659119279021,4.8063085147184,1,1
"12567",7.04136945135063,4.65824866216733,1,1
"12568",6.36243925607935,1.60621920111654,1,1
"12569",6.50231915816787,2.47968979108021,1,1
"12570",6.30894966502689,4.1705518609437,1,1
"12571",6.99910835222363,5.30967484440174,1,1
"12572",1.97645014689877,4.48783747707652,1,1
"12573",6.37319812436496,4.92346852126947,1,1
"12574",6.26556987980672,4.9641528079912,1,1
"12575",7.11616566313087,4.272583293196,1,1
"12576",7.42901424175154,3.7481694707977,1,1
"12577",4.37064852825841,2.74370473124744,1,1
"12578",8.79381438705988,2.88633119479377,1,1
"12579",6.79243951044523,5.58219702304744,1,1
"12580",6.03323151733507,6.46305155138875,1,1
"12581",4.57020954419862,4.86189433299753,1,1
"12582",8.3727993050065,3.57565447715094,1,1
"12583",8.60278220013767,4.15924653458325,1,1
"12584",7.90293165364438,6.11597945107814,1,1
"12585",6.56449088316225,7.35509289713841,1,1
"12586",7.53332992672749,1.32168580673159,1,1
"12587",8.07138872867456,3.18377795343372,1,1
"12588",5.47644469444386,4.84545316059448,1,1
"12589",7.28199530047463,4.69581678393575,1,1
"12590",9.35997012527963,2.51838796622216,1,1
"12591",6.51945573362805,1.6438552097297,1,1
"12592",8.52179824190663,3.39542948866738,1,1
"12593",5.21252283292604,3.50731681525964,1,1
"12594",5.1883112570987,5.46805398407154,1,1
"12595",7.93746382101273,4.33236613639338,1,1
"12596",9.24540226142457,4.50647811809355,1,1
"12597",8.63834519883294,5.26199883374124,1,1
"12598",6.93688143048865,4.61525986721999,1,1
"12599",5.27216678290589,3.14995167074349,1,1
"12600",9.64477238277266,1.73963643028817,1,1
"12601",3.57283051991094,0.436442360182917,1,1
"12602",7.40426545933779,3.84203835169718,1,1
"12603",4.61579405473803,3.46159756454132,1,1
"12604",1.88504790084265,3.18493288228031,1,1
"12605",5.57274747897417,3.18473215640781,1,1
"12606",3.56398422381626,3.78200091220119,1,1
"12607",6.83949496822588,4.08255507417089,1,1
"12608",10.5787378272886,2.48822145900831,1,1
"12609",6.38827999182258,2.07981697265084,1,1
"12610",7.39986795616765,2.55988495082843,1,1
"12611",4.12806784032232,3.28396208935664,1,1
"12612",7.63052900482016,3.19008600666933,1,1
"12613",8.91363210730953,2.92561257371419,1,1
"12614",6.86802477671946,6.09694949362578,1,1
"12615",5.29891040352972,4.1717143210119,1,1
"12616",3.76065593134525,3.39304618600087,1,1
"12617",3.62689143426777,2.76711814134898,1,1
"12618",11.4265957650458,5.12387993727727,1,1
"12619",6.82582128567979,3.56333033413453,1,1
"12620",7.61222425467711,5.45411361007564,1,1
"12621",5.46065327722853,2.45667472807316,1,1
"12622",6.57676300934195,2.23158697111409,1,1
"12623",2.7443213671839,5.01235645951784,1,1
"12624",5.75695297573858,3.36163219672766,1,1
"12625",6.54955898554848,6.45361157134047,1,1
"12626",6.34948357345259,5.78774925239944,1,1
"12627",7.00820803033866,4.81023590609544,1,1
"12628",6.71977444512137,3.72751585456191,1,1
"12629",5.41991068248062,3.09472084067346,1,1
"12630",9.20831837289848,2.83850688431278,1,1
"12631",3.20827877691904,0.984589230929921,1,1
"12632",1.46032786080631,5.09897750337252,1,1
"12633",-0.379860864940328,3.86623655946817,1,1
"12634",3.60059848054797,3.51799652366913,1,1
"12635",5.31809287460266,4.61137373503106,1,1
"12636",7.42563723231558,4.99569919855343,1,1
"12637",9.00116263212372,5.00693309756604,1,1
"12638",1.13666682008744,5.06983050862249,1,1
"12639",3.39709426766662,2.4058420780052,1,1
"12640",5.96187048631054,4.9089037115343,1,1
"12641",7.78427213841355,5.0505596677688,1,1
"12642",7.08667952844266,3.22244607183467,1,1
"12643",8.13464862432483,3.52512325769707,1,1
"12644",4.68558634260721,2.88316703209171,1,1
"12645",3.4281393826239,2.96585701484995,1,1
"12646",8.23808256126131,7.02544827354683,1,1
"12647",4.46282710051334,5.01744027090333,1,1
"12648",9.39483268079365,3.57234043055506,1,1
"12649",4.56494877459364,5.19335804915395,1,1
"12650",4.10398412275673,3.74293363732083,1,1
"12651",2.9890617654606,3.21954303622101,1,1
"12652",8.55787284635742,3.85508808185322,1,1
"12653",4.08191690697555,2.2915385173251,1,1
"12654",4.38777667349914,2.86549299526704,1,1
"12655",7.00913686624905,3.91813929410889,1,1
"12656",5.81079939276972,3.08670494771792,1,1
"12657",4.74325492403963,4.85134329085829,1,1
"12658",9.11764417518036,2.04988998366327,1,1
"12659",4.18211456018945,3.74088178524373,1,1
"12660",7.48627417443337,4.79522338844642,1,1
"12661",6.93347913025022,4.38477053260753,1,1
"12662",7.86732155452394,2.89652194949924,1,1
"12663",4.62847395666434,5.11623385222196,1,1
"12664",6.81376131697165,6.04652431935611,1,1
"12665",5.72585762316544,1.98089671445561,1,1
"12666",4.29381025228138,3.44844002080477,1,1
"12667",6.63579764751608,2.93471391744615,1,1
"12668",6.73962598893713,6.48106967232556,1,1
"12669",6.77281450137402,4.35253723526435,1,1
"12670",6.33644728998295,3.12531975243888,1,1
"12671",7.26602597864505,3.83909177990185,1,1
"12672",6.61836019524932,6.05002855615754,1,1
"12673",6.58433383073458,5.1905283773646,1,1
"12674",5.87970354726954,4.21374365430243,1,1
"12675",5.13160931802149,2.49763952989848,1,1
"12676",5.94379200784388,6.14381103923795,1,1
"12677",6.82418909750316,1.93892808510631,1,1
"12678",7.11488322121936,3.7487349066793,1,1
"12679",3.79195467768863,6.32342645440956,1,1
"12680",3.94960110690343,4.32610265229086,1,1
"12681",6.2451020587474,3.32838053718024,1,1
"12682",7.15810699614878,2.03426084419149,1,1
"12683",7.28046167040025,1.87897074515095,1,1
"12684",5.65848296128515,2.25418399503259,1,1
"12685",6.04718030813502,1.11480913388031,1,1
"12686",4.67375650931843,4.53600787451164,1,1
"12687",1.94603222937174,3.33132911994013,1,1
"12688",7.39539677053522,1.78573899920792,1,1
"12689",9.23274003371113,1.81837956456297,1,1
"12690",10.5764617964028,0.842303661836013,1,1
"12691",4.76317589475972,4.66632424976793,1,1
"12692",3.93158011776964,4.30425622655386,1,1
"12693",5.84698394902671,3.16688655631434,1,1
"12694",4.44726070880338,4.6566374768059,1,1
"12695",6.54902804243084,5.32864189238118,1,1
"12696",8.08562465230906,6.89926279821838,1,1
"12697",6.95875689999305,5.6317398419223,1,1
"12698",8.21866507618726,3.89984742718668,1,1
"12699",5.7727057591,3.14767418576653,1,1
"12700",5.17376498982445,4.14637898669808,1,1
"12701",4.20017857736812,2.99878503400219,1,1
"12702",5.27176802168623,4.79695177375415,1,1
"12703",7.34519468517553,4.07167046906696,1,1
"12704",8.4309450366753,3.12906299149216,1,1
"12705",4.31828587750509,3.5370917791603,1,1
"12706",5.74823105627709,5.46189571190225,1,1
"12707",4.40614411111994,7.27437133591723,1,1
"12708",4.2604593863437,2.6034199754337,1,1
"12709",8.35328883121975,3.08911358676108,1,1
"12710",1.42472903715832,0.167083170302331,1,1
"12711",6.17809155720991,2.70724189257216,1,1
"12712",8.44386257938253,2.85581378277594,1,1
"12713",3.0687389177098,6.38460791652247,1,1
"12714",10.2086334398095,5.91301910881672,1,1
"12715",4.31273428116829,1.94187330064622,1,1
"12716",4.84419918957349,5.09651080633073,1,1
"12717",11.169790937887,1.72515287853345,1,1
"12718",6.03718668808793,4.40801626649252,1,1
"12719",9.6436567059685,2.73426258532557,1,1
"12720",5.12558241125721,5.17252166008724,1,1
"12721",3.6303488946404,1.69846963174822,1,1
"12722",4.29028263856995,2.14555855851921,1,1
"12723",1.48855714033728,1.73264534592371,1,1
"12724",8.92162147427667,5.83960338222133,1,1
"12725",3.56361605865608,4.31472462587061,1,1
"12726",8.05205634056351,7.848635476167,1,1
"12727",5.39511294442795,4.22472032261378,1,1
"12728",3.36476310491003,6.36375479525141,1,1
"12729",8.32543428089791,3.0837821591135,1,1
"12730",6.26276304024675,3.44847475763997,1,1
"12731",7.85103058470529,3.04087075853038,1,1
"12732",6.25119288254788,3.11433377805309,1,1
"12733",1.96950183505896,2.37887822941969,1,1
"12734",10.2039893858559,3.07866094076716,1,1
"12735",2.72244421849077,2.72338773533644,1,1
"12736",4.65285373017425,4.56980969585582,1,1
"12737",4.29030903732403,8.57959793391716,1,1
"12738",8.89066503769273,5.69527509096234,1,1
"12739",4.70839042976064,2.39538070046441,1,1
"12740",7.52745632343917,4.53253853994203,1,1
"12741",5.96944476250101,2.30231490873804,1,1
"12742",13.6402341101514,2.92613546941422,1,1
"12743",3.51477433540871,4.7706411901517,1,1
"12744",6.17936625485618,2.93447825746368,1,1
"12745",5.04068169579628,7.09374671234808,1,1
"12746",7.6007710259942,4.26574942862252,1,1
"12747",3.71324221125682,1.25041479798446,1,1
"12748",7.73498993368104,4.56790888134577,1,1
"12749",8.50674925161454,3.76131849839407,1,1
"12750",-0.0704924611847124,5.03179405268822,1,1
"12751",6.91471803753318,1.60799050797878,1,1
"12752",9.06309865652314,6.19486050090333,1,1
"12753",4.66294913724216,3.46025824403553,1,1
"12754",6.0809560600718,3.71355288489169,1,1
"12755",5.52092699667247,5.07826283486108,1,1
"12756",2.27935419793485,2.87062128308203,1,1
"12757",7.41797813542834,4.46139235792148,1,1
"12758",4.72319210355698,6.06966675232455,1,1
"12759",9.13032232309809,2.91433318331603,1,1
"12760",8.37200248287312,4.93804036627063,1,1
"12761",8.70926509383617,5.56006944433842,1,1
"12762",8.14395077271402,5.52641989957408,1,1
"12763",1.46765742427713,4.37707818599263,1,1
"12764",6.02880430928302,5.94710328077456,1,1
"12765",2.87392185207415,3.22375611515992,1,1
"12766",6.65226471912101,2.69120747459077,1,1
"12767",5.90143574587101,2.65144170354023,1,1
"12768",6.22609419192746,4.22121954286579,1,1
"12769",3.52868874753673,4.89836700560259,1,1
"12770",6.67745281866898,0.368931231076209,1,1
"12771",6.14771013830849,3.77593869646135,1,1
"12772",6.19745701370262,3.38472304375039,1,1
"12773",2.73515890979857,5.72899829403439,1,1
"12774",6.10165666178036,4.4430386720839,1,1
"12775",2.01566003699328,2.8975830505076,1,1
"12776",1.57058041296843,0.996816374804499,1,1
"12777",7.33208449797761,4.28920120487361,1,1
"12778",2.80394831901223,3.29709142978305,1,1
"12779",6.41620094490811,4.31225525494182,1,1
"12780",6.14691520600792,3.90599930855791,1,1
"12781",6.86750951767813,2.13086315305665,1,1
"12782",7.71830185988912,4.20575867246172,1,1
"12783",9.14808802030194,1.19697670177162,1,1
"12784",5.02110619238188,4.84056192078761,1,1
"12785",4.96923128573968,4.18580955932068,1,1
"12786",8.67670709935761,2.10389326026669,1,1
"12787",8.58694095490965,4.58053282816083,1,1
"12788",3.9109469461119,2.95085183027969,1,1
"12789",4.76144194532003,3.919142784256,1,1
"12790",3.71542635202293,2.53908100061322,1,1
"12791",7.67805258248943,5.45356240298063,1,1
"12792",-2.74859330184992,3.48266570247656,1,1
"12793",9.58825167086973,3.46670407628116,1,1
"12794",6.82879047638767,4.65474978016423,1,1
"12795",4.51220513991689,7.17213500578808,1,1
"12796",2.11233695817957,4.50620318695427,1,1
"12797",3.14558973168673,3.13812853830236,1,1
"12798",3.71070449023033,1.83356169012209,1,1
"12799",3.23530038810964,5.79234492345914,1,1
"12800",6.39355337838028,2.15715273628806,1,1
"12801",2.6644148492274,4.4559190625676,1,1
"12802",5.81688873032578,4.59431156134931,1,1
"12803",6.91053976544298,4.50103885660187,1,1
"12804",6.76189067301092,3.54722786041917,1,1
"12805",7.99038450213549,2.79353500374771,1,1
"12806",4.89386754244293,6.83848118574717,1,1
"12807",8.17881943687324,7.42456825527853,1,1
"12808",6.63741209430044,4.62951692119702,1,1
"12809",3.39218909223367,1.00783449395612,1,1
"12810",4.6331580621334,3.65400711860524,1,1
"12811",8.49483207036459,1.04262176082001,1,1
"12812",4.50919595560927,3.09368927986993,1,1
"12813",8.62473078941178,2.64948384358437,1,1
"12814",5.72031539719245,3.09520917391623,1,1
"12815",7.65646974681474,2.84514218759646,1,1
"12816",6.37226361721009,7.12883963482041,1,1
"12817",3.89667431003962,-0.160024610164021,1,1
"12818",3.1990628342422,4.1867655661095,1,1
"12819",3.06094923733939,4.29735694121214,1,1
"12820",7.27954796730949,7.29232672397496,1,1
"12821",5.32262495627833,2.10772356693993,1,1
"12822",4.02066285817114,4.0824129454734,1,1
"12823",4.51881548544057,3.88277971382406,1,1
"12824",5.84071448211778,3.20936892981921,1,1
"12825",4.43329057032106,4.62202655336946,1,1
"12826",5.40580873147827,3.90959028541233,1,1
"12827",8.32224628383385,3.91889113006617,1,1
"12828",3.44985726643803,3.50179338132672,1,1
"12829",6.31625946627962,3.38797784530677,1,1
"12830",6.28084798259591,5.34138505492328,1,1
"12831",6.39783231561893,3.72172416457884,1,1
"12832",4.94117516019338,5.53038371912674,1,1
"12833",10.8223719358688,4.14467182006695,1,1
"12834",5.53561353268994,4.05364756439634,1,1
"12835",2.71355904482888,4.02911665424327,1,1
"12836",7.86163406868974,1.601791890442,1,1
"12837",5.01192512379246,5.58242925625077,1,1
"12838",7.11549681871247,2.77925503587058,1,1
"12839",5.89741975803863,7.07579075527387,1,1
"12840",3.01133006997672,6.50669178568974,1,1
"12841",7.03029875530752,3.05190934119626,1,1
"12842",4.59814157253143,6.38533562960307,1,1
"12843",8.15495835524206,2.62685197074174,1,1
"12844",9.72623697638822,3.50495735068671,1,1
"12845",6.08861772887307,2.2419546501407,1,1
"12846",8.35771900667594,1.08144115149113,1,1
"12847",9.16190676696666,5.43534636497005,1,1
"12848",4.65640442318605,5.33273502011218,1,1
"12849",2.69813985906721,7.16963797337658,1,1
"12850",3.33273638298677,0.911235008496967,1,1
"12851",5.94094684040938,4.01743727539458,1,1
"12852",5.94110339739742,5.22612642076825,1,1
"12853",7.13961367401876,5.40798147051636,1,1
"12854",8.72166230883784,3.38923188108981,1,1
"12855",4.13683067324906,3.15108378146955,1,1
"12856",7.20859493826999,2.63357881571527,1,1
"12857",5.8203720577267,2.83123176243829,1,1
"12858",4.49168524784195,3.44787255419938,1,1
"12859",8.17247337781074,2.76626052085116,1,1
"12860",3.6050401882533,5.13155668437922,1,1
"12861",3.07083112501385,4.17458485989067,1,1
"12862",7.35670782376673,2.78212754270213,1,1
"12863",6.23215701346385,6.90385674243956,1,1
"12864",4.55909376373259,5.86657401885783,1,1
"12865",6.23659552392888,2.68368250724053,1,1
"12866",0.408659919900169,4.86186524501104,1,1
"12867",5.70557127592631,3.61716019726234,1,1
"12868",3.03527494764971,2.48904757527419,1,1
"12869",6.42402937704095,0.517163221254451,1,1
"12870",-0.697235164966999,3.12885654409787,1,1
"12871",9.991381997771,2.68531183801974,1,1
"12872",8.6049330113802,3.97956357651607,1,1
"12873",6.51876785334993,6.108134262727,1,1
"12874",5.78994990548079,1.25061050300656,1,1
"12875",4.61215164658554,3.8774666952355,1,1
"12876",4.26129318568952,4.49242977816621,1,1
"12877",8.59370026856286,7.27302150215186,1,1
"12878",3.95092219231542,6.11083900870352,1,1
"12879",5.50630067480208,2.56558475477587,1,1
"12880",8.03070294753794,4.37945288365381,1,1
"12881",3.6920686663887,0.724823372667986,1,1
"12882",6.58398859494655,4.27453338481575,1,1
"12883",6.6185040028184,2.43844445150524,1,1
"12884",3.75687206778222,5.48071940411077,1,1
"12885",11.6866123491968,3.15538899391998,1,1
"12886",6.75706377760656,3.67944664632734,1,1
"12887",6.60460389755943,3.55185899320298,1,1
"12888",4.04877290320862,6.4227436398317,1,1
"12889",8.85189684198835,4.47383435090695,1,1
"12890",6.57769076707633,4.05155122054189,1,1
"12891",10.3608426323176,5.8766769604416,1,1
"12892",4.96370461557132,2.97873203164897,1,1
"12893",10.7603140736008,3.948704739915,1,1
"12894",5.3492823124276,4.87554137928565,1,1
"12895",5.33169404979438,2.4039983963196,1,1
"12896",10.1438276030624,5.44615880304868,1,1
"12897",7.52151030582029,2.72262567847584,1,1
"12898",5.10170530696901,2.85865642527527,1,1
"12899",4.97962934105424,-0.938885163751329,1,1
"12900",6.0556596740075,1.61631675811412,1,1
"12901",5.00751113297005,4.00439995933676,1,1
"12902",4.71234272231226,2.6992602494841,1,1
"12903",6.15832085243649,4.36379754809173,1,1
"12904",6.66430314965608,0.929657726664875,1,1
"12905",2.88702089052717,5.06677309515898,1,1
"12906",5.20377296325665,4.45478604117387,1,1
"12907",8.20554461088968,2.04947340856691,1,1
"12908",4.10784387442746,4.89136924908635,1,1
"12909",4.43041476290341,4.50013555187438,1,1
"12910",2.40339329242806,3.66793018471702,1,1
"12911",7.48673732565582,6.79994796610608,1,1
"12912",6.24091506360096,5.92404507816024,1,1
"12913",-0.00979023318244643,2.20837380600703,1,1
"12914",8.49098702770833,1.74476741324178,1,1
"12915",7.10906258858696,4.71702945484632,1,1
"12916",6.3013465183313,3.47205273349314,1,1
"12917",4.38548477037992,4.98612507499769,1,1
"12918",8.41491859321177,4.64111367319409,1,1
"12919",4.58425417183904,4.74128929740133,1,1
"12920",5.56212353834197,5.04463432489465,1,1
"12921",8.39961955739703,3.76424203198282,1,1
"12922",5.29791657722066,2.69384854380105,1,1
"12923",3.46821453232294,4.21091740913659,1,1
"12924",3.18529833263256,1.87746564653844,1,1
"12925",1.15255080144111,3.64029391424777,1,1
"12926",2.43303353662237,4.58364693726988,1,1
"12927",5.91527284436392,3.79672695072516,1,1
"12928",4.36256184225815,4.84887261653475,1,1
"12929",3.5131544776585,3.0388803504792,1,1
"12930",7.47676182572574,5.58397925776547,1,1
"12931",4.809196650038,4.42803570310053,1,1
"12932",6.48542797371584,0.689170932285278,1,1
"12933",8.70592591256905,2.10778842240688,1,1
"12934",4.52315729653199,3.14124117062569,1,1
"12935",4.27229677111324,2.83465440299233,1,1
"12936",6.01500398840789,1.96428687683533,1,1
"12937",0.454759675027962,2.38463872951404,1,1
"12938",7.00122558795444,5.75393698737975,1,1
"12939",4.68487701930191,3.09191848888814,1,1
"12940",6.56044829048928,3.59383193774802,1,1
"12941",4.84407732396516,6.3092936244008,1,1
"12942",6.21744798328695,3.13924523337897,1,1
"12943",3.33100389318724,2.71295160770979,1,1
"12944",3.66622097206482,7.30508247816124,1,1
"12945",4.99379362797667,1.4498372622735,1,1
"12946",6.04857198734967,2.2844623106318,1,1
"12947",3.520886888109,1.5891839574567,1,1
"12948",5.01667028740581,3.07999184403684,1,1
"12949",9.44200625995934,3.66239491064762,1,1
"12950",3.32404953804577,1.07620458622283,1,1
"12951",3.64612515874033,1.3373632269264,1,1
"12952",7.93228354738383,5.44110062180027,1,1
"12953",7.09827897740176,3.55877813430806,1,1
"12954",9.01432705497101,2.62845337046491,1,1
"12955",7.71583626796574,4.88998584191577,1,1
"12956",6.37631946150835,5.6271433834011,1,1
"12957",6.93771696843879,5.32907892866304,1,1
"12958",6.78516444542398,4.84964508876249,1,1
"12959",5.18301599907061,3.51255587905346,1,1
"12960",4.44297408870329,4.87822111899071,1,1
"12961",4.33514727610223,4.34624797965848,1,1
"12962",6.26562250955861,3.89499379258347,1,1
"12963",0.256472141943639,4.45049624580092,1,1
"12964",6.79928452548214,4.07473733904286,1,1
"12965",4.38999384216339,7.56118412147803,1,1
"12966",3.26469802533683,3.88955163710576,1,1
"12967",5.13964317370152,5.33691908318713,1,1
"12968",6.6963450854876,2.46088534540948,1,1
"12969",4.58397143941985,4.50206063359807,1,1
"12970",9.72839518266624,4.76877952727966,1,1
"12971",6.50680786003862,1.86794762451556,1,1
"12972",3.32239112618594,5.20051536688206,1,1
"12973",5.99389224368381,1.91856223309797,1,1
"12974",9.67623343719559,2.23151903029121,1,1
"12975",7.04545040347097,3.13630325014538,1,1
"12976",2.79361363070714,3.16865998123998,1,1
"12977",2.91019186770492,4.16263876917519,1,1
"12978",8.453097055624,2.23634705144834,1,1
"12979",5.00354974252147,1.80348822164706,1,1
"12980",5.82166540661781,1.92050759829995,1,1
"12981",4.78643264046138,3.65171850348988,1,1
"12982",5.72692821791806,5.11929053560273,1,1
"12983",5.16708901279998,2.19928292931519,1,1
"12984",6.5232756492728,0.15984260482045,1,1
"12985",4.04543914954506,3.26766714871305,1,1
"12986",3.1448588165987,5.06936097710889,1,1
"12987",7.33137930625068,5.58925983802541,1,1
"12988",5.70100680134167,4.17666453900521,1,1
"12989",2.64422105278396,1.92585022188924,1,1
"12990",4.18881217027978,3.45688854137733,1,1
"12991",6.79673611182832,4.57682039586278,1,1
"12992",1.61658510779101,3.14667082106081,1,1
"12993",9.77771516743311,2.92280884457605,1,1
"12994",8.58752330666717,3.23932578806473,1,1
"12995",7.68737934026882,0.301559191913234,1,1
"12996",6.34170117171187,2.76226977767288,1,1
"12997",6.08689494929414,4.2094025216205,1,1
"12998",9.45146576075443,3.2671842357832,1,1
"12999",5.78124307675196,6.96556017445297,1,1
"13000",6.59829473762341,4.39323199439981,1,1
