"X1","X2","component","subcomponent"
"12001",0.121690700982829,2.63931376431429,1,2
"12002",2.14412487424048,11.8483822297045,1,2
"12003",1.04944835647127,8.58757625216807,1,2
"12004",2.93769505530804,12.0491535600031,1,2
"12005",2.52829023844037,-1.10428563550081,1,2
"12006",4.62481364143179,8.25483381747521,1,2
"12007",3.48811676159368,5.7044147115401,1,2
"12008",4.27373636962351,0.35226607271494,1,2
"12009",-0.907120081842612,4.23545839057613,1,2
"12010",-2.2705781679579,0.771831556491848,1,2
"12011",2.24926199498126,9.3021122989301,1,2
"12012",2.7882616961172,4.75353695007448,1,2
"12013",4.49108381407916,9.06179479084472,1,2
"12014",3.07235433288965,8.66848356280783,1,2
"12015",2.51274988177746,1.9560946069968,1,2
"12016",0.259762504478096,8.59332609323166,1,2
"12017",1.92326281273328,5.62969563304191,1,2
"12018",1.45271398881241,6.35679940608843,1,2
"12019",2.05685351809061,1.85021973166699,1,2
"12020",2.9204833262249,9.19975839067328,1,2
"12021",3.60908281387085,7.54593569527182,1,2
"12022",1.75592979425765,10.104517847806,1,2
"12023",3.2620600133597,9.9481565592323,1,2
"12024",3.46968948196389,11.3844298303859,1,2
"12025",3.08449562289184,6.22607485580419,1,2
"12026",1.48245223776978,12.7538622841332,1,2
"12027",-0.606233757063269,11.5624793163141,1,2
"12028",-0.388666292049357,6.31507769887417,1,2
"12029",2.08101364039215,9.44735093765567,1,2
"12030",1.99953565748692,4.8407148641716,1,2
"12031",-0.497889402792612,6.63866090462898,1,2
"12032",-1.51762458918098,0.954677841728382,1,2
"12033",-0.662425035376113,1.53473364757475,1,2
"12034",2.34117092336675,7.66001650975121,1,2
"12035",2.51276162262592,10.9702325987322,1,2
"12036",3.04569322120432,9.23822470163957,1,2
"12037",0.655771122467611,11.0602563077724,1,2
"12038",2.6936823508574,3.32971667747222,1,2
"12039",2.79128666763419,9.55015509900369,1,2
"12040",4.42551300541755,10.2812561876542,1,2
"12041",3.38151659274465,7.90947963058505,1,2
"12042",-1.10822432607907,9.60255173399404,1,2
"12043",4.30395489106738,4.11868509724488,1,2
"12044",2.19770965722135,2.36833338277071,1,2
"12045",3.0244908924542,4.89382414176139,1,2
"12046",1.04079507363953,4.18943169868918,1,2
"12047",1.5244840932119,5.18376490090597,1,2
"12048",3.8438624644772,5.99269701290086,1,2
"12049",1.24207906011709,6.86492927636627,1,2
"12050",0.461033893475832,6.82620549609062,1,2
"12051",1.97556823894209,14.5852738431725,1,2
"12052",2.34552868249286,5.52479270001913,1,2
"12053",3.06906757636124,6.15091355149548,1,2
"12054",4.57710419791835,8.23738246533951,1,2
"12055",-0.193885133998824,4.96534350397267,1,2
"12056",-0.82923755954847,6.2921868003632,1,2
"12057",0.904834496347062,7.98781934556491,1,2
"12058",1.09808108684662,9.38627390408775,1,2
"12059",0.110235311620021,8.11457652852276,1,2
"12060",1.36479550431883,7.99267137016813,1,2
"12061",-2.44878808628539,3.39214606398071,1,2
"12062",1.83424224741272,2.71120442001656,1,2
"12063",4.59539640005395,11.391589968101,1,2
"12064",3.62283286366703,3.2535589265775,1,2
"12065",5.45812655442059,7.29955602864181,1,2
"12066",2.04031993041035,7.13521960665501,1,2
"12067",5.67401079748006,0.527067055376215,1,2
"12068",2.13909342960562,4.05417877002629,1,2
"12069",2.52564321943844,7.80712397553952,1,2
"12070",-1.00282458060124,3.5691996486519,1,2
"12071",1.69650487141288,9.68017438148502,1,2
"12072",5.37938307478722,8.12932596400535,1,2
"12073",2.27594294217152,4.60598613867495,1,2
"12074",-0.0478850736373404,10.5411076333232,1,2
"12075",0.72003711801604,-1.45612170609636,1,2
"12076",0.049331378964772,6.58908648938621,1,2
"12077",1.04052682345871,9.0890653762335,1,2
"12078",2.18153378348328,10.2436107389014,1,2
"12079",2.7998320560467,8.27046455207906,1,2
"12080",-1.92936435761209,5.80872142678056,1,2
"12081",2.63552761605638,7.21907158646423,1,2
"12082",-0.350231136104834,4.39166335272982,1,2
"12083",2.51328452945657,5.51413806582268,1,2
"12084",-0.645260153321254,1.41685575591342,1,2
"12085",2.66804265083005,4.23363090747514,1,2
"12086",-2.34467695203236,6.77247826916596,1,2
"12087",-0.237279004556419,3.06137718381528,1,2
"12088",-0.75956998496949,2.56220547213071,1,2
"12089",1.76048197520023,8.0544804603583,1,2
"12090",0.344210341820011,5.5154535815369,1,2
"12091",4.21347648316286,6.55554565991897,1,2
"12092",0.535769613312569,-0.701531748509352,1,2
"12093",0.473158703255257,2.14621738089292,1,2
"12094",0.162210883550522,2.21470443750375,1,2
"12095",-2.04537242144786,5.31441891908498,1,2
"12096",-0.988468802597894,14.1258741409505,1,2
"12097",1.5802157135919,5.06512711971564,1,2
"12098",1.99814297489706,3.99700643926138,1,2
"12099",3.77221170941621,6.34150435886314,1,2
"12100",-0.222716763654686,4.17532388166657,1,2
"12101",1.96727585345092,14.4331311118056,1,2
"12102",1.41124711388376,5.60886645910945,1,2
"12103",0.0632288645200232,5.42647411264743,1,2
"12104",4.09648212286517,9.84451899336735,1,2
"12105",2.79267177403074,2.68770338207779,1,2
"12106",1.70137032327722,5.54794593508641,1,2
"12107",-1.81377931099754,6.43656977131816,1,2
"12108",1.3844422897111,12.3904211623023,1,2
"12109",1.05932608801022,7.63798406229423,1,2
"12110",2.50254719922555,8.2769617163935,1,2
"12111",-0.432509969431172,10.3361341698601,1,2
"12112",0.297335963813808,9.18617506276525,1,2
"12113",1.22042197922027,7.56006394595944,1,2
"12114",2.62592182176108,4.37259621282947,1,2
"12115",2.11118883570836,3.93112849554578,1,2
"12116",0.894056279822918,5.2224686782667,1,2
"12117",1.46265195843111,11.2015157102353,1,2
"12118",0.445642857685407,8.63717007580068,1,2
"12119",0.646407085496675,2.58947265559675,1,2
"12120",-0.551975171767391,6.75439073806858,1,2
"12121",0.344954780382452,6.17960582178231,1,2
"12122",3.72041069291704,12.4558900756212,1,2
"12123",3.7319603140946,8.18179936721316,1,2
"12124",4.47273301468397,6.95422853359517,1,2
"12125",2.58136104783432,1.3340214049848,1,2
"12126",2.46879085466577,10.8439668171749,1,2
"12127",-1.06945186384928,10.2691769447479,1,2
"12128",3.8558157797924,5.46329294341848,1,2
"12129",-2.75922346617034,3.72474857993264,1,2
"12130",1.32773219150319,5.89896483466254,1,2
"12131",0.0248470850189191,3.55796805977503,1,2
"12132",0.829899541601837,10.0241484700059,1,2
"12133",3.3327039297906,6.34700605779756,1,2
"12134",0.907102307487055,9.83583827932473,1,2
"12135",0.317264265652617,7.36008395111506,1,2
"12136",-0.670784644001102,12.3942616771819,1,2
"12137",-1.5725409835413,4.11261984041177,1,2
"12138",1.19943005722945,9.95773258734726,1,2
"12139",0.231935311004125,6.40263678938118,1,2
"12140",4.32735557399338,1.77571559503921,1,2
"12141",2.20486923933048,-0.426363780577732,1,2
"12142",2.58827858985213,5.63547800720997,1,2
"12143",1.66416663252861,2.86451163313505,1,2
"12144",1.94796311372482,5.25900612420581,1,2
"12145",3.2625958976009,2.89482117372116,1,2
"12146",0.69561582032098,4.08433068746461,1,2
"12147",5.21432250877987,2.87288592000444,1,2
"12148",0.509369664988549,4.6050744791757,1,2
"12149",1.42212314073559,2.69977732446055,1,2
"12150",1.24548847790991,3.31320542381183,1,2
"12151",2.05680542501595,4.65866952332643,1,2
"12152",3.18022486781811,8.75824808849089,1,2
"12153",1.72624874607358,8.31910843403623,1,2
"12154",-0.651928164446866,5.51017688447766,1,2
"12155",2.55557018039621,2.56762362947116,1,2
"12156",2.23453567429074,8.69824998908148,1,2
"12157",2.44202009889235,3.27447771986946,1,2
"12158",4.90983106311696,3.96140370925559,1,2
"12159",3.10864586435434,3.4274967580692,1,2
"12160",0.0372211330717183,6.86642871878611,1,2
"12161",2.29770015395689,5.34157984063153,1,2
"12162",-0.11895701585278,3.79035980714244,1,2
"12163",2.20266979631249,7.32507864582175,1,2
"12164",4.28564992647957,3.31931523041912,1,2
"12165",2.93083848064528,6.71962303084694,1,2
"12166",2.67179326807404,8.87221582224779,1,2
"12167",1.55274385496201,4.64913370499298,1,2
"12168",0.177955165163535,14.7340090891686,1,2
"12169",6.00710870992806,0.517532949891504,1,2
"12170",4.90392945972043,8.67461166667059,1,2
"12171",2.08563881730383,1.49400072755842,1,2
"12172",2.61017567541367,2.24277254606601,1,2
"12173",-0.549582121183875,3.38244842605261,1,2
"12174",0.720239055939706,4.86528494807682,1,2
"12175",1.94601447632737,7.07598637860332,1,2
"12176",4.48536745546797,5.78841097920375,1,2
"12177",1.7314300221793,12.0632703414963,1,2
"12178",4.479823934079,-3.16816042715677,1,2
"12179",-0.695332181834641,12.6097064164043,1,2
"12180",-0.0520861838582372,1.1575217112029,1,2
"12181",-2.16905469558144,7.89846521127704,1,2
"12182",2.71560284762939,5.98436636039546,1,2
"12183",0.805012674556488,7.051978741727,1,2
"12184",2.11366708052775,1.11323185212015,1,2
"12185",-0.0836388007361457,3.98506957583343,1,2
"12186",3.13904563662002,8.41315835031382,1,2
"12187",2.55622439427378,7.36733949232471,1,2
"12188",1.88166623073913,6.0426704455503,1,2
"12189",-3.67240402063788,14.4268206164924,1,2
"12190",1.99061082406282,8.11410838919831,1,2
"12191",1.31057650756979,6.32529640489339,1,2
"12192",2.2367427509538,3.05433047292267,1,2
"12193",1.19177115349705,5.81948576670798,1,2
"12194",0.679393372350942,8.49102467279712,1,2
"12195",3.79039150117685,11.7711710107365,1,2
"12196",1.29190751793098,0.97598556257434,1,2
"12197",1.52356331061352,-2.3671717298371,1,2
"12198",1.60151322489786,16.6767958668098,1,2
"12199",3.09346017366184,2.90858791272221,1,2
"12200",1.92445608835864,-2.54082157077482,1,2
"12201",-3.54355955582026,3.2555070350629,1,2
"12202",0.664557469075326,3.64919203205955,1,2
"12203",1.75103918613566,17.3663658196454,1,2
"12204",5.06791722714883,6.57702505638045,1,2
"12205",5.35203581668,4.76359234052181,1,2
"12206",1.7724835476074,13.7146248633289,1,2
"12207",-0.510106461697423,3.63379203793466,1,2
"12208",3.90345056353461,9.01940755891678,1,2
"12209",3.19706999148651,5.53100315579214,1,2
"12210",4.61863701776743,3.77561118968676,1,2
"12211",2.69991881869319,9.79287572796087,1,2
"12212",3.44837973880012,4.82519879305578,1,2
"12213",-1.91723811561576,1.87223992855411,1,2
"12214",2.6589891253538,3.85439487127459,1,2
"12215",4.33475700216871,5.69080653255165,1,2
"12216",0.900812793904646,7.10154474112251,1,2
"12217",0.812617990057224,6.94307084005867,1,2
"12218",2.20694415593921,7.74427847701659,1,2
"12219",3.78265025930648,6.08139813757001,1,2
"12220",3.12808178023061,2.8884934691588,1,2
"12221",1.46645645804557,5.19370366459944,1,2
"12222",3.5961117905217,6.67216075106188,1,2
"12223",0.730033844178153,11.0358178527496,1,2
"12224",1.3336993232899,10.0891174385389,1,2
"12225",2.21847956130137,5.13208288353602,1,2
"12226",-0.753301810332013,8.14225231056943,1,2
"12227",0.380237181094765,12.1122626548576,1,2
"12228",-0.610656180295148,0.623411210526488,1,2
"12229",5.95021959157812,6.90725124543955,1,2
"12230",6.16378972142509,8.16189932000801,1,2
"12231",2.22411488627939,7.6324200444942,1,2
"12232",1.07116949856118,6.89026395385264,1,2
"12233",-2.4147765435945,9.93583103622674,1,2
"12234",0.878518961483817,5.18756503476529,1,2
"12235",0.796649227173869,5.07665353223218,1,2
"12236",-2.32169674070382,6.02207498169719,1,2
"12237",1.98689427018565,9.58687525419404,1,2
"12238",-1.47873367826316,8.93632854694319,1,2
"12239",1.44467699071531,9.65480475403928,1,2
"12240",-0.247165727985012,5.05048361139686,1,2
"12241",-1.51465872803663,5.12518183765222,1,2
"12242",0.347940855484979,9.05858954311451,1,2
"12243",0.938945380257278,10.9712847910332,1,2
"12244",-1.32058377609287,3.96332797572543,1,2
"12245",-0.0729484574689696,7.57371992775595,1,2
"12246",2.53438159306278,4.35690624601013,1,2
"12247",2.55401701694591,7.20340532851747,1,2
"12248",1.72492195173319,6.0089008670756,1,2
"12249",0.646505811811693,10.4410470103611,1,2
"12250",2.97710673771116,4.93196853330626,1,2
"12251",0.274765169136133,7.98519412417691,1,2
"12252",2.03911029984501,5.45421588631904,1,2
"12253",0.442622609432598,2.5601594640756,1,2
"12254",-0.903799725561843,8.52957663818117,1,2
"12255",1.97266714309021,7.11448048641248,1,2
"12256",1.66286954277093,15.5664197765158,1,2
"12257",2.49399148098773,6.58555032183143,1,2
"12258",0.0250693310076868,4.6511109176123,1,2
"12259",0.82954826699543,6.06471356284505,1,2
"12260",3.83800519063523,9.22625073217902,1,2
"12261",1.52740148909151,4.34207135788517,1,2
"12262",2.25812144350469,1.33050698755708,1,2
"12263",0.595924975883653,4.99548204914074,1,2
"12264",2.62814938237322,9.2764426215461,1,2
"12265",-0.863590602486327,2.80785432642038,1,2
"12266",4.1972317423045,7.61439163426112,1,2
"12267",2.93415182624957,3.38375138419648,1,2
"12268",-0.674175706764295,7.62526400627726,1,2
"12269",2.13608172427815,12.3432018400716,1,2
"12270",3.56147980520763,-3.80326976557518,1,2
"12271",6.41956147097223,11.2062202447551,1,2
"12272",3.93007573354314,8.26796519132825,1,2
"12273",2.63264836339355,6.90537822379562,1,2
"12274",2.13924951390579,2.39478162228408,1,2
"12275",2.49982237548402,1.7927236360249,1,2
"12276",2.09408868046311,3.32690797846581,1,2
"12277",-0.7279803250522,7.0654778743044,1,2
"12278",1.56908612064483,8.33906146588405,1,2
"12279",1.31975138356082,3.81442583403101,1,2
"12280",2.32357280781421,-2.93396787398482,1,2
"12281",0.266679266649569,-3.71273199081757,1,2
"12282",-0.31918171699102,10.5226911070829,1,2
"12283",4.01696893637242,5.65958255367242,1,2
"12284",1.77503366879383,5.3157792908744,1,2
"12285",4.57727798435561,8.70983197174138,1,2
"12286",2.1203761156817,3.96405267134445,1,2
"12287",-0.48414765813242,5.17517574214067,1,2
"12288",1.6790276568083,5.33611511353757,1,2
"12289",1.21992068133856,0.108348220130776,1,2
"12290",1.52109028748634,5.5851548629503,1,2
"12291",-1.27481499615236,6.14053630245913,1,2
"12292",2.14032013093918,8.57013758091819,1,2
"12293",2.84310161956149,4.79149440784789,1,2
"12294",0.911303331042236,7.40138915489346,1,2
"12295",-3.61924528038989,13.5141944928591,1,2
"12296",1.03251530154301,1.7308847588695,1,2
"12297",1.8975132610788,3.91946081715007,1,2
"12298",3.84257928026978,8.50593386527476,1,2
"12299",2.92496324319562,7.19739929096052,1,2
"12300",4.09726414960339,7.74343174664667,1,2
"12301",3.04199665814712,7.11885182670695,1,2
"12302",3.93142512557596,10.7909918946202,1,2
"12303",2.1285367800543,13.5586380408714,1,2
"12304",-1.67122452864591,14.0930700172344,1,2
"12305",1.58310551346231,9.21030511350217,1,2
"12306",-0.285394347833239,9.89590196547393,1,2
"12307",0.12978803172838,12.0115734613765,1,2
"12308",-1.95817896610307,13.7131824880829,1,2
"12309",2.00784249505268,9.75782692501797,1,2
"12310",3.91940787744325,7.67326696250703,1,2
"12311",3.2585919786323,10.3770847485409,1,2
"12312",3.76015288978864,8.57425112105444,1,2
"12313",-1.98841276557381,2.4859954010807,1,2
"12314",4.14851485706685,-1.50963689478125,1,2
"12315",2.9354736613231,3.11482759156105,1,2
"12316",2.32486937068052,10.7617634139658,1,2
"12317",0.47770431532733,2.19553736385979,1,2
"12318",-1.73976125142404,7.50287991009775,1,2
"12319",4.21053653520945,1.63063622093417,1,2
"12320",2.71442609317586,1.76613110867737,1,2
"12321",-1.71621071925594,6.57246985912176,1,2
"12322",4.24857430475058,7.71831733360482,1,2
"12323",0.849374205296341,7.34022970885233,1,2
"12324",2.56968240396525,2.85700320948705,1,2
"12325",-0.185393091045108,8.76452606139003,1,2
"12326",4.25788156838328,7.37294051335774,1,2
"12327",0.50819768228355,4.30659784258552,1,2
"12328",1.10460210847938,6.52316259159116,1,2
"12329",1.68709260812473,2.59164310394041,1,2
"12330",3.02615269818919,7.67153880323759,1,2
"12331",0.92688423378913,7.57845050211193,1,2
"12332",1.25824026896452,9.62058107092916,1,2
"12333",3.34693302708198,5.85349898646936,1,2
"12334",3.13250343428942,8.74648469941748,1,2
"12335",2.24566243959182,8.53873434822589,1,2
"12336",0.580860621924412,1.9790330250027,1,2
"12337",0.29630183615433,-0.553284302475411,1,2
"12338",1.39358084051443,7.57212852262906,1,2
"12339",3.12628752135779,3.62886046214224,1,2
"12340",-2.31896163737032,4.33583644997181,1,2
"12341",2.07267932573539,5.93904488547779,1,2
"12342",-0.273751424408526,6.76698344695334,1,2
"12343",1.46951876637668,8.96157746036219,1,2
"12344",1.12991920350921,3.85777116419026,1,2
"12345",2.98169260598757,-1.42372270293735,1,2
"12346",2.0140301643211,4.57042010161414,1,2
"12347",1.05071727862881,5.71290819526492,1,2
"12348",-0.426066094583796,7.85635930706139,1,2
"12349",1.09251098847901,4.35729457514464,1,2
"12350",3.10013753848976,5.20762692020505,1,2
"12351",-1.0636142771595,3.96298979427199,1,2
"12352",-0.198806911556093,10.091312421238,1,2
"12353",4.65354047280053,3.37979517536952,1,2
"12354",1.29437754617005,4.64934651400484,1,2
"12355",1.28675025473299,6.42368209862008,1,2
"12356",1.38130160947504,2.78394782682665,1,2
"12357",2.98132334535801,2.42245336266119,1,2
"12358",3.21622292758685,6.03766200685811,1,2
"12359",1.57358997836391,10.4631478217719,1,2
"12360",1.8477427013714,6.27122495742264,1,2
"12361",-2.06794014949223,9.31783128597331,1,2
"12362",-3.12069035840868,7.86661455857962,1,2
"12363",2.16403923446273,12.0798537463419,1,2
"12364",-1.46795399549677,1.98970042433438,1,2
"12365",1.08890088183873,5.67561956662219,1,2
"12366",4.71531149587126,4.160380819655,1,2
"12367",1.38415567028295,4.58795996161065,1,2
"12368",1.67855032888716,4.08668814664322,1,2
"12369",0.205309648851554,11.0474762202137,1,2
"12370",5.30734510459835,9.29193321902212,1,2
"12371",0.214389010308617,8.40947098297477,1,2
"12372",-0.691394062165417,5.88912106355002,1,2
"12373",1.97394631261812,2.5923392387668,1,2
"12374",0.190264157380428,10.3730462735424,1,2
"12375",1.03608352761077,6.08407907292028,1,2
"12376",1.50156653750882,10.0013108790932,1,2
"12377",0.689618159689139,8.96345987585297,1,2
"12378",2.3640122852998,11.0529208119166,1,2
"12379",-0.266367711893263,5.66674118561898,1,2
"12380",-1.09061328884044,3.80389239679697,1,2
"12381",0.794951530552779,0.762666858294025,1,2
"12382",2.64615884477106,9.43066692787199,1,2
"12383",4.44099739922212,-1.4851157478591,1,2
"12384",0.996992053419572,6.98504455342802,1,2
"12385",1.6580397964957,6.8582973307756,1,2
"12386",0.15126379061726,11.7935460679789,1,2
"12387",3.58765215195883,3.07299527016959,1,2
"12388",0.212193250640611,13.058271878121,1,2
"12389",3.99793188967602,3.20070944280115,1,2
"12390",1.67878888004917,7.41785890989729,1,2
"12391",3.19476090039528,3.51845535413858,1,2
"12392",1.4096981194725,8.5944680761431,1,2
"12393",1.37780968513075,6.86648042158461,1,2
"12394",1.95774244719988,6.9842234832253,1,2
"12395",4.28174527878042,7.53130682286565,1,2
"12396",1.98758708153612,8.63329569051871,1,2
"12397",0.691025288485736,7.08223528109131,1,2
"12398",3.98752020233755,4.82893811002583,1,2
"12399",3.54978655028642,2.63789198437908,1,2
"12400",-0.142647363675701,4.98020625724651,1,2
"12401",2.97438973433171,5.30197833187191,1,2
"12402",1.54313669222756,4.82547536853406,1,2
"12403",3.65155471992693,7.68210870995996,1,2
"12404",0.0764483498372768,8.44091251606228,1,2
"12405",2.6261184894224,-0.26242495883779,1,2
"12406",0.902488885889647,9.76038358999948,1,2
"12407",1.26521165055082,9.08768706465453,1,2
"12408",-0.434116754317958,5.61349764910714,1,2
"12409",1.4325162415847,7.92501258371104,1,2
"12410",1.94281955152173,11.7024764532942,1,2
"12411",1.71798452723329,1.84717787398472,1,2
"12412",-0.660554581731549,6.97332601174615,1,2
"12413",0.424396316159342,14.5058518646228,1,2
"12414",3.61605235793165,13.2517460437185,1,2
"12415",1.60026875635551,5.32969482941341,1,2
"12416",-0.289249805318688,5.5349255818498,1,2
"12417",3.66370520063086,5.81593914572309,1,2
"12418",-0.360877220842958,3.22578405292923,1,2
"12419",1.898068310975,10.6929099068148,1,2
"12420",-0.363997339038906,3.95835095449118,1,2
"12421",3.16389941294777,7.80721865700121,1,2
"12422",1.44558721246427,0.68677173813526,1,2
"12423",2.36723181657339,7.24876726730565,1,2
"12424",-0.371592037181769,9.66490959768356,1,2
"12425",1.95159167340011,5.73268385478841,1,2
"12426",0.264586448328328,1.12429623207688,1,2
"12427",1.1229404474082,4.58204201870672,1,2
"12428",-0.47453538921263,7.80541360563714,1,2
"12429",1.39012801812193,3.87920344347146,1,2
"12430",-2.46354373366129,1.0167593954475,1,2
"12431",1.29124724140357,7.74664467495353,1,2
"12432",1.52586004578611,3.20588570853958,1,2
"12433",-1.95535047782444,8.07844338111012,1,2
"12434",1.79921720513004,6.73348494965484,1,2
"12435",0.18358836162938,2.84566560149463,1,2
"12436",1.29756121238524,4.70675804440637,1,2
"12437",-0.35902086164933,5.41246969199626,1,2
"12438",1.62106745074342,2.7375517299784,1,2
"12439",0.473589632658731,4.65024405745921,1,2
"12440",0.675850992362085,5.02191381705503,1,2
"12441",1.72829267015943,4.10784912726899,1,2
"12442",1.46097576872533,11.0737087471397,1,2
"12443",-1.65582081327647,2.32918382760775,1,2
"12444",2.8156126451225,4.10541037759329,1,2
"12445",2.01137553569989,0.610159485754576,1,2
"12446",2.41386002076203,4.38842413860114,1,2
"12447",1.95104162731128,7.19312409422874,1,2
"12448",-1.05888492712573,4.35222458323518,1,2
"12449",-1.307071877873,5.9737697056099,1,2
"12450",0.133834077245882,9.42679534734016,1,2
"12451",4.47487932153039,0.501296070016608,1,2
"12452",0.751676046393115,4.61307910011687,1,2
"12453",0.844314204588914,7.48973444794705,1,2
"12454",4.40727474180168,10.8468542423636,1,2
"12455",4.58237854869663,14.4281523147614,1,2
"12456",1.84516421340322,3.47030518311484,1,2
"12457",0.0820500478986015,5.71376640716938,1,2
"12458",2.91090274553431,11.4988824079509,1,2
"12459",0.421969760812948,4.61113626441939,1,2
"12460",1.40701609536477,0.277394877497238,1,2
"12461",1.89000711423022,12.3888426313627,1,2
"12462",-0.11305077718057,7.93224138216157,1,2
"12463",0.435838578223161,7.41508092801247,1,2
"12464",1.39350009613873,6.37654192536216,1,2
"12465",0.540051191758894,5.74464730352045,1,2
"12466",0.300127168656224,5.7410573860633,1,2
"12467",2.52882057745499,9.93729380810883,1,2
"12468",4.7707757889753,8.45233540795257,1,2
"12469",2.31055272562509,6.86885011925419,1,2
"12470",0.941441820030883,3.08524057880177,1,2
"12471",3.67194682047375,9.00467767927205,1,2
"12472",0.0887378777166454,7.32157997740178,1,2
"12473",0.919671165552738,4.72767841806456,1,2
"12474",2.42580654227215,8.29372974262143,1,2
"12475",-0.0861701945809794,-0.277405191638952,1,2
"12476",2.95690604283498,6.30492108734894,1,2
"12477",4.07152254960793,6.05122979071959,1,2
"12478",-0.68223679727694,11.2643686012305,1,2
"12479",3.10681475119025,9.47895422145474,1,2
"12480",3.74190828371766,2.89381387823969,1,2
"12481",2.50290427851887,2.45537945904129,1,2
"12482",1.73252144009322,8.87936891392327,1,2
"12483",-0.564451075046008,5.98036488495882,1,2
"12484",-0.492411787460388,5.51194871197457,1,2
"12485",5.08794312975047,7.36124030414491,1,2
"12486",1.66942233435004,9.21958874288857,1,2
"12487",2.04649543892489,5.09007703413346,1,2
"12488",0.331753437539499,10.2597114734232,1,2
"12489",5.90810456393996,9.93902175571792,1,2
"12490",2.10987249609089,5.8153137001049,1,2
"12491",-1.69011130414185,4.33943506603146,1,2
"12492",3.87510727207327,6.56025463775084,1,2
"12493",-0.393378984150104,8.53851156822277,1,2
"12494",0.548699052311276,4.73965793268681,1,2
"12495",4.24648240664731,7.48180735295095,1,2
"12496",3.47851108938216,0.486777732021456,1,2
"12497",2.52283481806049,11.0180875321919,1,2
"12498",1.454981424004,10.7558394214018,1,2
"12499",-1.40159451893033,-0.678042647931607,1,2
"12500",0.6935907061842,-0.673812807563283,1,2
"12501",1.66864765164038,10.2602243000121,1,2
"12502",3.57473460475468,1.51228684196148,1,2
"12503",4.38419961645315,5.04382415517499,1,2
"12504",2.02465793131251,8.27414215175126,1,2
"12505",3.11451920174281,4.6780603230136,1,2
"12506",3.85544113051323,4.24278272555824,1,2
"12507",0.427660860977607,7.84931162592206,1,2
"12508",1.7199129924803,6.63780721041689,1,2
"12509",-3.75052167894908,4.56157456967841,1,2
"12510",1.23410822118637,7.44513746026582,1,2
"12511",0.058590057911573,6.72377509013541,1,2
"12512",1.1165015783234,4.51226001995077,1,2
"12513",1.02702217816972,6.26657603018502,1,2
"12514",1.66268959025049,1.61804764491564,1,2
"12515",3.09663849752721,3.45553498976479,1,2
"12516",2.99280112932805,-0.257396332000639,1,2
"12517",-0.714897155100778,12.5932253602325,1,2
"12518",-0.536105066354957,10.1551737426018,1,2
"12519",0.519653021139292,1.64059693810113,1,2
"12520",1.47024535066777,9.25575216477821,1,2
"12521",2.6254956463275,3.40207193984434,1,2
"12522",3.05355232027489,8.67607871922706,1,2
"12523",2.55910662328552,12.3500945194095,1,2
"12524",-0.422252186220595,9.63578332906062,1,2
"12525",0.0937955806741797,13.3301078902819,1,2
"12526",-2.80623629921546,0.528619234037496,1,2
"12527",1.55610480717493,3.00124547990528,1,2
"12528",2.405368846088,2.73998463594855,1,2
"12529",2.54787959539984,5.02489614744697,1,2
"12530",0.29579434839253,12.4408297686372,1,2
"12531",0.159329583896553,8.31194893669981,1,2
"12532",-1.19945065012454,2.23381500287964,1,2
"12533",3.49118632901036,7.05277226677799,1,2
"12534",-2.00073290287314,3.24853355816534,1,2
"12535",-0.0362141112485037,7.19411909796516,1,2
"12536",0.807561809542018,8.63092526080995,1,2
"12537",3.53917027890107,7.41120392975797,1,2
"12538",1.83410151044025,-0.0945689863218302,1,2
"12539",5.86305451206487,14.1958941729773,1,2
"12540",2.80704372270228,5.33592654716843,1,2
"12541",3.29080686964043,5.57139293567107,1,2
"12542",2.75724452026807,9.52469774204422,1,2
"12543",2.81449267993854,5.88297957211311,1,2
"12544",1.0919198838926,5.38236279029713,1,2
"12545",6.58306296384907,2.49950004939899,1,2
"12546",1.45051396112098,7.26896471533289,1,2
"12547",3.38248749236674,3.9356805992728,1,2
"12548",0.424077112279619,6.60112938984967,1,2
"12549",2.55310384708262,9.1238228026472,1,2
"12550",-0.35544820200393,3.79818040412565,1,2
"12551",1.78271810688573,5.05162978941117,1,2
"12552",2.32627273979447,4.39201373059986,1,2
"12553",5.22628855060496,8.50835224334402,1,2
"12554",3.49482904289804,10.8381481204229,1,2
"12555",0.705169638559387,8.45980372915399,1,2
"12556",-0.162264589052549,2.73755282845065,1,2
"12557",4.48438995019911,5.33973099776999,1,2
"12558",2.13717575978207,10.5197360004954,1,2
"12559",2.91710556110527,3.22842872229629,1,2
"12560",1.44147224909871,3.8871446329814,1,2
"12561",0.475741319796142,-0.660362467341142,1,2
"12562",5.70180245323096,13.9098670605914,1,2
"12563",-0.0652955566950861,1.47512280406105,1,2
"12564",1.25155467905844,10.5698691168039,1,2
"12565",0.121176444466214,1.11361186819598,1,2
"12566",5.05990103712119,11.1410952334686,1,2
"12567",-0.664056848405347,7.93217466625494,1,2
"12568",1.00060856052742,10.1421038582864,1,2
"12569",-3.92316602513481,1.06226499898316,1,2
"12570",3.56430681016193,0.889702729957261,1,2
"12571",3.1318775880402,10.9793300301788,1,2
"12572",-2.02007964565365,8.95103237728041,1,2
"12573",2.02579088257267,5.85323026175945,1,2
"12574",1.61363149094747,7.10950678784191,1,2
"12575",2.23818325267715,4.44002050818832,1,2
"12576",1.60319411779402,9.58143841917152,1,2
"12577",1.49621125724514,1.37394859897581,1,2
"12578",-2.16413317404626,11.5492517490353,1,2
"12579",1.88222655176918,2.6248196996202,1,2
"12580",0.443249393748662,7.39219417750446,1,2
"12581",3.31433281938194,5.08887252961778,1,2
"12582",0.485341411664562,6.07720574456865,1,2
"12583",0.462485348793603,6.81757482887859,1,2
"12584",1.81055075693438,8.60952042996458,1,2
"12585",6.07483113136273,10.2912893342101,1,2
"12586",1.20024105118133,13.4904335100581,1,2
"12587",2.04932748869771,5.12454791928816,1,2
"12588",1.15760687234678,4.17315229191263,1,2
"12589",4.09620498570333,6.35886440271158,1,2
"12590",3.02023008648647,12.2931485301756,1,2
"12591",1.65015837985351,0.26169534290639,1,2
"12592",-0.809153410045856,0.556416128223836,1,2
"12593",-1.34794134998341,-3.37061603691252,1,2
"12594",0.494012032691806,8.32763885780614,1,2
"12595",1.73089583085866,4.34301950603532,1,2
"12596",2.08085526652201,7.83600013571542,1,2
"12597",1.21630276204304,5.92399528921489,1,2
"12598",-1.64863287177148,-3.06810287253173,1,2
"12599",1.42644019023688,6.26522135745769,1,2
"12600",2.40460300141852,7.14613465539562,1,2
"12601",3.70279100879635,9.0051895357576,1,2
"12602",-0.719513354861439,7.61179076890888,1,2
"12603",0.77807213951589,11.9494632782889,1,2
"12604",1.61372345976698,7.43840425391575,1,2
"12605",3.19835488096686,2.21867755038734,1,2
"12606",-2.40227912440186,11.6506799177871,1,2
"12607",-2.4227324535684,2.76883546920774,1,2
"12608",3.90201964483433,-0.788363201822145,1,2
"12609",-0.0136955203162772,12.0898039403371,1,2
"12610",1.58699014464625,2.73898059927662,1,2
"12611",-0.25963511798181,3.7930599592493,1,2
"12612",1.78626522886228,5.77288639816079,1,2
"12613",0.944346168391782,3.88491556452136,1,2
"12614",0.435790839825451,15.4669583676453,1,2
"12615",-0.130479927991641,7.37268085496111,1,2
"12616",1.66390211921254,1.91682729315911,1,2
"12617",0.151641822220894,5.38639196857386,1,2
"12618",3.38528325504968,9.84351726871696,1,2
"12619",2.01550302258243,0.69727576045339,1,2
"12620",0.234193752953819,7.01745070966385,1,2
"12621",3.57839780652087,3.67018730325134,1,2
"12622",2.95017142056729,3.74193460555557,1,2
"12623",-1.33450688963956,10.4871444611989,1,2
"12624",-1.57105146914775,4.77155677531424,1,2
"12625",0.65402054161477,4.28549096260895,1,2
"12626",1.31606437434554,6.64716254174798,1,2
"12627",2.66943205269701,5.15962588078628,1,2
"12628",1.23426516864086,3.73445813863801,1,2
"12629",0.932543219084107,6.51255379923399,1,2
"12630",2.65524302618583,11.413051896729,1,2
"12631",-1.17627285549399,0.155677735435128,1,2
"12632",0.250320387993786,5.92729677707278,1,2
"12633",2.9499948338763,11.0048083959008,1,2
"12634",2.91022635525935,-0.552385581352786,1,2
"12635",0.580492688812631,3.59878977850759,1,2
"12636",2.59021220391367,0.417539722697406,1,2
"12637",-0.95368081415391,2.41524071577636,1,2
"12638",1.30157091208515,5.53932135653134,1,2
"12639",-1.36828735198837,-2.25802966069288,1,2
"12640",0.585651067943355,8.59688417463019,1,2
"12641",2.09059197552318,1.85179516757237,1,2
"12642",2.89742391454537,3.13411906526915,1,2
"12643",5.05110613692633,7.05001156760249,1,2
"12644",-1.62049733326535,5.56710101331441,1,2
"12645",1.11251385253919,10.0180949173684,1,2
"12646",-0.727780780762263,7.76402913148672,1,2
"12647",-0.104346235830493,4.66830439751998,1,2
"12648",0.0142773474104265,11.7142027424288,1,2
"12649",3.42560636871029,3.41631780659516,1,2
"12650",2.91556364039283,8.1448299212775,1,2
"12651",-2.47657448635927,6.07425507936717,1,2
"12652",-1.55397529549848,3.44079059140163,1,2
"12653",2.60218989348811,3.87484536363069,1,2
"12654",1.23663659956585,7.94997839612048,1,2
"12655",1.01771132864147,5.57700095050946,1,2
"12656",1.38287633155203,-0.244878184895909,1,2
"12657",0.15783232466665,6.11797876277644,1,2
"12658",2.01527185696214,8.99323155459,1,2
"12659",-1.64468044354646,9.69843628599368,1,2
"12660",2.28502544185939,10.0265837113117,1,2
"12661",1.81956101578092,8.48043472104723,1,2
"12662",0.639797798462548,12.9030081531509,1,2
"12663",-0.969042113639172,7.13708038354257,1,2
"12664",-1.18278161451509,6.05662142548949,1,2
"12665",-0.303393326655537,4.86945868362139,1,2
"12666",0.883251406566212,7.16612449193854,1,2
"12667",2.05845927171582,3.05345414611605,1,2
"12668",1.98137135008077,14.8324710801349,1,2
"12669",-1.55140857469804,13.2705573130847,1,2
"12670",1.72929191552263,10.7966030446514,1,2
"12671",0.9138146224304,7.55611667521062,1,2
"12672",-0.408978535186062,9.10325929575598,1,2
"12673",3.14084439801023,5.92385819426368,1,2
"12674",2.83512145391475,2.18826659291127,1,2
"12675",4.56213220240449,5.29039737034923,1,2
"12676",0.48908405043338,9.30365242085386,1,2
"12677",5.14005025282048,9.1829940167764,1,2
"12678",3.9095736363896,14.6304871320659,1,2
"12679",-0.571223095761452,4.25901038534421,1,2
"12680",1.54165232493372,1.11674481815258,1,2
"12681",3.96237716313025,9.59776183292165,1,2
"12682",5.57115709195265,16.5025350669735,1,2
"12683",2.76043771254413,7.3123059047971,1,2
"12684",-1.58882541803717,10.4432747916981,1,2
"12685",3.36236803906174,7.81671517798622,1,2
"12686",-2.15688951911515,1.82040037571609,1,2
"12687",4.87541222271704,5.18300229688162,1,2
"12688",-0.0494057933524841,6.84806949270408,1,2
"12689",-0.507837300957561,1.03415504905612,1,2
"12690",3.60368831048238,1.93887906258119,1,2
"12691",1.72498990605302,1.10921624504026,1,2
"12692",2.24377516961381,-0.542030222233175,1,2
"12693",0.748920202547967,6.9952005309311,1,2
"12694",3.27854142395125,8.8138878694146,1,2
"12695",0.232633885284188,7.33510270952934,1,2
"12696",1.85359350164598,2.38714935935479,1,2
"12697",2.64474346476679,8.7981097957243,1,2
"12698",2.9294802791691,9.82464662918457,1,2
"12699",-0.0502822175592079,5.73764926216228,1,2
"12700",1.50607619892246,3.23385311832847,1,2
"12701",1.86610655412145,0.467142129344293,1,2
"12702",2.22359341511835,6.62773262611284,1,2
"12703",-1.29723654350468,11.1137404560725,1,2
"12704",0.543130797950596,3.29700906886706,1,2
"12705",-0.427173042079608,10.5889643880144,1,2
"12706",1.17371891327758,3.60311340526594,1,2
"12707",1.82654647792741,4.1560724724802,1,2
"12708",0.483987784435346,6.40088587584824,1,2
"12709",1.12857786921766,12.3924673359801,1,2
"12710",1.96740546911003,9.01514063900851,1,2
"12711",0.643674442793242,1.98192712152284,1,2
"12712",-1.38905082306152,4.54124157946281,1,2
"12713",3.12905378321987,-0.152232848171536,1,2
"12714",3.1327027814753,9.20782583338302,1,2
"12715",-0.739346592149559,7.26638534286143,1,2
"12716",1.81264209739287,6.51400901521121,1,2
"12717",1.22757798145932,0.723649674814522,1,2
"12718",-1.70444909352672,6.28025029882836,1,2
"12719",1.14534659208919,0.135686061666758,1,2
"12720",3.53243022789904,8.78400102117924,1,2
"12721",4.69583191949738,9.75081065791068,1,2
"12722",2.6531853139777,10.1992289278358,1,2
"12723",-0.0636928497300819,8.84537759881879,1,2
"12724",0.908856967617683,5.94046505164883,1,2
"12725",2.11873362980241,1.4783889690729,1,2
"12726",3.86765651864409,8.13822266772966,1,2
"12727",3.07796661322209,-0.727059546111597,1,2
"12728",-0.076442904255944,13.5135313832036,1,2
"12729",-0.0896487031739235,8.8664009582663,1,2
"12730",-1.04671155634928,3.06886400932833,1,2
"12731",3.13747262835951,8.68603872237958,1,2
"12732",2.40342920416583,-2.12864609603836,1,2
"12733",1.46136455394408,7.13966763303319,1,2
"12734",-0.276727873085868,5.35511287561742,1,2
"12735",-0.538853076961521,9.02035817279519,1,2
"12736",-0.491709784863505,3.93135928301435,1,2
"12737",1.05648427789902,1.07972867047534,1,2
"12738",2.32029331054474,-2.93301061086934,1,2
"12739",3.43036344828643,5.36202412462985,1,2
"12740",-3.3694812857728,12.930198202176,1,2
"12741",2.53874192527472,-0.478071967758023,1,2
"12742",1.10751166017357,9.55413151722513,1,2
"12743",4.80411356237568,3.9963556930409,1,2
"12744",-1.82571927634781,6.51048941035431,1,2
"12745",2.96083779649085,8.15182109339593,1,2
"12746",1.35635517310887,4.23470860801322,1,2
"12747",0.0650652376598435,4.00276251812968,1,2
"12748",1.47375849375728,2.71791039104274,1,2
"12749",0.893280359447359,0.497315531750329,1,2
"12750",1.73311270981267,-0.886833114307695,1,2
"12751",-0.194922873907925,5.73046416191774,1,2
"12752",-2.74441225659615,-3.00586022869023,1,2
"12753",0.868178720850105,1.32348887898419,1,2
"12754",3.31236229590415,0.945972768095792,1,2
"12755",0.63462407618264,7.04056486343714,1,2
"12756",3.04062839474035,0.742232410247461,1,2
"12757",-0.654192728805754,5.17611042441357,1,2
"12758",0.282954551622476,3.55309182906876,1,2
"12759",0.797044500822495,2.24753435182642,1,2
"12760",4.40442061702666,2.08509165180172,1,2
"12761",0.0906419634548814,8.82606269158141,1,2
"12762",0.859299461700103,10.5337712653558,1,2
"12763",4.81086882000678,9.45511632036179,1,2
"12764",2.12502203096815,6.15622552271693,1,2
"12765",4.85527718982139,5.50017677324649,1,2
"12766",5.69954896544605,4.61380383179763,1,2
"12767",2.86389517298617,11.2249894910443,1,2
"12768",5.80612875048418,4.8034475980103,1,2
"12769",3.47622587952811,13.5498888192451,1,2
"12770",1.22521258679422,10.0826141899342,1,2
"12771",0.964464781677987,0.214743096741719,1,2
"12772",3.08406024155731,3.02523598311011,1,2
"12773",-0.936172982298401,1.99103282838492,1,2
"12774",-0.77838202257118,0.923946402681727,1,2
"12775",0.935373066927952,3.28456165063837,1,2
"12776",1.75382257315538,-0.0558894272480819,1,2
"12777",2.32964617080265,8.4654082096927,1,2
"12778",0.455328002328677,7.62451316306471,1,2
"12779",1.64819023230868,5.22524167903907,1,2
"12780",0.799494839861172,7.81040888787035,1,2
"12781",1.9378275219548,4.50157544420546,1,2
"12782",1.49248862702197,2.64615216428455,1,2
"12783",3.30259479830395,5.13634425084458,1,2
"12784",1.25270184404631,0.642523865137411,1,2
"12785",-0.202168514006651,4.84924021135784,1,2
"12786",3.85866042502971,3.84661619504453,1,2
"12787",1.46124913065903,11.0994587170687,1,2
"12788",3.97869440089592,-0.273987867760527,1,2
"12789",-2.17665651792841,3.4559605787364,1,2
"12790",1.91597564617112,11.7014609637,1,2
"12791",3.235106557474,4.67530668622753,1,2
"12792",1.39428895628595,6.24313618288987,1,2
"12793",2.18449666254547,2.8561256545987,1,2
"12794",0.69888679982118,5.70032875031463,1,2
"12795",0.242742523570782,5.93536130568228,1,2
"12796",0.158626678127863,8.0150775370972,1,2
"12797",1.90640054357497,-1.95175063582451,1,2
"12798",4.24383789190628,9.5506745395331,1,2
"12799",2.17540412355859,8.65495097033625,1,2
"12800",0.508479717982512,0.592778934858617,1,2
"12801",-1.43465835303743,10.5664416071039,1,2
"12802",-0.262649368482989,9.82220625500473,1,2
"12803",2.43680383184161,9.60726284445263,1,2
"12804",-0.728060792664162,10.3819904598833,1,2
"12805",-0.391310978916218,11.0735072218067,1,2
"12806",2.62211801685914,1.14300269149578,1,2
"12807",2.42426903285409,7.31872606922511,1,2
"12808",6.81657353596882,6.00687532163111,1,2
"12809",1.22978660263513,4.74194385951611,1,2
"12810",-0.723707581784265,10.3030069280255,1,2
"12811",-0.091284758039115,8.86278613800008,1,2
"12812",2.62449999045317,6.60860035817691,1,2
"12813",2.1434748463589,2.36328665146522,1,2
"12814",2.39233119987796,0.577971554950475,1,2
"12815",-0.305071844462309,12.2379058642,1,2
"12816",0.710642127296391,6.24327112161786,1,2
"12817",1.01637979509598,5.85652237212186,1,2
"12818",2.43964724281748,10.760657200397,1,2
"12819",0.0284908827818884,5.22095466611551,1,2
"12820",0.677681421182768,2.66935111619546,1,2
"12821",-2.62864650783483,8.81134299507212,1,2
"12822",-2.12788748925523,7.10698257886888,1,2
"12823",0.783721035816399,5.00430908025488,1,2
"12824",-0.0551841821210843,3.835352651017,1,2
"12825",3.75794547421616,3.00612401002995,1,2
"12826",0.321129635628041,7.39977040561641,1,2
"12827",0.937452588827548,5.38481480621885,1,2
"12828",1.2501401146289,6.21397918991163,1,2
"12829",1.56110545071839,2.51921003427873,1,2
"12830",0.35519624260921,4.86971779478354,1,2
"12831",1.33664418082414,6.3889590305275,1,2
"12832",3.43650061673787,8.15793938825508,1,2
"12833",0.568823063861657,0.909793772920578,1,2
"12834",1.58016688393853,5.37715964475701,1,2
"12835",2.64902536182578,7.30534489535857,1,2
"12836",1.98998160208212,4.14265463960642,1,2
"12837",1.51632909338494,4.47094736019049,1,2
"12838",1.12778103788632,8.73025886840582,1,2
"12839",1.6419796845607,6.49625967878209,1,2
"12840",2.23965915128727,5.39052853495732,1,2
"12841",0.570218325238003,4.39167087039936,1,2
"12842",2.23969235371429,12.4754953239657,1,2
"12843",1.80346004952607,7.31236918174119,1,2
"12844",2.31291048726727,7.34952322390283,1,2
"12845",0.308057824700857,-0.470592922182508,1,2
"12846",2.58567958316923,1.08490064590965,1,2
"12847",-0.121950992320373,8.21216106908407,1,2
"12848",0.74370328527337,10.4959290415026,1,2
"12849",3.57195379217543,4.14803259396808,1,2
"12850",1.76265048235602,10.1147492232011,1,2
"12851",0.729054370637007,6.7904273647495,1,2
"12852",-1.79099841667036,4.22630124897702,1,2
"12853",0.196187893600239,7.1502727252746,1,2
"12854",4.4483323710713,2.38924252525645,1,2
"12855",1.17451220857035,14.1775720848071,1,2
"12856",1.2969935433295,5.88965480379522,1,2
"12857",0.198246925227756,14.0669019968843,1,2
"12858",-0.657727726817188,-5.32670136652432,1,2
"12859",3.36190013802446,6.87970570797558,1,2
"12860",3.65467135394563,8.72310526698024,1,2
"12861",-0.98149709899034,0.0487180992892693,1,2
"12862",-0.909818606489048,7.65474183296649,1,2
"12863",1.57606004997287,3.87619383759404,1,2
"12864",2.45870682106591,5.66461650472301,1,2
"12865",-0.202980996275646,-0.329425258848836,1,2
"12866",-1.20545971772193,4.8939507992076,1,2
"12867",5.49270242832847,5.01756326298463,1,2
"12868",2.1978789415732,8.83005756467849,1,2
"12869",1.61005653007763,6.57148474303957,1,2
"12870",-0.224826600125036,7.37090636473976,1,2
"12871",1.05396782868708,9.11969542394739,1,2
"12872",0.206268782127646,15.1242730968443,1,2
"12873",1.67344481090345,4.91083665955124,1,2
"12874",0.359687124576884,13.6640815681953,1,2
"12875",0.950008151340768,3.63841290384415,1,2
"12876",-1.40849934966468,5.15383660448878,1,2
"12877",1.02618908798913,10.3578985965797,1,2
"12878",3.85160565162323,13.6542787658558,1,2
"12879",-1.42847398864597,4.65845447390073,1,2
"12880",0.259563603841424,3.57445328176178,1,2
"12881",0.970014474714832,4.25543671318695,1,2
"12882",-0.174811332664935,7.50467685683393,1,2
"12883",0.620447076720065,4.97270085817049,1,2
"12884",2.96494404556138,7.7137948786165,1,2
"12885",1.56709374671496,8.90835197564301,1,2
"12886",2.33133511407925,8.61116367079158,1,2
"12887",2.81223735287443,3.16569525340853,1,2
"12888",-0.272869536795552,11.6933655384096,1,2
"12889",2.63258070664422,3.26580264724305,1,2
"12890",0.649659993159239,7.52893016247116,1,2
"12891",-1.90629514567939,3.30153865401107,1,2
"12892",1.24661606088431,9.67422798785595,1,2
"12893",2.34940841286602,3.37783158496019,1,2
"12894",0.956397247072686,8.297729525924,1,2
"12895",-0.27268363142383,7.04217076943325,1,2
"12896",-0.657912437658134,9.13456028373617,1,2
"12897",3.8535494229816,9.85604036870321,1,2
"12898",0.90001865710022,1.42373105971262,1,2
"12899",2.45500706672812,12.629308429287,1,2
"12900",3.05964659920605,1.24693849780489,1,2
"12901",0.240528336940515,10.1743341995543,1,2
"12902",1.27214323841957,-1.94215599287857,1,2
"12903",0.734331479843978,6.75716789114889,1,2
"12904",0.158038463753314,3.36626283557183,1,2
"12905",1.71124566767438,8.53284384026293,1,2
"12906",-1.31497223100575,0.589990423738842,1,2
"12907",1.12388392527537,8.19411478396491,1,2
"12908",2.4360687697867,6.63804795078208,1,2
"12909",1.52287036329029,7.61673241350892,1,2
"12910",3.34510503324043,5.53129339488694,1,2
"12911",1.444597456666,8.27995901334997,1,2
"12912",-0.728549522873049,6.30103242143971,1,2
"12913",2.83246799159327,4.26562525271421,1,2
"12914",2.07753736242041,9.68592471208362,1,2
"12915",-0.227912689663498,0.593984652392565,1,2
"12916",2.83509113401008,7.66970701515015,1,2
"12917",0.966720227631876,3.16253111936965,1,2
"12918",-0.0783443682317024,6.5247909353742,1,2
"12919",2.14797997879084,3.78980530423146,1,2
"12920",-2.44236787333957,7.15017268697281,1,2
"12921",3.53576481438071,15.1900379522083,1,2
"12922",1.10699770062832,6.4691488507655,1,2
"12923",1.02364310597578,-1.34503008768299,1,2
"12924",2.28291581250685,11.00311145708,1,2
"12925",2.17236460112684,1.81607244155496,1,2
"12926",-1.5824593932501,8.74927179087303,1,2
"12927",1.14925862501607,11.1258897448125,1,2
"12928",0.253735532865753,6.9941183995654,1,2
"12929",1.33182435277649,4.76356609287298,1,2
"12930",1.49183079528349,7.38236901438987,1,2
"12931",2.98827483377923,14.3174552736927,1,2
"12932",-0.234488933424525,7.28613745960165,1,2
"12933",4.17838144803514,13.101478155895,1,2
"12934",0.889559184130655,1.52624424398613,1,2
"12935",0.762984345470369,-0.789733546014201,1,2
"12936",1.69028991508825,3.06590308627844,1,2
"12937",7.94601218165369,2.79679507165925,1,2
"12938",2.09846897488022,3.71604058065867,1,2
"12939",1.57648465241632,4.58655796863862,1,2
"12940",4.6738823870636,3.27067392669282,1,2
"12941",0.154634992448738,5.08766074097931,1,2
"12942",2.1533172403,3.59462164133683,1,2
"12943",2.74609395321158,3.76846923266276,1,2
"12944",0.27731063971081,0.41314857546828,1,2
"12945",2.68578228493003,10.2159508650248,1,2
"12946",3.46531722427074,8.40438824437683,1,2
"12947",2.24029794221021,3.67859833519219,1,2
"12948",2.08307462399811,5.43345306265368,1,2
"12949",1.01032642929156,4.31623085218273,1,2
"12950",0.527993023924055,3.72636991251975,1,2
"12951",-3.23295367376121,9.44094237317852,1,2
"12952",2.30214129770013,2.50663400678288,1,2
"12953",3.68502983840359,2.81885982299012,1,2
"12954",1.42169335929457,9.18453143772812,1,2
"12955",0.288909929699191,6.13975759798657,1,2
"12956",1.10717297977095,4.85678262981808,1,2
"12957",2.75042272484059,6.18661163138933,1,2
"12958",-0.246134261312349,12.1227951177665,1,2
"12959",-1.24072183745887,8.58884008566056,1,2
"12960",0.559805577884346,8.95878979502777,1,2
"12961",-2.81569611285394,2.11262585241292,1,2
"12962",1.69785508346466,1.0482574050537,1,2
"12963",-1.6732848468525,13.8992587636506,1,2
"12964",2.24480451429382,4.60849408553394,1,2
"12965",-0.886887312781777,5.0442289936058,1,2
"12966",2.02647211790688,3.99758136721625,1,2
"12967",1.27436951373695,10.6356958662356,1,2
"12968",2.40282258078541,4.12639655043,1,2
"12969",4.90128459736138,2.21520897221211,1,2
"12970",0.218874949286579,2.67475454224365,1,2
"12971",0.57526726099335,0.381013853662445,1,2
"12972",1.10814098849706,1.91555410628089,1,2
"12973",4.14463064749665,10.5807606826459,1,2
"12974",0.455503250646706,5.48182274796882,1,2
"12975",2.14812779865082,6.6319683985019,1,2
"12976",1.99961519618178,2.33181887109906,1,2
"12977",-0.466547756680619,10.8556484860392,1,2
"12978",0.740973342119402,8.04303472033034,1,2
"12979",-0.607673884645964,5.54681375348373,1,2
"12980",0.761203854452985,8.08115411925857,1,2
"12981",3.24862251269773,3.75860085575026,1,2
"12982",3.47782757501603,5.01959563198648,1,2
"12983",-1.019125934844,4.19630911218014,1,2
"12984",0.983223243316917,9.60140441630385,1,2
"12985",1.51659094329694,3.16640063036557,1,2
"12986",0.730357615085486,7.66923381292924,1,2
"12987",3.10475091528777,8.62662708291153,1,2
"12988",-0.632738490491533,4.96492248701176,1,2
"12989",-0.666395129350434,5.67956503908566,1,2
"12990",2.04212702369208,8.20425790605357,1,2
"12991",2.10117363497135,-1.75418924039874,1,2
"12992",2.8291694000932,4.85109447182189,1,2
"12993",3.0725595630221,4.6547353334271,1,2
"12994",1.53242655314403,3.6484757364378,1,2
"12995",1.70352090249799,3.22691995691889,1,2
"12996",4.18471100389551,9.3957335119177,1,2
"12997",0.510345502330108,4.41861339093169,1,2
"12998",3.1808829395186,7.10938089447741,1,2
"12999",1.46469831486976,7.51206651876065,1,2
"13000",3.70208567065704,5.59708016772788,1,2
