"X1","X2","component","subcomponent"
"13001",3.57469759050074,3.21649131088888,1,2
"13002",3.52987750840083,2.99227824804387,1,2
"13003",3.75615200850606,4.27836147160855,1,2
"13004",3.90463014684125,6.31110269938433,1,2
"13005",6.34921704856263,4.22323328234961,1,2
"13006",6.58312493089829,4.88440220606754,1,2
"13007",6.20299114756367,2.76106596405155,1,2
"13008",3.06286339480707,3.1374013588911,1,2
"13009",4.82983860834581,2.3521710775997,1,2
"13010",3.43375287169095,2.404935267317,1,2
"13011",5.56209785773449,2.30485409052088,1,2
"13012",5.43436521959931,2.37862601465089,1,2
"13013",4.97799379328857,1.11130478468105,1,2
"13014",3.67663159445019,4.31182180984611,1,2
"13015",5.42830423913209,3.2265334125408,1,2
"13016",7.64242899806026,6.01061985046475,1,2
"13017",5.07301161300428,5.45987700450481,1,2
"13018",4.02707514333044,4.69030249408608,1,2
"13019",7.74102548994663,4.57334017852487,1,2
"13020",3.47351138422719,2.55351576706612,1,2
"13021",7.04271833268023,4.38139446961665,1,2
"13022",6.68236218344535,5.55243079328302,1,2
"13023",6.61285677482209,2.689806461305,1,2
"13024",6.63354473708033,3.72739883086939,1,2
"13025",5.15149205516429,3.09107924132213,1,2
"13026",3.02982660005241,3.0891489296568,1,2
"13027",8.0376797868977,2.55432924585703,1,2
"13028",6.131768998434,7.08413360571873,1,2
"13029",3.83558270074761,2.2433665343392,1,2
"13030",6.49705174423056,2.48318230270601,1,2
"13031",2.40052105390446,2.45716657589075,1,2
"13032",3.39577566896585,3.07531621032406,1,2
"13033",5.3078756196906,4.74848399616436,1,2
"13034",4.89359727686255,3.03611552790458,1,2
"13035",0.603220990346752,3.4960412716895,1,2
"13036",6.64501124902894,4.65632781944201,1,2
"13037",3.74887293730131,4.07069942893557,1,2
"13038",5.82793480033768,7.02680589842228,1,2
"13039",6.0018642176926,3.98598235798243,1,2
"13040",5.9999011591098,2.8585075106672,1,2
"13041",5.677358412352,2.72142678986537,1,2
"13042",4.08270979052398,3.2806659266467,1,2
"13043",4.75623957278761,2.1062924380995,1,2
"13044",6.97163130120888,5.81969781109623,1,2
"13045",3.77146181470655,2.58418180317867,1,2
"13046",3.37614552752528,4.18587354914708,1,2
"13047",3.28696883204627,5.74637103243233,1,2
"13048",2.75554656041463,5.15432245924751,1,2
"13049",4.80393969520899,4.19895599808984,1,2
"13050",4.53879870546933,4.51357884906395,1,2
"13051",5.33008626948076,3.23747062132886,1,2
"13052",4.40627735117142,0.242800893215376,1,2
"13053",6.19321879287545,4.21294464259877,1,2
"13054",4.65907914372591,4.28842047600891,1,2
"13055",3.10014651452697,2.97585712170422,1,2
"13056",1.50520995142122,4.10034445864937,1,2
"13057",4.79767137705588,1.65720607282833,1,2
"13058",4.25847552574267,2.59498273252205,1,2
"13059",3.76921226967825,2.21269002368705,1,2
"13060",5.17782653727127,3.71472248831016,1,2
"13061",3.4360333449137,3.6415435235739,1,2
"13062",3.64532676698124,5.11127144764703,1,2
"13063",3.22643481047035,5.21022402279676,1,2
"13064",4.50614970640833,3.38810307234662,1,2
"13065",3.10327566484232,5.23454201001485,1,2
"13066",4.51020871854921,5.68583379658212,1,2
"13067",3.89680051266224,2.91777931219544,1,2
"13068",5.55534213652643,2.68243334311177,1,2
"13069",3.54300866955171,5.14794336329451,1,2
"13070",3.01433083166569,3.72899325055438,1,2
"13071",3.89426900072126,4.42509009673833,1,2
"13072",5.42817821285381,4.9403416811244,1,2
"13073",4.35523835797867,5.20563194755416,1,2
"13074",5.5534315441783,2.60167559848162,1,2
"13075",5.71157781581728,4.22013788955902,1,2
"13076",1.42257441461982,2.84836972973475,1,2
"13077",10.5799080816398,3.52523602762619,1,2
"13078",2.54216243292734,4.77148601577839,1,2
"13079",4.80249542143036,1.95795641805682,1,2
"13080",4.56816170846236,1.6838418446353,1,2
"13081",7.30624752940352,3.45387433215298,1,2
"13082",7.73117535487169,4.48061447581876,1,2
"13083",3.43788678666601,3.71469967749546,1,2
"13084",4.97760397516647,4.3327761684819,1,2
"13085",3.88260817171828,0.930055673564943,1,2
"13086",4.0133509283891,3.9684828720616,1,2
"13087",6.23778914532327,4.32182964135389,1,2
"13088",3.65717950453558,3.82163351509773,1,2
"13089",2.66862787922913,4.59453552849956,1,2
"13090",5.45483968720238,1.89748064787071,1,2
"13091",4.81827744326155,6.29342213688764,1,2
"13092",5.30344036991087,3.04878102012795,1,2
"13093",3.67961792545761,1.56824946276583,1,2
"13094",6.12655344260682,3.03938968905628,1,2
"13095",6.28375945259712,3.76922646098961,1,2
"13096",3.18301902197329,4.55122629166636,1,2
"13097",3.4986471901882,1.78173454876272,1,2
"13098",2.4456204454721,5.11871087554798,1,2
"13099",4.51438689937903,6.00418110588166,1,2
"13100",3.62419838310784,2.05710004779808,1,2
"13101",3.06112784749435,5.77373091360119,1,2
"13102",8.27360446642112,4.8719007135098,1,2
"13103",5.40156079185062,7.38919493518632,1,2
"13104",6.09858122343115,4.63755246286758,1,2
"13105",1.21501396452694,5.3475381736526,1,2
"13106",6.36401805072092,6.03881296716298,1,2
"13107",4.73489726837189,5.60749599017955,1,2
"13108",6.68668345770089,4.35231691261016,1,2
"13109",4.9628766549951,2.69025496589454,1,2
"13110",3.02759162700649,3.40769967919391,1,2
"13111",1.89890956908605,3.28958984449409,1,2
"13112",7.56244710893308,2.59336670086665,1,2
"13113",3.51400735592772,1.6432854309342,1,2
"13114",4.45424226539273,2.8976931423876,1,2
"13115",5.55720269321583,3.30542201197899,1,2
"13116",6.9206823592317,4.81762864362186,1,2
"13117",3.33563542627558,2.05493688477679,1,2
"13118",6.61879711633361,-0.370097926470198,1,2
"13119",2.57992298645975,2.62105711915733,1,2
"13120",5.54015499842082,4.02080854830015,1,2
"13121",5.1461010989451,2.840181579531,1,2
"13122",1.02578620077439,5.21965495442354,1,2
"13123",4.04615909145547,7.08217892403866,1,2
"13124",2.51922103919332,2.18551515978557,1,2
"13125",2.84550472117362,3.781886382725,1,2
"13126",4.42141339272811,3.52460023036381,1,2
"13127",2.5723709886919,1.07209462464676,1,2
"13128",5.27777730742593,4.47069419914565,1,2
"13129",4.87368287036693,2.93915799632616,1,2
"13130",5.09144061085269,4.46464598209906,1,2
"13131",6.10868168810891,3.1537931598314,1,2
"13132",2.27814076445247,3.86851467498741,1,2
"13133",5.64482215675729,5.74093762928007,1,2
"13134",5.2141204180543,5.67161560625205,1,2
"13135",5.97220314722013,4.85644347319926,1,2
"13136",3.12171074817738,2.8647673635089,1,2
"13137",4.89838374225013,3.62064292971359,1,2
"13138",7.41888295257265,2.70752473294796,1,2
"13139",4.14935162485273,4.57003957144729,1,2
"13140",6.00527950639001,4.88109755711649,1,2
"13141",3.32448206592349,2.81862715173787,1,2
"13142",5.96248842754853,3.61537533035045,1,2
"13143",6.40204526007092,5.90012760820191,1,2
"13144",3.66459156844741,4.81808489167853,1,2
"13145",8.28682239450332,3.69183346748549,1,2
"13146",4.3276551574898,4.46429364904637,1,2
"13147",6.65290689212258,3.55392650594578,1,2
"13148",4.63598766633672,3.40198884509567,1,2
"13149",5.52454991244554,4.93236588142091,1,2
"13150",5.44190550170379,3.59571968217,1,2
"13151",5.17997965962354,2.1319762245097,1,2
"13152",4.41850880114323,2.39466285766762,1,2
"13153",6.50497221731455,4.01368264492913,1,2
"13154",5.38559902738874,2.83898622384514,1,2
"13155",9.71182341044162,5.97526699647457,1,2
"13156",5.10783560243757,2.9547409726388,1,2
"13157",5.57917039304021,1.2324968245249,1,2
"13158",3.58120859382636,4.82660475887686,1,2
"13159",4.82019209733031,2.16682549691197,1,2
"13160",3.91114319051239,4.41471790371118,1,2
"13161",5.67286254587645,2.74704440935948,1,2
"13162",3.48771072270397,2.34245595966352,1,2
"13163",1.00694832562727,3.02823448259496,1,2
"13164",3.30878105591641,2.49056599062011,1,2
"13165",6.4953727454045,3.01855737636732,1,2
"13166",2.56192674155955,6.31087043947107,1,2
"13167",4.59169254637833,1.32628546997805,1,2
"13168",4.16759451982815,5.03793036076636,1,2
"13169",4.35016515775628,3.25123785722908,1,2
"13170",3.17320221744194,3.75779340294994,1,2
"13171",3.6379679415027,7.4625682608654,1,2
"13172",4.48351452732245,4.88446840838706,1,2
"13173",4.30514206710465,2.89169940287696,1,2
"13174",3.76134998261534,3.63729686033406,1,2
"13175",2.02027148238264,2.72849512958524,1,2
"13176",7.70904431168535,4.33605729302006,1,2
"13177",7.15819949885529,2.09650398081413,1,2
"13178",6.10394693464867,5.63483589750972,1,2
"13179",4.7013855380877,2.63003432615357,1,2
"13180",6.96307234663022,3.29489146144032,1,2
"13181",2.18669658857715,3.66278234832239,1,2
"13182",4.58297716645139,3.16295331420722,1,2
"13183",3.98708006578018,4.97611974180915,1,2
"13184",4.46216465087272,5.31685816892948,1,2
"13185",0.691275673480424,1.41990840524242,1,2
"13186",3.99318821429159,1.1604096714097,1,2
"13187",5.94574899336792,7.04790626001173,1,2
"13188",4.41254896559682,2.62908992758041,1,2
"13189",5.90266183611762,3.27885779704646,1,2
"13190",4.82823591390096,2.80133201897799,1,2
"13191",6.18189606790552,5.22619143196569,1,2
"13192",3.5713492743699,5.36440952389769,1,2
"13193",4.2630995007566,4.14148646178336,1,2
"13194",2.57299450580335,4.51007110342011,1,2
"13195",3.72104099633307,6.01355138835268,1,2
"13196",7.84811890122708,4.16177971032256,1,2
"13197",4.43039513678084,4.23549527624417,1,2
"13198",8.20654934340541,4.60598670790574,1,2
"13199",4.11458900408834,4.21560699199915,1,2
"13200",5.31361011942273,5.54119547394457,1,2
"13201",3.87282350992162,3.47270958032664,1,2
"13202",4.84676977697048,3.84139580855139,1,2
"13203",2.21284042057505,3.22765479356334,1,2
"13204",5.19483496502449,4.97974687400238,1,2
"13205",6.2813137357231,3.57688297260324,1,2
"13206",3.90105460566474,4.43005061930152,1,2
"13207",5.33323043026915,3.60996589951053,1,2
"13208",2.37736848825499,4.2005433344214,1,2
"13209",4.31668028027477,2.58651761844377,1,2
"13210",3.30395041723752,2.56946821652902,1,2
"13211",4.04545946183617,3.77599689897594,1,2
"13212",5.53039386631759,3.33967769968998,1,2
"13213",2.45552854878416,3.02275342693919,1,2
"13214",5.06525743096307,3.90626532814619,1,2
"13215",5.38540627385581,4.45209925259635,1,2
"13216",4.51498288241394,2.75582186493612,1,2
"13217",5.584741821647,5.95705428133353,1,2
"13218",3.92134912606491,2.22687780936452,1,2
"13219",4.37177970155492,1.69790316781746,1,2
"13220",2.87816959871251,4.6138943749019,1,2
"13221",3.31863304655372,6.39536693771618,1,2
"13222",5.36014016844654,3.83820660079463,1,2
"13223",5.15508747050251,2.40270447728966,1,2
"13224",3.97216734508888,3.7246229973924,1,2
"13225",7.00193330022554,5.31814572745841,1,2
"13226",4.99579309684272,4.69093922425638,1,2
"13227",8.18839087338449,1.56486881630526,1,2
"13228",5.24373070929595,3.64329746595771,1,2
"13229",6.67163773265047,3.99038150011213,1,2
"13230",4.38433482911939,2.71137215513748,1,2
"13231",5.44921146740586,3.46237631781143,1,2
"13232",5.42061787363263,4.29129821047261,1,2
"13233",4.15828126887653,5.52171247850232,1,2
"13234",6.80329019873598,2.95821897528444,1,2
"13235",4.29996759417012,4.39095351340271,1,2
"13236",4.34769757215402,4.12988156734996,1,2
"13237",3.62333380960628,0.506240625516778,1,2
"13238",5.5497811585911,4.40290347924057,1,2
"13239",6.79190524553663,3.60887000188031,1,2
"13240",5.53319303643478,4.81864524260155,1,2
"13241",5.07833828119614,5.42992353031883,1,2
"13242",4.10513059716452,4.04215339330258,1,2
"13243",4.48322523168379,2.9480880471431,1,2
"13244",6.01154054671749,4.5863194067875,1,2
"13245",3.8058365150068,2.2292861139603,1,2
"13246",1.99668959593879,2.41765012215876,1,2
"13247",2.76168115537364,2.26615470532035,1,2
"13248",4.47981701893365,3.5296432490412,1,2
"13249",5.51425827424725,1.80821980973486,1,2
"13250",5.0040267341407,3.56910403582804,1,2
"13251",3.58340346331918,5.8867469220555,1,2
"13252",3.62229953667084,6.60481954915076,1,2
"13253",6.13449643337645,2.85605742540348,1,2
"13254",3.61053396469694,4.04575542545978,1,2
"13255",6.33322013775077,4.35250582479185,1,2
"13256",5.68179442941526,3.41424829540469,1,2
"13257",3.22274300281434,4.31326371653612,1,2
"13258",5.05785931981811,5.87472535232765,1,2
"13259",2.6962183880754,2.53297598277922,1,2
"13260",2.71157425594729,0.944939444334248,1,2
"13261",1.24690013555902,0.652827991843691,1,2
"13262",4.47248219413193,2.42867601085565,1,2
"13263",4.37436683941387,4.53681022443345,1,2
"13264",3.03365214482583,5.07243366432942,1,2
"13265",5.36727393613139,4.02906733061047,1,2
"13266",3.54614282416901,4.1111679999704,1,2
"13267",4.38914329553159,1.37592083788745,1,2
"13268",4.10249235825262,3.77271562269954,1,2
"13269",0.279344606750996,6.00261205425245,1,2
"13270",5.17267250415201,5.3423200689448,1,2
"13271",6.43363216391771,3.41902246169499,1,2
"13272",4.11034966095589,5.30337599695557,1,2
"13273",3.95166638866371,3.85198725502045,1,2
"13274",3.03115111148546,3.14750905026628,1,2
"13275",4.29492172171281,2.78963741520313,1,2
"13276",5.5737755133084,5.42693388089087,1,2
"13277",5.19622290632422,2.94807463592979,1,2
"13278",6.16773665178955,4.05550913366392,1,2
"13279",5.31492342436017,1.41515192793232,1,2
"13280",5.04542874646289,1.98724535811644,1,2
"13281",2.84771433023896,2.96304573851816,1,2
"13282",3.61515939584746,3.09217352215045,1,2
"13283",4.3738211862865,5.57186861444352,1,2
"13284",8.07688285727187,4.25494838293101,1,2
"13285",1.66066867148629,4.5634850318147,1,2
"13286",1.91919854183264,6.46230783722585,1,2
"13287",3.56532783946668,3.47664168817071,1,2
"13288",1.6571560110223,5.95493197143581,1,2
"13289",2.31895353623611,5.22963335264754,1,2
"13290",7.64206866071407,6.22680629134039,1,2
"13291",6.43996852411821,5.45729686433635,1,2
"13292",0.940254709129338,5.82808749285218,1,2
"13293",4.06523812798849,4.04901662244564,1,2
"13294",2.36355811803466,2.24991907554058,1,2
"13295",2.58593378261332,2.24463529800212,1,2
"13296",4.78100791839615,3.5679217906215,1,2
"13297",4.38188298947176,4.59653916990116,1,2
"13298",5.00919254176217,3.69456946336827,1,2
"13299",4.00125074332547,3.65737266057646,1,2
"13300",3.87529577219628,3.36695426965927,1,2
"13301",8.48704822932726,5.36399858783859,1,2
"13302",3.69028550403466,3.31482971564029,1,2
"13303",4.36065474322893,1.68666770548166,1,2
"13304",3.93128339073182,3.06685741681768,1,2
"13305",3.239991461151,5.84406860559211,1,2
"13306",5.15333363955445,6.87780241123472,1,2
"13307",6.20077510420975,3.32718209162365,1,2
"13308",5.79487050916012,2.71712843421196,1,2
"13309",4.65670838099938,5.62347436796107,1,2
"13310",4.96829011269003,3.57375382790624,1,2
"13311",4.08060314329237,3.43668865508718,1,2
"13312",4.11077583912846,3.14773923003907,1,2
"13313",4.09809101916198,6.82128845697214,1,2
"13314",4.31922329893176,3.81625827888842,1,2
"13315",4.12503554058677,2.60591524825022,1,2
"13316",5.85984050697355,2.77800157058718,1,2
"13317",2.91993611086615,2.81325153538513,1,2
"13318",6.76729306862249,3.35929404342222,1,2
"13319",4.74526153913757,4.65500832848046,1,2
"13320",4.07068745774814,6.68204384312579,1,2
"13321",5.22912233206582,4.23970615071548,1,2
"13322",3.3909108909705,3.07810380562039,1,2
"13323",8.75205608627363,3.84622741741408,1,2
"13324",5.20607154596444,4.99495644491269,1,2
"13325",3.22060623313435,4.17330658063613,1,2
"13326",4.7939525962517,5.04946286749184,1,2
"13327",5.05413741856362,4.5635636257161,1,2
"13328",4.76459546099082,5.00417011431726,1,2
"13329",6.25414125278557,4.72048247802426,1,2
"13330",6.32688564144647,6.64234098475078,1,2
"13331",3.65606424390097,6.46799919749863,1,2
"13332",5.60221183897834,6.27758097513685,1,2
"13333",3.62200584939935,2.91090293750331,1,2
"13334",3.51052959146662,3.82248748474637,1,2
"13335",3.43185447656496,4.00873977328663,1,2
"13336",3.56769002786437,4.23312236030399,1,2
"13337",6.73928030622427,3.25179532066728,1,2
"13338",4.75054352808879,1.77978783454148,1,2
"13339",2.79421285602404,3.99794411709987,1,2
"13340",5.86543627097412,3.55052589172038,1,2
"13341",3.57807483932346,2.65543883708437,1,2
"13342",2.00694769382549,5.36527926001629,1,2
"13343",5.78608661412683,1.71791294406545,1,2
"13344",1.72841069153166,3.82253577607544,1,2
"13345",3.29580148247885,3.15691811380152,1,2
"13346",4.94045085634855,5.87160593620485,1,2
"13347",5.54847425578432,2.59534467120291,1,2
"13348",1.94490768645363,5.73738170580598,1,2
"13349",4.47465586198624,1.40331656421633,1,2
"13350",6.58045208176207,2.38436126720581,1,2
"13351",5.25907093138022,4.74339982067031,1,2
"13352",3.84213184421245,3.74428253198354,1,2
"13353",3.25155627361564,3.44289312381901,1,2
"13354",2.12099241453228,4.31014273235904,1,2
"13355",6.76054724275266,2.26509610425671,1,2
"13356",6.38820049469244,1.85522622845238,1,2
"13357",5.58563025647856,2.28775373539172,1,2
"13358",-0.74831404230408,1.00625201546094,1,2
"13359",4.82959222658958,3.66892248372148,1,2
"13360",6.264585477339,1.56871244050421,1,2
"13361",4.01558026277411,4.50559130942359,1,2
"13362",3.56001322154929,3.00836581997925,1,2
"13363",6.5508038500588,4.60882353284801,1,2
"13364",1.58981564351739,6.79271463142126,1,2
"13365",1.28761354046173,4.00185670218236,1,2
"13366",5.642799911387,1.24111693870127,1,2
"13367",3.61437289228648,3.20020619471719,1,2
"13368",5.94560131299233,4.46684834833758,1,2
"13369",2.17407816701343,4.41549815721585,1,2
"13370",6.12666630140955,0.829647880150197,1,2
"13371",8.42507300666865,3.18989719494918,1,2
"13372",4.79628440881439,5.71131526740208,1,2
"13373",4.61619976687359,2.53962741459554,1,2
"13374",3.59609229019719,5.66582420502383,1,2
"13375",2.85694528156898,2.66012431138332,1,2
"13376",4.01214724443026,4.09987958026821,1,2
"13377",5.90445387219165,1.24247062125222,1,2
"13378",3.34353947501683,6.02102490121544,1,2
"13379",4.91177265371632,3.73574869882434,1,2
"13380",5.00357446999541,2.77351410872733,1,2
"13381",3.17506291116987,2.2963975825916,1,2
"13382",7.883843440138,4.39626726883716,1,2
"13383",2.91727387999734,2.75677531303042,1,2
"13384",3.91801846407572,1.68540524285962,1,2
"13385",6.19161044172478,3.62000656776405,1,2
"13386",2.70647742845612,4.86938424481792,1,2
"13387",2.25914208951029,4.36238662350242,1,2
"13388",7.91206209015544,5.53370001612411,1,2
"13389",3.40589743135869,6.77561757945474,1,2
"13390",5.05030150218747,6.08633250951413,1,2
"13391",6.08364767498798,2.73221357657997,1,2
"13392",3.81591154103093,5.23245183095984,1,2
"13393",6.22623552614931,4.56443409081363,1,2
"13394",4.61062639548118,2.69953549468954,1,2
"13395",4.99471571510714,2.86132973648897,1,2
"13396",8.5481023605714,5.54717777896987,1,2
"13397",2.25247703890482,4.7860172187227,1,2
"13398",1.93033902913259,3.59623802326565,1,2
"13399",8.84019753561812,4.52967964708889,1,2
"13400",4.13976084487591,4.71763301699063,1,2
"13401",5.31815683609702,2.50463738827266,1,2
"13402",7.08984852978734,4.01632600799521,1,2
"13403",7.07555820632646,2.58253115445661,1,2
"13404",1.63757355392182,2.82247709437006,1,2
"13405",3.21958258879793,3.56193262792231,1,2
"13406",6.20965287846112,3.99766950487915,1,2
"13407",4.38124527237026,3.66798185246079,1,2
"13408",5.67686197722821,5.68816234502743,1,2
"13409",4.40573502896771,4.15950678071132,1,2
"13410",4.88501232202262,1.6404336508347,1,2
"13411",2.12039053691197,2.6014297120326,1,2
"13412",4.33888426752033,3.06888798176083,1,2
"13413",2.21481354950558,3.64839101334417,1,2
"13414",5.52597791511644,3.00844218206631,1,2
"13415",4.72710215739094,4.39175506553829,1,2
"13416",3.67143490035587,5.5311949710492,1,2
"13417",4.19959889894342,3.08868798832892,1,2
"13418",2.68360240039877,2.55400773165047,1,2
"13419",4.98861209892612,2.85370583662059,1,2
"13420",3.59222907969,4.56441535984778,1,2
"13421",3.02120379943324,2.60684061040412,1,2
"13422",5.01248658419952,7.37364860273208,1,2
"13423",3.71171624779606,4.32949685553496,1,2
"13424",2.33683355810876,1.97282880227727,1,2
"13425",5.14346567606514,4.72012382348771,1,2
"13426",-0.340413931227991,5.41208062770916,1,2
"13427",6.60308878352969,4.79171610990271,1,2
"13428",3.11216907378739,4.54510685697565,1,2
"13429",8.67476984792107,5.43374263707327,1,2
"13430",7.91636338653148,3.9453314649996,1,2
"13431",2.53472074016649,5.19874679024496,1,2
"13432",2.58219141659257,2.37793861255149,1,2
"13433",4.59870541997972,3.81248015087444,1,2
"13434",5.53449810777592,2.83435554290318,1,2
"13435",5.09500239049538,3.2557946698847,1,2
"13436",3.95270785746886,3.87787943745318,1,2
"13437",4.43632653062124,2.0098130910411,1,2
"13438",5.90840632285483,2.47901550626145,1,2
"13439",2.86667964920338,4.74262344043838,1,2
"13440",3.90733352225861,2.20724805072068,1,2
"13441",7.4159747611511,2.44199569511865,1,2
"13442",1.9761492517452,3.15331271175101,1,2
"13443",2.86451374068854,5.42069759510199,1,2
"13444",5.03001830187742,5.27522566616836,1,2
"13445",1.38596380696427,2.54219385310472,1,2
"13446",4.12665063729027,6.25970682050012,1,2
"13447",2.83787848938253,5.1087325458021,1,2
"13448",3.1452748873868,2.94275518511327,1,2
"13449",6.02949719098774,3.45603927702959,1,2
"13450",2.74674752283667,3.87159247956051,1,2
"13451",6.33091354936133,5.96067634213372,1,2
"13452",2.39187370116825,6.60446463858734,1,2
"13453",4.72787675174903,3.55496840235729,1,2
"13454",4.78527521304103,3.28515818079364,1,2
"13455",2.88088354147089,1.40514115811322,1,2
"13456",3.11303603496782,4.25055855242162,1,2
"13457",4.9196121244055,5.20074647926935,1,2
"13458",4.82557973252076,5.03838428147614,1,2
"13459",3.92450948920734,5.91501362965003,1,2
"13460",3.1373525795903,4.54824601440925,1,2
"13461",8.60005263144326,4.8016400260476,1,2
"13462",3.5988535104373,3.98628327714496,1,2
"13463",3.58501611305176,2.60282974999744,1,2
"13464",6.0411339864693,4.78993342419674,1,2
"13465",4.33787674161857,3.95347052078032,1,2
"13466",3.2717360698159,4.40705385886161,1,2
"13467",5.2941884911139,4.21465591184178,1,2
"13468",6.24912155132507,1.96347813420482,1,2
"13469",3.46832884904037,6.10423731528352,1,2
"13470",2.72267712675341,3.71425011055629,1,2
"13471",2.20464449251171,4.26123978841244,1,2
"13472",4.6556864713473,1.58807022037457,1,2
"13473",3.26544956245226,3.60298498602794,1,2
"13474",5.65322898603692,2.48353899428207,1,2
"13475",2.95968350932105,5.3461066263587,1,2
"13476",4.6594824416393,1.58689909432815,1,2
"13477",4.1657236104529,4.82663696639895,1,2
"13478",7.11010510164586,4.50112051164349,1,2
"13479",6.6931280487166,1.40716857607009,1,2
"13480",4.61890805331815,4.49102015541348,1,2
"13481",5.22737230441923,4.07860851788792,1,2
"13482",1.43137881576757,3.48355597092908,1,2
"13483",4.81591007418508,4.45475376275074,1,2
"13484",4.64901930386523,3.03093124252679,1,2
"13485",3.67755957910417,4.15806832665423,1,2
"13486",3.73377406089313,3.68793720008431,1,2
"13487",3.992493380595,6.2061987829168,1,2
"13488",8.41811842433858,4.73353825853293,1,2
"13489",3.70864427501369,3.57139648146179,1,2
"13490",6.31347862777203,4.44706485630661,1,2
"13491",5.4429542325309,0.674071290078395,1,2
"13492",4.48029952855395,3.86684053430005,1,2
"13493",2.77534006794353,4.61882917277527,1,2
"13494",2.29155306326513,5.15914757724321,1,2
"13495",6.84652258769248,5.25904531077121,1,2
"13496",4.89737169873492,4.04640777574222,1,2
"13497",3.02140157338687,5.3841786078862,1,2
"13498",1.95350961752751,6.1473340255327,1,2
"13499",6.37530090277868,4.97413317794043,1,2
"13500",2.66433893977731,2.4546059413405,1,2
"13501",3.13666533043283,6.21492500873442,1,2
"13502",3.96822968545467,6.46004821985176,1,2
"13503",1.17545404506299,5.07140515161179,1,2
"13504",2.90665800022234,5.99825573403393,1,2
"13505",5.00803606009712,2.56976354701285,1,2
"13506",6.40160447533092,5.2403681914934,1,2
"13507",4.01311414583315,5.14877419962512,1,2
"13508",4.91331008925908,4.21882282877558,1,2
"13509",5.33204005418711,4.45908579062936,1,2
"13510",2.26380199371214,5.21041513255794,1,2
"13511",4.85997437582343,2.17095451803413,1,2
"13512",3.03654822299629,3.36899873762788,1,2
"13513",4.36298079448888,4.24329243173851,1,2
"13514",6.20884011178337,4.67833624840497,1,2
"13515",3.98823926252267,2.90823853926949,1,2
"13516",5.4017842472824,0.912688226404354,1,2
"13517",2.19239642773663,4.84620951301213,1,2
"13518",3.53645330960448,5.56492698118537,1,2
"13519",5.17866280739649,2.82286618949849,1,2
"13520",5.51029823397405,4.92500095678967,1,2
"13521",6.05301411296022,4.04520350108748,1,2
"13522",3.43905111237753,5.64121416439443,1,2
"13523",4.81819767062063,5.57005789640119,1,2
"13524",4.06191194237641,5.9769850561097,1,2
"13525",2.81831322788511,2.67717593922849,1,2
"13526",4.07827307794368,4.65994556050444,1,2
"13527",2.11704796130585,5.08414957089429,1,2
"13528",3.03736352111388,2.56726205033631,1,2
"13529",5.14060395712262,2.29343493930095,1,2
"13530",4.55855438077877,4.28467821489125,1,2
"13531",4.90076668006796,4.85410086848528,1,2
"13532",4.36990387718371,3.33740295583602,1,2
"13533",3.6240869841775,3.75847568557142,1,2
"13534",1.37838342405234,3.15951953612415,1,2
"13535",4.66883208628872,5.3968035601293,1,2
"13536",1.16566271826356,5.17790635608296,1,2
"13537",6.11018984502063,0.947999147536094,1,2
"13538",5.720868933482,1.32697847806242,1,2
"13539",4.10332846375555,2.8808424884148,1,2
"13540",4.7448623070994,4.98719862104391,1,2
"13541",8.23690199431523,5.97325753259192,1,2
"13542",2.4232367341052,3.86455967986693,1,2
"13543",7.41063846267741,4.65800871366885,1,2
"13544",6.98422536408981,3.12335320481526,1,2
"13545",4.74175317623182,4.01443607555882,1,2
"13546",4.35395495710317,5.12468967790497,1,2
"13547",2.99590252439585,5.01727040936758,1,2
"13548",5.69527036508283,3.41104895974754,1,2
"13549",2.43006046972371,4.34882707780545,1,2
"13550",5.32869343006302,6.57531582721063,1,2
"13551",3.96898236962669,6.25397904034375,1,2
"13552",4.66979469313228,1.71579928171677,1,2
"13553",4.99560432212453,4.47529771017456,1,2
"13554",3.82071381940814,2.71957181994199,1,2
"13555",2.47589346091277,1.78711333047938,1,2
"13556",4.87518271385159,2.43843826780117,1,2
"13557",4.67622997815251,4.33170728730324,1,2
"13558",4.46302097125659,2.49063559301437,1,2
"13559",4.42021498043891,2.66227540998814,1,2
"13560",5.08613026220681,3.47998110519321,1,2
"13561",3.48351414064825,4.81815623857955,1,2
"13562",4.58947896145491,2.05227742981108,1,2
"13563",4.62083027424838,7.31155339203604,1,2
"13564",5.28173027655367,5.88176928452983,1,2
"13565",3.22612095726805,6.48823128120863,1,2
"13566",5.16322637137114,6.13914549241011,1,2
"13567",5.37444885288415,4.90443277681702,1,2
"13568",6.64984542174065,2.97317624287179,1,2
"13569",4.59789341567831,3.89992126230039,1,2
"13570",4.07043482803944,4.96810243171581,1,2
"13571",2.94299932783672,2.82196775567571,1,2
"13572",3.23471342913552,1.86029784419155,1,2
"13573",4.49796378175868,5.28004548173212,1,2
"13574",3.45515789443462,2.04519313893742,1,2
"13575",5.28486564440965,4.49813998085546,1,2
"13576",4.4367624650292,2.33093109980917,1,2
"13577",3.70575032228703,2.92888020287872,1,2
"13578",1.02963278418457,3.01543945753762,1,2
"13579",3.01423859446972,2.93185540134464,1,2
"13580",1.54247785636062,5.74452279964706,1,2
"13581",6.26567247329617,0.495448949864179,1,2
"13582",3.95673937614897,3.87157717022179,1,2
"13583",4.85580405894345,6.15683391918897,1,2
"13584",4.43825411387528,5.09892153426193,1,2
"13585",1.87807000030151,5.24261901381002,1,2
"13586",3.75735382004782,3.12731186502041,1,2
"13587",2.30440458298898,2.91455301009792,1,2
"13588",5.74801616531185,5.93086951264655,1,2
"13589",3.24045097348272,4.52254700280076,1,2
"13590",4.37954953484129,3.19213444919138,1,2
"13591",2.15170115132769,2.62059231200361,1,2
"13592",3.791437485779,5.48048140349891,1,2
"13593",5.29578525390417,4.36147050219296,1,2
"13594",4.25016076522017,7.49197960295905,1,2
"13595",2.3419993074822,3.09439135747345,1,2
"13596",4.52053598145294,3.70095079372478,1,2
"13597",2.98320482531806,1.55815401843171,1,2
"13598",4.54711555942082,2.57252333052013,1,2
"13599",3.59066114780155,4.80587135428978,1,2
"13600",7.34858607422281,4.71057783211529,1,2
"13601",3.41230572652697,4.38085828661989,1,2
"13602",3.6676394728512,1.16097284705915,1,2
"13603",3.33273186413874,1.19604699832218,1,2
"13604",4.99567826592003,4.11033920296308,1,2
"13605",3.48604676039127,3.1620434650247,1,2
"13606",4.21060712439665,3.97731461135597,1,2
"13607",6.38018520142198,6.11971493021356,1,2
"13608",1.50114793456234,3.71602906327401,1,2
"13609",3.76891796690447,4.09471064868767,1,2
"13610",5.51484724315627,7.39007034982479,1,2
"13611",2.73483954029547,3.60788451867216,1,2
"13612",2.83696295922497,3.99921511971127,1,2
"13613",5.06158680489551,5.32043074829386,1,2
"13614",4.76430787880516,0.268937190435625,1,2
"13615",5.2573314304951,6.9247617151355,1,2
"13616",3.87026525016573,3.60285702084562,1,2
"13617",3.79033209218238,3.46570437532158,1,2
"13618",2.52117416884281,3.23774580115244,1,2
"13619",4.26801683329851,4.15045368348175,1,2
"13620",2.85508244931616,2.91766233507549,1,2
"13621",4.24275902853668,3.61505179777005,1,2
"13622",2.54039750531498,1.71727232295772,1,2
"13623",6.84201401180873,3.73653937330441,1,2
"13624",4.3123494214551,4.37682518182731,1,2
"13625",6.44952915178345,4.38181744359514,1,2
"13626",4.63907302244814,6.14688703498864,1,2
"13627",6.69361260920406,4.73367264525592,1,2
"13628",5.6064502764349,4.03938279804101,1,2
"13629",3.32736069026666,4.12723917359034,1,2
"13630",4.3517997612565,5.73222910417614,1,2
"13631",4.84500293007861,4.14828423035555,1,2
"13632",4.11095258038447,5.53688785952418,1,2
"13633",3.27478720045563,5.43605413410748,1,2
"13634",1.00220488590073,4.72387214492962,1,2
"13635",5.27488940675448,3.877618144933,1,2
"13636",6.63844339764234,2.04378185994214,1,2
"13637",3.34403289946092,4.91341560966044,1,2
"13638",3.78839457008883,7.99255651837288,1,2
"13639",4.93379476539501,4.7194954900285,1,2
"13640",3.98944323177442,4.73566209734174,1,2
"13641",1.05603516909249,6.68297503329089,1,2
"13642",3.89748674700521,4.15945723513419,1,2
"13643",6.7188051577652,4.77663524984555,1,2
"13644",4.86713994543224,5.48123904501915,1,2
"13645",6.55563986322014,7.44018843311347,1,2
"13646",2.46230312188799,4.2756914547581,1,2
"13647",9.56428255736657,2.83100399733534,1,2
"13648",3.52418057366998,3.29212037112242,1,2
"13649",5.02446092884607,3.19275143849314,1,2
"13650",2.98680388803938,3.89185238819849,1,2
"13651",4.05636692279344,2.38834613978841,1,2
"13652",3.29113426899808,2.36198346552408,1,2
"13653",4.29645690916827,1.18997882806118,1,2
"13654",3.32195472570905,3.26678753157318,1,2
"13655",5.92775945246445,2.98917137017423,1,2
"13656",2.74308902044506,3.34696635296092,1,2
"13657",4.34876806438914,1.95662120186446,1,2
"13658",4.79725995432452,7.09772768519877,1,2
"13659",6.12568261148756,6.33230777788383,1,2
"13660",4.1604805351293,0.393243346660552,1,2
"13661",6.69964033856808,5.35181415790269,1,2
"13662",3.73210142025318,4.02617236043107,1,2
"13663",6.24084719120663,3.44339559159032,1,2
"13664",2.43780170732189,3.08632059008549,1,2
"13665",5.6232266808267,3.3622444009141,1,2
"13666",3.27357326946918,2.84339018858253,1,2
"13667",7.74369479438984,4.47521728798209,1,2
"13668",3.7183608502872,3.71798499419429,1,2
"13669",4.29960827751404,3.72712819489537,1,2
"13670",5.52631993693462,1.75979034018719,1,2
"13671",6.52682106977845,2.90654786960488,1,2
"13672",7.96983042168457,4.33382985146968,1,2
"13673",3.23672269374158,4.38984915298484,1,2
"13674",3.80284970071632,4.7901165716556,1,2
"13675",5.28652186238081,4.19392469502234,1,2
"13676",4.70594311660237,5.64693204169561,1,2
"13677",4.69410843028147,4.65792558563909,1,2
"13678",3.53377932491899,2.97671285547154,1,2
"13679",2.53621775878319,3.74591106894108,1,2
"13680",6.62229097790771,2.55838709350768,1,2
"13681",2.82762176972526,3.3128919729001,1,2
"13682",2.66686020424901,4.48093017519454,1,2
"13683",6.79860549274111,4.31041833350906,1,2
"13684",3.63331425799737,3.11619221831388,1,2
"13685",6.77350827276081,2.15742067359729,1,2
"13686",7.21970993706678,2.37725794124482,1,2
"13687",4.05406949872743,2.20566671014416,1,2
"13688",7.01983707176236,3.59788008797978,1,2
"13689",7.54775912723025,2.89461506449633,1,2
"13690",4.61434546666755,3.09350561312957,1,2
"13691",7.03307304410954,2.74684337271509,1,2
"13692",2.18829560002565,2.9372195666338,1,2
"13693",4.70298440840332,5.84084791900712,1,2
"13694",4.66661847214899,4.06599718513605,1,2
"13695",5.97501589726155,1.78643809224312,1,2
"13696",3.97791716475007,4.9269687309569,1,2
"13697",3.52109994228149,3.43991033364762,1,2
"13698",5.26604120345722,4.66635448285915,1,2
"13699",3.89125938551182,3.7693579880894,1,2
"13700",2.9611776210064,4.77662106619274,1,2
"13701",5.82689231626012,5.74981921046031,1,2
"13702",5.12872949240392,5.63129141681452,1,2
"13703",4.52833089508962,3.2541447577924,1,2
"13704",5.74000070101819,3.67488115350165,1,2
"13705",3.42536768954942,4.76665349593136,1,2
"13706",5.26958971892802,3.30270913823615,1,2
"13707",4.57365493219138,5.54509369811535,1,2
"13708",5.20339093923801,3.07420758029483,1,2
"13709",3.85761386659159,2.15489958222095,1,2
"13710",3.00968089731527,5.4121956134905,1,2
"13711",4.21956794720611,3.93190693083746,1,2
"13712",5.6291877868505,5.72668108998171,1,2
"13713",3.3480215195567,4.08663144418338,1,2
"13714",5.66180989943334,3.03777316497987,1,2
"13715",5.45359628295166,2.87856896879137,1,2
"13716",1.50130647526114,3.58233102474402,1,2
"13717",5.14208197104392,3.75654835127974,1,2
"13718",5.47587692754002,4.60988812173687,1,2
"13719",6.69073329185768,1.33788677506243,1,2
"13720",4.6321863146353,3.67423064002003,1,2
"13721",4.05468436081383,3.77849287053816,1,2
"13722",7.29585096834421,1.85156458644732,1,2
"13723",5.22985381469841,2.3577456551306,1,2
"13724",2.28756683683888,2.50123483053383,1,2
"13725",5.17058323872457,6.0496017482294,1,2
"13726",6.66992926126228,5.70094814809988,1,2
"13727",5.30625922077837,2.72625557218463,1,2
"13728",4.76178824748839,4.53983519685554,1,2
"13729",4.62777487008784,4.00753227942037,1,2
"13730",7.58471282845299,4.38546310018467,1,2
"13731",2.84021403863725,1.64640518224291,1,2
"13732",5.43196723622633,3.97735156055529,1,2
"13733",4.63515865190579,3.1266725791888,1,2
"13734",3.91232193004642,2.7964187195213,1,2
"13735",3.56890117587197,3.12222090076525,1,2
"13736",5.52413326803321,2.1096558940684,1,2
"13737",6.63486652055339,1.90671508803269,1,2
"13738",4.89556587421499,3.71985219018151,1,2
"13739",4.39776732149584,2.89146993803011,1,2
"13740",3.45059856223451,5.0229265290545,1,2
"13741",6.88334029201599,2.2913642022996,1,2
"13742",5.49121404044558,1.97987757187785,1,2
"13743",4.87236198651517,5.21294107969013,1,2
"13744",7.32876443011692,3.27807808546007,1,2
"13745",2.40245422466295,3.29240382403258,1,2
"13746",5.86742323334568,0.747504637296059,1,2
"13747",3.75185509026781,5.6975719665616,1,2
"13748",4.15284070626671,4.53361396665222,1,2
"13749",3.66209044740166,2.97900583164492,1,2
"13750",2.85193520123543,3.09867526013254,1,2
"13751",5.4687674315268,2.69003257260131,1,2
"13752",3.76668077624917,2.30656580088863,1,2
"13753",4.37658616467936,4.21832644690236,1,2
"13754",2.54046465693488,4.36080070301137,1,2
"13755",3.08760659761109,3.34153659542994,1,2
"13756",3.24145159173151,5.37045986105878,1,2
"13757",2.35564841849426,4.06359551741252,1,2
"13758",6.85507261480355,7.03647106553447,1,2
"13759",3.03760775559982,6.5069070692563,1,2
"13760",3.88544520652913,3.4134074249992,1,2
"13761",3.48939943792122,4.37697180069331,1,2
"13762",6.64412535676152,1.69920230433369,1,2
"13763",3.78856438558643,2.76946277356231,1,2
"13764",5.73817970363343,5.00621430555048,1,2
"13765",3.70941644248873,6.54158463882059,1,2
"13766",3.4229996657309,5.75851300468429,1,2
"13767",4.35901873539377,5.45187611575789,1,2
"13768",2.52657098776125,2.10526130753421,1,2
"13769",4.6444926463152,3.29600400702007,1,2
"13770",6.23194327096779,2.4177573874701,1,2
"13771",5.83064810681779,3.08392442317652,1,2
"13772",3.19603447568812,2.17153518001855,1,2
"13773",3.25909607576919,3.58276072187758,1,2
"13774",4.171942068084,3.11485717269231,1,2
"13775",4.66422117166934,1.87913718554434,1,2
"13776",4.64002012771249,5.38587869462881,1,2
"13777",2.69505214118418,4.87730374500154,1,2
"13778",2.75934648364922,5.68445587459239,1,2
"13779",3.23285891562891,2.17452454090277,1,2
"13780",4.83032985792117,3.2310571243807,1,2
"13781",4.12438086538473,3.6052300478232,1,2
"13782",2.70809819748976,3.53579745860376,1,2
"13783",5.13371039829537,4.4094546512245,1,2
"13784",1.98466059323077,6.14531968685833,1,2
"13785",3.54388021355846,2.12613180645001,1,2
"13786",3.79795778483358,5.19297959795516,1,2
"13787",3.6183197932627,4.45939940495917,1,2
"13788",6.69711914804588,3.77992880427131,1,2
"13789",4.9036137739495,5.58234906814876,1,2
"13790",4.0256214063084,4.17967226388685,1,2
"13791",4.59372960902617,5.98331708602371,1,2
"13792",3.70391338506362,3.43754769844184,1,2
"13793",5.24271165635566,2.57562375209349,1,2
"13794",3.69525459635876,3.54369413813337,1,2
"13795",4.05983345169188,5.04378832333212,1,2
"13796",1.71798928029351,5.78888946352019,1,2
"13797",5.5334264967791,4.15149801406101,1,2
"13798",7.2548313802723,3.30287494918894,1,2
"13799",6.18291175328804,2.2713335452529,1,2
"13800",4.79299429027464,1.8045484700445,1,2
"13801",6.34149022448848,4.46143409346812,1,2
"13802",5.82792198027844,4.01418429437547,1,2
"13803",3.07398824964494,3.06498854610691,1,2
"13804",2.31327362729864,5.53313420730852,1,2
"13805",3.86658495846274,3.88851702923343,1,2
"13806",2.57061987524151,4.33069469061369,1,2
"13807",4.66326564871422,3.9176502725344,1,2
"13808",4.49470720624236,2.48037540066693,1,2
"13809",5.03493495251903,5.48716260856922,1,2
"13810",4.32122926584295,2.73031202905468,1,2
"13811",3.00478184744428,3.5701496071338,1,2
"13812",5.25370441994989,4.48932138250372,1,2
"13813",5.17803194104252,3.41840128067755,1,2
"13814",4.46859835841269,5.28739889138208,1,2
"13815",7.40746380486243,2.33892307426048,1,2
"13816",4.23818086908025,4.14019589754879,1,2
"13817",4.68975735010792,3.8532554567411,1,2
"13818",6.26292549555102,4.03499383099864,1,2
"13819",6.13809232014659,5.12573684883273,1,2
"13820",6.61729976922608,0.726382308419534,1,2
"13821",4.06684520227524,5.90114979732342,1,2
"13822",3.65186073795105,3.6832332695575,1,2
"13823",4.28087640559044,5.22158108757733,1,2
"13824",2.72971946152597,5.46216720186871,1,2
"13825",6.25057886430958,3.48501234376015,1,2
"13826",1.66522254046761,2.69105867928329,1,2
"13827",3.5926122373218,1.35077511829521,1,2
"13828",0.395919810350833,3.92753720569883,1,2
"13829",2.02505036705888,7.0390269030727,1,2
"13830",3.65532575766253,3.88376684720132,1,2
"13831",4.57668439210073,2.69797204932224,1,2
"13832",5.74294767821028,3.56840570700854,1,2
"13833",4.72436747215683,3.51377955731953,1,2
"13834",3.80455385670359,5.22565495902036,1,2
"13835",4.70034299471512,2.40234306769274,1,2
"13836",5.11207516820629,4.8988413896125,1,2
"13837",3.34385344456429,5.40734818432544,1,2
"13838",4.35001939336653,5.33704299477447,1,2
"13839",5.02951418702917,2.61051272530306,1,2
"13840",2.88581440311251,1.92864986298219,1,2
"13841",3.22960430450899,3.75748160889813,1,2
"13842",5.73270449439961,2.96643203834539,1,2
"13843",5.70685818231113,3.45306627855732,1,2
"13844",5.11279580754239,2.29460803855322,1,2
"13845",3.9184998820417,3.95511113443588,1,2
"13846",2.90360189102856,7.54273024690796,1,2
"13847",4.7564095142963,2.20376200869602,1,2
"13848",5.49081613382591,3.27920993241741,1,2
"13849",6.589150854091,2.91705863048605,1,2
"13850",4.44242758339182,2.40298256742301,1,2
"13851",6.64415879402755,2.8985445075475,1,2
"13852",5.1586431430479,3.19658757511908,1,2
"13853",9.37385547076716,0.48778169082363,1,2
"13854",4.24686515751,3.71664130825366,1,2
"13855",3.9047120566991,1.57059385562976,1,2
"13856",5.92323474468212,1.23446341640752,1,2
"13857",5.50917771903647,3.94625164081669,1,2
"13858",4.31805648981338,2.82878867425219,1,2
"13859",3.10708708543152,6.35012536839026,1,2
"13860",0.871447061607671,0.72751368688794,1,2
"13861",5.78279468838902,5.37616744616632,1,2
"13862",5.3576533633346,7.72128743952216,1,2
"13863",2.245481295267,4.25404513185628,1,2
"13864",4.3307742317419,3.83582907758128,1,2
"13865",3.77659964270818,5.57286628456941,1,2
"13866",5.90839334909275,4.88958813109872,1,2
"13867",5.78930221955186,3.44854877588667,1,2
"13868",7.34521666529616,2.6214321247534,1,2
"13869",5.92882547077574,2.14379412686623,1,2
"13870",3.73128529558726,5.08965583995522,1,2
"13871",5.35324801735488,6.5312654958397,1,2
"13872",4.83889660050513,2.48847946874739,1,2
"13873",3.8680858684164,3.68763509412656,1,2
"13874",8.1174920726161,3.35115526587495,1,2
"13875",2.42845141709661,2.51277171287071,1,2
"13876",1.52312139804533,3.33306544038517,1,2
"13877",0.948646779070123,2.57024753594682,1,2
"13878",4.66010689128684,3.33811951935543,1,2
"13879",3.24570022593439,1.94393201926911,1,2
"13880",3.58218018352844,1.55836354559527,1,2
"13881",4.20414226209513,4.48275923152603,1,2
"13882",4.45848568367285,2.92827368480688,1,2
"13883",5.40454325616953,3.32542180817956,1,2
"13884",2.99738727701781,3.25729680500276,1,2
"13885",3.49972524309537,4.48431951975731,1,2
"13886",2.21197537045179,5.50070183311571,1,2
"13887",3.92161083518745,5.41912184319351,1,2
"13888",4.29623990045703,-0.627807550130114,1,2
"13889",2.37407229249901,1.06526636895087,1,2
"13890",4.20021024524455,5.60783251361045,1,2
"13891",6.0046866673684,5.0732128826952,1,2
"13892",4.93177418033794,3.77000278197797,1,2
"13893",1.64221301579766,4.91798618929278,1,2
"13894",5.09138429624047,5.02031417708873,1,2
"13895",2.37819849019656,2.50117028262438,1,2
"13896",2.9164925167093,5.2480822275155,1,2
"13897",6.03880268938685,2.86067991911828,1,2
"13898",5.56913473302476,4.48095573275456,1,2
"13899",6.93238540388402,1.7916342058659,1,2
"13900",5.62564170005721,3.72241379598937,1,2
"13901",6.95750729637482,4.47649911334328,1,2
"13902",5.30823821719353,2.18112264969491,1,2
"13903",3.28673812740229,4.56748981078051,1,2
"13904",3.07163078089176,3.41267590851642,1,2
"13905",3.09148444573538,5.23730253534136,1,2
"13906",3.99685282065982,1.73520866063488,1,2
"13907",4.45386004566516,2.46254391800118,1,2
"13908",3.61480759906714,3.53075208447779,1,2
"13909",5.52324147810108,3.5870757056276,1,2
"13910",6.8054639028505,3.8473647660318,1,2
"13911",5.22170118399798,1.9334984164057,1,2
"13912",2.03687329498565,5.27179790127191,1,2
"13913",7.30774276097361,5.15604171332264,1,2
"13914",4.32058823123404,3.1846905815278,1,2
"13915",5.01801831016913,4.73167337499939,1,2
"13916",3.91606372055138,5.28886668347697,1,2
"13917",6.12765459163139,3.81606372625788,1,2
"13918",3.96065217996402,5.47950185174524,1,2
"13919",3.66176460897934,3.78740929250873,1,2
"13920",3.62054770305434,7.36835976815187,1,2
"13921",9.05372908557263,2.23427885401319,1,2
"13922",4.71147558309029,6.94152005407052,1,2
"13923",2.17398584801225,3.41732719357635,1,2
"13924",5.35796524139317,3.13121260806019,1,2
"13925",5.29311076470949,2.31714381826109,1,2
"13926",3.59683498940681,4.43123907438576,1,2
"13927",4.53255808437326,3.39756672557824,1,2
"13928",4.50421825648518,4.84023843756004,1,2
"13929",2.89371835234271,2.3069232165073,1,2
"13930",5.29638890636454,4.64993996685152,1,2
"13931",3.98684753476981,4.36097011920918,1,2
"13932",5.98278741451564,3.6751474788994,1,2
"13933",4.74601039160549,5.37224641270164,1,2
"13934",1.7389524414532,2.19218114352352,1,2
"13935",4.82739085667609,4.50224747741666,1,2
"13936",4.58446841330882,5.43247858055816,1,2
"13937",6.47764405007754,5.30401159795033,1,2
"13938",5.09294575617313,2.38301014174913,1,2
"13939",5.34115625122829,5.38336120170256,1,2
"13940",4.03499191170886,6.10627110829001,1,2
"13941",4.12846173148524,2.16922943592729,1,2
"13942",3.67364692635197,4.25293594564673,1,2
"13943",4.33809358935609,4.22787672704113,1,2
"13944",4.56058500107204,2.12240773769974,1,2
"13945",5.08179950872334,4.8899133956396,1,2
"13946",4.56098612475662,6.11358764379317,1,2
"13947",7.77734886595113,3.40323124398777,1,2
"13948",3.39120450984369,4.4758751517614,1,2
"13949",4.05328431782327,6.32383609020042,1,2
"13950",2.6811813312008,1.77904565645464,1,2
"13951",3.97167748818817,4.45704681911786,1,2
"13952",3.88066369775313,2.57975677816716,1,2
"13953",3.28314942979189,2.48852037960674,1,2
"13954",1.79614002343633,4.08875410208303,1,2
"13955",5.70781531781939,4.66587609696876,1,2
"13956",2.3333411932351,5.56918398462933,1,2
"13957",3.26968769673012,3.68969427068705,1,2
"13958",4.21640423751056,1.41458621931294,1,2
"13959",4.87126330642588,5.46916914056619,1,2
"13960",2.04716573660676,5.41418261820214,1,2
"13961",5.9003807833368,1.92330464879351,1,2
"13962",5.21904027625312,2.93130005702939,1,2
"13963",6.57842638971866,1.65444994972855,1,2
"13964",7.43145641226464,4.21055715556504,1,2
"13965",4.58601449956151,3.61648221697461,1,2
"13966",3.28885066307469,1.8314680955453,1,2
"13967",2.93501205650178,4.01058533813925,1,2
"13968",2.28351410995295,4.9529111515004,1,2
"13969",3.82691800811957,3.6925557267616,1,2
"13970",4.805908812218,3.04004752164257,1,2
"13971",5.72009436069074,5.82733496078965,1,2
"13972",4.09873985815605,3.05163351985279,1,2
"13973",4.2682773213429,1.28508637627239,1,2
"13974",4.35146197774554,4.41396172480375,1,2
"13975",4.66938037109353,3.57851665595152,1,2
"13976",5.52848844681381,5.0847886959347,1,2
"13977",6.19566941674818,5.00032250845902,1,2
"13978",2.07599603945799,2.57596620979337,1,2
"13979",2.56956010473364,4.26537141552567,1,2
"13980",6.91804918125862,6.24420109559503,1,2
"13981",2.27232385709733,5.20243082504575,1,2
"13982",8.08158196228817,2.86413901038843,1,2
"13983",5.97190745493186,3.35842040963871,1,2
"13984",3.35679812356585,2.90295129368756,1,2
"13985",6.02965373125365,5.82110271788768,1,2
"13986",6.09730941890617,3.70799028345372,1,2
"13987",3.64884588409739,5.45766687928676,1,2
"13988",4.2918387326266,4.93764848402868,1,2
"13989",3.17649079790653,3.372810038246,1,2
"13990",7.77247656692401,2.6730805257042,1,2
"13991",4.04281803522413,2.91122983187387,1,2
"13992",5.65593266297672,5.24712299124216,1,2
"13993",5.02891581734256,5.16307514230797,1,2
"13994",3.66801278184967,2.92182139751025,1,2
"13995",1.82098201304752,3.95662340477235,1,2
"13996",4.16954553549733,4.73434813628092,1,2
"13997",4.45901570157057,6.47929542948214,1,2
"13998",5.2191590614912,3.00510189000041,1,2
"13999",4.57832050249992,4.22721276411186,1,2
"14000",3.00724451170699,3.34905175210549,1,2
