"X1","X2","component","subcomponent"
"13001",21.7629575222854,8.21564819149449,12,8
"13002",19.8932093400611,8.60324844139291,12,8
"13003",24.9557012930043,6.84664845091263,12,8
"13004",23.8127918333803,7.01098797784325,12,8
"13005",24.0846451132217,6.89539519618424,12,8
"13006",25.7481853852945,6.25558039027146,12,8
"13007",20.4163464660502,2.0874964181682,12,8
"13008",22.4002287017258,6.46337133203316,12,8
"13009",23.0741664216473,4.97514531800644,12,8
"13010",22.9265502967307,7.08245864525386,12,8
"13011",21.4171415653318,4.82021491760808,12,8
"13012",24.9569288327844,7.91998622964139,12,8
"13013",25.7757303330037,4.44175647638727,12,8
"13014",25.7089846183493,7.44411946345404,12,8
"13015",22.1361712105345,6.92618270687652,12,8
"13016",16.7608284324757,5.16724736966479,12,8
"13017",18.9099403488562,4.87738720282145,12,8
"13018",15.377332949787,4.33132764976511,12,8
"13019",27.558329548193,5.6103751096919,12,8
"13020",23.0128447255356,11.2093590593124,12,8
"13021",17.9946182377112,7.49013212476143,12,8
"13022",19.4919398863759,2.41181235272359,12,8
"13023",26.2131974923419,6.26669920110013,12,8
"13024",22.8460591226776,7.10048817471207,12,8
"13025",20.9270701897003,4.66691064910052,12,8
"13026",22.9064578409045,6.12293834526909,12,8
"13027",22.3251630338211,6.26947686277859,12,8
"13028",19.5789223042511,6.26905154114579,12,8
"13029",23.4265584575217,5.46516171509483,12,8
"13030",21.7317606317293,6.99473419761507,12,8
"13031",22.1405600468427,5.23190512231887,12,8
"13032",17.639912543148,4.27276037681523,12,8
"13033",19.5136554961891,5.65755663322822,12,8
"13034",20.2018573986602,8.13069463713467,12,8
"13035",24.7820362497936,5.41339431205615,12,8
"13036",20.8808065177533,6.54451426661116,12,8
"13037",18.3307876221343,4.49869255576819,12,8
"13038",16.5886676905401,8.868707744029,12,8
"13039",27.3743340312554,7.25649943512817,12,8
"13040",26.2685101129217,9.04170111391084,12,8
"13041",21.8475789196509,5.22213301688955,12,8
"13042",15.9263379403648,5.48306713418225,12,8
"13043",25.6853934040438,8.47649542671004,12,8
"13044",25.4992158821372,4.57098534650285,12,8
"13045",19.6390876047336,5.2778444247027,12,8
"13046",20.3907981281589,9.57111388471748,12,8
"13047",23.0394400950078,4.87938537206615,12,8
"13048",24.4686839835072,7.7093310809003,12,8
"13049",23.737925843279,8.2680053825781,12,8
"13050",24.0412656139413,6.61267689650615,12,8
"13051",23.2870463681409,6.50000667297242,12,8
"13052",19.7328873111087,4.09704393220902,12,8
"13053",28.935114883291,6.97795004146001,12,8
"13054",25.5851936949195,4.06174914665503,12,8
"13055",21.0297082714506,6.59264121416231,12,8
"13056",20.7444362491499,5.50735157985159,12,8
"13057",19.4334692123475,6.9120185854442,12,8
"13058",21.9055342134044,9.01751403289144,12,8
"13059",25.9028800506334,3.97142507177091,12,8
"13060",19.2645606611486,5.2983411891827,12,8
"13061",29.2584420224545,6.43741372315409,12,8
"13062",23.0562363559078,5.89331932821585,12,8
"13063",21.2980205559606,6.79928829456811,12,8
"13064",22.8516286355949,11.1899575415973,12,8
"13065",24.2478618227874,3.00186771055771,12,8
"13066",21.5098631285971,5.49587108443597,12,8
"13067",21.6612067891115,6.32708680547569,12,8
"13068",24.7567231574599,3.86801997127939,12,8
"13069",17.3411356638437,6.09360918862626,12,8
"13070",22.2490868442286,8.54413326685573,12,8
"13071",19.5636938198679,5.40553861612146,12,8
"13072",18.8951714264672,5.42075823102294,12,8
"13073",13.7820531384932,6.63427548700253,12,8
"13074",22.231276181283,7.53329034544573,12,8
"13075",18.5705211814932,8.00272389763404,12,8
"13076",14.1768162988533,3.99602017768885,12,8
"13077",27.9347483416399,7.34508138705356,12,8
"13078",21.2909916477403,1.49309114112857,12,8
"13079",20.8530045517852,4.87927798210374,12,8
"13080",25.541706902728,7.09123347220786,12,8
"13081",26.3607289856923,7.09411258671387,12,8
"13082",21.9424365050216,7.81901312146378,12,8
"13083",25.8374231302894,5.92283858348434,12,8
"13084",24.7629198749139,3.42969863416961,12,8
"13085",22.7724237000628,9.26099363608267,12,8
"13086",26.0237872183895,5.37650034149548,12,8
"13087",18.7053947249332,4.07971450594773,12,8
"13088",25.1599822794877,7.83545693726005,12,8
"13089",24.5459749947919,3.25452194641297,12,8
"13090",20.9275485293492,6.0630242350142,12,8
"13091",19.2645151154517,7.97217531707307,12,8
"13092",18.5782419294714,3.78990894678096,12,8
"13093",18.4402493055118,5.26853246964156,12,8
"13094",19.3889615501962,8.98892771552906,12,8
"13095",24.4516469564387,5.39692206824072,12,8
"13096",18.3606249317149,9.92575493461256,12,8
"13097",20.2930249610361,6.61092430132376,12,8
"13098",22.5606655397365,5.90631505792609,12,8
"13099",23.8214684226666,5.93890490299735,12,8
"13100",16.7744140775334,2.24956407225212,12,8
"13101",21.5334603557891,8.39205264161654,12,8
"13102",27.989117863077,5.88208691675248,12,8
"13103",22.9989107796661,7.72056915897312,12,8
"13104",24.9329621030023,5.70812268304773,12,8
"13105",24.9768264294227,7.4193557909873,12,8
"13106",20.2212850995288,8.36129667752256,12,8
"13107",18.4779806634518,5.73514732846395,12,8
"13108",18.6939298571622,7.83539457027907,12,8
"13109",17.2254456062272,7.08665431074478,12,8
"13110",25.4135591092707,8.06072424464991,12,8
"13111",26.0802248585881,5.80148583053093,12,8
"13112",20.5240792107441,5.28567137346187,12,8
"13113",25.2801805343926,6.45317358417226,12,8
"13114",24.5302042465173,5.76677588908983,12,8
"13115",19.3630665997486,10.3654561286511,12,8
"13116",21.6104527041228,2.27307740007329,12,8
"13117",22.7396561130588,5.24385608545857,12,8
"13118",21.1261924245902,8.13183385663346,12,8
"13119",24.23268825891,7.21255111337211,12,8
"13120",21.495167816888,8.01782286033292,12,8
"13121",24.2609582708397,6.6254376571137,12,8
"13122",23.5369135606999,5.09616218392034,12,8
"13123",23.5045504972813,5.6503368157871,12,8
"13124",30.5017083710635,8.36676365982823,12,8
"13125",22.6696936132199,4.77497704963633,12,8
"13126",17.134698229737,8.71595710307061,12,8
"13127",21.8489441046564,7.07309888641633,12,8
"13128",17.0095447662847,6.62041757718167,12,8
"13129",26.2780736686598,8.23936192690466,12,8
"13130",21.6257408282832,7.67849703897175,12,8
"13131",26.0288615895584,5.30652530601713,12,8
"13132",18.3416155668357,5.18715823302664,12,8
"13133",26.2535945657808,5.54404593460294,12,8
"13134",17.3581719303884,5.6610602330424,12,8
"13135",25.4819450985874,4.53880027781994,12,8
"13136",23.2983287426001,9.00680723687265,12,8
"13137",25.2030074979654,6.64429894770834,12,8
"13138",16.7767469587619,7.27671194252373,12,8
"13139",20.0039530715759,6.53240410650712,12,8
"13140",23.8927934266385,5.94613053348164,12,8
"13141",20.4691881504774,5.16930501770438,12,8
"13142",18.4557508939922,5.76050700269628,12,8
"13143",19.2490971052286,5.38581066626697,12,8
"13144",26.5755837150266,5.42197896064143,12,8
"13145",21.1465579562441,5.13740309941859,12,8
"13146",29.9737042290649,5.94244430171626,12,8
"13147",25.4167642664043,6.44595330760653,12,8
"13148",26.2256355300029,9.71560998176849,12,8
"13149",19.6857609423348,3.7262557233086,12,8
"13150",20.5261651067991,5.76502528235006,12,8
"13151",24.3983402131933,2.76908839771239,12,8
"13152",27.3236330822002,5.81744353445995,12,8
"13153",22.3123386109856,5.45119414234495,12,8
"13154",22.9580916093809,5.66218353157207,12,8
"13155",24.2100167685226,8.14548429822411,12,8
"13156",25.0850388605347,6.232135383737,12,8
"13157",24.3006564321405,8.42094473946021,12,8
"13158",24.9538516941445,2.07585263579792,12,8
"13159",20.2211855143925,2.33695154804155,12,8
"13160",15.7764288519939,5.75070806851654,12,8
"13161",22.5110718418844,8.17081406003186,12,8
"13162",26.7356224140444,5.24880425937167,12,8
"13163",24.0322507068671,4.61331206728829,12,8
"13164",16.6709852269245,6.01450786494277,12,8
"13165",20.3388743065723,8.43296129814936,12,8
"13166",22.6412877712193,7.28934243597864,12,8
"13167",18.867763380591,5.45848394119732,12,8
"13168",20.2589902232834,7.45962862977971,12,8
"13169",23.5274150129294,4.93097558138841,12,8
"13170",19.9050919434175,7.48161151135111,12,8
"13171",19.5131470002335,9.0722729640738,12,8
"13172",23.0834954912962,8.43810438629557,12,8
"13173",13.4111283371308,5.75655693753538,12,8
"13174",20.5832594748148,6.42255641181162,12,8
"13175",21.6323947332292,6.20514143865194,12,8
"13176",19.819496546642,5.95943272847237,12,8
"13177",25.3300585682738,6.70081176702962,12,8
"13178",28.4693595304135,10.5068627793497,12,8
"13179",18.211685269241,7.37693713617902,12,8
"13180",18.9738256165723,8.79241436875334,12,8
"13181",22.7805500582769,7.63402406972972,12,8
"13182",18.3091571735712,6.58142452650431,12,8
"13183",23.3971654407854,4.96608938072113,12,8
"13184",19.3386941705608,8.66840355963463,12,8
"13185",18.4537124005716,6.87240719051163,12,8
"13186",24.0090940772179,7.32974012103348,12,8
"13187",25.0628174757227,3.17253416086459,12,8
"13188",27.2552059718763,7.01525762714225,12,8
"13189",19.4841440500712,8.24726506550444,12,8
"13190",25.2969840880108,6.11209566416268,12,8
"13191",21.9944506058139,4.66906730545256,12,8
"13192",23.6477492933451,4.59257524447097,12,8
"13193",22.9677497756603,4.80135626637922,12,8
"13194",18.7510880120817,8.40897824727286,12,8
"13195",19.6154075635804,4.27849251869382,12,8
"13196",25.8406413617978,5.14849843773697,12,8
"13197",20.0286341841301,7.80021546515783,12,8
"13198",20.9740267452404,7.93692809216424,12,8
"13199",20.4956826756519,3.11066724301855,12,8
"13200",20.1230082635736,5.59581399025449,12,8
"13201",24.8036230565457,2.99381949761052,12,8
"13202",20.3919140857566,4.37736304099457,12,8
"13203",22.3758252432029,7.5273986647118,12,8
"13204",25.381040766474,7.906478054531,12,8
"13205",20.8966295169339,8.63331711042994,12,8
"13206",23.5413365916435,8.11881926446417,12,8
"13207",28.5323873671808,6.67061823809434,12,8
"13208",26.5093335435066,5.599971966833,12,8
"13209",15.4099272875117,8.88510970176932,12,8
"13210",8.97376240329029,6.85465213575218,12,8
"13211",24.0903192009355,7.16585629113473,12,8
"13212",21.3638155300036,5.97047875451055,12,8
"13213",25.8057185658093,6.82974426830532,12,8
"13214",23.2454404324963,6.40687343582964,12,8
"13215",24.4801199421138,10.7576508994083,12,8
"13216",24.1697109532013,10.4538352441607,12,8
"13217",21.2569267191585,5.55729289929268,12,8
"13218",15.2541299544733,5.6615086552964,12,8
"13219",23.9973989359815,5.42470742735128,12,8
"13220",35.1403220249406,5.62688223400726,12,8
"13221",23.0137277120678,6.66182390827465,12,8
"13222",24.7826499138621,7.39732496465476,12,8
"13223",22.0622666800114,2.73190578414241,12,8
"13224",24.396425966768,3.04885282073232,12,8
"13225",20.9499282310067,7.26487301902614,12,8
"13226",22.7777398695043,3.39420723140068,12,8
"13227",19.0295069929851,7.3369553404021,12,8
"13228",22.9675404096782,6.7846564492628,12,8
"13229",25.0505173726874,6.60567188744387,12,8
"13230",16.0270729366595,5.0950041144996,12,8
"13231",18.006183385964,5.16636822115385,12,8
"13232",21.3251398511711,6.89944606158185,12,8
"13233",26.5002946638165,8.31398317447286,12,8
"13234",21.4489995991297,8.34745713973355,12,8
"13235",26.0972918956229,7.48931412810154,12,8
"13236",27.1540827366001,8.07312988411511,12,8
"13237",24.1002492734288,4.69220267330677,12,8
"13238",17.587133190727,2.50497543723294,12,8
"13239",23.5488843884756,7.93374020801696,12,8
"13240",28.1630256665257,5.1253350622278,12,8
"13241",22.1029913596534,8.71427837666554,12,8
"13242",24.3095360265376,6.53784810725513,12,8
"13243",24.5971522607947,7.07350120923607,12,8
"13244",25.8297041210754,5.42762374915981,12,8
"13245",13.7460188225728,7.24191143940154,12,8
"13246",26.4315660722283,4.5780904668505,12,8
"13247",21.9889717332209,8.5846663287991,12,8
"13248",18.4784355123037,8.29674671940923,12,8
"13249",25.4424327487441,6.36424757329202,12,8
"13250",21.4672419593967,6.73621580293133,12,8
"13251",22.2045996770191,7.87303479230673,12,8
"13252",15.6452543365055,6.46494974425504,12,8
"13253",22.2169837981399,6.27283293498239,12,8
"13254",24.7750035511828,5.93838542137812,12,8
"13255",22.1753335366055,8.34841371404961,12,8
"13256",25.1383206445034,6.86048369938823,12,8
"13257",18.8472203831842,7.17010818292119,12,8
"13258",23.2145116682077,7.24858379917456,12,8
"13259",22.8757814831344,9.89838291611252,12,8
"13260",16.8997492246217,5.8884523510696,12,8
"13261",15.9540356846221,5.22775230172569,12,8
"13262",19.3785607060005,5.65492070972391,12,8
"13263",20.6195663259058,8.16035965526357,12,8
"13264",15.1992501968882,8.15755270539161,12,8
"13265",21.9477577794181,4.65895219043109,12,8
"13266",27.710910932826,5.03843088667962,12,8
"13267",23.4043266937626,3.55395075795781,12,8
"13268",23.8565278679599,7.10095052829979,12,8
"13269",19.3678201134125,5.50276722180861,12,8
"13270",20.8937333836902,7.76254297266864,12,8
"13271",17.7406388340367,7.45448308488442,12,8
"13272",20.1638283198682,5.51609940090968,12,8
"13273",21.3306394930772,8.42686963004387,12,8
"13274",22.1054476326083,8.37411170582357,12,8
"13275",23.971990805686,6.62407075907434,12,8
"13276",20.2130678016153,4.37856940769626,12,8
"13277",23.2759868865526,6.81320766295145,12,8
"13278",17.4983007583973,7.04297626787016,12,8
"13279",22.0893607990848,8.63571528597876,12,8
"13280",17.2109874322078,8.3591202115813,12,8
"13281",16.5888002554374,9.11755651681645,12,8
"13282",23.9376305531008,5.8441136229047,12,8
"13283",20.4269096751943,7.08212517446387,12,8
"13284",23.2744813012297,3.55746325860385,12,8
"13285",23.1841515826731,3.06286675170258,12,8
"13286",22.144024363946,5.98548471176628,12,8
"13287",19.0652497715736,9.64213587849298,12,8
"13288",18.6350107283577,7.06721168237162,12,8
"13289",25.2342156678289,6.34749129833854,12,8
"13290",18.1688218218944,4.71484230009382,12,8
"13291",22.0636009148531,7.54786891806555,12,8
"13292",23.6476709423717,2.69045500068372,12,8
"13293",20.6755332318758,8.5464801768801,12,8
"13294",24.1899324512182,8.17707523425495,12,8
"13295",26.1987963000607,5.36281175627986,12,8
"13296",18.4895746727756,5.5794833371396,12,8
"13297",22.1147576652498,6.31736638791123,12,8
"13298",21.992327125809,5.05723095851654,12,8
"13299",18.2587141483329,8.0525039860708,12,8
"13300",27.3815974346245,7.9165536904378,12,8
"13301",19.8569607446342,9.25375582021767,12,8
"13302",21.2211486024278,7.02077982137257,12,8
"13303",28.6229899667636,7.97403015808745,12,8
"13304",18.6009042179463,6.58423151205808,12,8
"13305",23.2689862019854,3.71490868672333,12,8
"13306",17.9527909985363,5.97169503341303,12,8
"13307",28.0608656381007,8.25260363312983,12,8
"13308",20.0393976168874,7.58752930575296,12,8
"13309",22.1572518469891,4.17127415045547,12,8
"13310",21.0940106430395,3.04438248724023,12,8
"13311",17.1855012067763,4.7391120605884,12,8
"13312",18.7142952009855,8.06482033089824,12,8
"13313",21.7633964502513,7.39697058413681,12,8
"13314",26.3437890535978,8.58605059764588,12,8
"13315",15.3031863916814,7.38959407884083,12,8
"13316",18.8241970658166,5.34946723190242,12,8
"13317",27.8930576772259,5.76170979449893,12,8
"13318",24.4477421135561,7.0595524482372,12,8
"13319",19.122732526181,5.89500499234627,12,8
"13320",25.9086437700775,6.51645783625191,12,8
"13321",21.5661243393713,7.16791160625272,12,8
"13322",24.2042251581521,3.62477253110015,12,8
"13323",22.9096717065174,5.22302668425633,12,8
"13324",17.9768240454068,7.17200548701708,12,8
"13325",22.9826121621974,7.19807799752178,12,8
"13326",20.9180631790509,5.2830680453795,12,8
"13327",14.844430248362,7.47816226795527,12,8
"13328",22.0016386552764,4.07434161345342,12,8
"13329",27.4480016915781,5.04621807613634,12,8
"13330",20.9503836315816,7.96746149648647,12,8
"13331",21.5774559870631,5.7236145074598,12,8
"13332",25.6345966900407,6.30198700036799,12,8
"13333",11.4811011787858,8.27765496410079,12,8
"13334",25.8230295903044,5.36659892005408,12,8
"13335",21.1842338954887,7.39907968398294,12,8
"13336",26.9460143990673,8.50837954353498,12,8
"13337",21.4993320011137,6.93657304282321,12,8
"13338",29.2609890723426,7.3073442225212,12,8
"13339",22.6785556052902,7.75160242636844,12,8
"13340",17.3646436467165,6.4338634456813,12,8
"13341",21.9171114432997,5.79731070212292,12,8
"13342",28.5302510467096,6.75264020012512,12,8
"13343",20.9788916790739,6.29008605996435,12,8
"13344",26.5756168504461,9.2583923304865,12,8
"13345",20.3011981126271,9.71513248355076,12,8
"13346",21.5416982201795,6.69966106217892,12,8
"13347",17.3289340663851,9.69955692198316,12,8
"13348",21.7559549954568,4.5554826173848,12,8
"13349",20.1230784043617,5.47069370879563,12,8
"13350",18.0645846474619,8.30664100188487,12,8
"13351",17.5114370001561,4.97454214967144,12,8
"13352",23.5420895880599,6.38993565080064,12,8
"13353",20.0807480612271,8.29746205507553,12,8
"13354",22.5768669114137,6.04874214924749,12,8
"13355",25.6397252718329,5.99854595521843,12,8
"13356",16.3669509338004,4.96821993704061,12,8
"13357",15.5645110649262,4.71919487111765,12,8
"13358",21.3974367854943,5.38566063967842,12,8
"13359",20.1413313357983,10.6756983866205,12,8
"13360",24.3447672879044,7.33399351215283,12,8
"13361",17.0337549112795,7.65760715024388,12,8
"13362",22.0754956828537,4.02398535361335,12,8
"13363",23.383801179536,5.51964797191672,12,8
"13364",21.2448844883629,7.46494937661583,12,8
"13365",25.0418304407659,8.30019016597683,12,8
"13366",27.9345975939613,5.09562659181394,12,8
"13367",17.7230898601613,6.85703076882744,12,8
"13368",16.7146445371932,11.5627723513542,12,8
"13369",21.006013093346,6.79056067368837,12,8
"13370",24.0301367800574,6.7501851659798,12,8
"13371",23.399359589016,5.21059504925916,12,8
"13372",17.9493837510702,4.93021338131675,12,8
"13373",16.2026807728199,4.58828546749899,12,8
"13374",21.6371231281382,6.04009609942731,12,8
"13375",24.1131758708824,5.43587398275262,12,8
"13376",27.7573471498655,7.83795320422402,12,8
"13377",21.2762823491192,8.54757942831302,12,8
"13378",17.9063209323084,5.06412023821469,12,8
"13379",25.050526274108,7.80360911883339,12,8
"13380",21.3742896997176,5.09920324446953,12,8
"13381",22.3415948453182,8.98407158048222,12,8
"13382",19.4311855611615,6.91421284033909,12,8
"13383",19.6388311443487,9.05933740921242,12,8
"13384",17.7865354122087,3.20575635924335,12,8
"13385",22.651994288548,4.99002276429049,12,8
"13386",20.8771416421188,8.56256794192059,12,8
"13387",28.0035136836236,7.60967043539056,12,8
"13388",15.7104653812473,5.57088564497221,12,8
"13389",22.3290010830679,7.76224152169459,12,8
"13390",21.5977154482803,8.32415334559408,12,8
"13391",24.903560888119,3.82525019801629,12,8
"13392",14.0459175410578,6.60613876826792,12,8
"13393",24.2428965321844,6.15297391723389,12,8
"13394",24.1763347929264,10.8442997896205,12,8
"13395",22.1731518849996,4.70989380223444,12,8
"13396",17.5834880502397,8.14278276840114,12,8
"13397",22.2449951534912,6.58797639868376,12,8
"13398",23.573184445559,12.6386845497629,12,8
"13399",23.2154718786431,5.95447451321456,12,8
"13400",16.8918739509563,2.80179312308092,12,8
"13401",16.9899794080184,6.80512163538879,12,8
"13402",23.0595211270472,8.91992596590348,12,8
"13403",17.5933280519394,4.49435576671982,12,8
"13404",27.9570229326449,6.74076002183578,12,8
"13405",18.8838822100736,5.77004973973648,12,8
"13406",26.244107915056,4.74456103217281,12,8
"13407",29.1538484536963,5.05278088953701,12,8
"13408",21.356421829836,4.0013878599215,12,8
"13409",25.3329382758446,4.84487305426415,12,8
"13410",20.6667926317169,5.03438114942736,12,8
"13411",22.5618861999671,7.68258956976801,12,8
"13412",25.1540683411812,7.56537640481272,12,8
"13413",24.4558563553147,3.64628521128699,12,8
"13414",12.5892758850687,7.32813761767003,12,8
"13415",20.5398133452242,8.39882871000936,12,8
"13416",27.5123734405933,6.75969149980125,12,8
"13417",20.0281667833134,7.55661034004334,12,8
"13418",22.3180969698785,0.864005508360306,12,8
"13419",26.0559335803838,6.68502158220827,12,8
"13420",30.3755182143876,2.73791133507384,12,8
"13421",25.9780556570158,4.7519836461391,12,8
"13422",26.6446187635154,5.38965987882865,12,8
"13423",21.9390704721938,6.47551200867866,12,8
"13424",21.4881189928774,5.25542793174578,12,8
"13425",23.7187246335401,7.37638153794249,12,8
"13426",20.8832039052655,6.70602866059805,12,8
"13427",23.792348286468,7.27538337352101,12,8
"13428",21.020394196886,4.40456340709568,12,8
"13429",20.7936332829012,4.35168528195815,12,8
"13430",33.7251209588993,4.12570794348207,12,8
"13431",21.0732407122284,4.56690933927781,12,8
"13432",23.7329874199026,3.70384833415884,12,8
"13433",24.513828677025,10.2288388595634,12,8
"13434",18.5667152958057,6.54320896423174,12,8
"13435",28.5001272858979,1.79590589156692,12,8
"13436",24.5938369814294,4.73539424121787,12,8
"13437",21.4937668249186,6.60110903541466,12,8
"13438",22.3708083358264,6.26117953767378,12,8
"13439",20.6934589816519,9.12553669746151,12,8
"13440",33.5391449559628,5.02546413381981,12,8
"13441",20.672968169016,9.78146402745101,12,8
"13442",28.0542178175079,4.75825610008784,12,8
"13443",23.7312130325626,6.63116913891393,12,8
"13444",23.3560870777592,7.12650029449535,12,8
"13445",21.4881799587151,6.03039592839628,12,8
"13446",23.3013648825477,5.91734279270928,12,8
"13447",26.011909568544,3.72212869594276,12,8
"13448",18.7282025649763,6.53902034173238,12,8
"13449",24.0357867702561,7.85292279398487,12,8
"13450",21.1034579583533,7.70069266023327,12,8
"13451",21.975930262304,7.69311015102459,12,8
"13452",23.686911724366,7.07203365598942,12,8
"13453",21.3647279159054,7.47320421291811,12,8
"13454",19.7172821984637,9.29794856163596,12,8
"13455",20.1033110039244,6.63564614798849,12,8
"13456",24.8429112256895,9.60025820184064,12,8
"13457",26.6366907945338,7.9926378167979,12,8
"13458",19.8595789517418,5.61481605225103,12,8
"13459",24.9144843960724,9.53290056788473,12,8
"13460",22.4104485166502,9.445533561807,12,8
"13461",19.6328852419543,6.97263246081824,12,8
"13462",28.3449176287351,8.42945582600196,12,8
"13463",19.1210356385465,4.54441861993843,12,8
"13464",27.7314053120424,9.11392975923699,12,8
"13465",15.253682051999,5.65233337587378,12,8
"13466",21.7977375422355,7.61175779379832,12,8
"13467",24.3167585060409,4.85468110285747,12,8
"13468",29.5734157352128,6.07269468443602,12,8
"13469",21.8350458022561,8.72345746433861,12,8
"13470",17.3921233306639,7.60593739298508,12,8
"13471",16.5473980207263,7.33633426117137,12,8
"13472",22.2501895396472,8.22289192138342,12,8
"13473",25.1098539949758,4.36523153259981,12,8
"13474",24.5619452453128,9.40415949753542,12,8
"13475",25.9817511806068,6.70915859301765,12,8
"13476",20.3401981228124,5.37212708265812,12,8
"13477",22.5152854994479,4.78715623862035,12,8
"13478",21.3259951669269,8.44886626161514,12,8
"13479",17.1714570584321,5.52432562745902,12,8
"13480",21.8479944396057,4.54722868377879,12,8
"13481",19.0006664893502,9.60906818146279,12,8
"13482",16.756660421649,6.15313738914658,12,8
"13483",14.7394689307437,5.07823581296048,12,8
"13484",24.0600879976836,5.16762017887633,12,8
"13485",20.8460600588576,6.88718391363393,12,8
"13486",19.7373305339065,8.57199601981202,12,8
"13487",23.5247428583,4.61400927554109,12,8
"13488",19.8498685437468,7.43901600388741,12,8
"13489",27.6994504308597,3.61646392537953,12,8
"13490",18.7500120777271,9.37745641528585,12,8
"13491",17.7690690811126,6.68398715675647,12,8
"13492",21.5309020850032,6.58189661763502,12,8
"13493",24.9245488380861,4.74309116418995,12,8
"13494",18.1075651231422,8.85415790421116,12,8
"13495",26.5380304366263,6.77070402736013,12,8
"13496",21.7249575623952,7.48642100977614,12,8
"13497",20.5851084424052,5.38302064372327,12,8
"13498",22.2106369121903,6.38246220252879,12,8
"13499",24.1219475028371,7.80740905705028,12,8
"13500",23.0594602223961,8.42695672491917,12,8
"13501",26.6774571654511,8.66669011587209,12,8
"13502",27.6875287927009,3.61159405058932,12,8
"13503",20.497019726289,7.5452672279056,12,8
"13504",19.3433782793045,6.30606145170964,12,8
"13505",27.8857198747576,4.03524459668113,12,8
"13506",26.3423924319724,5.96615702568736,12,8
"13507",16.6256643536035,6.3165911521039,12,8
"13508",19.0303802249599,5.08703353484164,12,8
"13509",27.2283374608045,6.13387063883017,12,8
"13510",29.3567592372881,7.61101423395649,12,8
"13511",25.8604558681444,8.08784484944756,12,8
"13512",23.3575509922916,7.21729304248741,12,8
"13513",22.9308785607992,9.81610342726258,12,8
"13514",24.3624362411642,7.14803836235634,12,8
"13515",22.9489115022054,7.07790129141208,12,8
"13516",24.7556218639146,4.48138224359228,12,8
"13517",21.5809854021362,7.2496601670179,12,8
"13518",20.1898673232038,5.9890269620721,12,8
"13519",25.235204378792,3.6536572567397,12,8
"13520",20.7023261987281,6.90777859412893,12,8
"13521",22.0812693774342,5.99314026409464,12,8
"13522",26.9646115638541,4.30120634330448,12,8
"13523",18.5516794673349,5.93511588431801,12,8
"13524",14.5004335310929,7.03031513352433,12,8
"13525",19.4677809260329,7.0823521860723,12,8
"13526",19.5631607192591,9.60576781301821,12,8
"13527",18.3796994405007,5.06867034071821,12,8
"13528",18.8258842476107,8.67014465846603,12,8
"13529",20.3012373606688,5.9112063188851,12,8
"13530",21.6659391565562,5.05970344308024,12,8
"13531",21.5369544985532,7.2725111599805,12,8
"13532",19.021107580964,7.91484406818192,12,8
"13533",23.3663899178091,3.16776097297155,12,8
"13534",26.6366379738981,6.25664073035487,12,8
"13535",20.7792498981176,7.40073173330609,12,8
"13536",23.3730333343159,5.67741793430671,12,8
"13537",20.641643426196,6.43026686243701,12,8
"13538",23.906522196567,5.96954959902022,12,8
"13539",19.5460092834838,6.19151558797556,12,8
"13540",26.6263870549655,6.23564801239312,12,8
"13541",18.6836396491231,5.84069329029984,12,8
"13542",20.772566375162,8.60420071202014,12,8
"13543",28.4860875918189,6.81943892792778,12,8
"13544",21.6239146626122,7.99922148964057,12,8
"13545",21.9813431350216,5.40629788135417,12,8
"13546",26.6963317051408,7.00551524682492,12,8
"13547",23.4966370775594,4.21776102491435,12,8
"13548",19.6220007913863,4.2024577917738,12,8
"13549",22.461610123297,9.71223174383162,12,8
"13550",18.1590882430581,7.69176671779426,12,8
"13551",21.5582679711179,9.52899489284867,12,8
"13552",18.3148013942924,10.2583944912947,12,8
"13553",20.6731127020884,5.62359177568958,12,8
"13554",19.272082415622,7.66633750832694,12,8
"13555",20.520620517065,5.81866597791439,12,8
"13556",19.5104400065611,4.66654578305818,12,8
"13557",26.3811965158798,4.96582660376116,12,8
"13558",19.6788077243264,4.19085003977826,12,8
"13559",26.1534530075265,5.24816071579157,12,8
"13560",24.0332843547292,8.869441390759,12,8
"13561",18.0265855974308,5.6039014607378,12,8
"13562",30.601775496633,7.81723376966689,12,8
"13563",16.3978380484276,9.23163153411883,12,8
"13564",25.497651788291,4.84153212753513,12,8
"13565",24.666931147744,3.48476549797444,12,8
"13566",18.748353733565,11.4679653818303,12,8
"13567",20.0011370929828,5.27716818652701,12,8
"13568",23.6297952976876,6.80503319147486,12,8
"13569",25.1748962159605,3.42380940217408,12,8
"13570",26.1699200922559,8.5000611054681,12,8
"13571",21.7316280355342,7.68559551805923,12,8
"13572",19.6680863235293,7.88878480506138,12,8
"13573",25.3244991911028,8.45373519520519,12,8
"13574",19.099503434567,7.93240217158124,12,8
"13575",22.0638573888475,6.32864882280542,12,8
"13576",25.5564716958931,8.24999330646825,12,8
"13577",20.2839924452264,5.61522611133665,12,8
"13578",16.2057471652225,7.39769764181322,12,8
"13579",12.5945577229493,7.32066600049452,12,8
"13580",24.5168469280459,7.49820668672083,12,8
"13581",21.2702598507079,9.72525976894412,12,8
"13582",26.5961584170521,7.66771888281083,12,8
"13583",21.1445017549522,7.2762046426702,12,8
"13584",23.7719376544311,5.87650224050231,12,8
"13585",21.5332716842957,6.55948984993697,12,8
"13586",21.8059878318822,6.44684844885214,12,8
"13587",17.342456584598,6.5339709837161,12,8
"13588",21.1561729001304,6.67530623887868,12,8
"13589",26.642757776364,8.28913816047686,12,8
"13590",27.103504507306,3.73611540515437,12,8
"13591",19.3704885927921,5.46637618005307,12,8
"13592",13.8890337613797,4.06729230287045,12,8
"13593",19.6365209693401,3.75438086666284,12,8
"13594",16.3294568125225,7.83202447692284,12,8
"13595",20.1386687777572,4.88448842761958,12,8
"13596",22.4741461555578,5.59136231023813,12,8
"13597",22.4873544514155,8.30138469497228,12,8
"13598",20.7903037621181,6.69125623489799,12,8
"13599",22.9537060722189,4.39405339174824,12,8
"13600",24.1374650875354,7.24325990644036,12,8
"13601",22.5195983831519,6.54061817862823,12,8
"13602",22.4845358903404,11.8384446359987,12,8
"13603",19.0464217298507,6.59252813929678,12,8
"13604",23.6797417193507,5.78277590925066,12,8
"13605",24.0577353817307,4.48881251246719,12,8
"13606",25.6634559555682,5.52380979015222,12,8
"13607",22.599319521503,7.90362787690781,12,8
"13608",23.4780170880014,3.43270572508503,12,8
"13609",17.292152367705,2.58148911021883,12,8
"13610",23.2589157879055,4.18117247953931,12,8
"13611",24.8731972546431,7.17156358736889,12,8
"13612",24.5330723743546,8.68271492390667,12,8
"13613",19.6222145114739,6.34227435475015,12,8
"13614",17.3202430050766,2.60693565032811,12,8
"13615",26.0852553230825,4.32390861197509,12,8
"13616",21.5355461440249,9.40673322052697,12,8
"13617",28.2661106782824,7.57429692117193,12,8
"13618",21.3857825605241,9.51731801843967,12,8
"13619",24.5803324807016,6.57969200127656,12,8
"13620",21.5074460272648,3.22445170875461,12,8
"13621",25.0641909280292,3.41670612800963,12,8
"13622",18.5608568395069,8.05305819621472,12,8
"13623",21.5463034733149,6.72052400779689,12,8
"13624",14.3479678349543,7.78718447029036,12,8
"13625",20.8211228797751,5.27573134019096,12,8
"13626",18.3922831656329,9.45246552415389,12,8
"13627",19.4139852932671,7.83890927134399,12,8
"13628",19.6296979431812,6.39991478359839,12,8
"13629",15.97941298068,6.1979908872275,12,8
"13630",25.5674703055525,8.25006954137018,12,8
"13631",19.0915938674375,6.06265137907442,12,8
"13632",23.9840029909559,9.07903284726438,12,8
"13633",18.8017001994087,7.30940636680376,12,8
"13634",24.1605737017106,6.14322240602854,12,8
"13635",27.0265067761046,7.33620940356856,12,8
"13636",25.4034961689444,6.06091296389436,12,8
"13637",21.899655158707,2.87783115443632,12,8
"13638",20.7978537618053,7.62727355899222,12,8
"13639",21.7555396127653,3.68562744042049,12,8
"13640",26.9680377548999,10.1718142656034,12,8
"13641",22.1865729135416,6.30598496302639,12,8
"13642",24.1938223394574,5.08437433604107,12,8
"13643",20.8898269065767,9.88118778846255,12,8
"13644",15.5881699132438,8.97237879083697,12,8
"13645",23.7583560379744,5.16307242777882,12,8
"13646",22.2514172940134,5.21484687224745,12,8
"13647",22.6314195828545,10.2694702624796,12,8
"13648",23.2048436975229,7.30665495531247,12,8
"13649",23.7166923735808,8.33202621684394,12,8
"13650",18.1268882030705,7.52202431272907,12,8
"13651",18.7661046749295,6.42085684280052,12,8
"13652",21.4914151739059,9.58646305922024,12,8
"13653",21.7839162192761,7.88073802297428,12,8
"13654",29.0724505934363,7.31176262580985,12,8
"13655",24.2918487315144,4.43797776160083,12,8
"13656",19.0390323170829,8.92010682975082,12,8
"13657",21.6623788580919,6.74885646973156,12,8
"13658",21.3674291282503,6.13768044834014,12,8
"13659",16.3474934612133,4.50493179879634,12,8
"13660",15.5684527979268,8.43004754381569,12,8
"13661",20.6607302691919,10.1622346864748,12,8
"13662",22.634776753224,5.69493955273412,12,8
"13663",23.6507227277621,6.38953802109471,12,8
"13664",19.799813343341,9.2072089702445,12,8
"13665",20.3681728353149,5.74329012936356,12,8
"13666",27.3026881076368,5.71486219065852,12,8
"13667",23.7573974668416,8.59551738270476,12,8
"13668",27.4927795899054,7.22791795100701,12,8
"13669",20.8935544719162,3.79208629575374,12,8
"13670",18.9262813240464,7.45819761331582,12,8
"13671",21.8137136018101,7.13556302666344,12,8
"13672",19.9956727904543,4.69338972334788,12,8
"13673",26.6476984709899,3.8631964220112,12,8
"13674",22.803440680862,3.51105614968974,12,8
"13675",22.7425737690208,5.07959793183363,12,8
"13676",13.2103616739565,6.68945445503961,12,8
"13677",21.7627794564266,5.909196200937,12,8
"13678",27.2766740798229,5.09397230075421,12,8
"13679",17.9028214046657,6.76683664348697,12,8
"13680",21.6834580132695,6.96788394254749,12,8
"13681",27.1878956286595,10.9373546168116,12,8
"13682",25.9722268698517,5.72656162301292,12,8
"13683",15.4912909823402,2.95899405744202,12,8
"13684",27.8452025629426,6.8745387009521,12,8
"13685",18.5481629356312,8.13478580152331,12,8
"13686",20.5398101823374,8.80610126104691,12,8
"13687",14.1202710887693,6.3795078450325,12,8
"13688",22.1421716146458,4.37596929622599,12,8
"13689",19.0043926456326,6.61759478754766,12,8
"13690",26.9216434746515,7.10343645770834,12,8
"13691",26.6003527854443,3.93854257563968,12,8
"13692",19.8320819178498,6.18825410459397,12,8
"13693",22.5843615875998,6.91842323598756,12,8
"13694",23.727151875973,7.08773314817148,12,8
"13695",16.3165320513347,7.86519386814351,12,8
"13696",16.8392852964033,7.63821506606464,12,8
"13697",17.8990038825858,2.97812058702553,12,8
"13698",27.4913929533037,6.72712281799403,12,8
"13699",18.0856386281692,7.85579182240044,12,8
"13700",24.6290541241155,5.03533104345938,12,8
"13701",22.4213984172814,8.53227809839621,12,8
"13702",24.2552435854129,6.42618363370763,12,8
"13703",18.0262493835861,3.90839167983939,12,8
"13704",19.1305370130233,6.06500495480333,12,8
"13705",17.5224163120519,3.85677058761192,12,8
"13706",21.5404351118103,5.42064513340067,12,8
"13707",18.6403476445865,2.11351972291548,12,8
"13708",24.1112751382848,6.31672574041068,12,8
"13709",17.7357504988992,4.56410367485964,12,8
"13710",21.5871540648231,6.25042217780941,12,8
"13711",23.7396814441563,6.96290804375149,12,8
"13712",21.4097434482085,6.23827828206955,12,8
"13713",21.1185787214056,4.88224658254342,12,8
"13714",20.3662710877216,8.10106147584132,12,8
"13715",17.4117997403792,4.86600791936193,12,8
"13716",23.5415859424806,3.80280462764783,12,8
"13717",17.2944660919781,5.63313508660286,12,8
"13718",15.5926926599483,5.4190527765867,12,8
"13719",22.1958391601842,4.51672710571814,12,8
"13720",15.6675378475805,7.72404258642312,12,8
"13721",17.0717620548008,7.61472439452155,12,8
"13722",19.4389543688772,7.62997690457818,12,8
"13723",20.8904362094785,12.1302749609164,12,8
"13724",20.4727749620505,6.59992329410756,12,8
"13725",18.6023722804141,9.55190842822609,12,8
"13726",20.3706814563978,5.98110310274493,12,8
"13727",20.2079825597079,5.99501303629357,12,8
"13728",22.3204757503046,9.56180359678265,12,8
"13729",21.1597822348673,6.2991326904762,12,8
"13730",21.4616909627363,7.20815475110358,12,8
"13731",22.2275637192365,5.43283598323278,12,8
"13732",19.9472553788207,3.77616627254441,12,8
"13733",16.063668552364,5.7075989290128,12,8
"13734",27.1539331267852,4.80516841294174,12,8
"13735",20.844003200824,5.7273869177353,12,8
"13736",21.5695581986836,9.38525402683327,12,8
"13737",24.4622577328555,2.03054058777548,12,8
"13738",12.6249028967369,9.04604717766184,12,8
"13739",26.6933391532806,6.98473863899916,12,8
"13740",19.3241484557877,7.35819187789308,12,8
"13741",22.4854035640976,8.38137707121469,12,8
"13742",15.0274463891912,9.18041749914059,12,8
"13743",20.3541238831961,11.3112526258176,12,8
"13744",18.982938583201,6.76775587409026,12,8
"13745",23.8152182842983,6.48003578882991,12,8
"13746",20.087574507683,8.81917176109867,12,8
"13747",27.9273645524721,7.64756373585991,12,8
"13748",23.2744144769235,5.33192923220412,12,8
"13749",12.4113751290172,7.91301028911738,12,8
"13750",25.1418853518752,5.56697845612841,12,8
"13751",20.5053263351266,8.39276820555632,12,8
"13752",23.5242432884915,3.40767643574055,12,8
"13753",22.5369806810789,9.77909603997824,12,8
"13754",17.4136661092063,7.46042045372541,12,8
"13755",20.4683505810137,5.73936588182712,12,8
"13756",15.0888145313513,7.38829307295198,12,8
"13757",21.2642185008434,10.0132617049576,12,8
"13758",19.6127414201396,5.66875390991162,12,8
"13759",23.3358738401052,7.3468845478664,12,8
"13760",23.7719026503859,9.93154372757261,12,8
"13761",17.5512800269828,9.02827285754488,12,8
"13762",19.8138402471654,8.73175392423582,12,8
"13763",22.3506338644569,8.12109360801143,12,8
"13764",19.9838596020113,5.48186648807452,12,8
"13765",17.0712093043164,4.49400805393379,12,8
"13766",16.7803131628464,6.92992184685017,12,8
"13767",22.3217605631467,7.67610680825812,12,8
"13768",26.5973449555906,4.83674307484084,12,8
"13769",23.6538726440553,4.86448946265903,12,8
"13770",22.2377271815244,7.94875103104591,12,8
"13771",20.2486801477386,7.86696367122351,12,8
"13772",23.1900882518657,7.86166551218873,12,8
"13773",22.2156105913442,4.7605579573072,12,8
"13774",19.2315733034568,3.22471956984023,12,8
"13775",16.247481064197,4.44104428855699,12,8
"13776",18.9953556586724,6.87087205604935,12,8
"13777",20.6758264698712,5.95332265203401,12,8
"13778",23.6526734378223,7.03534201324211,12,8
"13779",25.1814984318171,5.7463739610639,12,8
"13780",19.5117998099838,6.19978571127882,12,8
"13781",24.8768366374682,10.5048431579221,12,8
"13782",23.6716104141609,6.90600891434646,12,8
"13783",28.5433167184768,4.74943659286839,12,8
"13784",21.1831573152581,9.76759339440997,12,8
"13785",18.031897216883,6.52366666914398,12,8
"13786",19.9439772215392,3.01165431813519,12,8
"13787",17.8964035928039,6.6821543267088,12,8
"13788",19.0620090060327,6.99943062223265,12,8
"13789",20.7989671822165,3.97619919501334,12,8
"13790",21.5907033337388,8.4139262824262,12,8
"13791",27.128730025852,0.781108233197864,12,8
"13792",18.8484176014062,5.85255104403549,12,8
"13793",19.2017950713342,6.89497775855592,12,8
"13794",23.1740639221274,6.65625904915923,12,8
"13795",17.9555217006914,5.32513679078749,12,8
"13796",23.5285214834496,4.52792525292278,12,8
"13797",22.4248158154669,5.01663188871717,12,8
"13798",22.1367732976614,9.9831959199412,12,8
"13799",19.7604080174902,6.56401402175512,12,8
"13800",23.8738064568418,6.88624013614253,12,8
"13801",16.1487659809507,5.9053416893446,12,8
"13802",17.7857385209437,7.45621617753117,12,8
"13803",29.4654820610393,7.72847378529558,12,8
"13804",19.263382644282,7.32973867872589,12,8
"13805",20.7643663080472,6.30110478545954,12,8
"13806",29.7985643150437,5.54488401544067,12,8
"13807",27.1467550066894,5.92273100978333,12,8
"13808",22.7650231535428,4.83699084463517,12,8
"13809",27.4416156799294,9.7870282988231,12,8
"13810",28.5806465396328,6.35116143718434,12,8
"13811",20.6677572774991,7.22701918040289,12,8
"13812",22.8997217517185,7.49361803559065,12,8
"13813",23.8156782051823,4.48540782356618,12,8
"13814",21.7162203111376,7.59232649047152,12,8
"13815",22.8195527961194,4.06615465371495,12,8
"13816",27.1466208176429,4.73809999284206,12,8
"13817",21.7888144170269,5.7607357625463,12,8
"13818",30.0106263793092,8.25486404424833,12,8
"13819",23.0502777697169,3.99876249465453,12,8
"13820",23.3908698669201,5.57622680034843,12,8
"13821",26.8541028797087,4.07124715608257,12,8
"13822",25.8449422977451,8.79764619842035,12,8
"13823",17.52309174518,9.61245093090624,12,8
"13824",25.8154194254725,5.4975324265479,12,8
"13825",19.3261022306353,2.72633444908525,12,8
"13826",21.8684872162788,5.28715604544832,12,8
"13827",26.5102215072005,4.13595465227346,12,8
"13828",23.4435136245643,8.18849292212676,12,8
"13829",23.8981080551166,8.13975250165346,12,8
"13830",18.9024793432596,7.25013383076311,12,8
"13831",20.442571713482,5.19046288519868,12,8
"13832",18.7633730900132,6.95402929185594,12,8
"13833",23.3333066218344,6.86583419392552,12,8
"13834",26.1474025790474,4.55157075474045,12,8
"13835",22.2876865979393,6.76324191701062,12,8
"13836",24.3782140553314,7.43386848227029,12,8
"13837",27.188645135562,7.70605196448605,12,8
"13838",25.778699664642,3.14502692845996,12,8
"13839",22.741185929717,7.89957780785717,12,8
"13840",16.8104560218096,7.27802812616358,12,8
"13841",27.9438931912209,6.4301105979923,12,8
"13842",25.4121445492283,7.81394204528466,12,8
"13843",19.6705934763772,5.96273881332886,12,8
"13844",26.0173177178889,6.22214371548835,12,8
"13845",21.5636897472176,4.07000039839101,12,8
"13846",21.3789827272082,4.47068654412759,12,8
"13847",23.4656274869162,4.33622454708597,12,8
"13848",21.3218827690378,6.21645542169756,12,8
"13849",22.6100377395335,4.83574082964737,12,8
"13850",17.1572873494484,8.13460859472742,12,8
"13851",26.1687213140685,5.52241717165058,12,8
"13852",24.6822259722517,6.63240969318429,12,8
"13853",28.4119465056429,7.84350396392931,12,8
"13854",25.5064941453348,6.91858684774715,12,8
"13855",21.8047339755201,5.86933052383674,12,8
"13856",21.9659303613996,4.6208900078514,12,8
"13857",19.343585794433,5.00075891405229,12,8
"13858",20.445000827634,4.83876016070872,12,8
"13859",23.1711249724338,6.72696020988536,12,8
"13860",19.2513389310411,7.11277212752784,12,8
"13861",29.146948948171,5.28253318369891,12,8
"13862",19.8845727437965,5.3623899823583,12,8
"13863",23.2196168592919,4.9791698245467,12,8
"13864",22.7634760315373,5.79928724987095,12,8
"13865",23.680092110503,5.5115362377704,12,8
"13866",20.6221122112911,5.5405661839218,12,8
"13867",19.7089474100607,6.80705905190265,12,8
"13868",24.0219899427946,6.35465017519766,12,8
"13869",24.8309202372214,6.84119622562145,12,8
"13870",16.8694539200045,8.63978623445056,12,8
"13871",17.100446049493,6.05820266668003,12,8
"13872",19.9693779231891,7.2903306078308,12,8
"13873",24.0110314524235,5.77663398294825,12,8
"13874",19.7216706548437,4.07360434522139,12,8
"13875",23.3859259776308,3.14431608860381,12,8
"13876",17.497643338704,4.28999725925729,12,8
"13877",27.0069428505267,3.82159469112809,12,8
"13878",22.2707610291777,9.14312514122908,12,8
"13879",24.4422315941099,2.65554517180396,12,8
"13880",20.2099555823158,5.61988220734657,12,8
"13881",20.5269521579298,6.33636010035033,12,8
"13882",23.2306359548469,6.2818762386089,12,8
"13883",32.9638237033397,6.00465183891893,12,8
"13884",16.0681664319606,6.19141724408127,12,8
"13885",24.1213886130201,6.0363073251291,12,8
"13886",21.4196633044927,6.00158552348883,12,8
"13887",24.5354322224576,9.26739107856588,12,8
"13888",28.2333392988852,4.76242546793153,12,8
"13889",17.3588830712922,6.52666667273447,12,8
"13890",30.3011876874178,6.85013246523386,12,8
"13891",20.7256493720662,5.82152319419163,12,8
"13892",23.2836422030447,5.561000447723,12,8
"13893",26.3569025344549,7.84168150189608,12,8
"13894",20.7512902896232,5.50011180760989,12,8
"13895",22.6515991075588,3.75911030859758,12,8
"13896",26.3588326751949,7.81016790790604,12,8
"13897",21.7379095614166,3.70539802388166,12,8
"13898",26.9116191019643,4.7873558684259,12,8
"13899",22.0019346466015,5.11392759363306,12,8
"13900",20.0039927922625,5.02587029035574,12,8
"13901",20.0015021390977,4.78765959587985,12,8
"13902",23.084441227291,4.33605402103801,12,8
"13903",23.4514243831835,7.02551521445223,12,8
"13904",25.1934501923529,4.7916740727197,12,8
"13905",22.8152514732246,7.76706298037747,12,8
"13906",19.9521410175906,4.46426538062883,12,8
"13907",18.4385723180968,8.1133873694137,12,8
"13908",20.85358851034,8.88842931517801,12,8
"13909",23.5570702940395,4.32668389788037,12,8
"13910",21.5820157582064,6.74677591409712,12,8
"13911",13.9470878999106,6.95171937644993,12,8
"13912",16.1762694012884,6.73004280334079,12,8
"13913",17.4614590006476,7.95103634683971,12,8
"13914",17.9832265258066,8.84071390181265,12,8
"13915",24.6209258521095,6.75274132656605,12,8
"13916",18.2348439378196,7.82981758413515,12,8
"13917",25.1486143858113,3.45402395994202,12,8
"13918",24.6232909163963,3.54746952337893,12,8
"13919",24.1041889721345,8.06413574608924,12,8
"13920",18.6561101982689,7.48383796116156,12,8
"13921",19.5021902327819,6.69136021798075,12,8
"13922",22.9843245026374,8.31283146693629,12,8
"13923",23.0405367938484,6.09738879503993,12,8
"13924",17.8009954795117,9.02274211135186,12,8
"13925",29.5889986640376,1.42443581748469,12,8
"13926",16.5506112698269,6.42701571187133,12,8
"13927",19.8695238001031,7.55531995363744,12,8
"13928",20.0302624925803,6.31616141312324,12,8
"13929",18.703620595733,6.20084325162257,12,8
"13930",23.3201012588548,5.22019033956833,12,8
"13931",21.495846103849,6.6399925681868,12,8
"13932",28.2219076055749,8.92716217630035,12,8
"13933",18.6184282514934,5.43692805486644,12,8
"13934",24.7630026873935,4.86568051392285,12,8
"13935",15.3321072474616,6.16072496808968,12,8
"13936",25.1790359455553,4.86442519190219,12,8
"13937",21.637667797246,4.85294800039919,12,8
"13938",20.8346530987737,8.36633279416492,12,8
"13939",19.231465270356,4.05788920446462,12,8
"13940",27.3856596699661,8.33410131667962,12,8
"13941",23.7442662538308,6.00863878958132,12,8
"13942",24.9266919640424,6.51913925108626,12,8
"13943",23.8806853850729,6.94302793305558,12,8
"13944",19.7466012401927,7.81292965419768,12,8
"13945",27.1948317999364,7.82363536202415,12,8
"13946",24.7439061206659,5.73039651951491,12,8
"13947",25.6762328561857,7.91972343124879,12,8
"13948",27.7158955809207,8.44098227825296,12,8
"13949",20.2284622113292,5.88516160367857,12,8
"13950",22.5474562074552,7.30674048404611,12,8
"13951",19.7509062096317,6.40786326751342,12,8
"13952",29.2482064799015,8.33084009740609,12,8
"13953",24.0750843655536,5.18590295730611,12,8
"13954",23.8177199301263,7.59372222570469,12,8
"13955",18.1654685180422,4.09862813903551,12,8
"13956",28.6337641888147,5.30448025209799,12,8
"13957",23.0009082040474,8.51682794417066,12,8
"13958",24.5867511063148,7.645918177587,12,8
"13959",22.0453422266031,5.69123703569624,12,8
"13960",18.9132724703567,7.61337287559058,12,8
"13961",12.3749477048379,8.5517280008586,12,8
"13962",20.524631376784,9.01625559160684,12,8
"13963",25.9997918968523,5.32761321924548,12,8
"13964",16.9846131625957,6.04928161113206,12,8
"13965",25.1013561856322,3.65544702065861,12,8
"13966",23.8001466413218,6.0017561007098,12,8
"13967",20.0490397129013,4.18025192830571,12,8
"13968",21.0893136454549,5.91903209448144,12,8
"13969",18.562180193222,6.46227202194644,12,8
"13970",14.2205686924644,8.37778266416371,12,8
"13971",26.595140156183,10.1281951948183,12,8
"13972",25.2973679152192,4.84818616342031,12,8
"13973",16.6782787620889,5.64356002255937,12,8
"13974",23.7624413074095,6.62597704417489,12,8
"13975",21.4392425251409,9.57941101779964,12,8
"13976",20.9246052707358,4.49004769792357,12,8
"13977",22.2286284913447,7.95367388027818,12,8
"13978",21.7491636450377,5.20704838151149,12,8
"13979",16.8660008841981,8.47338818808687,12,8
"13980",19.488598260642,8.5257420692441,12,8
"13981",25.4578840995385,9.05951654590347,12,8
"13982",24.4607586729829,5.83097372663049,12,8
"13983",19.9478667713851,7.50991732328654,12,8
"13984",16.5100767578745,9.30643171017208,12,8
"13985",23.2941606306425,8.52349397387941,12,8
"13986",14.7541612671969,4.20132941610795,12,8
"13987",17.5754565493477,6.20812890794749,12,8
"13988",21.1651696486233,6.23268179862373,12,8
"13989",23.7872131479407,8.27681033315319,12,8
"13990",23.0212660700096,7.84150025956461,12,8
"13991",18.5321728637266,9.07239220939617,12,8
"13992",17.0340342757845,7.03204981155586,12,8
"13993",25.0204726462528,5.82533269869141,12,8
"13994",16.9246585765555,5.1623626912625,12,8
"13995",22.2645880904657,7.41900110065517,12,8
"13996",18.9469315190772,6.32778541847549,12,8
"13997",27.8219828790534,8.04409117269248,12,8
"13998",18.9041566169075,5.52950541615799,12,8
"13999",28.9313803633766,6.96225295247778,12,8
"14000",23.6612136586456,11.3942104257546,12,8
