"X1","X2","component","subcomponent"
"13001",22.7382664627247,30.1238459558349,4,5
"13002",21.3419946075452,33.4790556273878,4,5
"13003",21.3340716067967,24.151731260447,4,5
"13004",21.7477144558254,35.1527685155804,4,5
"13005",20.9792316013803,32.161202019374,4,5
"13006",23.4597491612247,37.9129920523033,4,5
"13007",20.4257185956024,26.3306760220372,4,5
"13008",17.7689220911363,23.007405396689,4,5
"13009",20.6863799803364,27.6063656569488,4,5
"13010",18.5066209602494,19.3410944993453,4,5
"13011",21.5419625424798,30.2241273353172,4,5
"13012",22.5376369672775,32.0122604563109,4,5
"13013",19.8558478104244,23.3974502197061,4,5
"13014",21.5960806100953,29.1217495065425,4,5
"13015",23.5498770990225,36.1170670517969,4,5
"13016",20.7508394648362,30.2253758192375,4,5
"13017",23.4222568320926,32.6037051954806,4,5
"13018",20.9779911861781,24.917303781608,4,5
"13019",20.8040204691142,29.8556166542396,4,5
"13020",22.3549107541148,35.3976648003285,4,5
"13021",19.7483704689158,25.6261252738398,4,5
"13022",20.3838232418515,31.3256405686133,4,5
"13023",22.1255390158555,25.3338377795137,4,5
"13024",19.7283012858519,22.7844847472721,4,5
"13025",23.8761372261683,35.9317162858187,4,5
"13026",21.8155049766583,30.9417986470954,4,5
"13027",22.1832949723124,31.4619714112792,4,5
"13028",21.6305916454831,31.8110403658848,4,5
"13029",22.6522020290573,32.2872830907323,4,5
"13030",21.182466262283,31.0237472718118,4,5
"13031",21.1250862180278,30.5030953692439,4,5
"13032",20.0125839507742,29.7845314938118,4,5
"13033",21.9069643176882,26.7104048852409,4,5
"13034",20.4939382658309,29.7350576195813,4,5
"13035",24.267482934624,36.0490306443731,4,5
"13036",20.1403735724949,28.2212974220356,4,5
"13037",20.6502873593647,22.5571258954065,4,5
"13038",19.1033862907244,24.6017288110043,4,5
"13039",20.3942059450361,29.2693882339,4,5
"13040",20.7948227791103,30.5696475202045,4,5
"13041",21.5956965029289,29.4547032476726,4,5
"13042",20.8732753701719,29.9660327846612,4,5
"13043",20.0450863739721,28.0956833612612,4,5
"13044",20.3800922181021,27.5803312578157,4,5
"13045",21.7309269563506,29.8907942080213,4,5
"13046",23.0528301942752,33.3297910757131,4,5
"13047",18.218688972591,22.9693071295961,4,5
"13048",18.8330491698863,27.1589873223777,4,5
"13049",19.8959032997947,29.4986786546508,4,5
"13050",21.4628724638389,27.6121234196482,4,5
"13051",19.1089165813067,25.1257195570439,4,5
"13052",22.0189720827715,30.5720992712603,4,5
"13053",21.7430613724306,25.0491956360707,4,5
"13054",20.563517824064,24.1835795408464,4,5
"13055",25.655614548831,40.2721869922331,4,5
"13056",22.8968543953171,32.629785302027,4,5
"13057",20.5742030167158,26.5549621734245,4,5
"13058",19.8174572610649,25.9436176795505,4,5
"13059",21.2108523573428,31.0767698631463,4,5
"13060",19.5692096869346,29.9199563523638,4,5
"13061",18.8060659011585,25.7217439840981,4,5
"13062",20.7070561597353,30.4560983873387,4,5
"13063",21.9313115878856,34.8935916388288,4,5
"13064",19.2769991584212,25.7540434015185,4,5
"13065",22.342352445653,30.7619562448738,4,5
"13066",21.9878489711665,27.067790901866,4,5
"13067",19.6247668156069,26.7918019627387,4,5
"13068",19.3419640586605,20.3351897494483,4,5
"13069",22.854110394738,34.7772564203775,4,5
"13070",20.9275647747658,31.2156915712524,4,5
"13071",21.4524848780105,24.0207705620111,4,5
"13072",19.7273593510655,28.7390686389255,4,5
"13073",22.9970556094165,35.0195694662615,4,5
"13074",18.2140290518549,21.4548244157894,4,5
"13075",19.8313950179593,23.409859203271,4,5
"13076",21.3004251214712,27.1591661546218,4,5
"13077",21.3476341735612,30.0493498397398,4,5
"13078",21.9611256797325,30.0338304037317,4,5
"13079",23.2057562265067,33.2911021446677,4,5
"13080",19.717480263209,32.4158269093323,4,5
"13081",16.5285473885454,21.0843740266603,4,5
"13082",19.8221841157025,25.4856612381138,4,5
"13083",20.3021102638452,27.8730221835854,4,5
"13084",23.2529945146914,33.3695790257913,4,5
"13085",18.462133961299,20.8537775273787,4,5
"13086",21.8390681754196,29.2900080373154,4,5
"13087",20.8919969377561,28.9118554669673,4,5
"13088",22.0271533679815,34.3658383907816,4,5
"13089",21.494298811655,26.77816973599,4,5
"13090",18.4882921632388,25.1981794115392,4,5
"13091",22.3801840871486,34.8322432725933,4,5
"13092",20.0054189770177,24.189462148899,4,5
"13093",19.8920360510007,25.2066239570553,4,5
"13094",20.2702730276232,24.0917074389063,4,5
"13095",22.2947826165521,35.6034504269394,4,5
"13096",22.8823392330814,30.9781560314901,4,5
"13097",22.2087634201946,28.2694857816447,4,5
"13098",21.509441068556,31.7725462668927,4,5
"13099",23.4574398025937,32.6904442937311,4,5
"13100",19.1085444198857,28.7675455143751,4,5
"13101",22.4849028098711,33.9651380984984,4,5
"13102",20.071464482447,29.1411312738751,4,5
"13103",19.487686171601,27.8326401183885,4,5
"13104",21.7735000384057,27.6386096728833,4,5
"13105",22.0123889051238,32.4642835126224,4,5
"13106",22.8046313934136,34.7397079921902,4,5
"13107",21.8026832481701,32.7017524976026,4,5
"13108",21.8524515161556,27.0836479111313,4,5
"13109",21.5050474520537,31.9938162394212,4,5
"13110",21.3743444741399,29.7384377675131,4,5
"13111",22.5453842598632,32.7141886732526,4,5
"13112",21.3114063711957,32.0173523050329,4,5
"13113",20.3168833220744,28.5946735276036,4,5
"13114",20.5168776059999,28.1661157881517,4,5
"13115",20.1100318627407,26.7125998664887,4,5
"13116",19.0753987649884,29.9973335126352,4,5
"13117",19.8367594687936,26.2196874009064,4,5
"13118",22.9859329983476,29.9303732992106,4,5
"13119",21.9803200699508,30.6899039525176,4,5
"13120",19.5289827338616,27.5338129937093,4,5
"13121",18.0386629678767,25.5627787269999,4,5
"13122",19.7510440734054,20.0904432410046,4,5
"13123",22.0095256875138,28.3404139728522,4,5
"13124",21.0572414964148,32.8772605830072,4,5
"13125",20.8894187650607,25.0290415424838,4,5
"13126",21.7543782963235,30.65929386292,4,5
"13127",21.1704374650506,32.1323509478498,4,5
"13128",22.8399557232243,30.1543874268266,4,5
"13129",21.4664566959065,28.5909376716402,4,5
"13130",20.0817941327057,29.2105011841501,4,5
"13131",22.2890855870474,35.7850447154886,4,5
"13132",21.4487769100161,32.610785156382,4,5
"13133",20.2162159309155,25.9442222808793,4,5
"13134",21.0847877031751,28.4987162350418,4,5
"13135",22.5419503466024,31.3510363696413,4,5
"13136",19.1568116291274,28.721005888687,4,5
"13137",20.6773204331719,27.7060557377101,4,5
"13138",22.6607670520336,42.4885320705412,4,5
"13139",20.7319991488665,26.297493641852,4,5
"13140",21.3788198016027,29.8184131403183,4,5
"13141",19.6732619905934,26.4745100135001,4,5
"13142",18.6243441523537,20.4165214047643,4,5
"13143",19.5039962139269,30.5556329969839,4,5
"13144",18.9161466878152,20.893203696673,4,5
"13145",17.7849794524382,19.7184486952966,4,5
"13146",21.7330741451897,28.9187545515225,4,5
"13147",21.095042594754,29.4242971802684,4,5
"13148",19.883754524647,27.4771042249144,4,5
"13149",22.3478390627381,31.4348972016843,4,5
"13150",20.5513290299937,30.1037434398574,4,5
"13151",21.4621802515574,25.1760066447398,4,5
"13152",18.3165228671612,18.3067852769106,4,5
"13153",20.1527778484776,23.7926880360605,4,5
"13154",21.1418379782555,26.1481520777483,4,5
"13155",21.6173209064989,28.6103713834812,4,5
"13156",22.0507566898462,28.1044031106484,4,5
"13157",22.3085815490327,32.4494122254,4,5
"13158",23.9214904771472,32.7418789653081,4,5
"13159",20.0604031003849,23.5042753190199,4,5
"13160",23.1236703341869,33.7434993223621,4,5
"13161",22.5317583770088,25.8220151119809,4,5
"13162",22.2868293736391,35.6715345064906,4,5
"13163",19.9845312628063,26.887479806504,4,5
"13164",22.9602497605678,31.2952659213507,4,5
"13165",21.7424206948215,28.3139932157697,4,5
"13166",20.5890243272934,27.8446833604403,4,5
"13167",23.2130088979985,37.7553217229285,4,5
"13168",20.6438294597282,27.2778165773669,4,5
"13169",21.1574995611841,25.9499306756246,4,5
"13170",19.056620290032,27.3101553399712,4,5
"13171",22.0049640294153,35.5135556745359,4,5
"13172",21.1514023769196,25.2671085082207,4,5
"13173",23.6508096195929,33.4523512210057,4,5
"13174",22.4446267648069,31.2036423562889,4,5
"13175",22.8492727335563,26.4180497584215,4,5
"13176",18.404856606915,26.3586701770714,4,5
"13177",19.047189016985,26.7693934249382,4,5
"13178",16.7906251165177,21.9705686252013,4,5
"13179",20.4088069805558,25.6956726711456,4,5
"13180",17.7292481634748,26.4840959775737,4,5
"13181",20.2637950235094,31.0542627940997,4,5
"13182",22.6573434046486,34.3618838344296,4,5
"13183",19.49165958809,26.9396796710218,4,5
"13184",21.5205273800485,32.625542576607,4,5
"13185",21.2231112259145,29.960158987967,4,5
"13186",21.0468997498668,25.2735770638716,4,5
"13187",22.6295574286969,36.0379442441798,4,5
"13188",20.3775241333194,27.0052678192572,4,5
"13189",22.2923632807528,30.3017649191592,4,5
"13190",20.7295495826769,26.0688240048851,4,5
"13191",21.1152644390767,30.3064847314822,4,5
"13192",20.2993720185986,27.7341726833065,4,5
"13193",23.2647634359188,29.659339090456,4,5
"13194",23.1894119143503,30.4078814557634,4,5
"13195",23.2461430367897,32.773936480527,4,5
"13196",21.0401734027804,33.3935717364458,4,5
"13197",23.2000473215714,33.0207242722355,4,5
"13198",22.9582628589975,31.1088741317634,4,5
"13199",20.3406276585428,26.4806127172204,4,5
"13200",20.160613082525,29.9730819396113,4,5
"13201",21.0306456402112,27.9828862413005,4,5
"13202",21.4913701182773,28.564213068853,4,5
"13203",19.8918081358334,24.6735147020928,4,5
"13204",22.278952631956,28.3250176199387,4,5
"13205",23.3680113556203,27.4177045257364,4,5
"13206",19.5066847934432,31.9872857766799,4,5
"13207",18.6691064750207,23.0616401439915,4,5
"13208",22.6717789272566,27.5142986673788,4,5
"13209",18.892195316762,31.1406394696447,4,5
"13210",21.314941208442,28.8666615342168,4,5
"13211",22.6030101357894,33.3638366348614,4,5
"13212",20.6314379056623,30.4714824319646,4,5
"13213",20.7137750126112,28.6925595209722,4,5
"13214",21.003263228006,31.41894507398,4,5
"13215",21.4001066047068,30.2244688283694,4,5
"13216",25.296761502527,40.3837754201745,4,5
"13217",22.481713013653,30.0633937867286,4,5
"13218",19.4497408642656,32.7102453705803,4,5
"13219",21.0070467651812,24.9671016853375,4,5
"13220",18.9459439067004,28.9195227922546,4,5
"13221",21.6116615187065,30.7293579174889,4,5
"13222",21.7660246420317,30.9027260886376,4,5
"13223",24.1665875293282,35.3466303616956,4,5
"13224",20.6548722170981,31.726883028413,4,5
"13225",23.6768649380572,31.1447263195498,4,5
"13226",20.6347562032757,29.4694950731171,4,5
"13227",19.7673666301183,29.7750322428457,4,5
"13228",20.1195060091563,25.0937906843876,4,5
"13229",20.4286248325829,29.1352291101326,4,5
"13230",23.3705006642289,33.5701144172707,4,5
"13231",18.8987877459355,28.6733297044225,4,5
"13232",22.4132904199171,25.1872173612098,4,5
"13233",18.9074010254254,24.2686037852509,4,5
"13234",19.6036389599827,26.7142921748502,4,5
"13235",23.4373911302618,32.4945685501874,4,5
"13236",21.1688726120366,27.561988024164,4,5
"13237",22.8236414094437,31.5095636445369,4,5
"13238",22.43005599864,30.5445146061161,4,5
"13239",21.0673910555481,27.662078664945,4,5
"13240",19.7370571247685,32.7757825772399,4,5
"13241",21.5653690924912,32.3907812014944,4,5
"13242",22.9593234516137,38.4001656263392,4,5
"13243",18.9316301842676,22.8816005325254,4,5
"13244",20.2263983561242,30.8116044933044,4,5
"13245",22.7929145578494,34.0812471449897,4,5
"13246",18.6877306375032,25.1528008514594,4,5
"13247",21.1033275913666,29.7939794986131,4,5
"13248",22.2433704148307,27.1442954201769,4,5
"13249",24.0460135540767,34.1816864033555,4,5
"13250",20.5965515127005,24.4591021394936,4,5
"13251",20.7480350104159,30.3042063979271,4,5
"13252",23.1872372420415,31.1868215450489,4,5
"13253",23.3496571269409,37.3309475521929,4,5
"13254",18.3283027753577,26.2850102519266,4,5
"13255",20.8587848612091,31.2896299187954,4,5
"13256",18.8932373129465,26.8318690946381,4,5
"13257",23.8850437409461,31.0225590948163,4,5
"13258",20.6349072353761,31.8277471393981,4,5
"13259",21.4677389107173,29.8297412228781,4,5
"13260",18.9421492315569,25.278477424266,4,5
"13261",21.0815480394111,33.0302713341003,4,5
"13262",19.0715830468482,19.5734658430546,4,5
"13263",22.9404342354661,35.9127408477858,4,5
"13264",20.1624489019355,26.2641331274574,4,5
"13265",20.3240870313562,28.7217913908309,4,5
"13266",23.3859343053598,34.0053605079262,4,5
"13267",21.1818237776686,25.7132452475926,4,5
"13268",19.601899641734,30.338222709508,4,5
"13269",22.545264861049,34.0676519869239,4,5
"13270",19.2667580632191,25.6601785921786,4,5
"13271",21.6717033017905,31.7760707352013,4,5
"13272",19.6465575798412,28.3672460734005,4,5
"13273",21.8255502355109,33.8944997486526,4,5
"13274",22.4296849740617,31.109191865413,4,5
"13275",21.6179297653473,32.194174192538,4,5
"13276",21.152385517702,30.9346856183348,4,5
"13277",20.0343718756925,31.234184341117,4,5
"13278",21.5129456328937,30.1823195601384,4,5
"13279",20.9150319491004,33.3320089303957,4,5
"13280",21.9043013011726,32.297491401699,4,5
"13281",21.4214478295537,31.901307038339,4,5
"13282",24.3071527118272,38.2187479385471,4,5
"13283",20.3001505209442,23.2079712403295,4,5
"13284",21.9888451883862,26.8306360705468,4,5
"13285",21.9156707898084,29.7264276853501,4,5
"13286",22.2766191209742,30.0366179570697,4,5
"13287",19.4560829719451,28.5352554417472,4,5
"13288",20.6639295744551,29.1109620549943,4,5
"13289",22.6639949020376,31.8399982026623,4,5
"13290",19.5418097473943,24.651432853112,4,5
"13291",19.4042351679984,28.977019324273,4,5
"13292",20.58363805573,27.8785517452563,4,5
"13293",20.3503383232061,25.2548984794237,4,5
"13294",21.1824629399616,26.6372471474448,4,5
"13295",20.139385374873,23.4326951607217,4,5
"13296",20.1195466190715,32.580496607524,4,5
"13297",20.108046565069,23.078121343975,4,5
"13298",17.587857570464,26.175348051091,4,5
"13299",21.2050476440553,30.051768663865,4,5
"13300",21.3700849143266,27.9897702741425,4,5
"13301",18.916073378767,24.8283583917633,4,5
"13302",25.9193716611629,34.3873172229447,4,5
"13303",23.3533422148031,32.9497769523097,4,5
"13304",22.5322513505673,35.7940758799169,4,5
"13305",20.7285530425827,29.2592723773988,4,5
"13306",20.9707397350561,31.475947633373,4,5
"13307",22.1902147984804,35.9654636462912,4,5
"13308",20.8130753757736,30.122507416544,4,5
"13309",22.266524999891,31.2383850285969,4,5
"13310",21.0374934674151,24.3765811174512,4,5
"13311",22.4809637032991,30.6978995723753,4,5
"13312",18.963721409723,27.726323496683,4,5
"13313",20.2926320003068,24.7887699841068,4,5
"13314",23.8837300796471,28.7837760196182,4,5
"13315",22.5832096654001,29.3441137400939,4,5
"13316",20.8250499024995,28.778256364874,4,5
"13317",21.9176109499272,27.2415282629617,4,5
"13318",20.6025113772386,27.7514320632894,4,5
"13319",21.9452227555005,30.6436223860751,4,5
"13320",20.6936979299633,26.010479521536,4,5
"13321",20.7353276181349,33.4261950269112,4,5
"13322",22.1779608185833,32.9345490039266,4,5
"13323",20.2903885883765,29.4409323474333,4,5
"13324",21.7196643513352,31.6794203947948,4,5
"13325",21.0949273322094,24.6873966278371,4,5
"13326",21.6290350985178,30.5391881157863,4,5
"13327",21.3573044393123,32.3276810309872,4,5
"13328",20.4024208355576,27.0118370749955,4,5
"13329",20.5726063081992,27.0247231047917,4,5
"13330",22.5539672531238,30.1843268636181,4,5
"13331",22.4746415375672,34.7125647013292,4,5
"13332",21.6410879678165,37.6065163007113,4,5
"13333",21.0816248163455,26.9220722464412,4,5
"13334",20.8528052481336,24.9489582476855,4,5
"13335",16.8387219845728,17.2156775137739,4,5
"13336",20.9592498786099,31.1011913599888,4,5
"13337",19.1179782314606,24.6140910047126,4,5
"13338",20.0995491596495,26.8342170328029,4,5
"13339",19.4636058160732,23.188778864291,4,5
"13340",21.9165152745664,33.2392294032369,4,5
"13341",21.4417627302768,28.6646090496155,4,5
"13342",19.2973447742777,28.6733283653558,4,5
"13343",23.3208134980667,34.5423192612926,4,5
"13344",21.1329899647011,29.5689686508646,4,5
"13345",20.3610941494847,30.8296187970349,4,5
"13346",20.0792066115482,24.0158246026436,4,5
"13347",20.1120291003593,25.1273577270253,4,5
"13348",21.0888579410573,32.9624758839077,4,5
"13349",23.5359673976599,32.1129058076813,4,5
"13350",21.6704798877102,26.7221707204941,4,5
"13351",22.2301619941465,30.8003985211114,4,5
"13352",20.204328123979,26.9776273886216,4,5
"13353",23.4968227751991,34.2822480121938,4,5
"13354",22.4612230495089,32.6403862514693,4,5
"13355",22.4486992038928,26.208684136886,4,5
"13356",19.3329093036709,27.1108394813849,4,5
"13357",22.2773209315102,35.7599962665622,4,5
"13358",21.7330327211236,31.4197627037461,4,5
"13359",22.018943924333,33.7273829365335,4,5
"13360",20.0282930900424,28.5399824318659,4,5
"13361",22.2928611523966,32.5816946644381,4,5
"13362",19.2708008018586,17.7887401249084,4,5
"13363",18.6397010394461,23.3028024861787,4,5
"13364",22.2180181612482,37.1649125443039,4,5
"13365",21.3839181154231,27.7089700345258,4,5
"13366",22.1684823852181,33.8025595389619,4,5
"13367",20.3384576366198,28.5184584670644,4,5
"13368",19.1071057429575,29.1848029485033,4,5
"13369",21.1628431614187,25.0404133992774,4,5
"13370",20.3378194723345,27.9610693824282,4,5
"13371",20.1574184333765,27.2628284350984,4,5
"13372",20.0131615650807,29.3053062277267,4,5
"13373",21.1113847371124,36.6343392795636,4,5
"13374",19.6621566884872,26.1730444663415,4,5
"13375",21.1566517990187,23.9397504874048,4,5
"13376",21.14392325981,23.670698705087,4,5
"13377",21.1271210435835,31.8988507011494,4,5
"13378",21.6924874767221,26.2750776309256,4,5
"13379",19.4038852076224,21.391751209657,4,5
"13380",19.6996563501943,24.6647129238782,4,5
"13381",20.7413503683274,32.7797178625893,4,5
"13382",19.6825895427304,30.9952028120827,4,5
"13383",18.6460357302634,17.1377173231573,4,5
"13384",20.8097153899855,30.169681284693,4,5
"13385",21.1182854839403,28.5600913137113,4,5
"13386",19.4676389485554,26.9310094357305,4,5
"13387",21.5701523934496,25.8970664039892,4,5
"13388",21.8173440421495,28.6761307683018,4,5
"13389",22.7419256525537,26.5927696505011,4,5
"13390",21.0565890949222,32.2537710194988,4,5
"13391",23.3097971459776,35.3348855499464,4,5
"13392",21.3182584864688,24.713685172619,4,5
"13393",20.6596718097812,29.107758451066,4,5
"13394",19.4496939709334,30.9616743235869,4,5
"13395",20.0677491177883,26.2518918220747,4,5
"13396",21.3721371799383,30.1686178022573,4,5
"13397",18.683764418898,25.8737293430849,4,5
"13398",19.450459318955,25.0203358896665,4,5
"13399",20.4439149688411,30.1095054636806,4,5
"13400",22.1381192455764,25.9266448338565,4,5
"13401",21.6823012436597,31.0722209244132,4,5
"13402",21.9256808287597,34.2866288281587,4,5
"13403",23.2708389670522,38.3622310100993,4,5
"13404",22.0465153892877,34.3933646475416,4,5
"13405",23.6395316131882,36.2501459354437,4,5
"13406",20.4782917930342,24.0356837230068,4,5
"13407",20.3827581458562,26.9173740682827,4,5
"13408",21.1878597424262,28.7547969888944,4,5
"13409",23.2667930890607,31.57377576282,4,5
"13410",20.043426405968,24.5126133421536,4,5
"13411",20.9036094334989,26.449533167837,4,5
"13412",21.7484896427514,27.3838299538385,4,5
"13413",19.311834679276,27.9129762514287,4,5
"13414",20.5534349399794,27.2447922150263,4,5
"13415",22.5954736335854,31.9310652242846,4,5
"13416",23.0001188571698,34.3500054650153,4,5
"13417",21.2756101346111,27.6992665723073,4,5
"13418",20.3344276012904,29.5325490623034,4,5
"13419",21.9100702811799,30.6168731579136,4,5
"13420",20.1288962972977,27.7615004995412,4,5
"13421",22.6849664916197,29.9554275904158,4,5
"13422",20.0755378618522,22.1366602847963,4,5
"13423",22.9217532147661,37.7089233836895,4,5
"13424",23.8591466894722,41.5487159615361,4,5
"13425",19.9582554135883,25.2670732463483,4,5
"13426",23.1964194070999,33.6133792990177,4,5
"13427",19.5680835744789,26.1027032734485,4,5
"13428",19.29722131626,26.0048745869913,4,5
"13429",22.6689605411569,29.03708489732,4,5
"13430",20.9528600034612,30.9286324132373,4,5
"13431",21.4849842375571,34.3979706401991,4,5
"13432",21.9282859127494,29.8649927783958,4,5
"13433",20.5739961070977,25.0346553856682,4,5
"13434",24.9208151027552,37.8406328713164,4,5
"13435",19.4143881905602,27.7620965924754,4,5
"13436",21.8024122728792,26.5351280855818,4,5
"13437",21.6945499993144,32.1442361316359,4,5
"13438",21.7240679448363,25.3931800447653,4,5
"13439",21.0690228323184,27.7432884409504,4,5
"13440",20.7980573727201,26.1501939613726,4,5
"13441",21.215034405568,31.6917355375101,4,5
"13442",22.2660260003418,27.7912940427225,4,5
"13443",19.237356851649,23.6066344860048,4,5
"13444",18.8955917283551,22.8260325413706,4,5
"13445",20.3374686788231,28.6714526186206,4,5
"13446",17.5255122004244,22.0738224916464,4,5
"13447",20.0378120727921,24.7209867636817,4,5
"13448",20.8219145760817,32.9641088782269,4,5
"13449",22.1271378078899,33.6105745028273,4,5
"13450",19.5178539305131,27.5650926173466,4,5
"13451",18.8589312946136,19.6341848978827,4,5
"13452",22.0546579790052,25.7879297981044,4,5
"13453",19.0368712631741,24.0682258170604,4,5
"13454",22.8320246922052,30.9369655431696,4,5
"13455",19.1533359357442,28.3406431119688,4,5
"13456",22.3301827886113,28.0823455324887,4,5
"13457",19.9873122252429,28.4903928715532,4,5
"13458",21.3753751745748,30.2153863371725,4,5
"13459",20.0654627878543,23.1094411415469,4,5
"13460",21.0634141048728,31.8687518410001,4,5
"13461",19.6493777900956,21.6406575095608,4,5
"13462",21.9182189762405,31.7702073595085,4,5
"13463",19.7531061322386,28.2642476866609,4,5
"13464",20.9093128167771,32.314502455946,4,5
"13465",19.1675015180997,25.2655108968119,4,5
"13466",19.6435529075484,28.4324200927705,4,5
"13467",22.066040901157,29.6966156036852,4,5
"13468",22.3401408733097,28.6153223578303,4,5
"13469",20.5826567945293,17.8987109233615,4,5
"13470",21.8139393017162,24.3882459275257,4,5
"13471",21.0373176971486,32.3555333001552,4,5
"13472",20.1770911953642,31.0309662372624,4,5
"13473",19.0179237190971,27.266605946081,4,5
"13474",24.0670517391294,32.7589315180577,4,5
"13475",20.6798207003973,25.1156352212428,4,5
"13476",20.8328382230805,24.5039776430979,4,5
"13477",21.2952214958871,26.2852850831434,4,5
"13478",19.8653373306673,33.266597680049,4,5
"13479",21.8512071439557,30.8242458360408,4,5
"13480",19.1098638950873,27.5405974607317,4,5
"13481",19.3812474054491,21.4691404119629,4,5
"13482",21.8522998859455,28.7973902379778,4,5
"13483",17.2905810255471,23.4699566991887,4,5
"13484",20.3189019564549,27.3618873584169,4,5
"13485",21.6318548017004,25.6939180950834,4,5
"13486",19.7435454438358,23.5285951314257,4,5
"13487",21.4792370553578,26.2783594966336,4,5
"13488",21.6222231865675,30.777917919282,4,5
"13489",21.0173186159282,24.0597468118701,4,5
"13490",19.6536933143462,22.7839313131683,4,5
"13491",22.9069739153942,32.2778122018236,4,5
"13492",20.091972989374,29.1197870874189,4,5
"13493",19.7193511584833,30.6170427562585,4,5
"13494",19.5999907497973,28.0838371388363,4,5
"13495",20.1631685696037,25.57888723872,4,5
"13496",21.4281215247998,29.4892149789252,4,5
"13497",19.7179982927557,24.4146500592493,4,5
"13498",23.7651448747714,29.1932937588583,4,5
"13499",19.5903088723199,25.7778981769782,4,5
"13500",18.6878773405959,23.6673219577724,4,5
"13501",17.4063329586375,23.5325592536369,4,5
"13502",19.6199427068282,29.0071413347955,4,5
"13503",21.7244479631963,26.8730030598523,4,5
"13504",21.5500948348846,34.976080653519,4,5
"13505",20.3390773700333,29.5805940326237,4,5
"13506",18.2736629783375,26.4997514514352,4,5
"13507",20.5338299280841,27.0588108277326,4,5
"13508",22.0022172009356,30.8249370420851,4,5
"13509",20.0098670222928,31.0668360523553,4,5
"13510",22.9622421934832,31.875191114436,4,5
"13511",21.0294441754356,27.5298428312665,4,5
"13512",22.0188260215886,38.2468320046594,4,5
"13513",18.5819029574358,25.176169778002,4,5
"13514",20.1887417379484,24.6614632386751,4,5
"13515",19.9461176326358,23.9573491294581,4,5
"13516",23.3103358492005,34.8309483338011,4,5
"13517",19.5180315580104,25.0905770632201,4,5
"13518",21.2477543249191,28.7172251634356,4,5
"13519",22.0521967727778,37.6476377825244,4,5
"13520",20.894371155004,28.9939088950134,4,5
"13521",24.2093016812014,34.9796216499347,4,5
"13522",19.8279778237299,27.8401847935099,4,5
"13523",22.5809527434844,31.9995705151009,4,5
"13524",20.8043830534147,28.828315143791,4,5
"13525",23.3354399141057,38.5914902171781,4,5
"13526",20.0904375997856,32.4990662733782,4,5
"13527",21.7885616248123,33.7635070743108,4,5
"13528",22.0795782957585,31.6089477206124,4,5
"13529",22.407648391417,36.8244593675556,4,5
"13530",22.744609996304,34.6052032604521,4,5
"13531",20.9149598066629,28.6125860657266,4,5
"13532",21.8889965374054,34.1092908021983,4,5
"13533",21.3257863035186,29.6097564647678,4,5
"13534",23.7735818662442,35.8182918309073,4,5
"13535",20.341334265254,30.0885171459314,4,5
"13536",19.6366419748206,29.9114124601562,4,5
"13537",20.2373383537632,25.362829536649,4,5
"13538",19.4661324046444,28.4356985956403,4,5
"13539",21.4527537271589,27.4627708506647,4,5
"13540",19.3958174505329,23.5405444443769,4,5
"13541",23.6645779657,37.3717707391069,4,5
"13542",20.8433982512116,27.6729189089383,4,5
"13543",24.0382423766044,37.1230921708678,4,5
"13544",21.6066765744294,30.1849420658555,4,5
"13545",21.7832104819061,37.3279651871353,4,5
"13546",19.1499626112153,23.7292765496775,4,5
"13547",22.2747060695723,29.2345172607185,4,5
"13548",21.0990611347635,30.3460239962061,4,5
"13549",22.9725680288265,30.831001378131,4,5
"13550",19.8667665890363,24.9768689121665,4,5
"13551",21.9822677211319,34.1237965488444,4,5
"13552",19.7191230390243,31.5697466146292,4,5
"13553",20.2502985569673,27.9403890641486,4,5
"13554",20.8479469739995,26.1104172803078,4,5
"13555",20.6319722108124,28.228744599094,4,5
"13556",22.5954313983124,28.524515223614,4,5
"13557",23.7794982360933,36.1585046447801,4,5
"13558",21.8950501266291,28.4268856278923,4,5
"13559",20.8102126746103,30.4596973899358,4,5
"13560",21.2875543099234,27.3514760762984,4,5
"13561",22.2413343509214,27.3541736877135,4,5
"13562",19.9865284352203,28.4355073896313,4,5
"13563",21.2067863659581,27.1095003388466,4,5
"13564",21.3930471378931,26.2604322872208,4,5
"13565",20.0974348113504,30.3395198974719,4,5
"13566",20.8935680839748,27.5593400671753,4,5
"13567",19.7514715564497,27.4683739195931,4,5
"13568",23.3227638535654,32.1447547398171,4,5
"13569",23.5875454052078,33.1374331778407,4,5
"13570",20.2992203640302,29.8330415639646,4,5
"13571",22.031229335826,34.2895817986295,4,5
"13572",20.0480647242492,24.7733050780865,4,5
"13573",21.4676546081928,30.9734302787696,4,5
"13574",22.5315430588882,35.6465415198359,4,5
"13575",22.0365803719394,29.9321109127357,4,5
"13576",20.0003590352458,22.1554563381174,4,5
"13577",21.9689277658796,33.0375956833823,4,5
"13578",22.2428539461093,28.5788514821596,4,5
"13579",22.0519211168336,34.7228400212871,4,5
"13580",23.0164603250049,30.577428039765,4,5
"13581",21.860374838228,30.8259051985843,4,5
"13582",21.5080494184895,28.8000292334843,4,5
"13583",22.5732515422183,32.6139891097256,4,5
"13584",20.4314675014116,26.8443243055366,4,5
"13585",18.2581609093679,20.7287128641296,4,5
"13586",22.5844875318821,35.609406990473,4,5
"13587",22.7823136926194,28.0309803023582,4,5
"13588",22.1550027493433,30.6828566806114,4,5
"13589",23.4464182633749,38.9828950372472,4,5
"13590",18.4752339398832,25.5229167790956,4,5
"13591",19.5104190543452,31.3482520485567,4,5
"13592",21.585343409125,31.5913298291833,4,5
"13593",21.8872088000793,30.206211833815,4,5
"13594",23.2261077657907,32.5038441998959,4,5
"13595",18.8091872183126,25.8164507223441,4,5
"13596",19.7815709994493,21.2879243500223,4,5
"13597",21.4513578890922,29.7074760261102,4,5
"13598",22.1721169568746,36.2023094701059,4,5
"13599",22.5538727057824,33.638790618688,4,5
"13600",18.4312368293098,22.2124835483759,4,5
"13601",21.1482481561773,29.76823135585,4,5
"13602",22.6313824732187,26.8589029686779,4,5
"13603",22.2217979834246,32.5798638792272,4,5
"13604",21.1492140432506,26.0904149306485,4,5
"13605",23.1741162994521,30.2011477716757,4,5
"13606",21.1115641236687,27.8265894540512,4,5
"13607",21.2670916276596,32.993634937159,4,5
"13608",17.4489734647896,22.003480834089,4,5
"13609",22.5570060464907,32.8891862108956,4,5
"13610",21.4300764432532,29.3389367859695,4,5
"13611",20.2108779466889,28.8342391865778,4,5
"13612",20.2336939391989,21.968247288355,4,5
"13613",22.2782998223513,31.6331625340677,4,5
"13614",19.7748999712972,20.4126664400283,4,5
"13615",19.8093527311362,27.6459489519066,4,5
"13616",22.8388269357165,31.4914852678685,4,5
"13617",19.7073334526851,20.5729446486378,4,5
"13618",18.2343051504901,22.5481524627349,4,5
"13619",19.7563475672919,23.0941487522164,4,5
"13620",21.7685264257182,27.4917025592032,4,5
"13621",20.2639105975395,28.6243213048081,4,5
"13622",18.3829191378153,19.5896270161144,4,5
"13623",20.3426962509362,27.0892410732021,4,5
"13624",17.3007608257274,22.5782678659329,4,5
"13625",21.1826645777515,29.5336724453693,4,5
"13626",19.0873142791962,31.2008571938351,4,5
"13627",19.6352029259841,29.2492106303049,4,5
"13628",23.517924163682,35.9995418299216,4,5
"13629",17.6215971274969,22.1209854729358,4,5
"13630",21.6522286298162,30.1283599642568,4,5
"13631",21.0789260545442,30.260631662106,4,5
"13632",19.4095709629531,26.319472519471,4,5
"13633",21.4808642411898,29.2960700658669,4,5
"13634",20.3908749826259,31.0151068657941,4,5
"13635",20.4760453547443,29.4345327956936,4,5
"13636",22.396276046641,33.2804548682658,4,5
"13637",20.13157647768,25.0082845153239,4,5
"13638",20.5041761187494,27.5595683613265,4,5
"13639",21.6710050769099,27.0235501350089,4,5
"13640",20.271734954362,29.8359395767778,4,5
"13641",18.957168297841,28.1429136343079,4,5
"13642",21.6435863370741,34.0126835095044,4,5
"13643",20.8110062842171,24.1530181817526,4,5
"13644",20.1442421984136,23.5983237850745,4,5
"13645",20.6858854285276,28.9077432085296,4,5
"13646",18.7328865286279,29.9404459018708,4,5
"13647",17.7114599845849,27.8023685144453,4,5
"13648",20.1495751606027,28.924531340802,4,5
"13649",20.7843056667942,27.0173213594731,4,5
"13650",21.3629553541687,30.255880937147,4,5
"13651",19.1286061271041,21.6606678631607,4,5
"13652",20.3907293373619,26.7236759560424,4,5
"13653",17.7950043018819,23.0896725551477,4,5
"13654",21.5532059414753,26.2721715134231,4,5
"13655",19.7082752646579,29.3321856584975,4,5
"13656",20.4645828374906,31.4928034484605,4,5
"13657",22.3903376809191,31.6907026159837,4,5
"13658",20.5473426538138,26.053281616572,4,5
"13659",22.0646602424106,32.5187219998532,4,5
"13660",20.773116453907,27.6026114296934,4,5
"13661",20.4066262236676,28.3144757756775,4,5
"13662",20.9003333765865,28.3541302088812,4,5
"13663",21.1226904702649,25.8941817650408,4,5
"13664",21.6080375483752,25.248430510296,4,5
"13665",21.5888713389083,25.9886370107131,4,5
"13666",20.8694882851561,31.4284875878693,4,5
"13667",20.9993338991123,29.9423347092455,4,5
"13668",21.0905488803592,24.7539201374746,4,5
"13669",20.8363366705766,21.7071055901021,4,5
"13670",23.0700803851274,32.5253476579675,4,5
"13671",21.0173657202621,32.9761936018931,4,5
"13672",18.4876272868166,23.0346970684933,4,5
"13673",21.583497944165,34.4373561142354,4,5
"13674",21.4850424902827,28.0122683186765,4,5
"13675",19.7674072533672,23.3703130821665,4,5
"13676",22.0005975827173,33.0080625428516,4,5
"13677",19.6837438983222,20.0869858690452,4,5
"13678",22.9972704137565,32.8314454898328,4,5
"13679",21.9178210599018,27.9595190193565,4,5
"13680",20.7697289313279,26.8628122118425,4,5
"13681",17.082848581722,20.0452280909641,4,5
"13682",22.4633245885109,29.6340801554007,4,5
"13683",23.3109768433372,31.6978706591412,4,5
"13684",21.8246836885436,29.1989179069596,4,5
"13685",21.5773585746214,35.0368202395959,4,5
"13686",21.4007932854041,34.1830434030111,4,5
"13687",21.164782233095,29.9804135648274,4,5
"13688",19.9863301132166,22.9789280524835,4,5
"13689",23.1062804434023,26.5825396499631,4,5
"13690",23.0116493612102,33.060898423693,4,5
"13691",22.815833003627,33.0535108818039,4,5
"13692",21.4824608670707,30.0868450143123,4,5
"13693",21.4991236914858,28.8209062864026,4,5
"13694",22.4976245243451,27.8497124684921,4,5
"13695",20.2203914458526,24.0906941979449,4,5
"13696",19.7114914018216,27.074009412449,4,5
"13697",17.2295557132456,17.3159959558431,4,5
"13698",21.0451906805537,23.7638416869324,4,5
"13699",20.4779305911283,23.0012308504879,4,5
"13700",20.5299193071985,26.4007462008927,4,5
"13701",19.466738797005,21.1907195486893,4,5
"13702",22.2301709359326,32.9200379885486,4,5
"13703",23.8378940157166,38.6008906470716,4,5
"13704",20.2182154277773,27.9163394241189,4,5
"13705",21.6324769007897,30.9373212859252,4,5
"13706",22.5291554460201,37.390023085314,4,5
"13707",21.0128375111169,28.8554342736141,4,5
"13708",21.458440282901,30.2284673510995,4,5
"13709",21.671790372335,23.0746961102765,4,5
"13710",18.9498181142031,24.2695432824288,4,5
"13711",23.3109051151518,34.1730368716056,4,5
"13712",21.2980783882444,30.9202968081748,4,5
"13713",18.8913233241215,24.5589297001264,4,5
"13714",21.7282696019881,31.1330014838512,4,5
"13715",21.3142492572698,25.3266680787301,4,5
"13716",21.6343496310643,26.0894811497758,4,5
"13717",22.3033829329535,32.100268106187,4,5
"13718",21.6515400422923,26.6817360904383,4,5
"13719",22.8748160826253,31.9943868442619,4,5
"13720",21.2227648875228,31.707821708228,4,5
"13721",20.5937397504614,29.2785315908353,4,5
"13722",21.7686645669245,30.0891402634848,4,5
"13723",19.8723453520975,22.0771134688057,4,5
"13724",22.1926933651553,33.6321943188103,4,5
"13725",19.5451193579737,27.3757286411105,4,5
"13726",19.2575679978864,25.3009209441955,4,5
"13727",19.8834981762359,28.0808904979247,4,5
"13728",19.7882166209889,24.7730283314629,4,5
"13729",21.9424403626069,33.6240390471382,4,5
"13730",19.5886434699032,29.2621934355975,4,5
"13731",20.4270208740111,20.4873565525917,4,5
"13732",19.766891573432,27.8832401582108,4,5
"13733",19.7301409471102,28.3674769744332,4,5
"13734",20.0691527156877,29.2888833239735,4,5
"13735",21.0462440660947,30.2641297741934,4,5
"13736",19.4165446749678,26.6119626699316,4,5
"13737",19.2028104299821,28.4954955709916,4,5
"13738",20.1119512448293,26.0303408963628,4,5
"13739",21.2418044588769,25.6843828582066,4,5
"13740",23.1084924372195,33.0361198165008,4,5
"13741",22.4524068085785,31.1523140671995,4,5
"13742",19.9964320002054,30.4722355439132,4,5
"13743",21.0710796782183,27.1450546373653,4,5
"13744",20.9177667449536,28.2504976740101,4,5
"13745",22.9696448012642,28.8097976790087,4,5
"13746",19.9090878198966,30.961144463551,4,5
"13747",22.6577523894969,26.7655765099483,4,5
"13748",20.2786362772156,25.6396003906339,4,5
"13749",19.4089526916493,25.102330555378,4,5
"13750",20.7682276657493,28.0254460720993,4,5
"13751",23.2273513988251,30.4575610560922,4,5
"13752",23.1073510494406,32.1334546602407,4,5
"13753",19.3461238725405,25.515235309184,4,5
"13754",22.1829520025034,30.8612198485077,4,5
"13755",21.0026152696764,30.535071310422,4,5
"13756",22.0361818313537,29.7821791559595,4,5
"13757",20.9331182654528,29.1733493879785,4,5
"13758",19.5504419009007,23.7308478435073,4,5
"13759",23.184933667394,32.2639919766241,4,5
"13760",19.2794785953553,23.1028012549709,4,5
"13761",21.4315089593972,24.2598825618748,4,5
"13762",21.7214743123025,31.9752614256309,4,5
"13763",24.2086772921049,38.703459146302,4,5
"13764",19.6741359416772,25.8357366203737,4,5
"13765",19.9414283249586,24.055442981591,4,5
"13766",22.0901193526286,27.5775221478552,4,5
"13767",21.3060740455601,28.2734062273344,4,5
"13768",19.4974177762251,26.2017296196941,4,5
"13769",20.088958287073,31.0555244918145,4,5
"13770",21.8014660348785,29.9454036807936,4,5
"13771",22.7269263553641,34.1458548114388,4,5
"13772",19.4296703938255,28.8696098649998,4,5
"13773",21.9943579437806,30.4876548037095,4,5
"13774",22.2524293161349,30.6812176274946,4,5
"13775",18.4585923058344,25.0282182724532,4,5
"13776",23.7775832618809,35.5600642322281,4,5
"13777",21.4944544601931,28.1139412337719,4,5
"13778",20.4665375285491,25.4129309473745,4,5
"13779",21.320267792599,31.2824024271269,4,5
"13780",18.5682084441288,23.8948743363101,4,5
"13781",23.0361158934824,38.3731226943928,4,5
"13782",22.7557901722578,33.900753717509,4,5
"13783",20.3122193419135,28.6592489000063,4,5
"13784",19.1759238530378,28.5933112770622,4,5
"13785",20.2065512957516,24.2911638524577,4,5
"13786",21.1265856211506,28.7411105211548,4,5
"13787",19.9858217479473,24.7016353503424,4,5
"13788",21.7496951246422,30.7968722633895,4,5
"13789",19.2238082540686,29.0922123555882,4,5
"13790",19.6864138879084,27.2041564644,4,5
"13791",23.3358147885052,33.5639507900632,4,5
"13792",20.5972157160959,25.5951272821184,4,5
"13793",21.7033137788618,33.0436388852796,4,5
"13794",22.1156713515508,29.8859591818233,4,5
"13795",20.648857279688,30.2887144888194,4,5
"13796",22.7722668592931,38.7939152391321,4,5
"13797",20.9345661880566,27.2426019800623,4,5
"13798",21.4862722448101,31.6549147760217,4,5
"13799",21.7093828894268,29.7098333101127,4,5
"13800",19.8961290404346,28.1714544409608,4,5
"13801",23.2763166655388,31.272706685232,4,5
"13802",21.768074389734,29.9014681010079,4,5
"13803",19.6373593310685,27.5151281598747,4,5
"13804",21.0631598164067,32.9002166923769,4,5
"13805",21.1131934189272,27.2927525886529,4,5
"13806",19.9155575659762,29.1663161062836,4,5
"13807",20.491401095497,28.3558554590713,4,5
"13808",24.0026047364684,32.0653314958748,4,5
"13809",21.473408566758,29.7706148091199,4,5
"13810",22.6127903884264,28.5951474253948,4,5
"13811",19.6741968426614,30.5879451788496,4,5
"13812",22.6790128620533,35.2290001499098,4,5
"13813",19.9512192660168,29.841025166033,4,5
"13814",19.5072428468163,23.6212054811661,4,5
"13815",20.5711769250573,23.1726171403017,4,5
"13816",20.6304629052036,30.5690674641183,4,5
"13817",22.1414402858068,28.2492909116,4,5
"13818",20.6954887980349,29.7581302609925,4,5
"13819",20.6155205373628,25.5534509022551,4,5
"13820",19.6411173489713,24.5640074485579,4,5
"13821",22.3481284821207,34.5324940132154,4,5
"13822",21.2874411900616,29.517067821082,4,5
"13823",22.9093077350268,26.9932760804321,4,5
"13824",18.0725105728551,23.1876740771096,4,5
"13825",22.2081136660269,30.2859821670906,4,5
"13826",18.7013627058388,23.1954181655407,4,5
"13827",20.649453131205,29.8566090566382,4,5
"13828",21.4923518506638,27.217706497703,4,5
"13829",20.9249555817909,28.268979101066,4,5
"13830",22.9286153182094,34.7701707964141,4,5
"13831",18.4031120711606,27.4249701635357,4,5
"13832",19.9830107494016,25.4834216300342,4,5
"13833",22.0191644193813,31.356562337649,4,5
"13834",21.9904086343295,27.176199192601,4,5
"13835",17.7933678489235,20.2318109731565,4,5
"13836",21.7824166999223,29.4038281399309,4,5
"13837",22.0273447289773,31.9925028551831,4,5
"13838",20.836891697956,31.8220573393971,4,5
"13839",22.3119244009829,32.7288788547367,4,5
"13840",21.747700734185,30.7710346789475,4,5
"13841",20.2422639705993,25.278035585669,4,5
"13842",18.8280602010498,24.5447645769971,4,5
"13843",19.4546084010924,28.4705772685216,4,5
"13844",21.0660136852795,31.4614806426175,4,5
"13845",18.7580932259176,25.3141951414507,4,5
"13846",17.4447359768441,24.2001498281801,4,5
"13847",21.9318098330735,33.3967162849646,4,5
"13848",22.682685259056,35.169059759844,4,5
"13849",22.3902770927724,32.8155188482901,4,5
"13850",20.6501121780619,30.8237777212904,4,5
"13851",19.0854947485396,28.4212937853509,4,5
"13852",20.6711868206264,32.845548384299,4,5
"13853",20.1152286636371,32.522931383556,4,5
"13854",19.6276644677359,21.1931727125534,4,5
"13855",21.3389003441956,26.5088255845029,4,5
"13856",19.4922100927582,29.4358476431488,4,5
"13857",19.2278838480497,23.5059606773919,4,5
"13858",20.0799072749822,26.8249716220218,4,5
"13859",21.0746609506718,27.893638108174,4,5
"13860",23.5142887714405,36.4528483016492,4,5
"13861",21.6332490346562,25.3708295869234,4,5
"13862",21.4792046981936,29.5075158559716,4,5
"13863",20.9410625351383,30.7819435239987,4,5
"13864",17.5638190387859,18.4757814333848,4,5
"13865",19.3927455806789,29.7963626906948,4,5
"13866",21.2095254321418,32.9556028785254,4,5
"13867",23.3397366193589,37.5074129807895,4,5
"13868",22.8952678666938,30.3892355526615,4,5
"13869",22.0558722183036,30.8994900453189,4,5
"13870",21.3898271371707,33.3692308178394,4,5
"13871",21.0152794617547,28.814715302986,4,5
"13872",19.9173413876146,27.4100750955414,4,5
"13873",20.6857175004336,26.0047075187407,4,5
"13874",21.3107334280645,27.4617687111647,4,5
"13875",21.914896112175,31.7431182113616,4,5
"13876",21.75368141174,38.0739008426557,4,5
"13877",20.717463439603,31.6907865492195,4,5
"13878",23.1753347127643,32.9214414907055,4,5
"13879",21.9617742771749,32.4669348394932,4,5
"13880",20.7272114574221,31.8080868062066,4,5
"13881",21.9645050275212,33.942268002746,4,5
"13882",21.2360806939181,24.3472658899329,4,5
"13883",20.4165602429752,22.827853052049,4,5
"13884",20.5723203403367,27.099410904633,4,5
"13885",21.83353415368,32.4081073270185,4,5
"13886",21.8968178284583,34.2941111077373,4,5
"13887",20.8989715627909,27.3534430882481,4,5
"13888",21.9281934345324,29.8143946493051,4,5
"13889",21.8921094000314,30.1569451566026,4,5
"13890",23.3668166071,27.1938592467021,4,5
"13891",20.696587851667,28.7281486034902,4,5
"13892",22.3474298505615,35.0376147691037,4,5
"13893",19.5346171751114,24.4838527437786,4,5
"13894",16.8985948146708,23.276403241785,4,5
"13895",18.4651845585933,23.0753911146997,4,5
"13896",21.0664859192237,27.9220763831621,4,5
"13897",21.4183148789239,32.3823196327355,4,5
"13898",24.6703226578763,30.1921175611578,4,5
"13899",23.5250539853845,32.8794641203008,4,5
"13900",19.0600230468554,26.5637465851483,4,5
"13901",22.7459937275306,33.5165437709593,4,5
"13902",19.599480450272,21.8948133278041,4,5
"13903",22.2772655171713,33.8505907254258,4,5
"13904",21.151080203381,26.9876693570917,4,5
"13905",19.839427990223,25.6408943518731,4,5
"13906",20.7609888462876,28.2831464042114,4,5
"13907",21.7761724845332,29.3841136593091,4,5
"13908",20.179243948704,28.9316105693862,4,5
"13909",20.3697490764308,24.7227464949334,4,5
"13910",20.964774038552,26.4574383918751,4,5
"13911",19.3370810618838,28.0983901939981,4,5
"13912",21.1166126304478,23.489559747398,4,5
"13913",17.8909162996679,19.4344795576375,4,5
"13914",24.1952221854098,34.6419044561203,4,5
"13915",20.4961325544118,30.6451548464935,4,5
"13916",18.3610485797565,22.8850553645007,4,5
"13917",20.4546105349264,24.3939294284735,4,5
"13918",20.9501605349605,30.8426547712935,4,5
"13919",22.4561855077494,30.2040527456062,4,5
"13920",19.3296993028577,24.5274488703044,4,5
"13921",22.0616861805077,31.9404555200203,4,5
"13922",21.306047075697,31.4474577209482,4,5
"13923",20.7442492459177,29.6687589773353,4,5
"13924",21.7230520160935,30.2019288207087,4,5
"13925",20.7778978780042,30.8266849636588,4,5
"13926",19.4060602291028,29.0739337391336,4,5
"13927",23.1317609975241,34.272437825899,4,5
"13928",20.6494598507014,24.4358927356671,4,5
"13929",20.3562200093855,26.3666862285933,4,5
"13930",19.2299406239081,27.998339643356,4,5
"13931",21.0246072569881,25.9726194230802,4,5
"13932",21.5849547941917,30.821063696305,4,5
"13933",22.2358763607424,34.9848983260898,4,5
"13934",21.7578533522303,32.850105798941,4,5
"13935",21.316943676114,26.1431025302224,4,5
"13936",19.9751504399524,24.2337453801075,4,5
"13937",19.7438192470543,26.3797691892431,4,5
"13938",21.1557591103905,26.8486787037357,4,5
"13939",20.9522249435575,27.4123211158663,4,5
"13940",17.8607964574483,18.5243003212643,4,5
"13941",21.9156243254207,34.3220469057621,4,5
"13942",19.2667354692244,25.0438488549522,4,5
"13943",19.7449506560722,28.5175414608544,4,5
"13944",19.803696580472,32.3876230957626,4,5
"13945",16.7582037484381,23.3910638115571,4,5
"13946",18.9325625347293,28.6778799219313,4,5
"13947",22.1141949951984,29.8499874862866,4,5
"13948",21.0709512014783,27.1603774990348,4,5
"13949",21.3227561740789,29.5961980569439,4,5
"13950",22.0996621330305,32.6810129813474,4,5
"13951",18.861638667774,31.1152449607234,4,5
"13952",19.740138497024,29.2479276353435,4,5
"13953",22.5456970140123,25.982080935529,4,5
"13954",21.2393720326667,29.9358222707366,4,5
"13955",19.409670880232,22.3281581872445,4,5
"13956",19.8086141659509,26.4027136904204,4,5
"13957",21.7002696917696,28.7585845352671,4,5
"13958",19.6161125862119,29.0382092878372,4,5
"13959",22.7588829262583,32.2660867842143,4,5
"13960",22.0391569367089,27.2752733775524,4,5
"13961",21.4083976490265,34.738453869259,4,5
"13962",20.8335939442574,25.2266040757548,4,5
"13963",21.8517016772773,26.7297693142308,4,5
"13964",21.9043672134534,27.9961286568843,4,5
"13965",24.3478057309004,32.4046308896995,4,5
"13966",19.7972993371877,22.1111010924584,4,5
"13967",20.8995244799531,29.3398322050652,4,5
"13968",22.3059709363507,36.1196253068382,4,5
"13969",21.6968650166688,26.313651529367,4,5
"13970",18.4543724649698,30.3457807194173,4,5
"13971",21.5115870380706,31.0298039798596,4,5
"13972",20.9272410524157,23.0312522629346,4,5
"13973",20.5145768665682,26.2878984608737,4,5
"13974",20.7556941263293,29.4837492660016,4,5
"13975",19.6902235252783,35.3068191708612,4,5
"13976",20.7298256438332,28.2784718239662,4,5
"13977",20.4399040722955,29.5593444525133,4,5
"13978",21.0684882713495,26.4762349791068,4,5
"13979",20.2580655618341,22.1528524869348,4,5
"13980",22.002281814767,28.78538257891,4,5
"13981",20.4388304871507,30.1167292547554,4,5
"13982",20.8092569067981,29.7980379648958,4,5
"13983",22.5966676887015,25.7250254718034,4,5
"13984",18.3188251900085,26.753863418488,4,5
"13985",23.3694234501633,37.9261420451696,4,5
"13986",18.9148479341599,29.2645419814301,4,5
"13987",21.0252274529255,29.9465409120031,4,5
"13988",19.1212098927992,23.4607451499897,4,5
"13989",22.8106972164375,30.0908358418265,4,5
"13990",20.4744280894152,24.7971522925496,4,5
"13991",19.4870992020921,30.0569860848256,4,5
"13992",21.1545708262037,30.2366975578728,4,5
"13993",21.5742340728342,29.6186517551067,4,5
"13994",20.2952333410479,24.1333078930941,4,5
"13995",18.0267103004039,21.1924297269688,4,5
"13996",21.0557890103134,31.6870293670977,4,5
"13997",21.1599240209347,27.6517231529495,4,5
"13998",20.2763776328391,27.4065956483956,4,5
"13999",19.9277505786306,28.2736880863716,4,5
"14000",20.0343326437351,25.0370348315071,4,5
