"X1","X2","component","subcomponent"
"11001",2.32366905909068,3.97459545589236,1,2
"11002",5.15367307469004,3.62588734754029,1,2
"11003",3.9895184477206,5.54822233281622,1,2
"11004",2.97790905826771,4.93215556823639,1,2
"11005",4.36850668262915,5.5045905680032,1,2
"11006",5.12308093717176,2.72030596792572,1,2
"11007",5.87785181047102,4.84847884413535,1,2
"11008",6.28843566368803,4.75087520420945,1,2
"11009",2.30761769255554,5.24975428692612,1,2
"11010",5.58440598244109,2.68055094059793,1,2
"11011",4.36905376017643,3.47747675971735,1,2
"11012",6.4609930309792,4.52755273635219,1,2
"11013",5.22138236025868,2.97322043402986,1,2
"11014",5.538273877917,2.41404380555571,1,2
"11015",4.81520298571143,5.29876344491947,1,2
"11016",0.572545229880698,5.23353151873904,1,2
"11017",3.44201492361476,5.87133371939666,1,2
"11018",4.56169022142411,3.85660515919353,1,2
"11019",5.88371509184552,5.54143496999124,1,2
"11020",4.59665750995428,2.92862955784491,1,2
"11021",2.96743887889761,2.32460544996108,1,2
"11022",4.48589205560033,4.98089844880172,1,2
"11023",3.90036024648385,1.98134385105596,1,2
"11024",4.84445110246724,5.03850391301662,1,2
"11025",4.68175228164242,3.56957493970993,1,2
"11026",5.99727212124645,3.23440581717392,1,2
"11027",4.04742254275942,5.47388345091937,1,2
"11028",3.81993643989579,3.64296195079425,1,2
"11029",2.05309758726172,2.99694632874079,1,2
"11030",6.63724718710068,3.91232483512148,1,2
"11031",4.38971292191371,3.16456830402404,1,2
"11032",4.96874708345651,2.65791328918861,1,2
"11033",-0.00934834274099072,4.45786492528114,1,2
"11034",6.84395331210894,3.36783202575172,1,2
"11035",5.39287116987667,3.14468633065524,1,2
"11036",5.41015093257074,3.23568137396058,1,2
"11037",4.37900712711721,0.954268126604428,1,2
"11038",5.08897212484193,3.83737084333363,1,2
"11039",4.80275324047655,4.21853844708753,1,2
"11040",1.8523310582123,1.08502059155463,1,2
"11041",6.23125589304843,5.84194247992227,1,2
"11042",7.7356342368519,4.63027052372329,1,2
"11043",3.3993311962159,3.34766182378809,1,2
"11044",4.92919082297796,4.66413340092425,1,2
"11045",3.28869112902926,2.19146194454156,1,2
"11046",3.71261842544195,0.601212561647002,1,2
"11047",3.97198937587854,4.90267066406852,1,2
"11048",2.7082363300882,2.37946041002818,1,2
"11049",6.63570404657283,5.13512018733238,1,2
"11050",5.35283179921913,4.4234145587664,1,2
"11051",1.00924114118769,5.8246520105631,1,2
"11052",2.77419755137723,3.09615611496686,1,2
"11053",3.71348001844777,4.82932348896192,1,2
"11054",5.85435943134752,1.86837850668471,1,2
"11055",5.72498063078198,1.59093640491737,1,2
"11056",7.16708892106661,4.21730313944414,1,2
"11057",3.53473292288145,2.03241864601072,1,2
"11058",2.30394180398208,5.62482730920517,1,2
"11059",2.00786215286774,3.38367745646903,1,2
"11060",5.09032710765663,3.98602083695896,1,2
"11061",2.73474893200254,3.38376241464384,1,2
"11062",5.61800625492616,3.34662185869835,1,2
"11063",3.20506013663581,3.17996394208853,1,2
"11064",4.3083501767105,3.00198662590534,1,2
"11065",5.73856163230013,4.29774485793573,1,2
"11066",3.3138470565079,4.19342664934848,1,2
"11067",5.10387529193149,2.30053731198834,1,2
"11068",6.79579263196458,3.85460030291882,1,2
"11069",2.03118454789975,0.860278300263497,1,2
"11070",3.85074260893844,4.53966015260912,1,2
"11071",1.94702779757685,3.30118745150232,1,2
"11072",5.25930743892864,3.98137407496988,1,2
"11073",5.98650883018516,5.19977227211107,1,2
"11074",3.09661822152188,2.65702760385027,1,2
"11075",5.44009633476655,4.58946348857507,1,2
"11076",7.87970067722492,3.00975371374879,1,2
"11077",5.8499297646511,3.95485154546061,1,2
"11078",3.69913660843844,3.98096760775962,1,2
"11079",2.74016439659889,3.23354415296148,1,2
"11080",3.49880567762326,2.90414902962269,1,2
"11081",5.39136372469319,6.91618953679814,1,2
"11082",4.35266597896725,3.5328487312427,1,2
"11083",4.06681662494872,0.636478264930363,1,2
"11084",2.2838190962212,4.85236223407286,1,2
"11085",4.97442344407401,3.53657215098045,1,2
"11086",5.50683088903332,2.92475292547671,1,2
"11087",4.4411008995121,1.97687298351335,1,2
"11088",4.03412538347561,2.82637210856632,1,2
"11089",6.17469132423093,6.68698619109537,1,2
"11090",3.61394395509635,2.89282223507007,1,2
"11091",2.27134401032137,3.75705336462999,1,2
"11092",4.04029024339463,2.391917227128,1,2
"11093",6.75710445366445,1.99832110764532,1,2
"11094",4.32517686986134,4.93178676342314,1,2
"11095",3.22429941121083,3.66280178029508,1,2
"11096",5.64085072965681,6.40274067849679,1,2
"11097",3.58999684005376,3.65150463920647,1,2
"11098",2.37651963573441,4.03485663337464,1,2
"11099",6.14473378319438,4.82900806059857,1,2
"11100",5.67795596228277,5.10906456614627,1,2
"11101",2.31898551124056,5.04012991491129,1,2
"11102",2.77939348661101,4.79801955947325,1,2
"11103",4.06613429013836,7.64363532092097,1,2
"11104",5.62488314464371,-0.190564006682209,1,2
"11105",5.90257095697455,1.68834942099743,1,2
"11106",4.12702248637177,5.02740437942445,1,2
"11107",5.53240629073968,7.35769262285421,1,2
"11108",6.40938488004777,1.95978305189125,1,2
"11109",6.00847670926759,3.93452427254448,1,2
"11110",3.15790381125109,5.18816794300348,1,2
"11111",3.39150227787773,3.89266882428161,1,2
"11112",4.8727691755408,1.71658338068513,1,2
"11113",4.86449300037633,5.04854468643712,1,2
"11114",4.05229982048308,4.48520417899361,1,2
"11115",8.91651922957638,3.05753943772993,1,2
"11116",4.8670089505996,1.66499551052691,1,2
"11117",4.96172360744192,5.62942321453404,1,2
"11118",3.14088291135399,4.87572964333057,1,2
"11119",5.1891874144095,3.66514330343386,1,2
"11120",6.19114347920941,4.94332662045318,1,2
"11121",1.07309221158856,3.1385604992676,1,2
"11122",2.82069480964981,4.10543559474726,1,2
"11123",6.9693646888575,1.15606140819412,1,2
"11124",2.72882274500024,5.16555936873825,1,2
"11125",6.69635918312608,4.14745660923581,1,2
"11126",4.43675444667514,6.76796149117578,1,2
"11127",7.97471604671257,3.4438477738553,1,2
"11128",4.31964403386025,2.96892753567451,1,2
"11129",4.75780995948648,2.86361795555067,1,2
"11130",5.49049362994201,3.57240157587898,1,2
"11131",5.0921614401187,4.51255527339779,1,2
"11132",4.25605485474992,2.96539632235473,1,2
"11133",2.95485097797958,3.81444320386699,1,2
"11134",5.7371911771703,0.365893956714175,1,2
"11135",6.36006346180649,2.3413539349061,1,2
"11136",0.569538569244171,4.38700659124622,1,2
"11137",3.55194491481703,1.44287676617817,1,2
"11138",5.35272978381298,2.52713419220486,1,2
"11139",4.31623783953028,2.97834424016039,1,2
"11140",6.14953733746683,4.0943106589034,1,2
"11141",7.49191119746876,1.4331671893445,1,2
"11142",5.12737166647087,3.75060493815111,1,2
"11143",3.90040734993635,6.20217321631671,1,2
"11144",4.94228977133119,4.85367895943751,1,2
"11145",2.89547156933155,4.17648653097672,1,2
"11146",4.78804010362009,3.70949503678653,1,2
"11147",4.57991796185934,2.58479647498344,1,2
"11148",3.74986684064959,2.56726028672254,1,2
"11149",3.05511501730332,5.72509345202784,1,2
"11150",5.87494252345297,3.42224712011314,1,2
"11151",6.36640655845153,4.58781498081669,1,2
"11152",5.39553381304725,6.04549011729705,1,2
"11153",4.46710146458076,2.61419821053582,1,2
"11154",5.5159572795482,2.93490233392857,1,2
"11155",5.00182772866316,4.53083089728438,1,2
"11156",3.74765071022402,5.38993941873757,1,2
"11157",6.18805139421602,2.22849876145582,1,2
"11158",5.39054330952286,3.93385131486261,1,2
"11159",6.941281063244,3.17141563386499,1,2
"11160",5.89118865631032,1.27495808741392,1,2
"11161",6.2284282147596,3.00808166904339,1,2
"11162",1.18767299277417,5.30065979291072,1,2
"11163",5.00274479565939,3.91791276569177,1,2
"11164",4.66690381473851,3.60313436243535,1,2
"11165",6.38100785655498,6.23071243875049,1,2
"11166",4.13994782180372,4.72399992343434,1,2
"11167",3.35951497846151,1.72525002244665,1,2
"11168",4.82624449955053,4.12314606461923,1,2
"11169",4.2224629046286,3.82066318219948,1,2
"11170",5.12688451875074,2.87101470859258,1,2
"11171",2.08901641778769,3.38385997707899,1,2
"11172",6.80923889905315,1.65775077082593,1,2
"11173",4.17503829500151,5.31096881750525,1,2
"11174",5.83840619778388,5.76330967552524,1,2
"11175",4.45283023529163,5.19280417381348,1,2
"11176",4.96908839928168,2.44721427272994,1,2
"11177",6.2477599104435,5.03883373255897,1,2
"11178",3.48568562320146,3.59502776870405,1,2
"11179",4.82430599498252,4.46736966599208,1,2
"11180",6.08881625845513,5.86752562251322,1,2
"11181",7.80565617282459,2.42773078564632,1,2
"11182",8.40823900770364,4.75330499105418,1,2
"11183",2.53655911737091,3.94859728492958,1,2
"11184",3.48357839140912,2.64185386220964,1,2
"11185",2.75980669064232,3.31326545701505,1,2
"11186",5.62250862332275,2.68482871428116,1,2
"11187",6.64597457015119,4.76527844945181,1,2
"11188",6.55102660697298,3.13293138724625,1,2
"11189",5.76325883443224,6.2259587114489,1,2
"11190",4.34303518844742,4.82447420560159,1,2
"11191",3.77928125102077,5.23790447450889,1,2
"11192",3.21367673635455,6.61981408169285,1,2
"11193",6.1916231327806,2.31533816975011,1,2
"11194",3.36947184301872,3.62701587113144,1,2
"11195",5.56804379796329,4.80847410166808,1,2
"11196",2.8999581396227,5.72927312374082,1,2
"11197",5.56592827341107,3.78122326713763,1,2
"11198",4.92146470553437,2.6138367784516,1,2
"11199",5.26291512440516,4.22021299460144,1,2
"11200",4.61839158693024,0.852169433677606,1,2
"11201",2.81206463758421,4.42857158484468,1,2
"11202",4.13832589552733,2.55447193225754,1,2
"11203",3.11136418837067,3.492222236462,1,2
"11204",6.5253169830451,1.65986727953976,1,2
"11205",3.02845601851031,3.47964754930979,1,2
"11206",1.69503257432832,5.47822306428716,1,2
"11207",4.17402696500119,4.15235515011053,1,2
"11208",5.7650361249583,1.57587151984756,1,2
"11209",5.71594075280846,3.53871665581514,1,2
"11210",3.05947442176553,5.58706609453054,1,2
"11211",3.35284846489007,2.60407921734602,1,2
"11212",4.3218763464276,1.300699080196,1,2
"11213",3.38210045125576,4.19022415501381,1,2
"11214",5.63414192566923,2.68922851502276,1,2
"11215",4.53848054225932,3.08338176082696,1,2
"11216",5.28855878356548,4.39397653981166,1,2
"11217",2.82436282296304,4.02484165520497,1,2
"11218",3.74694158279237,4.51670173522419,1,2
"11219",2.12162946302242,4.5095519417251,1,2
"11220",3.04591902330686,3.55863019709391,1,2
"11221",3.42102952675392,2.6777901901928,1,2
"11222",5.01015591614289,3.33189809534764,1,2
"11223",5.46596702461106,3.22443727318309,1,2
"11224",5.64978341528701,6.63815124758197,1,2
"11225",2.48045784256988,3.57866134142288,1,2
"11226",7.21224853440088,5.04705854768336,1,2
"11227",4.1936620671771,4.78630686900244,1,2
"11228",6.57814341686709,4.3635931097725,1,2
"11229",5.78370195948787,3.20627109439517,1,2
"11230",3.69026143662699,3.79964514592491,1,2
"11231",4.92628291735537,4.46499415165581,1,2
"11232",4.38405739788527,6.32422034265248,1,2
"11233",6.83604804002614,6.23627883252112,1,2
"11234",4.5181627161614,2.40234221764431,1,2
"11235",5.77954207716689,3.82238190396784,1,2
"11236",6.53776484528484,4.27061663573223,1,2
"11237",4.6768403841975,0.564661408073399,1,2
"11238",2.78339620483646,3.25201535872568,1,2
"11239",3.53091995349085,2.82313196969142,1,2
"11240",3.88226595279505,2.7154659354765,1,2
"11241",7.81588795857115,1.99521871880502,1,2
"11242",4.0187091908411,4.37993507821667,1,2
"11243",2.91442909485662,4.21793779597339,1,2
"11244",5.27218664991005,2.8146988649368,1,2
"11245",8.03148787369747,6.01143196025503,1,2
"11246",3.24439649297259,6.6913128786853,1,2
"11247",3.94913324284314,5.49150835103367,1,2
"11248",4.29390685639817,2.53779487504232,1,2
"11249",3.87098912611515,2.26716366070375,1,2
"11250",6.54327920984195,5.01237496039724,1,2
"11251",4.15319001488448,3.02931261553266,1,2
"11252",3.38679430807241,6.2461159602423,1,2
"11253",5.82805549123288,4.52642478737101,1,2
"11254",1.38757744782047,4.07826419132972,1,2
"11255",3.02465124426585,3.44179558876426,1,2
"11256",4.68886103614092,0.531455047430315,1,2
"11257",2.44432165506176,5.47450344164955,1,2
"11258",5.58330889696121,2.89014888253825,1,2
"11259",5.48051730802976,4.94629194669449,1,2
"11260",3.46737778027423,3.71804778511258,1,2
"11261",6.55106957636593,6.6953552826623,1,2
"11262",7.62610248540266,6.40346288763846,1,2
"11263",5.37449300202218,4.4397259055258,1,2
"11264",0.020236356516669,3.46279382923788,1,2
"11265",6.47610400496393,3.78511252240051,1,2
"11266",3.73902275516768,2.1328477713333,1,2
"11267",3.49686457001195,3.56297498831517,1,2
"11268",3.98094877496803,2.34458790799194,1,2
"11269",7.04325814027026,2.23704488680564,1,2
"11270",6.2108280982518,3.42027097382364,1,2
"11271",7.06803459281428,2.59659301167474,1,2
"11272",6.93247143808864,5.28690623659968,1,2
"11273",3.17802970288183,3.9337071727235,1,2
"11274",5.01373427363154,3.05610324158009,1,2
"11275",5.00898367543499,1.40660131329816,1,2
"11276",4.67715743260652,6.04439687961846,1,2
"11277",3.77166293442347,5.3038120233124,1,2
"11278",2.36361650524215,4.17730961498751,1,2
"11279",6.23852476626834,2.17394340015524,1,2
"11280",2.40249612872357,2.16986715850401,1,2
"11281",5.4063024709473,4.06570648450319,1,2
"11282",4.25305366420466,5.39640766927433,1,2
"11283",2.45901992820452,1.69398577237724,1,2
"11284",5.37652502440156,3.90957365959384,1,2
"11285",3.71532232201439,4.33480335933378,1,2
"11286",2.6950162789456,2.08092581110337,1,2
"11287",3.62929001488913,5.39017304371458,1,2
"11288",9.2297311677292,4.79481035365141,1,2
"11289",0.582707112581925,3.89339271845144,1,2
"11290",3.94507572485022,4.61739629341027,1,2
"11291",7.68299462729617,4.49529288140835,1,2
"11292",4.13579879441738,3.21860462240233,1,2
"11293",7.25971375788672,3.07307758663911,1,2
"11294",3.09877713410232,2.2574612312697,1,2
"11295",2.76868826246887,2.58711090080946,1,2
"11296",6.13932659931088,0.499207313232468,1,2
"11297",4.51705692322824,1.24522066839206,1,2
"11298",3.4915716550973,4.10255461482827,1,2
"11299",3.53928680581211,3.24607260759137,1,2
"11300",4.3860685184451,4.45103767097408,1,2
"11301",4.78529996770107,4.96406926770041,1,2
"11302",4.71939844839937,3.80678252227627,1,2
"11303",6.77725866236282,3.60738126810991,1,2
"11304",3.84325806113894,3.39843038691584,1,2
"11305",2.91219272041452,5.75837571484112,1,2
"11306",6.48407195446212,4.61498711996523,1,2
"11307",4.64187392172047,4.48027741611237,1,2
"11308",4.85854500585432,0.950089512173383,1,2
"11309",6.75825437332837,2.81901761453341,1,2
"11310",6.75176196838563,6.41400003418324,1,2
"11311",2.96606206512669,4.24013197067583,1,2
"11312",6.96176739597676,4.95494479540826,1,2
"11313",3.38135509713827,6.28319070846922,1,2
"11314",4.1731396798581,3.83140535422998,1,2
"11315",3.89943330037324,3.3375279737028,1,2
"11316",2.24765861551013,1.25081226399463,1,2
"11317",3.75390951503959,4.70308803664215,1,2
"11318",5.53465308288218,4.05268396726318,1,2
"11319",5.25115405405064,1.75063551378275,1,2
"11320",2.92782375613691,2.27664597360562,1,2
"11321",3.36320288927756,3.36293335513875,1,2
"11322",3.21567324712597,4.4074864849181,1,2
"11323",6.36738550047774,3.1394073424876,1,2
"11324",3.67165809421334,4.0524894565021,1,2
"11325",5.54857956111182,5.4001384337343,1,2
"11326",3.92847621536311,2.42709336009955,1,2
"11327",5.10336766528068,3.53579166536203,1,2
"11328",2.34724392180764,2.88639588912429,1,2
"11329",1.65239788821146,4.42805335398162,1,2
"11330",4.52953009848645,2.69312483838759,1,2
"11331",3.02818006089041,4.23712256884006,1,2
"11332",5.02779382552635,3.07574581538145,1,2
"11333",6.1831075187549,6.38756552585991,1,2
"11334",4.8349599092592,2.6458444891046,1,2
"11335",6.17726383739272,6.6136346104012,1,2
"11336",4.99808741452405,5.62995231819663,1,2
"11337",3.22416194940676,2.18042926177823,1,2
"11338",4.60212021869876,1.45725909949341,1,2
"11339",5.54151678197422,3.29605603377023,1,2
"11340",4.57650221671012,4.18648817939047,1,2
"11341",5.23214343652321,3.12746491197022,1,2
"11342",4.12659032111614,5.88662246011618,1,2
"11343",4.10265803298142,3.74048209878292,1,2
"11344",5.0127398358962,4.63505313586263,1,2
"11345",3.33186464395233,2.42693958317182,1,2
"11346",6.18145670375897,2.67703458092865,1,2
"11347",5.34280131931931,5.12359847352606,1,2
"11348",4.16556416884317,3.21239285522761,1,2
"11349",6.54153065112508,2.93483660301385,1,2
"11350",4.28263125514663,3.08392710528136,1,2
"11351",5.53513131999625,5.33874709535962,1,2
"11352",4.5617291250383,2.80902279899995,1,2
"11353",2.49615078529871,4.47669389759663,1,2
"11354",3.84125494940926,3.36812114829968,1,2
"11355",3.38089148936203,3.91819777380356,1,2
"11356",4.05869651754503,5.00624693587779,1,2
"11357",6.6087357024011,4.01170721365305,1,2
"11358",3.14596526529581,0.883241320540158,1,2
"11359",4.32478484499627,3.26542775092726,1,2
"11360",2.86402103144456,5.43210682574147,1,2
"11361",3.31632251756378,1.78915068602984,1,2
"11362",8.08602787533555,4.6795458269639,1,2
"11363",5.41580277143893,1.90939312410399,1,2
"11364",5.58381720203157,3.38677596323479,1,2
"11365",5.20201912681461,5.73240373588053,1,2
"11366",3.8657387769152,4.99574391565386,1,2
"11367",6.63936450656587,3.43473653976771,1,2
"11368",5.25777475399509,4.07122732767442,1,2
"11369",5.50798949179732,7.56171639028758,1,2
"11370",7.4037309664877,1.18341222204692,1,2
"11371",4.82187895064841,5.06707037119408,1,2
"11372",2.95206130413686,3.91211612444532,1,2
"11373",4.371528627958,3.12735428470113,1,2
"11374",7.46382622852289,3.04343820834066,1,2
"11375",4.78021952511633,4.06452542063044,1,2
"11376",3.29392322691253,4.44583045866866,1,2
"11377",5.91426208773087,6.98364235867248,1,2
"11378",5.06367793560475,2.8803865306715,1,2
"11379",2.31440573330743,5.08177812776742,1,2
"11380",4.10342450986056,5.70087708724404,1,2
"11381",3.84076275827827,2.24652717618322,1,2
"11382",5.42453707218072,3.33459964479941,1,2
"11383",2.70617329019087,3.01334065132523,1,2
"11384",3.37339404168177,5.61362776568098,1,2
"11385",3.30892499104256,3.43354599440186,1,2
"11386",5.09670934471658,4.81565178865216,1,2
"11387",5.02640301434011,3.78987907482096,1,2
"11388",1.13885366618787,3.80502797021471,1,2
"11389",7.39613636569611,3.73452425636432,1,2
"11390",5.97627356373462,4.68619612503032,1,2
"11391",4.44321368568918,1.86469870406457,1,2
"11392",6.97951828306513,3.88765521668653,1,2
"11393",5.4352114631852,2.80681604360683,1,2
"11394",6.24860459083199,3.13230389677357,1,2
"11395",4.2066300660006,0.270663775632976,1,2
"11396",2.12552961702958,2.92504515618963,1,2
"11397",2.06277445396945,6.36904565194516,1,2
"11398",4.00990312723895,4.04749831541406,1,2
"11399",8.00989434278394,0.44579961301509,1,2
"11400",3.25296588773701,4.2772922154075,1,2
"11401",6.17865545540811,2.92088856014748,1,2
"11402",3.68683861125643,5.11100825304646,1,2
"11403",4.04017654806455,4.13405683582736,1,2
"11404",5.36825109353781,3.94564912339688,1,2
"11405",5.92105567930968,0.766940857251243,1,2
"11406",8.55339906531405,4.59354564355395,1,2
"11407",6.98540471549533,3.86367852863149,1,2
"11408",4.67640052557857,3.73541601559945,1,2
"11409",5.38684599228323,1.80563638770333,1,2
"11410",7.12164859454454,5.49745688361964,1,2
"11411",4.51027107682279,5.76652237057046,1,2
"11412",4.24205342877194,5.90280344013264,1,2
"11413",5.42232177194469,3.95664934428811,1,2
"11414",2.23833571634402,7.54006691611203,1,2
"11415",6.88781545812273,2.60044806970547,1,2
"11416",6.01842853505448,3.3186584480388,1,2
"11417",7.27378079922933,6.17839290108124,1,2
"11418",3.10308113447367,3.83446052647644,1,2
"11419",8.48476517739623,1.83027357767895,1,2
"11420",8.85939963275672,5.0740137737185,1,2
"11421",5.70085682391632,2.35673271197678,1,2
"11422",4.63493618179258,3.36027811715516,1,2
"11423",3.2006675609382,1.72706391320323,1,2
"11424",2.81822442357338,2.23139375119588,1,2
"11425",5.47430642663186,2.68943258331995,1,2
"11426",5.845130227575,4.8955604546914,1,2
"11427",5.31014180056085,2.53922179581087,1,2
"11428",0.794203564668977,-1.41866004404535,1,2
"11429",7.00399239129257,4.14338378803537,1,2
"11430",5.35023065845198,1.39135368405446,1,2
"11431",3.67721739792548,4.69590523058877,1,2
"11432",5.98074710631435,1.66347386636358,1,2
"11433",2.93034276796656,3.10187966577486,1,2
"11434",5.3515233774114,5.26364085086909,1,2
"11435",5.01541584350142,2.4596775182374,1,2
"11436",5.0589935385072,6.03026926879192,1,2
"11437",4.8184647957901,4.51917588616447,1,2
"11438",5.16127472160033,5.81889215747424,1,2
"11439",3.92670288465365,4.93041347512801,1,2
"11440",5.92532219885946,5.26217159877593,1,2
"11441",3.05526368722817,2.71191212640668,1,2
"11442",3.12937029042993,2.86918175469452,1,2
"11443",4.66412444742256,7.05640550764637,1,2
"11444",4.54023502636218,5.60570641963111,1,2
"11445",3.91068911444166,3.58906495118,1,2
"11446",5.96833451494087,3.58741809334393,1,2
"11447",2.37018332535201,2.01542689020053,1,2
"11448",8.24698505556036,2.12308837736997,1,2
"11449",6.43176291344037,4.59912872801505,1,2
"11450",2.11652470951762,1.28800488735352,1,2
"11451",3.06501079863518,2.3755944943476,1,2
"11452",3.26666078738999,1.71881528107579,1,2
"11453",3.73879873595532,4.84337470407318,1,2
"11454",5.03864325933644,5.49800589253378,1,2
"11455",7.06797049281354,4.38135979851128,1,2
"11456",5.16367884770447,3.21789957543037,1,2
"11457",3.26134105205974,3.41656301487755,1,2
"11458",3.15031912817433,2.65064761124749,1,2
"11459",4.21884094049288,1.66717590776229,1,2
"11460",4.9030217372352,3.08670122186604,1,2
"11461",4.31963948343179,0.901124135811731,1,2
"11462",6.06423208296722,2.55731125862403,1,2
"11463",5.06022137238203,5.81408244907651,1,2
"11464",6.57724746293053,2.30511566114033,1,2
"11465",4.66682663932726,0.959464085043217,1,2
"11466",4.11838156891782,3.56859395191533,1,2
"11467",2.86207029056871,5.35536046082332,1,2
"11468",4.3182664953873,4.08025266157165,1,2
"11469",3.14650769300267,2.8226903721753,1,2
"11470",1.82275174618219,4.9664213199262,1,2
"11471",6.55034247301966,7.8908676708856,1,2
"11472",3.82206059238374,2.27826629463653,1,2
"11473",3.13291634121016,5.33373471172951,1,2
"11474",5.51138797868723,1.60241942285841,1,2
"11475",4.9919251967366,1.67244491289743,1,2
"11476",5.40982755603942,2.11611785950431,1,2
"11477",6.31242435470555,2.56616231355995,1,2
"11478",6.88684184623808,3.05762831230894,1,2
"11479",2.99676163788925,4.74602967758142,1,2
"11480",2.95683499090922,6.11384499521027,1,2
"11481",5.64540252707242,4.47000842198081,1,2
"11482",1.05238260610595,2.55927961602809,1,2
"11483",3.57864138906015,3.63685031515417,1,2
"11484",3.38559749109624,4.12625909684907,1,2
"11485",1.97697089530018,3.10773945571527,1,2
"11486",4.15975416637342,6.12831457040862,1,2
"11487",4.23564054024085,5.14417726356768,1,2
"11488",6.52813430304516,3.54573785765712,1,2
"11489",2.92993394890718,3.41416367635833,1,2
"11490",3.76146929025162,4.10807178015003,1,2
"11491",2.1517374979321,6.20526746479605,1,2
"11492",4.98939624422573,2.96357932239042,1,2
"11493",4.18144240428704,4.45734939350727,1,2
"11494",6.86027751378626,5.0931568429948,1,2
"11495",2.04888127058388,3.46928071285035,1,2
"11496",4.83562734415654,3.15340287334771,1,2
"11497",2.94927452848937,4.2869369146315,1,2
"11498",6.35558809067477,3.35099252597464,1,2
"11499",5.83502417494074,3.32710103089318,1,2
"11500",1.15917197317193,0.294127620703916,1,2
"11501",6.59420922636461,4.55815502743031,1,2
"11502",3.21479069803499,4.91408729639577,1,2
"11503",3.45753013667317,4.54633446416171,1,2
"11504",4.453090191161,4.95961638740978,1,2
"11505",4.4727671005697,3.85906007093098,1,2
"11506",3.23461248227468,3.33815619672257,1,2
"11507",3.61522823764768,5.73907960041569,1,2
"11508",3.7860555273516,5.63791939249912,1,2
"11509",1.6001019301241,2.80949750249311,1,2
"11510",5.72835703939442,3.05242929793659,1,2
"11511",6.33537471767529,3.25787886631216,1,2
"11512",3.74725374341559,2.00661418163069,1,2
"11513",6.50840910826209,3.19652867178572,1,2
"11514",2.67829170724231,5.50002818741292,1,2
"11515",1.26794976989929,4.11292582916884,1,2
"11516",1.96702864466296,3.97647006278402,1,2
"11517",5.72469252713569,3.94567161464333,1,2
"11518",6.78220412987783,5.2430375346952,1,2
"11519",6.36143971682297,1.96118482357111,1,2
"11520",3.55555588720346,1.90065674259607,1,2
"11521",7.06197410255814,3.92805920326281,1,2
"11522",2.20927424669801,4.82650939262371,1,2
"11523",4.21718940078608,4.91907121289814,1,2
"11524",5.68881122169898,2.24897145859853,1,2
"11525",8.32333416026454,1.70248463347764,1,2
"11526",7.70482024387715,4.48770555732727,1,2
"11527",3.60796881388255,2.86668247564017,1,2
"11528",2.80122205933602,5.1908564184403,1,2
"11529",6.35852399594759,4.18657135955936,1,2
"11530",4.72077880315981,3.15318280949488,1,2
"11531",4.38976512467067,1.36431798590979,1,2
"11532",5.18534086295302,4.42999102837792,1,2
"11533",4.2762538363884,4.04182515639486,1,2
"11534",5.62378966505854,3.12944299488158,1,2
"11535",4.70661502470036,5.26901860046714,1,2
"11536",2.06582741531471,2.55137524805136,1,2
"11537",2.25974712889258,2.71875820058349,1,2
"11538",3.30684526836494,4.11179712163596,1,2
"11539",3.16095582014254,5.1918157499911,1,2
"11540",4.85270430291753,2.92280478753039,1,2
"11541",5.81477651086386,1.94211719435615,1,2
"11542",5.40346991063647,3.02855718316534,1,2
"11543",4.29954969068438,3.81228998216234,1,2
"11544",6.06601152814729,4.1433900777382,1,2
"11545",6.17392892530287,3.45168440721185,1,2
"11546",4.02533974217585,6.43333663184429,1,2
"11547",4.71772593358393,3.72229808627054,1,2
"11548",4.26943961656729,2.85377082695818,1,2
"11549",6.46017687805026,1.15544527267569,1,2
"11550",2.89575858180674,2.50777718884852,1,2
"11551",4.90828506202398,4.50096921473539,1,2
"11552",2.28778013776293,3.77358777751077,1,2
"11553",2.81908325788647,3.99049881210487,1,2
"11554",5.62424835740097,2.47806563432579,1,2
"11555",5.41244481318199,3.53503996233972,1,2
"11556",4.97282244045983,4.22376653039476,1,2
"11557",6.58667005777508,1.70085978044156,1,2
"11558",5.02047012403373,6.22519080507692,1,2
"11559",5.5480038167476,3.23361400352166,1,2
"11560",3.12616189250378,6.01904397879986,1,2
"11561",6.89380677518365,4.15041882857723,1,2
"11562",5.96156534604917,0.443196763644455,1,2
"11563",4.82536308821254,2.89747770837293,1,2
"11564",7.13794040384654,4.02272234446969,1,2
"11565",4.7321861605756,6.95442838047425,1,2
"11566",5.81604801065394,5.40708659443686,1,2
"11567",2.29605396272783,4.94003467548053,1,2
"11568",7.13285521363683,4.32171247453139,1,2
"11569",9.24834178144817,3.42969472257365,1,2
"11570",5.14647303134864,5.01898438095243,1,2
"11571",5.65060290019444,4.72534243270736,1,2
"11572",6.6153632124598,4.55767827551075,1,2
"11573",4.14224777968704,5.30165754308564,1,2
"11574",4.6376692759756,1.79285592538874,1,2
"11575",2.27782247885558,3.72328366854605,1,2
"11576",3.88733796578279,1.85458687144383,1,2
"11577",5.19045698130486,5.35096684785789,1,2
"11578",5.45640588243467,3.41715664818962,1,2
"11579",4.60334202986404,4.25182734387601,1,2
"11580",4.86957290976079,3.65366220825988,1,2
"11581",3.65226576268335,3.60370227473813,1,2
"11582",2.72772307077077,3.49666459954221,1,2
"11583",4.5372121074996,2.22636109373525,1,2
"11584",3.46822134190974,3.73764895814656,1,2
"11585",6.10224376974916,3.27125979755921,1,2
"11586",6.45905838284268,4.73188396721405,1,2
"11587",3.95958839817095,3.15549440561027,1,2
"11588",6.71949044933682,2.65189005026097,1,2
"11589",3.31047328624922,3.17089537636785,1,2
"11590",6.55812573249276,3.37432325849429,1,2
"11591",4.93506527955351,5.49833897035673,1,2
"11592",3.81929473258095,4.7841228732357,1,2
"11593",7.22143673985724,5.44291765465675,1,2
"11594",5.02682751650376,5.62643914286372,1,2
"11595",6.36409131387539,4.97129339714889,1,2
"11596",2.39587665414699,3.11841712296677,1,2
"11597",5.83110556749294,2.32540769361163,1,2
"11598",4.23694780555723,6.95618749819144,1,2
"11599",4.10352351253406,3.05040037961798,1,2
"11600",1.99762121743847,3.16622698655767,1,2
"11601",2.72794215835184,7.14841982331205,1,2
"11602",5.87901654800459,2.89304173751667,1,2
"11603",5.15008210266744,3.37478534694213,1,2
"11604",4.56549887217274,5.72816289956142,1,2
"11605",3.54044713270509,2.49837832402887,1,2
"11606",3.7887905085725,5.32909313441346,1,2
"11607",2.98630655355252,6.80016120866091,1,2
"11608",4.54693749532343,3.99886466544854,1,2
"11609",4.01625307280112,3.20792313566467,1,2
"11610",3.55408184448628,2.370410402401,1,2
"11611",2.97879224471077,5.12947828217723,1,2
"11612",2.6865864878873,3.97724658571281,1,2
"11613",2.66421741160158,3.32702605745843,1,2
"11614",6.57438956246112,3.85209268210359,1,2
"11615",4.4536535571939,2.92591495169569,1,2
"11616",6.94836175359776,5.44147402626625,1,2
"11617",4.75980655714382,4.28335523433086,1,2
"11618",3.50574675300321,2.55377652531094,1,2
"11619",4.57168536876631,2.87524423991663,1,2
"11620",7.62938833859988,2.94443622879518,1,2
"11621",7.1952646094931,5.33700935543227,1,2
"11622",4.35002817161256,4.40134566695738,1,2
"11623",5.3312201424924,4.65531220552104,1,2
"11624",4.60428266123086,5.07173513373157,1,2
"11625",5.20415637781742,3.34688253707279,1,2
"11626",5.59848946912672,3.28106162144369,1,2
"11627",6.25991617868793,1.24419298297824,1,2
"11628",5.35555107802568,2.21386238303886,1,2
"11629",3.93200798211155,5.67615828280327,1,2
"11630",3.62001427947976,4.65643577277082,1,2
"11631",3.99988225642233,3.39216459340609,1,2
"11632",7.4396318639824,5.9467554675106,1,2
"11633",4.85115085975668,5.2639425655747,1,2
"11634",3.20603469399217,1.19643447026276,1,2
"11635",3.12737362620598,4.8618772699246,1,2
"11636",4.25748936117114,2.3488212089375,1,2
"11637",6.04247801384865,4.4841227450068,1,2
"11638",2.17535597437941,5.87145326054068,1,2
"11639",7.15475701487526,2.93182551876705,1,2
"11640",5.29159272359488,4.07552055899829,1,2
"11641",5.64385371036668,3.18165984297461,1,2
"11642",5.24141201952656,5.19438427452129,1,2
"11643",2.77168225128644,3.44094997149562,1,2
"11644",8.09773613219,3.47415966272573,1,2
"11645",2.04162769008724,4.26734995315481,1,2
"11646",5.31469723806053,2.61013514606502,1,2
"11647",5.36577899591399,2.58902575542141,1,2
"11648",2.57280616858484,3.76739342525068,1,2
"11649",1.57362494726541,1.24788978339202,1,2
"11650",6.62239089955837,4.38004083928075,1,2
"11651",6.56122435249737,2.97327237809912,1,2
"11652",2.00079629106524,4.65035347223958,1,2
"11653",5.26685509878051,5.52257314255376,1,2
"11654",5.00196839699811,5.17639327053915,1,2
"11655",7.23009759015722,6.23835205255183,1,2
"11656",5.03388261296461,2.75045595110859,1,2
"11657",7.15925317924813,3.23631324078784,1,2
"11658",7.459608061164,3.92217874249345,1,2
"11659",3.49229324660242,3.50941610550457,1,2
"11660",5.20817613972591,3.51074002738179,1,2
"11661",2.8588801129838,3.40130926807158,1,2
"11662",7.52037691024177,2.6452001322611,1,2
"11663",4.9138555346137,1.5517450178223,1,2
"11664",3.75781339964689,3.71131709641958,1,2
"11665",2.03252406615283,2.65182694065718,1,2
"11666",2.7298787721648,3.76795877132023,1,2
"11667",5.56819556541879,3.77869058308473,1,2
"11668",5.37077393804551,4.56072714157786,1,2
"11669",5.79740444167496,5.08786197616635,1,2
"11670",3.64113369508522,2.76024103570905,1,2
"11671",6.82983900244482,5.82190359813427,1,2
"11672",4.28810713462575,3.56891858349177,1,2
"11673",4.27619009144152,4.64961104297802,1,2
"11674",3.53283468740685,4.31629599986865,1,2
"11675",4.65436231817338,4.64489493046932,1,2
"11676",4.08231196875598,2.73808068908007,1,2
"11677",2.35076989830638,3.50700663624961,1,2
"11678",4.82175721682847,1.95612351772911,1,2
"11679",3.73455505303654,4.78365415727305,1,2
"11680",6.61675953797825,4.72387877473414,1,2
"11681",0.101372959695101,2.98560812791236,1,2
"11682",5.46786719535373,3.19423167338165,1,2
"11683",4.52885883983221,1.80477917188292,1,2
"11684",2.62102876840032,4.95316587656278,1,2
"11685",5.23545381260066,4.3405527736143,1,2
"11686",5.25804060394323,4.96598506147489,1,2
"11687",2.1133126282696,3.08994257181448,1,2
"11688",3.56672929874676,5.59703192271715,1,2
"11689",2.59202487296741,3.00289186406833,1,2
"11690",4.92050457424206,3.8936607164339,1,2
"11691",4.86241982840064,6.27628160065971,1,2
"11692",2.45821815027489,5.83748464088378,1,2
"11693",4.82608583897777,4.27161959405542,1,2
"11694",3.73769450781344,4.76076718025208,1,2
"11695",2.8815831552421,3.30478149062697,1,2
"11696",4.14506153233404,2.14033860340893,1,2
"11697",1.62713049654204,4.33856137858666,1,2
"11698",7.13500315318837,1.19915894548325,1,2
"11699",4.64499531528892,3.75953382628254,1,2
"11700",4.4409855589649,3.94364023694669,1,2
"11701",5.91918814841563,2.94945740383381,1,2
"11702",6.42088482078767,6.32544288858219,1,2
"11703",5.21337844559974,3.87927297242096,1,2
"11704",2.0329124721884,6.16156673631917,1,2
"11705",3.24997328678902,3.26951337170468,1,2
"11706",6.23908471877185,3.414253929432,1,2
"11707",5.88078687741053,3.34361278950962,1,2
"11708",5.08798460021002,2.42528162522156,1,2
"11709",5.23382352452322,2.15863055902978,1,2
"11710",3.00665064645795,5.37200677579363,1,2
"11711",2.10876047454443,6.24452590119876,1,2
"11712",3.74664524399911,4.15806554676668,1,2
"11713",2.34357490994963,2.80268274264129,1,2
"11714",3.68357557285447,4.18013737497673,1,2
"11715",3.54379320065352,5.60474599959289,1,2
"11716",1.99149700727073,4.09902674041463,1,2
"11717",3.6065397409605,4.28575709008893,1,2
"11718",5.4851097326382,2.46295016112602,1,2
"11719",3.54876007506287,1.90816158358233,1,2
"11720",5.15236651732948,3.83556617732537,1,2
"11721",4.35122352887224,4.7413610722797,1,2
"11722",2.92788431926278,3.39025348718105,1,2
"11723",4.25795994213212,4.00978081631761,1,2
"11724",2.25695759166253,4.14449678793781,1,2
"11725",2.80434412672576,6.08397003229081,1,2
"11726",5.7684369283524,4.62718049439359,1,2
"11727",5.0332646020751,5.79146554315769,1,2
"11728",5.4156709129866,3.17198981914015,1,2
"11729",1.7431565069193,3.24879756553288,1,2
"11730",4.95062022593866,2.64296306348284,1,2
"11731",7.85425141343454,2.32021676887818,1,2
"11732",3.76178464944849,3.1275226325108,1,2
"11733",5.39983686832751,2.06236109192978,1,2
"11734",2.8687275514351,3.21183854069675,1,2
"11735",5.24721312077609,1.79017851504402,1,2
"11736",4.70786083499887,2.44904565369399,1,2
"11737",6.2086192023277,3.33231963021266,1,2
"11738",6.41489060217,2.14296617576821,1,2
"11739",2.86956308840374,2.75109519112105,1,2
"11740",5.95086112287373,3.56415834328622,1,2
"11741",6.10934538286397,4.24384179765303,1,2
"11742",4.69796785514981,3.72867159970248,1,2
"11743",5.5989113999995,1.92079077494265,1,2
"11744",5.03768224413707,4.0316524245738,1,2
"11745",4.81570821372806,4.47719902332214,1,2
"11746",4.37139190612394,4.12620525002726,1,2
"11747",6.65661944571204,4.32677094910464,1,2
"11748",6.27487292212911,2.81597346457989,1,2
"11749",1.83188315698855,4.14425030404483,1,2
"11750",5.12410095050818,3.1507130120703,1,2
"11751",3.2562925030611,4.69075302059922,1,2
"11752",5.83463965789002,2.64395260806788,1,2
"11753",5.15296236379055,1.7008265177655,1,2
"11754",6.43635476417158,2.83493781105889,1,2
"11755",6.45770232138783,1.8806853201789,1,2
"11756",4.14970444073108,4.45662761718564,1,2
"11757",5.17465798654459,2.28398949675109,1,2
"11758",3.77312418564311,4.25884082835019,1,2
"11759",3.69639226613893,3.70476633057411,1,2
"11760",7.94051318280015,6.96150180850222,1,2
"11761",3.52662274680153,4.12255908850116,1,2
"11762",7.06580779966674,4.94598691589768,1,2
"11763",5.73577377434056,3.81435585237723,1,2
"11764",5.28586569964752,1.82255344347342,1,2
"11765",3.21244120207787,3.74332495500407,1,2
"11766",4.79054415035178,4.41958380686595,1,2
"11767",1.36710262960495,4.8206707067834,1,2
"11768",5.31989756107182,4.87704754146014,1,2
"11769",5.41548487221417,4.05282592287205,1,2
"11770",5.14150434933104,3.37011931259179,1,2
"11771",4.20332569946426,3.21406019289583,1,2
"11772",3.06991944970826,2.06628660784067,1,2
"11773",1.75045116619343,1.09875189117104,1,2
"11774",3.72543739240713,2.74632146844675,1,2
"11775",3.06388005938449,3.72032745049234,1,2
"11776",3.93084826792523,3.3390181527145,1,2
"11777",5.59890866051042,4.14437966928953,1,2
"11778",4.29656319072705,3.63795010400568,1,2
"11779",5.35847299994324,5.53042763349935,1,2
"11780",6.08264849971795,-0.427934796583714,1,2
"11781",3.50713577756462,5.16854246145455,1,2
"11782",5.83792826942237,3.20271292768517,1,2
"11783",4.67049205199514,3.38917223177297,1,2
"11784",2.66110686326686,4.42954078582697,1,2
"11785",2.49109907814598,2.80268188979576,1,2
"11786",4.53154725056676,3.86381128362888,1,2
"11787",5.7233341265294,3.00518392158282,1,2
"11788",5.53219070381053,4.03045818134537,1,2
"11789",4.9029557172018,4.4579945201606,1,2
"11790",3.13145343933747,2.41293674146966,1,2
"11791",2.84794056409327,4.5922990436514,1,2
"11792",2.32801393418994,4.05649266689844,1,2
"11793",2.60282253766502,4.8715952069868,1,2
"11794",4.55307045810137,5.09949008120366,1,2
"11795",4.71574690616409,1.79794858665598,1,2
"11796",4.84293681456846,4.14502320033633,1,2
"11797",4.61840836331138,4.59971437717576,1,2
"11798",5.1175154013877,4.51049423846618,1,2
"11799",3.92057048671312,5.61738317501162,1,2
"11800",4.4909899649305,0.842863688666307,1,2
"11801",5.42390087084658,2.86930551306193,1,2
"11802",2.09402280382009,5.00317725670066,1,2
"11803",2.99119178023103,3.56819458205264,1,2
"11804",5.38791415253178,3.3771398809507,1,2
"11805",5.65251298904119,4.17881258200798,1,2
"11806",7.11518723910531,3.93006216531425,1,2
"11807",5.47920793298357,3.90957788217511,1,2
"11808",5.54183196047446,2.79494572788926,1,2
"11809",5.52115529032641,1.79902273257058,1,2
"11810",3.83109019496961,5.99476681266164,1,2
"11811",5.66229417044576,7.2139703547444,1,2
"11812",7.74724495537195,4.37077940642103,1,2
"11813",4.34185898373219,3.49596676430261,1,2
"11814",5.1152466529365,3.31754403760539,1,2
"11815",6.15908867384143,5.58899034058415,1,2
"11816",3.54486548857168,5.23425394929878,1,2
"11817",5.07192699329679,4.84596144705312,1,2
"11818",3.15874542374469,3.31230625661065,1,2
"11819",6.31796798561693,5.29729730549117,1,2
"11820",4.72001287041006,4.71044891655347,1,2
"11821",5.43255390579701,4.69842643792151,1,2
"11822",3.06122054603764,5.15842360524322,1,2
"11823",6.71533389052162,5.13182042794497,1,2
"11824",4.50512000564609,3.21201071459307,1,2
"11825",5.80705528813812,7.02415371435614,1,2
"11826",5.81503086377661,5.24778693301803,1,2
"11827",5.99080144690496,4.35395966619509,1,2
"11828",2.33027655480967,4.50684534541618,1,2
"11829",3.24755411185807,2.24831088671061,1,2
"11830",1.98447495315739,2.89773340071572,1,2
"11831",4.23329581191616,4.61119630217258,1,2
"11832",4.2748045717417,2.88266172800871,1,2
"11833",2.23604512236024,5.73178367940049,1,2
"11834",1.15784357829434,3.1352436772049,1,2
"11835",5.60524288731316,4.16690810773275,1,2
"11836",3.65657369758612,3.72193247016268,1,2
"11837",5.92561087113502,5.48271785176165,1,2
"11838",5.03637206462578,4.40603668689233,1,2
"11839",1.59779860055064,5.42862224605314,1,2
"11840",3.19946132215846,3.7248956541193,1,2
"11841",2.47454108673642,5.56532383808652,1,2
"11842",3.77851327090508,1.9618445749126,1,2
"11843",6.55534598316514,4.30877710742227,1,2
"11844",4.86562667223136,2.82773989894145,1,2
"11845",5.00814609992579,3.53395705402947,1,2
"11846",7.3786499809795,3.70044700553767,1,2
"11847",1.9980981444112,4.47683792158577,1,2
"11848",6.54641625436437,6.17334801297077,1,2
"11849",3.79238372481749,4.97713030556243,1,2
"11850",3.67427997733423,3.25114951167043,1,2
"11851",3.20986971522821,2.90046607586253,1,2
"11852",8.26124913600069,4.71090456211013,1,2
"11853",5.17949902734866,3.87881723087276,1,2
"11854",1.43118079219473,5.30578927049676,1,2
"11855",3.25762411646238,3.23591755971388,1,2
"11856",6.06002892528873,4.2840245069031,1,2
"11857",4.6218182879308,0.440905414260747,1,2
"11858",3.98529588214591,4.25225154234776,1,2
"11859",4.59449984935448,3.64182570418711,1,2
"11860",5.92967223861474,4.54438498371689,1,2
"11861",0.988725119964462,6.13887115258056,1,2
"11862",2.73921963942864,2.92632407745104,1,2
"11863",5.35278777676595,1.91408307229168,1,2
"11864",3.23679886134161,5.13148567686479,1,2
"11865",5.66766746514074,5.71144981479152,1,2
"11866",5.20344402317993,4.87499967612227,1,2
"11867",4.01445703403471,8.11176883018357,1,2
"11868",6.8371922119606,2.81740551256912,1,2
"11869",6.22209495267503,2.94812522193978,1,2
"11870",6.22390111623309,3.53941528526245,1,2
"11871",5.63758762764713,4.923515642242,1,2
"11872",3.23561388009195,3.23206830488688,1,2
"11873",6.1505786557109,2.14916661711182,1,2
"11874",5.45603606942549,5.97425166571068,1,2
"11875",3.07110797768697,4.48925160031845,1,2
"11876",4.70309568344288,3.85434227595193,1,2
"11877",3.01996326571061,3.60366331629396,1,2
"11878",4.36376705303004,2.93444439845063,1,2
"11879",6.88367400156165,4.03839209230845,1,2
"11880",3.23083321159889,2.8495382171173,1,2
"11881",3.02724702124968,7.57411358242151,1,2
"11882",4.56509479510565,4.8720119697794,1,2
"11883",2.63129928802877,3.84658414870415,1,2
"11884",3.84696117674617,6.34222210616781,1,2
"11885",7.18483549688776,3.99432644194486,1,2
"11886",3.46025540238347,5.99180855440714,1,2
"11887",5.42051067456064,0.707647680272361,1,2
"11888",10.0081027113423,5.33126261730151,1,2
"11889",6.47946095159306,5.57156335788173,1,2
"11890",2.73653878342638,4.28737910966632,1,2
"11891",4.77943719980783,3.77999523389726,1,2
"11892",4.35106060066655,1.28161520895828,1,2
"11893",6.50702122244265,2.83704821213692,1,2
"11894",5.82812012334444,4.00055373493801,1,2
"11895",2.98454769551867,0.889518243018744,1,2
"11896",3.50044354020102,1.94733336529737,1,2
"11897",0.660153210080513,2.74144998214645,1,2
"11898",2.99499400027242,4.9971881011681,1,2
"11899",8.73893886776535,4.25072668292356,1,2
"11900",2.50614993753201,4.57815402253248,1,2
"11901",3.93919974926975,3.4518097759329,1,2
"11902",3.76378250132909,4.37488392096961,1,2
"11903",4.03869391694704,4.30792891354475,1,2
"11904",7.10906844695143,1.43243968560721,1,2
"11905",7.3148964448253,0.967855314795014,1,2
"11906",5.51730747952548,4.69392122019638,1,2
"11907",5.68103276872384,3.98192712954338,1,2
"11908",6.58539331167314,2.42618683834589,1,2
"11909",3.65992275141597,3.3217983984477,1,2
"11910",4.78465195335391,2.37773222571644,1,2
"11911",4.58162053675749,3.8241831248296,1,2
"11912",5.59709926797236,2.81623142838484,1,2
"11913",5.50696609519165,4.17364175252458,1,2
"11914",6.29481296086801,4.16326809634401,1,2
"11915",6.7074019895731,2.25734860750561,1,2
"11916",4.34093852458357,3.41601833173874,1,2
"11917",4.50299914365077,3.09899029901113,1,2
"11918",3.19888835867817,5.18193539723332,1,2
"11919",6.0908159088341,3.15159348888996,1,2
"11920",3.07374969033595,4.23089003146478,1,2
"11921",3.09709179008568,6.80306295365205,1,2
"11922",5.7946691708533,4.69127704807797,1,2
"11923",3.47871453031533,5.21220760143363,1,2
"11924",6.14799940014689,0.534430241180233,1,2
"11925",4.34221166119801,3.92861921639243,1,2
"11926",3.77501866888568,2.48694431361101,1,2
"11927",3.64336943610813,1.09471844144286,1,2
"11928",5.02338775670845,4.26335018091528,1,2
"11929",4.95456890965589,4.18419547801368,1,2
"11930",3.12556952175311,2.33002847316238,1,2
"11931",5.42985644174377,5.31473687962949,1,2
"11932",5.39061611268588,4.0840948638736,1,2
"11933",4.70569101290112,2.81631571226362,1,2
"11934",3.36027517625636,1.14736730351281,1,2
"11935",5.35574889180544,3.70100145301967,1,2
"11936",4.586942214642,4.94187518011298,1,2
"11937",3.96295054185528,2.6658058816444,1,2
"11938",4.98956182849825,2.19658931811117,1,2
"11939",4.73751064548682,4.11772811630534,1,2
"11940",4.34646099493885,4.03036940704881,1,2
"11941",5.31818951456958,3.92949758820368,1,2
"11942",3.63789234042587,0.355918537622634,1,2
"11943",3.18437147026997,4.20690166569714,1,2
"11944",7.09683374514664,5.002848232783,1,2
"11945",3.54025959226081,3.63095953178212,1,2
"11946",6.21214765952542,4.43294037988768,1,2
"11947",6.31142094859437,4.86317115361649,1,2
"11948",2.24665576097507,3.17281754302446,1,2
"11949",3.05946806403597,2.12305609875426,1,2
"11950",4.95610310088913,4.13822025390494,1,2
"11951",4.72256013159951,3.44346226175314,1,2
"11952",1.62674625742859,3.27027819640696,1,2
"11953",3.11734372904493,0.800137660046948,1,2
"11954",4.98212930480941,2.21133756070632,1,2
"11955",4.29873561087878,3.02504762950159,1,2
"11956",6.30130764174779,3.8043510739299,1,2
"11957",2.5048634108554,4.09284363236021,1,2
"11958",4.3258228593213,3.74534701029171,1,2
"11959",6.5136827966585,4.14789311010528,1,2
"11960",6.84574781226925,5.38400961776334,1,2
"11961",4.70466640188196,3.924016368895,1,2
"11962",6.0201675573691,5.44374607618882,1,2
"11963",1.40657848390677,2.33944216608346,1,2
"11964",4.20813265498397,2.75839997269885,1,2
"11965",3.26994596782432,3.34446825346177,1,2
"11966",3.99628392904209,4.44571480941739,1,2
"11967",5.25616716655146,3.45168383347317,1,2
"11968",4.37407330236609,5.02747552147689,1,2
"11969",2.75999030161465,3.88914992879142,1,2
"11970",4.70734780661363,3.0796140204981,1,2
"11971",5.28346388540863,3.45213533912703,1,2
"11972",6.79914960833995,3.68965362079478,1,2
"11973",4.31747026809255,2.14104851736499,1,2
"11974",4.81105981729699,5.28656712293964,1,2
"11975",3.78182657063494,4.66193119431732,1,2
"11976",7.40860012342459,6.55428372472767,1,2
"11977",4.52674611347541,5.99876430106808,1,2
"11978",4.88871199172167,2.61244619555253,1,2
"11979",1.96713663658982,2.86453705696602,1,2
"11980",6.15444604827641,3.77538355564533,1,2
"11981",4.46022325864467,5.19230131273712,1,2
"11982",6.24431430060117,1.50084432918922,1,2
"11983",5.82458536186395,3.08635256527254,1,2
"11984",4.14391510592726,6.29847838912818,1,2
"11985",3.54458083610861,1.37130656327901,1,2
"11986",3.51008057146424,2.80857823284331,1,2
"11987",5.0735667406908,4.58732550789812,1,2
"11988",4.94022490258924,3.58880777269682,1,2
"11989",4.46719907485788,4.335547066917,1,2
"11990",3.57007856248159,4.04792145203538,1,2
"11991",5.52255832100841,4.88309394711459,1,2
"11992",4.27065172798702,3.26477701879774,1,2
"11993",6.47018039698469,0.647854807350915,1,2
"11994",3.62171988577711,2.79868934508947,1,2
"11995",7.22757463888433,4.19244913172525,1,2
"11996",4.63610762848197,3.92626378343765,1,2
"11997",6.17846755269976,1.70749861520417,1,2
"11998",5.80063235633649,3.50072558480868,1,2
"11999",6.23705278502476,2.35633056380876,1,2
"12000",3.59246558815029,1.53934076981874,1,2
