"X1","X2","component","subcomponent"
"11001",1.04292831735663,3.25172750833755,1,2
"11002",3.69320682699355,5.24284334900576,1,2
"11003",-0.102688258476375,3.89423448896771,1,2
"11004",2.33105884746831,6.86515698835411,1,2
"11005",1.04943535420316,8.71147613952167,1,2
"11006",3.04666256751616,5.56833173760767,1,2
"11007",2.28854490326131,6.93873260219076,1,2
"11008",1.46861093793435,4.92999405223278,1,2
"11009",1.50209563185083,11.1705433835121,1,2
"11010",1.63442161452249,2.14931550843845,1,2
"11011",3.6775701889283,9.2861383571418,1,2
"11012",2.37365133913059,6.45899432104408,1,2
"11013",-1.57774233475694,0.68293948229673,1,2
"11014",-0.0278945617171151,3.06114113819624,1,2
"11015",3.96483708818201,10.8000035174254,1,2
"11016",1.86763778062969,13.1580258507173,1,2
"11017",2.78911802450829,6.39489051392625,1,2
"11018",0.825654460335074,8.0099472953517,1,2
"11019",1.11355579690548,12.8939263967341,1,2
"11020",1.76197785071107,1.08082353407432,1,2
"11021",-1.48225021318581,2.68832533095857,1,2
"11022",0.535521484241788,5.79519439692739,1,2
"11023",1.72046641493154,3.84031886311404,1,2
"11024",2.5969032631943,8.73778520002723,1,2
"11025",3.46378691462281,4.43247786444921,1,2
"11026",2.58138014896601,5.7942281602725,1,2
"11027",-0.973592096878416,10.5721579139665,1,2
"11028",1.33778045148242,5.18537825323557,1,2
"11029",-0.426738170412439,3.1133133921016,1,2
"11030",2.14659589499824,5.3935064724674,1,2
"11031",-1.26204708887254,5.03862821575173,1,2
"11032",2.60343598942669,4.99173600822944,1,2
"11033",0.775443884462977,10.2764419589632,1,2
"11034",2.70510897428763,6.16107247831746,1,2
"11035",-2.63361429716135,1.87624458000704,1,2
"11036",5.06111101209403,4.55068643701189,1,2
"11037",2.41668101769845,2.18855085715816,1,2
"11038",-0.419016399665645,4.88859707500476,1,2
"11039",1.62294518054365,7.68887468366243,1,2
"11040",2.89116549948757,-1.45842744291993,1,2
"11041",3.11249167801072,9.7780521604007,1,2
"11042",3.65891688875169,6.63135645683288,1,2
"11043",0.0571701426831208,5.84653033073283,1,2
"11044",-1.76031902252733,9.72549058644979,1,2
"11045",-0.727591939776495,0.773569790991995,1,2
"11046",-0.857539930319013,0.113501562879493,1,2
"11047",0.399070484437866,7.09708986032277,1,2
"11048",-0.223570576261791,0.201850062436234,1,2
"11049",3.77991551555889,9.9099578726012,1,2
"11050",0.864158350508315,5.33781302413099,1,2
"11051",-0.038135193269162,10.9097810934369,1,2
"11052",0.76690293536694,5.04691582780405,1,2
"11053",1.5542495638869,6.42809859278584,1,2
"11054",0.764129721470483,1.22565699952912,1,2
"11055",2.00565346976349,-0.348956667318527,1,2
"11056",3.64087164046759,6.3648884462822,1,2
"11057",0.867842239765592,-0.318436485088644,1,2
"11058",0.764457682451325,7.68163328338458,1,2
"11059",2.87356505653832,5.60360127945803,1,2
"11060",-0.983738548660601,6.38359654609418,1,2
"11061",1.47885681888005,4.4352493530606,1,2
"11062",0.983935760395252,9.31047593113916,1,2
"11063",5.6619043008872,4.97571921169606,1,2
"11064",1.39785293412284,2.51898926226882,1,2
"11065",2.51307152406017,8.39005834690456,1,2
"11066",0.416836547996746,8.83337449565853,1,2
"11067",0.394358717726954,1.95342928215134,1,2
"11068",2.5515650498156,6.38993707847391,1,2
"11069",1.08776299860698,1.91464079381001,1,2
"11070",1.90378798059166,6.99525155700668,1,2
"11071",1.34427005104084,3.50286578790317,1,2
"11072",-1.64279814042213,5.59770058054547,1,2
"11073",1.3756743681691,7.61939172614996,1,2
"11074",3.75360790007719,2.38390568435741,1,2
"11075",1.85301037155239,5.5147083469622,1,2
"11076",3.25660094381466,4.44966042150194,1,2
"11077",0.591405908753933,2.52728742269337,1,2
"11078",-1.95200689578878,8.17534583355708,1,2
"11079",0.168408994552647,4.18529466283858,1,2
"11080",3.5657871032797,7.44780884269604,1,2
"11081",1.95533451092305,9.83029492996496,1,2
"11082",0.0127774802852041,3.37268011129864,1,2
"11083",0.363504511709371,-1.20592877491528,1,2
"11084",1.5901578246968,9.76826235256144,1,2
"11085",1.23720818353227,4.50782816425572,1,2
"11086",2.27214443976305,6.26241215548651,1,2
"11087",-0.240000119900699,1.85189444278192,1,2
"11088",2.84691937100266,2.82368078738727,1,2
"11089",-0.124197903217758,14.1358915047719,1,2
"11090",2.22180963894181,1.40448733365725,1,2
"11091",2.41402828852687,7.26044879456747,1,2
"11092",-2.87566837310046,5.38178708566975,1,2
"11093",0.379514835327766,3.0935385408103,1,2
"11094",3.56713801054895,8.97655669869657,1,2
"11095",1.22389944531738,6.11349465156522,1,2
"11096",1.11764413762173,14.4264343334855,1,2
"11097",2.44431581785217,5.01882121494556,1,2
"11098",2.23369965869057,5.7328932570987,1,2
"11099",2.27780265687252,11.637845060867,1,2
"11100",3.37144411434258,8.72694121247859,1,2
"11101",0.191755818047628,9.14041775165646,1,2
"11102",-1.53525506811484,6.61015128436669,1,2
"11103",0.23592123365679,12.4532448655997,1,2
"11104",2.92329429526097,-0.343981695734751,1,2
"11105",-0.860277250092926,0.256044561968046,1,2
"11106",1.10867449255772,9.32984568339717,1,2
"11107",3.04255083726829,14.0949815491869,1,2
"11108",3.1230510668468,3.7803146986368,1,2
"11109",2.21428907929629,4.50245642594901,1,2
"11110",3.31542284324718,7.33738924332153,1,2
"11111",5.47137858262867,6.94093732549895,1,2
"11112",3.61382713934701,-0.107152538564088,1,2
"11113",3.21743630312556,7.36414047209464,1,2
"11114",3.729359038066,8.37064040081246,1,2
"11115",1.33254804550564,2.8722617681451,1,2
"11116",0.811045279983075,1.35083398899004,1,2
"11117",3.36563178685511,11.223169064311,1,2
"11118",1.84766440620845,6.36518791508624,1,2
"11119",2.07740733405118,3.52697135613322,1,2
"11120",-0.543195485095711,12.6448931193465,1,2
"11121",5.11875225346459,0.281291571796377,1,2
"11122",0.538368408400367,10.4375554163345,1,2
"11123",7.87111400788353,1.63406178085442,1,2
"11124",0.124746127516855,9.20736223888497,1,2
"11125",-1.47882288622904,6.31897903917983,1,2
"11126",-1.61051918494715,15.2596208329326,1,2
"11127",3.11104946747962,5.17504018145877,1,2
"11128",1.92472105612117,-0.273306120239976,1,2
"11129",2.11354822561652,4.41343098023141,1,2
"11130",0.869862568599881,4.22200233012463,1,2
"11131",2.29804259766721,6.02048906343465,1,2
"11132",1.43089142044286,5.10859366410831,1,2
"11133",-0.179259204591099,6.1312823373157,1,2
"11134",1.68203136342026,-3.12995679684888,1,2
"11135",2.10141348413065,2.03356583209521,1,2
"11136",-0.909092334209381,9.94787770452874,1,2
"11137",1.82245772973497,2.58062826747002,1,2
"11138",0.949151121203307,4.02440044223563,1,2
"11139",0.89100282344517,4.22634550701327,1,2
"11140",2.17983917131981,4.91186427812626,1,2
"11141",4.2648004882511,0.54209510633574,1,2
"11142",0.92756273762905,4.92268455655867,1,2
"11143",1.08242999991116,14.1296407047148,1,2
"11144",5.86557461602146,5.88933183496066,1,2
"11145",1.40116234071364,8.04417811980569,1,2
"11146",5.20435270850554,7.95974248767407,1,2
"11147",2.82329909497881,1.02942102761366,1,2
"11148",0.895245759274577,3.11460118340213,1,2
"11149",1.23679001912234,10.8845033164072,1,2
"11150",3.95064914418942,4.67244049270332,1,2
"11151",2.19604728843325,9.82251948531356,1,2
"11152",1.05081870285944,10.5758608900143,1,2
"11153",3.78094397347308,4.8724046431016,1,2
"11154",6.7770550796077,2.71425326802759,1,2
"11155",0.00537604566684102,9.95248129786328,1,2
"11156",2.22574611602132,10.7019981557298,1,2
"11157",2.9552559850637,1.22284827257806,1,2
"11158",1.78956852181287,8.10714117629862,1,2
"11159",0.773551303398253,7.08866946516253,1,2
"11160",2.35717975440296,-2.10272776661111,1,2
"11161",3.03546271305249,4.62852569699347,1,2
"11162",1.88244708538082,13.6840534212534,1,2
"11163",4.50907637220932,4.36305923603438,1,2
"11164",1.93220778220176,8.11220321653758,1,2
"11165",-0.906775054372201,12.3034918794499,1,2
"11166",1.77686591570053,7.18245836623685,1,2
"11167",1.64999429496667,0.774676317377087,1,2
"11168",0.249039526784449,6.26357767793969,1,2
"11169",-1.48329640809226,3.28233065392373,1,2
"11170",4.33553989891048,2.97585419512157,1,2
"11171",0.0345508631616935,3.02392327570807,1,2
"11172",1.95089515124193,2.01416324417335,1,2
"11173",1.22167647147389,7.37443395066334,1,2
"11174",0.44409001652735,12.1015042911234,1,2
"11175",-2.61506719810161,8.32506626565978,1,2
"11176",0.615922477054089,2.59427513695841,1,2
"11177",2.38826653692032,7.02701221240282,1,2
"11178",1.64441306334935,4.93690404058314,1,2
"11179",-0.963155010166235,4.99519800729155,1,2
"11180",3.37104321659664,11.8536855722238,1,2
"11181",2.89649356438962,-0.314993802331769,1,2
"11182",2.12816854242399,6.41749951720553,1,2
"11183",-0.760038766817884,9.52228200585163,1,2
"11184",-0.77074796585919,6.28458895608004,1,2
"11185",-0.459009053687106,8.7349982393385,1,2
"11186",2.99268246982911,6.42704797130703,1,2
"11187",0.375411818887311,9.1487900019818,1,2
"11188",5.39528835179294,3.61043724472888,1,2
"11189",2.79923165867019,13.0040026630723,1,2
"11190",1.55894733577399,8.70348015887728,1,2
"11191",-0.0435712659407286,8.73951805183208,1,2
"11192",1.56067682373741,12.246264533617,1,2
"11193",0.808135748114418,3.14898604752402,1,2
"11194",0.831136108592277,6.45251923177548,1,2
"11195",0.0136596556092594,5.2517751458154,1,2
"11196",-0.295523140557625,9.88375940634825,1,2
"11197",1.40374440417963,2.91701491009586,1,2
"11198",1.27517317933874,2.62228494555791,1,2
"11199",0.967550557095186,5.72766947065418,1,2
"11200",1.17359035397091,-1.13434969282946,1,2
"11201",3.77964727316014,7.93453872805071,1,2
"11202",0.591740978913382,2.44784497491382,1,2
"11203",0.249235001012232,5.8867429705944,1,2
"11204",4.28490497643382,-1.06174923203955,1,2
"11205",2.46360143649825,6.71457813016271,1,2
"11206",1.85167364157825,8.00236783811247,1,2
"11207",2.27732740235057,6.95783861035964,1,2
"11208",-0.202318863492155,1.15942401368931,1,2
"11209",0.396058477312851,5.15842632946483,1,2
"11210",-0.738683360494904,11.847677225419,1,2
"11211",3.99290803609218,7.7906258798174,1,2
"11212",-0.234279201026116,1.76431700718256,1,2
"11213",-1.34238899729292,7.15805964224692,1,2
"11214",0.843873014415734,3.87646030279037,1,2
"11215",3.46416090998299,8.14787819911994,1,2
"11216",4.36281854541164,6.6692940998666,1,2
"11217",0.868259118933333,9.1671296436365,1,2
"11218",-0.325783652060398,5.19427372402184,1,2
"11219",-1.46480312430347,7.51001626246826,1,2
"11220",-0.674162252294413,4.99315238131362,1,2
"11221",-0.137590296224912,2.24253432118234,1,2
"11222",1.15782638643512,8.59979769194179,1,2
"11223",4.02581036496705,2.1851882813402,1,2
"11224",1.51959688271207,14.2047869378,1,2
"11225",-1.13973205179816,5.93661863392054,1,2
"11226",1.43772293987872,8.31718539029171,1,2
"11227",1.66994398074901,6.96719162586719,1,2
"11228",1.55189591698973,2.3618923686248,1,2
"11229",1.39253461369688,5.70270817561832,1,2
"11230",1.88845485699971,9.92324756876485,1,2
"11231",2.79614060180173,9.22797401768714,1,2
"11232",1.4571245497978,12.8163449868117,1,2
"11233",1.05395429928853,8.96653505509854,1,2
"11234",0.937641702140504,2.57337534838037,1,2
"11235",-0.8707403606029,4.8245171393866,1,2
"11236",1.10838832113077,6.85193201462821,1,2
"11237",2.47213139034643,-1.41872354973767,1,2
"11238",1.20797772556815,4.83229104821191,1,2
"11239",0.867516336480444,4.50393287086061,1,2
"11240",2.45770853597782,1.74948933236391,1,2
"11241",4.89234197430355,4.44003093642797,1,2
"11242",-1.32998085777732,5.31764875365947,1,2
"11243",1.90967468729565,9.33261225640303,1,2
"11244",2.06840953264369,4.18116403529079,1,2
"11245",3.2301658340571,8.13338838667056,1,2
"11246",0.517467731364908,10.197816530826,1,2
"11247",1.67510407515524,12.5519393099138,1,2
"11248",4.45444020979017,5.31303312540852,1,2
"11249",4.18147627357505,-0.0578267637011605,1,2
"11250",3.51875895502811,7.22497252407437,1,2
"11251",1.36524992423449,4.70795518719785,1,2
"11252",1.52567378081191,16.0095844132422,1,2
"11253",0.774296338515018,6.08263774459447,1,2
"11254",2.74253748210622,7.87265703257573,1,2
"11255",1.74735165021416,3.96935569863534,1,2
"11256",4.33333387619472,-2.37658891058649,1,2
"11257",2.38037588989625,8.71126203231214,1,2
"11258",1.5964911020035,3.86864430913412,1,2
"11259",1.19619673293937,7.16450849551022,1,2
"11260",1.58324103652513,5.18532882177593,1,2
"11261",1.37785838414646,11.8504038560856,1,2
"11262",2.28424342915694,9.12454734983892,1,2
"11263",-0.719732439070603,8.42152687793882,1,2
"11264",0.455386505170394,6.45299271380876,1,2
"11265",1.18051275502425,5.65974534022324,1,2
"11266",0.188777633007831,1.35403915623421,1,2
"11267",-1.05158915242708,5.09405811596073,1,2
"11268",3.35083733973578,3.54432530895303,1,2
"11269",0.965455240305538,5.54601822393941,1,2
"11270",4.81148414813476,5.56466053149217,1,2
"11271",4.0875320103141,0.712162956049761,1,2
"11272",2.77109358840668,8.676105247176,1,2
"11273",-0.558302772973595,9.28970464190484,1,2
"11274",2.43950172138634,1.18286584458157,1,2
"11275",4.05000074000064,-0.426355548018899,1,2
"11276",3.94523176166093,11.8201611198909,1,2
"11277",0.187865472290349,8.31510810002391,1,2
"11278",2.15343758870833,8.46112249261201,1,2
"11279",1.18741275628202,5.24400200342687,1,2
"11280",1.21723505548314,-0.650032183309315,1,2
"11281",1.93537935626228,2.05997825885987,1,2
"11282",-1.56605258700407,9.62438344302788,1,2
"11283",1.48685957283259,0.800978798031426,1,2
"11284",-0.652763531675324,5.92926838627678,1,2
"11285",1.67909305799352,6.77040210850322,1,2
"11286",0.799987310224107,0.421916409621701,1,2
"11287",1.95464674800307,9.5833258794215,1,2
"11288",3.33545832461153,7.34452685429318,1,2
"11289",0.2905615790579,7.76482756465575,1,2
"11290",0.70459977398258,7.66619966049902,1,2
"11291",0.323799695938549,6.20074633301622,1,2
"11292",0.829201955187026,3.57576418086385,1,2
"11293",1.21651653290349,9.72195842086951,1,2
"11294",2.13737228810301,4.1041638779792,1,2
"11295",-0.0707438291855729,4.73723865198345,1,2
"11296",-0.699585691803496,-2.12591669620512,1,2
"11297",2.80636904041212,0.160201470903853,1,2
"11298",2.0835599702831,6.82522397929627,1,2
"11299",-0.815937638729183,4.7325961455404,1,2
"11300",1.73819418282992,8.46733249500201,1,2
"11301",0.248294224594984,5.5475090183129,1,2
"11302",2.16570451089524,6.04337993387859,1,2
"11303",2.96642850734035,6.78623170794327,1,2
"11304",-0.110661410556619,4.762583239504,1,2
"11305",0.347875025253477,8.28663691177395,1,2
"11306",3.57959094736698,7.01093229133005,1,2
"11307",-0.760871774124281,6.7196529946269,1,2
"11308",4.74359747589092,1.92181456722098,1,2
"11309",3.62545382758825,7.39069001363289,1,2
"11310",2.26219092091514,12.4505231103737,1,2
"11311",2.1514670286086,8.69272583348157,1,2
"11312",1.78130801608881,8.42630899478705,1,2
"11313",-0.845369220297673,13.7341093095476,1,2
"11314",3.85002653969721,6.58818178165371,1,2
"11315",1.3878594269595,6.16489547076694,1,2
"11316",0.688384594597008,0.622156800849157,1,2
"11317",1.16691153845269,8.16720474103819,1,2
"11318",3.9909530330036,5.2230940935169,1,2
"11319",3.93513194096071,0.495683103033246,1,2
"11320",0.13164493148645,4.33687166329727,1,2
"11321",-2.74200088997943,8.55237413298047,1,2
"11322",-1.12543539904432,10.5590990700907,1,2
"11323",5.86789530999959,6.24769992158709,1,2
"11324",-2.65378332224006,7.56414263696905,1,2
"11325",3.10400102944783,7.97034270970684,1,2
"11326",1.16326152339518,1.85331818270108,1,2
"11327",2.85097308631012,0.703055694387786,1,2
"11328",0.317228346674205,4.05096442599043,1,2
"11329",0.14447416464544,4.44321707433118,1,2
"11330",0.477524952452264,2.74554587778793,1,2
"11331",2.61111120741018,5.72321506762964,1,2
"11332",0.0736317453857585,4.64620368004617,1,2
"11333",2.14753982443785,12.1079878857483,1,2
"11334",2.13933549715226,7.92269500493201,1,2
"11335",3.55918233252059,11.3903873255137,1,2
"11336",4.3690918169326,8.15923384474797,1,2
"11337",-1.35884397887538,6.38894338117155,1,2
"11338",2.09804531204604,0.482070647484658,1,2
"11339",2.4660918447088,6.29936530020869,1,2
"11340",1.80817521279978,4.47785347792013,1,2
"11341",3.65284798593475,2.12225430430772,1,2
"11342",4.07920909768586,7.42841378903509,1,2
"11343",0.171336206919152,5.38503461928274,1,2
"11344",1.26046204826538,10.0983942134033,1,2
"11345",1.80151503541514,3.53877319502425,1,2
"11346",2.99196765385908,3.89777748233118,1,2
"11347",0.96861633003299,10.3384598198116,1,2
"11348",-1.02036713024559,1.56022733217907,1,2
"11349",1.32899517698118,5.41623836800911,1,2
"11350",-3.08574914896033,1.67836905464354,1,2
"11351",1.30692900439649,9.82524605958947,1,2
"11352",0.183528043608712,1.66705777991869,1,2
"11353",-0.251873566730053,6.79768331833691,1,2
"11354",-1.4104145217365,6.32792614917683,1,2
"11355",2.17218144364498,6.08697627067318,1,2
"11356",2.34817359456183,7.1188757318204,1,2
"11357",5.29979598772562,6.09112220170641,1,2
"11358",0.314085667579676,-0.68839701376486,1,2
"11359",0.825220030628966,5.39715997447928,1,2
"11360",5.14885520460083,9.1648399916776,1,2
"11361",1.80639086388675,2.01343642296776,1,2
"11362",4.91465787633172,9.96806458925467,1,2
"11363",3.34057714134491,3.34994844572812,1,2
"11364",2.3210257565074,3.14608849978966,1,2
"11365",3.82547104124677,10.5476803449407,1,2
"11366",-0.0195880899371506,7.19937027176028,1,2
"11367",1.39378463876158,6.32930453401636,1,2
"11368",-0.520871483869217,7.00506479710242,1,2
"11369",1.32609044197992,15.8114148314671,1,2
"11370",4.3031583867281,-0.347055145665765,1,2
"11371",1.31733648473097,7.25553004482747,1,2
"11372",0.103018677918196,5.33653399956605,1,2
"11373",-0.834830655086575,4.8409256428556,1,2
"11374",2.20952123861977,8.79316209522586,1,2
"11375",0.942257758033788,8.10503317333206,1,2
"11376",3.01836380272062,4.45236889662762,1,2
"11377",0.876104867569234,13.0761700020475,1,2
"11378",0.697224150785846,2.02411361350097,1,2
"11379",0.72880571563675,6.63902458300707,1,2
"11380",0.503874914261581,9.80138559747637,1,2
"11381",0.710669766674952,2.66651754818153,1,2
"11382",0.871307516261418,4.80903744697577,1,2
"11383",0.52634758216226,2.57030630278053,1,2
"11384",-1.83604064450806,11.6783000908641,1,2
"11385",2.09332350974459,3.12106152033875,1,2
"11386",1.00296507030685,11.2728531904214,1,2
"11387",6.13682467165625,3.15496550075132,1,2
"11388",-1.80571182230451,4.70054563580447,1,2
"11389",3.38952860042867,4.82148825573257,1,2
"11390",3.08179356205427,7.42634322176781,1,2
"11391",0.809296165993393,4.72563569332678,1,2
"11392",4.94236110995171,5.94239222596415,1,2
"11393",3.39653065208992,4.54852765881292,1,2
"11394",5.2988471122826,3.78504043905949,1,2
"11395",1.31764908902111,-2.29287297922947,1,2
"11396",-0.171696539194117,5.94413520124756,1,2
"11397",1.20197851419701,10.9236663035849,1,2
"11398",2.35821471729465,7.60648597944127,1,2
"11399",6.41183021724018,-0.459978310728267,1,2
"11400",0.411739295042614,7.2633853794338,1,2
"11401",3.69967664908731,2.36047707908432,1,2
"11402",0.985642399460343,10.022777289259,1,2
"11403",1.8662624122245,6.85464576355312,1,2
"11404",-0.952917459510047,4.95640869806648,1,2
"11405",0.218091433065469,0.45677310249339,1,2
"11406",3.31796299445091,9.27321463626861,1,2
"11407",-0.0359645993269153,8.14447294807149,1,2
"11408",0.875440171782774,5.04420021117536,1,2
"11409",5.01525047988661,0.0584603888230797,1,2
"11410",2.19244606039766,11.43440439483,1,2
"11411",0.0681976472154839,11.210212879122,1,2
"11412",1.48437092412459,12.7406598999643,1,2
"11413",4.16906502505021,8.3936431865655,1,2
"11414",-1.07010752946303,14.6623494162723,1,2
"11415",2.38625507630985,5.94469342625424,1,2
"11416",2.69829985185476,2.64754162364144,1,2
"11417",2.86457984785534,9.06379350088915,1,2
"11418",2.90310720473637,4.0935855457634,1,2
"11419",2.47866162367134,1.47803102541412,1,2
"11420",2.7528487504817,11.4507560198504,1,2
"11421",4.3365426315725,3.78859443347742,1,2
"11422",0.292767295839828,6.21451567487326,1,2
"11423",-0.523214367409896,3.27010293726883,1,2
"11424",2.3737854027795,0.49148857929428,1,2
"11425",4.07094279271225,3.61816714271911,1,2
"11426",0.931483241293096,8.99007065782196,1,2
"11427",0.519204365251925,4.77346895234773,1,2
"11428",0.968384025104161,-1.91151524281507,1,2
"11429",2.36238015548757,6.88432891946667,1,2
"11430",2.09433833103015,0.563878365119155,1,2
"11431",0.623157800222322,6.7607833814827,1,2
"11432",3.45493128738215,0.0239905570870533,1,2
"11433",1.2317997363602,2.73452778218093,1,2
"11434",0.860018736814251,9.22769346649476,1,2
"11435",3.9288493287768,2.72955347242815,1,2
"11436",0.814410078452028,7.86889491122492,1,2
"11437",3.4981077267898,4.68126472131367,1,2
"11438",1.45107793686186,11.169696493315,1,2
"11439",1.18809424254968,3.62838349855263,1,2
"11440",4.43106243425214,8.31899996573186,1,2
"11441",2.34946686211982,5.21646653188767,1,2
"11442",-0.890008887639332,5.34428094499872,1,2
"11443",1.16559646115946,13.8034914594414,1,2
"11444",1.72558247068807,11.8688100315594,1,2
"11445",0.903474005542071,4.80513829468022,1,2
"11446",2.6267962063078,2.13010815183824,1,2
"11447",1.15056980285773,-0.642712074420027,1,2
"11448",1.6191045411621,0.723297668635754,1,2
"11449",0.522261915745653,5.7578709818126,1,2
"11450",1.93644940938638,2.07430795012449,1,2
"11451",0.318659952270032,4.08158528897232,1,2
"11452",-0.796599236802899,1.16679704283392,1,2
"11453",0.198848795647052,5.51294909601294,1,2
"11454",2.99681539496728,12.0313556343425,1,2
"11455",1.31443461232186,6.83723595550305,1,2
"11456",-1.14048820589424,3.61148632371812,1,2
"11457",0.12636920790165,5.60781145198588,1,2
"11458",0.667924955640121,4.83697842118822,1,2
"11459",2.43922227417343,2.27122269207233,1,2
"11460",1.39288043230406,5.53269316928409,1,2
"11461",1.45329403811268,-1.9299850165298,1,2
"11462",1.45618636912645,4.63418159622533,1,2
"11463",3.32038582495311,13.2817495669549,1,2
"11464",2.51619317681342,3.10434671422022,1,2
"11465",2.63549067742121,-3.6396266758455,1,2
"11466",1.08138462178087,5.39709907832391,1,2
"11467",-0.160293143252592,9.18431833891423,1,2
"11468",2.68407349229887,6.86303359154329,1,2
"11469",3.53288031675739,2.86899715140203,1,2
"11470",0.665566348875927,7.63994336293699,1,2
"11471",0.48031975721219,15.7512460158919,1,2
"11472",2.72382257779858,2.5785743185076,1,2
"11473",3.75232370904448,7.33025917013067,1,2
"11474",1.62584961431852,-1.07017208456445,1,2
"11475",-3.73639606453642,4.73102778316882,1,2
"11476",0.0451461942709461,1.61233865450622,1,2
"11477",1.0547038677258,1.93450460131253,1,2
"11478",4.67913320515441,3.9026094091205,1,2
"11479",2.49539499471396,7.41554787635962,1,2
"11480",2.15473813200842,9.54055287703869,1,2
"11481",-0.4326896526097,9.22307144358637,1,2
"11482",0.684383037699,5.56554114959857,1,2
"11483",1.24403697355431,7.15379905096854,1,2
"11484",0.628577771674656,8.64728305639337,1,2
"11485",2.53356975220475,6.45347148769434,1,2
"11486",-0.837503578115459,6.92104537150688,1,2
"11487",1.5837618126387,4.47180492331571,1,2
"11488",2.95387658607017,3.8372330954572,1,2
"11489",4.16122334447993,6.23238285426881,1,2
"11490",2.69552220662424,5.62941180550187,1,2
"11491",1.82894136662361,14.8474796444771,1,2
"11492",-1.27194813210334,3.32030828237065,1,2
"11493",1.28671931258724,6.36538881921709,1,2
"11494",4.63714739817926,8.51329495212294,1,2
"11495",-1.16943561782001,3.73760076267476,1,2
"11496",-1.76951303101688,2.91612273655804,1,2
"11497",0.030896363682984,9.2027460859964,1,2
"11498",3.09595826810856,4.48551120939422,1,2
"11499",2.70290783216283,4.13596600963639,1,2
"11500",-0.986868746404408,2.5704152688686,1,2
"11501",3.0124763867268,7.08719805405374,1,2
"11502",0.614215987884229,8.58977135160949,1,2
"11503",2.71414454657925,7.75390869332407,1,2
"11504",1.70760454530956,7.08545106238923,1,2
"11505",3.15000607176653,5.99241602481049,1,2
"11506",1.25303400816345,1.17046871004237,1,2
"11507",1.87053712809337,11.6245799057946,1,2
"11508",0.971508711728624,9.13204602550079,1,2
"11509",0.399380503183875,4.73962984627204,1,2
"11510",4.94897757443239,1.18688517768098,1,2
"11511",5.0980364825585,5.26798844331127,1,2
"11512",0.716808959940714,-0.993528164786539,1,2
"11513",0.605903882720545,1.26761088694171,1,2
"11514",0.800845149893224,8.3317126588878,1,2
"11515",-2.91888162300116,7.86982377687352,1,2
"11516",-0.970008640756433,6.68867228759561,1,2
"11517",-0.37561334432981,6.31320241443549,1,2
"11518",0.344634092639479,5.95913138131264,1,2
"11519",3.00380973972288,0.771182603780708,1,2
"11520",0.50320718329888,0.541011777107581,1,2
"11521",3.00327806863975,6.24392122316054,1,2
"11522",1.74036413065203,7.02312086780188,1,2
"11523",-2.11007902622192,5.74623964889192,1,2
"11524",2.7934923955776,2.45795205159561,1,2
"11525",2.12559605571518,1.14098620622441,1,2
"11526",2.9006063652573,7.77739692381394,1,2
"11527",2.14188278559033,4.55280167558766,1,2
"11528",-1.97828624744333,9.20587629408203,1,2
"11529",-0.538423850230096,4.77013516155296,1,2
"11530",1.238645912446,1.4945092849932,1,2
"11531",2.49698447648141,2.57252277666357,1,2
"11532",1.99007782263422,9.8313510407456,1,2
"11533",3.92729489640061,8.92340664289784,1,2
"11534",4.48308366722081,5.45766763427943,1,2
"11535",3.60813357674171,9.27738883129612,1,2
"11536",2.90113073900473,4.53200873010668,1,2
"11537",0.309257200016234,3.53505040062274,1,2
"11538",1.27777062544148,8.32723586186965,1,2
"11539",4.06324935971638,9.238767339892,1,2
"11540",-0.180559610266763,5.86756002276929,1,2
"11541",2.944232407925,3.63030022407732,1,2
"11542",1.12116906043482,4.34542899056085,1,2
"11543",3.32728809495733,4.36284728527686,1,2
"11544",0.909954938895942,9.28994408232234,1,2
"11545",2.79313936156384,6.19046633785696,1,2
"11546",1.22796863155446,11.2976686367622,1,2
"11547",5.18143796501358,2.22214223967967,1,2
"11548",-0.0441488983211713,4.24121084404765,1,2
"11549",1.66165084531285,-0.81232771563991,1,2
"11550",-1.0452833902365,2.88890366695317,1,2
"11551",1.99868340551973,10.7229321353464,1,2
"11552",-2.84347734527145,6.74976746239137,1,2
"11553",-2.13746098996614,6.18416242090904,1,2
"11554",3.1209549613551,4.69023869812659,1,2
"11555",1.64286797049676,3.45972552550305,1,2
"11556",0.413907382613973,5.75334098360933,1,2
"11557",1.06215138577861,1.16966017426622,1,2
"11558",-0.99302976352882,11.2206930076684,1,2
"11559",-0.315543907457209,4.10012519603556,1,2
"11560",0.918193178703781,11.484787693715,1,2
"11561",-0.812672633271038,10.6382972344226,1,2
"11562",0.38029933022323,-0.677908038794047,1,2
"11563",1.97978195095475,3.38063887194534,1,2
"11564",2.65469404658369,4.49719626807766,1,2
"11565",0.0592654473101619,13.6287312153951,1,2
"11566",2.52135513153177,7.18901436581641,1,2
"11567",2.46476606337196,7.23442300555462,1,2
"11568",2.86587509754429,8.94107390891465,1,2
"11569",2.00980824487476,4.04234082547045,1,2
"11570",1.80956049744839,8.70990513238419,1,2
"11571",1.59013064804764,7.9927447721835,1,2
"11572",3.0131566777094,8.7715665192727,1,2
"11573",-3.47550311378244,8.75207590718582,1,2
"11574",5.30909881850277,0.261392975226178,1,2
"11575",-0.666533141364188,4.80694278310373,1,2
"11576",1.76962415587821,2.81313302806112,1,2
"11577",0.451228943706953,10.8696749758939,1,2
"11578",0.301009313284458,6.04595851973133,1,2
"11579",-0.103859909498301,7.04319398585755,1,2
"11580",2.26624952784884,11.1972156325098,1,2
"11581",-0.707290031202973,5.63882111204936,1,2
"11582",-0.504579327789807,7.46276009137843,1,2
"11583",1.93242337162308,1.21720488807512,1,2
"11584",-0.866122449728722,6.48539992538638,1,2
"11585",2.63552550520941,5.3011405068035,1,2
"11586",0.176141926536728,4.24401471546251,1,2
"11587",-2.20255325831092,2.99527721853575,1,2
"11588",6.12983957589079,3.87328874463226,1,2
"11589",1.2893767421321,4.595963538152,1,2
"11590",3.52735594772659,7.45746130628833,1,2
"11591",2.749514101677,8.32504476288317,1,2
"11592",1.80769407604695,5.98157935601844,1,2
"11593",4.24170463426404,6.68130757428398,1,2
"11594",1.09722853250965,7.37488721116244,1,2
"11595",4.42239464985858,8.94263610138093,1,2
"11596",0.849790211036495,2.12998188601616,1,2
"11597",1.65794873631667,1.50770075874079,1,2
"11598",1.65366318604854,13.8249586097938,1,2
"11599",1.12201575964785,7.04992597522446,1,2
"11600",-0.789531003899286,4.45961637682678,1,2
"11601",0.0975443068699038,14.3951587114894,1,2
"11602",2.17427255946054,4.38408367509319,1,2
"11603",4.1751173366301,4.64779080977636,1,2
"11604",1.93656899133426,5.9696205999872,1,2
"11605",1.79641311520515,6.36613726665827,1,2
"11606",-0.363354065913891,11.1622644695244,1,2
"11607",0.308428359743631,13.4411581814341,1,2
"11608",1.98902100381504,6.77312656751938,1,2
"11609",0.465015233676235,4.57504100700119,1,2
"11610",2.15587589497097,3.09801270527503,1,2
"11611",1.98975996108377,10.5035233425787,1,2
"11612",-1.76127174669442,7.6401231868945,1,2
"11613",2.52268965038343,8.99201104494909,1,2
"11614",4.81883759326529,7.79519613238333,1,2
"11615",3.23375143520464,2.03481962615403,1,2
"11616",0.788337602850596,12.0159399845211,1,2
"11617",2.16144628673721,8.6030213050811,1,2
"11618",0.800118424136599,0.0653156350368302,1,2
"11619",2.45307344700728,3.20661356968697,1,2
"11620",2.191228891424,1.49775582359445,1,2
"11621",7.25905293663327,8.45477707939746,1,2
"11622",1.63893898422189,4.76834337527856,1,2
"11623",-1.10120521624,8.19530398977537,1,2
"11624",2.33346070848425,11.1602224585942,1,2
"11625",-1.21294981850011,2.49827724472012,1,2
"11626",0.765384514279224,5.5688949956793,1,2
"11627",2.94292029736753,-0.710119093821496,1,2
"11628",2.78028637134977,2.0042799679256,1,2
"11629",-0.207999344697772,12.0665244752503,1,2
"11630",1.18087479798538,7.48516000198993,1,2
"11631",2.12339578711978,6.11154372992947,1,2
"11632",0.63971912576635,9.87296438172847,1,2
"11633",3.0603102624108,8.29102833823855,1,2
"11634",3.91775447126826,-0.64126557576199,1,2
"11635",0.141074028786089,9.58848364074884,1,2
"11636",1.72598149388396,5.57148807623006,1,2
"11637",4.09781449213467,6.23722755620638,1,2
"11638",-1.78933231402061,11.3841654678379,1,2
"11639",2.89104371180287,6.35204196369069,1,2
"11640",1.16833087207787,9.34371868140464,1,2
"11641",2.55415026378613,8.46069289647034,1,2
"11642",2.75800102817037,8.02371696361427,1,2
"11643",0.0797521064186084,3.14702561327394,1,2
"11644",5.12331844618854,6.66047047989292,1,2
"11645",1.45877762992718,6.33696409331866,1,2
"11646",2.1595258402732,2.03915804944531,1,2
"11647",1.68337294606036,1.99624087491075,1,2
"11648",0.783981916999881,0.971226409292621,1,2
"11649",-1.95174626085146,0.444987689287482,1,2
"11650",4.86955465812462,7.57043309173118,1,2
"11651",3.31513442575799,5.6454623486751,1,2
"11652",0.0478724487018929,10.7229986135745,1,2
"11653",3.94670736176604,9.32455127391436,1,2
"11654",1.39013853863131,7.9666187274767,1,2
"11655",2.08378658659147,12.5184709490487,1,2
"11656",1.49445295434963,3.77814749861715,1,2
"11657",2.44891456783232,3.36409084287989,1,2
"11658",4.40273285591312,5.18135450438378,1,2
"11659",2.26885683519853,8.31245487676449,1,2
"11660",3.04220409986476,2.19950069867405,1,2
"11661",-0.0451081747839768,4.31237831370876,1,2
"11662",4.98933877088085,3.53598152921664,1,2
"11663",4.52583955990262,1.50245394706042,1,2
"11664",0.0108299216057253,7.35676189162208,1,2
"11665",1.74740022847525,3.05357345947275,1,2
"11666",2.9899076887389,4.09011288623802,1,2
"11667",-1.81297752811774,2.353198342507,1,2
"11668",3.77922889604554,6.74687502166989,1,2
"11669",4.83073492754748,7.8676284677288,1,2
"11670",-1.83153208155789,4.24915035585296,1,2
"11671",3.21381466045131,8.24833174076474,1,2
"11672",2.50306717091078,4.31309876371786,1,2
"11673",1.9430766344975,5.3414143760761,1,2
"11674",2.26496455562154,7.56019832901478,1,2
"11675",0.144436665512922,7.23058967809942,1,2
"11676",0.365080117717354,3.65217012991966,1,2
"11677",0.542000147458894,3.95790185226852,1,2
"11678",0.0340551304229251,4.69162572819492,1,2
"11679",-0.758312275462428,8.20019345686784,1,2
"11680",5.17259567148387,11.7598606481408,1,2
"11681",-0.933911032112496,5.59512815174263,1,2
"11682",3.24691153153639,-0.843868084326497,1,2
"11683",1.13801983960746,2.41019300358173,1,2
"11684",1.79419610856164,5.33271680405367,1,2
"11685",3.3161419940858,7.31033368005099,1,2
"11686",2.64172312460814,6.59057448723071,1,2
"11687",1.21882336103886,3.40923346893175,1,2
"11688",-1.15619704249292,10.2779598151245,1,2
"11689",0.785406577661139,3.03581733740313,1,2
"11690",1.74531346433755,5.63525473618752,1,2
"11691",1.61159172034439,11.4968961928272,1,2
"11692",-1.41040695515664,10.9354418721083,1,2
"11693",4.17367741942205,5.72956341073941,1,2
"11694",2.40725559791088,8.83110638798166,1,2
"11695",1.60623831528677,2.7705629711941,1,2
"11696",0.629081334081644,1.30119305309903,1,2
"11697",2.72062018556532,8.7975876303337,1,2
"11698",2.70045567924609,0.696327496691133,1,2
"11699",1.03093590123009,6.43066702294843,1,2
"11700",5.11428752745796,4.52559530441761,1,2
"11701",3.23480699007536,1.82414099560915,1,2
"11702",3.50844876346403,13.6356084916791,1,2
"11703",2.78385774551445,5.53267280253143,1,2
"11704",-0.274580450112729,10.3489598120297,1,2
"11705",-0.203030073587638,6.64453272487067,1,2
"11706",6.06394578246812,7.17556592476883,1,2
"11707",0.619686897746955,6.34703139610118,1,2
"11708",1.14591045344262,3.29308064907062,1,2
"11709",0.0179712192221164,1.50095459574386,1,2
"11710",0.5589874512673,10.6552441736772,1,2
"11711",-1.12801729805399,9.96500185406823,1,2
"11712",-4.61019013331577,9.26671905647854,1,2
"11713",2.76462886076499,2.6568220104024,1,2
"11714",0.368534441163937,7.04111876009835,1,2
"11715",2.49007474757943,8.73160158218419,1,2
"11716",3.23221637270689,8.82547206442641,1,2
"11717",1.50969128542933,6.46118807981971,1,2
"11718",2.92332537090689,3.90483638725852,1,2
"11719",4.29218815137434,2.10906605356897,1,2
"11720",0.0611908549518392,7.73505573496503,1,2
"11721",4.11025088207678,6.51118251543825,1,2
"11722",0.884375138383936,4.95465207505981,1,2
"11723",1.77016350711977,3.90719399534836,1,2
"11724",1.07721763606368,2.91080416481077,1,2
"11725",-1.16577066144753,9.7526544877639,1,2
"11726",4.26879601598883,7.37786755035483,1,2
"11727",3.3338295639951,10.114357888598,1,2
"11728",0.985270969431311,8.36289757449448,1,2
"11729",0.384669810910479,1.5769984471166,1,2
"11730",-0.463370448945028,5.9220465467784,1,2
"11731",1.92276988450013,5.42972952185027,1,2
"11732",2.98506413796727,6.16534113766738,1,2
"11733",2.33136604594004,0.806031048990837,1,2
"11734",-1.6439569833991,2.86686345790465,1,2
"11735",2.80636589421254,2.3294363306381,1,2
"11736",1.7073929921376,3.15526097383782,1,2
"11737",2.25289430451985,3.67212608378012,1,2
"11738",0.802889690010742,4.99695868886096,1,2
"11739",-1.25660764118148,1.11352665682597,1,2
"11740",-0.368791067175196,2.92326054697644,1,2
"11741",-0.328139378801485,6.48962990710115,1,2
"11742",0.234272565475743,6.27169932973383,1,2
"11743",3.9924149323082,2.78404496717421,1,2
"11744",2.2972244125048,4.97247483594153,1,2
"11745",3.25527958805863,3.50627377514886,1,2
"11746",3.50759574642343,6.31289196646863,1,2
"11747",3.09017210089445,3.91714479264542,1,2
"11748",1.95493260399318,1.59593309232106,1,2
"11749",1.43237906323368,5.97363524265966,1,2
"11750",-0.441804540482377,4.76797110637751,1,2
"11751",-0.61180852065574,8.07718619009218,1,2
"11752",1.64993816138523,6.83451324356077,1,2
"11753",2.25696084086316,4.00474001214304,1,2
"11754",4.52654005951728,3.80742310007162,1,2
"11755",4.82243536495174,1.60809186220529,1,2
"11756",0.247992718992223,4.2016406344576,1,2
"11757",1.75373820572657,6.1948382487128,1,2
"11758",1.71592953898533,6.9834377247066,1,2
"11759",-0.504277516713258,8.32255938709013,1,2
"11760",4.95439609808403,11.4811588948563,1,2
"11761",1.53538941978081,6.51197851988099,1,2
"11762",3.32031594441879,8.01491777431896,1,2
"11763",3.33712133406501,7.4874312321888,1,2
"11764",0.313550745223176,0.0414475794967508,1,2
"11765",3.74268001236248,4.54853730611743,1,2
"11766",1.51332810595598,11.3400362568513,1,2
"11767",1.44831195245363,8.02300634788402,1,2
"11768",1.47135580955735,6.98800610763154,1,2
"11769",4.69058683195592,6.80538870101371,1,2
"11770",3.18932049901278,3.292909267528,1,2
"11771",0.761456542161658,3.51587513149709,1,2
"11772",2.98208012957575,3.98862605542498,1,2
"11773",0.32850096324255,-0.478515643871134,1,2
"11774",-0.217708669903211,6.00101326149244,1,2
"11775",0.168628142288215,6.25388955182963,1,2
"11776",2.26967675056554,2.8697384123327,1,2
"11777",0.0979692137599926,6.98770480875928,1,2
"11778",3.60457979969933,3.91209533265442,1,2
"11779",1.59302555469306,11.0645120919115,1,2
"11780",-0.0107286826591808,-5.00288376986167,1,2
"11781",0.765792399236468,11.068624917248,1,2
"11782",2.04606901717581,2.96399118600575,1,2
"11783",3.44186645395625,8.63544645918188,1,2
"11784",1.38981294923689,10.4515293877027,1,2
"11785",2.93790611884923,4.35434767084886,1,2
"11786",-1.30116354995874,4.0599077668084,1,2
"11787",1.38463151881025,3.69101994362754,1,2
"11788",-0.472525757645877,9.10736817439073,1,2
"11789",0.024291118257536,8.55463105110109,1,2
"11790",0.379267785217577,2.96209344748393,1,2
"11791",0.193018759965657,6.11431796852381,1,2
"11792",2.86262884875076,7.92149719037371,1,2
"11793",-2.85316545099385,6.91039298569848,1,2
"11794",3.05284746448557,9.56544593495909,1,2
"11795",3.2248553927307,3.72788408914027,1,2
"11796",-0.43256820059314,5.53087396847999,1,2
"11797",-0.710348894086122,6.92575079836221,1,2
"11798",2.88607270603552,6.5350607952418,1,2
"11799",1.75701590890623,11.0082070001527,1,2
"11800",1.59443248494664,1.11249793808476,1,2
"11801",3.22065128243128,2.33083849235715,1,2
"11802",0.571853194037258,6.78446086329676,1,2
"11803",1.18617150693634,5.04716453538992,1,2
"11804",3.99630977462711,4.73302714223778,1,2
"11805",5.19137369380525,8.84680126907646,1,2
"11806",2.91667378596788,6.17274069551955,1,2
"11807",2.8212180517163,6.8062655384436,1,2
"11808",-0.745995585371102,5.11471542909731,1,2
"11809",3.10485796400161,1.45603584873947,1,2
"11810",0.94741051959257,10.4809682996713,1,2
"11811",0.528014456272403,14.3397908020135,1,2
"11812",2.8278743592948,6.30638093122371,1,2
"11813",-0.868467177471887,9.10357113431171,1,2
"11814",3.75961577343625,7.13769810996888,1,2
"11815",1.39508945030646,9.74876066287389,1,2
"11816",0.40311413527055,9.78671938323204,1,2
"11817",1.84791492937052,9.97415628286217,1,2
"11818",1.85850704994078,5.16259297353341,1,2
"11819",1.41286370342685,6.5820483807707,1,2
"11820",0.404393265385434,5.62933704907499,1,2
"11821",1.2221482819469,7.49920427377696,1,2
"11822",1.28871732614579,8.65416793941592,1,2
"11823",2.17637093032704,8.87035390973593,1,2
"11824",2.41831997070524,7.10465314917938,1,2
"11825",3.12212699615082,13.4751163107709,1,2
"11826",1.07914953790269,8.81067947555955,1,2
"11827",3.85599471960162,8.22519927648441,1,2
"11828",0.4265658025204,5.90589571125238,1,2
"11829",1.7478052099262,5.66660144525155,1,2
"11830",0.578839758208708,3.13412178304305,1,2
"11831",1.76117661075628,7.15275164985305,1,2
"11832",1.5622116820981,5.26975993106252,1,2
"11833",0.576782273040681,10.3900083855095,1,2
"11834",-1.14961344025276,5.49561939555031,1,2
"11835",2.14287595222906,5.55962631789345,1,2
"11836",1.63203478075035,8.74185011005891,1,2
"11837",3.61356546175636,7.41408076486227,1,2
"11838",0.1421065978074,9.31800975280253,1,2
"11839",1.67108326967563,10.2953384587035,1,2
"11840",0.956021426739138,6.28555214114075,1,2
"11841",3.25843781815697,8.25594671866811,1,2
"11842",0.978371410540486,-0.0242788625690338,1,2
"11843",0.38935991516746,7.99474547193092,1,2
"11844",-0.217984742625375,4.69614892816833,1,2
"11845",2.27048770687955,4.76307756192734,1,2
"11846",3.57104585857736,3.84991487934843,1,2
"11847",2.56956355669572,7.98715285937056,1,2
"11848",2.45741935660636,13.7241125022086,1,2
"11849",-1.99799926766408,5.61125587353133,1,2
"11850",2.68339336380029,6.90516995888096,1,2
"11851",0.362611261917862,3.94489904099516,1,2
"11852",6.11419061615489,6.41755921673754,1,2
"11853",0.62638157028094,9.12304863799372,1,2
"11854",0.0335705227877618,6.85875844853901,1,2
"11855",1.37245759695546,6.11240867454396,1,2
"11856",4.3934016910247,3.33592424104402,1,2
"11857",3.26109994588449,-0.440537566464764,1,2
"11858",2.84045734262351,9.66275018640943,1,2
"11859",2.41182165749913,4.7910915092701,1,2
"11860",3.21806647872122,5.4390590313425,1,2
"11861",-0.47307649714179,15.7713625419907,1,2
"11862",1.02152473067939,3.07920106315522,1,2
"11863",1.88837600341191,4.42944006049334,1,2
"11864",2.04442444558181,14.9970271826398,1,2
"11865",2.44240654403502,8.0325022830317,1,2
"11866",4.57397319244859,8.59731008251171,1,2
"11867",2.09014037199843,12.4082095622395,1,2
"11868",1.44646972386027,1.58822503180343,1,2
"11869",0.702397596317643,2.18859170713937,1,2
"11870",2.1828056740699,5.23016144170868,1,2
"11871",3.27809127752359,10.5386292122398,1,2
"11872",2.34885242880694,3.45147270902626,1,2
"11873",5.46152224421628,3.89819835329424,1,2
"11874",1.80468348607416,12.0453088812695,1,2
"11875",3.90426163800898,7.89606359068031,1,2
"11876",4.09494638175284,8.7369440994006,1,2
"11877",-1.23026096503858,4.98691025592655,1,2
"11878",-0.189382882838705,5.29939813669183,1,2
"11879",4.34056952721943,6.3938817125689,1,2
"11880",2.40991150916817,2.0600569911628,1,2
"11881",-2.33067560067575,13.5819798301301,1,2
"11882",0.961864654553327,8.88630506481002,1,2
"11883",-0.482495153285653,5.31954039465864,1,2
"11884",0.81029415488744,14.382208884364,1,2
"11885",2.50042648525109,4.88544578985605,1,2
"11886",2.31184920500407,9.26972523002205,1,2
"11887",0.611516875954847,-3.55455354073768,1,2
"11888",4.76154667643289,8.8571270661576,1,2
"11889",2.08646992729059,13.5618921631973,1,2
"11890",2.03060310677187,9.19300130440029,1,2
"11891",-0.263774775444389,6.65593026809095,1,2
"11892",0.48580380029827,0.760002238076018,1,2
"11893",-0.210409861313859,3.89770183726222,1,2
"11894",3.68861503105897,12.466073896717,1,2
"11895",2.05659929157147,-0.0348793776965195,1,2
"11896",-0.628720472168716,4.72542745744547,1,2
"11897",-1.63387361258469,4.38144756812278,1,2
"11898",-0.644420808150236,8.16484937203262,1,2
"11899",5.40414399164746,7.78049986751256,1,2
"11900",-0.168891747784429,9.84023201878523,1,2
"11901",1.13020230508349,4.64781984407228,1,2
"11902",2.14796550596598,7.32919210349638,1,2
"11903",0.907607195321592,5.82716727889359,1,2
"11904",0.58151370905991,-2.77079872671506,1,2
"11905",2.91036740883602,-0.0157343584720291,1,2
"11906",2.4436402184383,9.28800836999478,1,2
"11907",0.73176129186815,7.13811649914271,1,2
"11908",-0.768318945750391,1.96868348396219,1,2
"11909",0.630113489489447,4.01067700204151,1,2
"11910",2.62249988944055,4.76667581758514,1,2
"11911",1.41386655300902,6.05277955833243,1,2
"11912",1.5920176449881,3.37352271519397,1,2
"11913",1.95607088494659,9.0367921604089,1,2
"11914",2.06382929167634,2.00638089694102,1,2
"11915",-0.283863317813982,2.61341493285758,1,2
"11916",-0.387627188012543,4.61237660714086,1,2
"11917",1.77656609116942,5.41385022950731,1,2
"11918",4.50404168219982,5.78181051836941,1,2
"11919",0.893870884210423,5.96377219510251,1,2
"11920",1.87069950744951,5.36592504643596,1,2
"11921",3.81239965142674,12.1559732784726,1,2
"11922",0.0194082534064257,8.75119906122311,1,2
"11923",-1.27628488581066,8.95058749740482,1,2
"11924",0.61750243676734,-0.555191896625177,1,2
"11925",2.67907355152808,5.91606146509638,1,2
"11926",0.280957192856844,2.37668632144032,1,2
"11927",2.19249845532218,1.62589911481016,1,2
"11928",2.35974544722313,9.81445594743281,1,2
"11929",1.68839630994302,6.97847067254294,1,2
"11930",1.45802043473308,3.01402882734502,1,2
"11931",1.23695026290326,9.38526214909206,1,2
"11932",2.41184838601739,5.70617203967075,1,2
"11933",4.7861005171348,3.30027052369518,1,2
"11934",2.48392812024749,1.44653135139696,1,2
"11935",-1.76314284933939,3.91243167030699,1,2
"11936",-2.38737299565742,7.63153856476502,1,2
"11937",-0.551593459388791,5.85170017831113,1,2
"11938",0.150378104868268,3.9489291611438,1,2
"11939",2.05237770257839,6.46421017456399,1,2
"11940",1.17870804704587,3.60231475397926,1,2
"11941",2.38056402089853,8.18471605392477,1,2
"11942",1.48051418334298,-1.29671036697445,1,2
"11943",0.357284992899997,9.32438576445138,1,2
"11944",1.78930798401009,6.84411888436305,1,2
"11945",0.842974486983806,9.64186410391908,1,2
"11946",2.96273688299983,9.38030431592252,1,2
"11947",0.196827355686108,7.68270555191719,1,2
"11948",1.26640961078494,5.49244135203396,1,2
"11949",4.06352472891693,-1.93975595243179,1,2
"11950",2.18460574296634,5.80689300230031,1,2
"11951",2.65473268827422,3.94295903570756,1,2
"11952",2.61466544689774,5.43140141327288,1,2
"11953",-0.702529851788009,-2.89381086519116,1,2
"11954",2.72123547378172,3.07884071269254,1,2
"11955",-0.0171114181538461,5.84522194163117,1,2
"11956",2.29321702278929,7.95873906879024,1,2
"11957",2.31884359809582,4.40699487196049,1,2
"11958",-0.69904467660852,6.99214035097218,1,2
"11959",2.83295583727637,8.7025091150949,1,2
"11960",5.69991274590239,11.5436546460067,1,2
"11961",0.971378875273108,7.79419994172019,1,2
"11962",1.85167472704907,7.96207513737331,1,2
"11963",5.18552679241341,5.29556319229164,1,2
"11964",1.40377145961077,2.37648098731327,1,2
"11965",1.51914444788594,4.41619169113362,1,2
"11966",3.55870089983128,8.88842485577175,1,2
"11967",3.18395222728878,6.31845124831923,1,2
"11968",-1.30364911654266,8.18224688978581,1,2
"11969",1.43479407002374,7.33116041590518,1,2
"11970",1.97874712365425,6.43397470427387,1,2
"11971",1.62426223935841,5.69822766720887,1,2
"11972",1.86520072782661,6.10960623682667,1,2
"11973",-0.337026541310906,0.133673929829178,1,2
"11974",-0.659770893086474,10.226872510505,1,2
"11975",0.197072406717872,8.15534412676169,1,2
"11976",2.25613699670547,10.2436549726593,1,2
"11977",0.548739192860227,9.91530583478154,1,2
"11978",0.807573057755654,2.47770805264385,1,2
"11979",0.421934583174734,4.94313908971344,1,2
"11980",6.2092157665581,7.03021413269398,1,2
"11981",1.01767116056108,10.4022930726192,1,2
"11982",-0.17484253029079,1.47980798646334,1,2
"11983",0.760592029904224,4.57434880717353,1,2
"11984",-0.56769431000239,10.1091548472546,1,2
"11985",1.08202055640419,-0.388485376998316,1,2
"11986",-1.762130312796,4.51580024495023,1,2
"11987",-1.38323336141613,4.13639470208218,1,2
"11988",2.46877304829676,5.71735691270183,1,2
"11989",1.68952670208853,7.399686077369,1,2
"11990",1.52559219801916,4.74597025847616,1,2
"11991",3.24362855663503,8.00346836619074,1,2
"11992",2.29861104108626,4.3100522389117,1,2
"11993",3.66000528312681,-3.13023790652886,1,2
"11994",-0.267646447676845,4.91498198793885,1,2
"11995",0.973215402074647,5.87674563821316,1,2
"11996",1.192112094492,5.9897806004524,1,2
"11997",1.17275151077227,-1.81121248115397,1,2
"11998",3.83972499070316,2.03455230286938,1,2
"11999",-0.829933629367694,4.29292071854928,1,2
"12000",2.32781347303418,2.18940286902535,1,2
