"X1","X2","component","subcomponent"
"5001",21.1985898941549,5.65475877608698,12,8
"5002",24.8197030900996,3.42208531366471,12,8
"5003",26.4973185359914,5.00895213046452,12,8
"5004",20.7858356215294,8.04887563392188,12,8
"5005",27.12363536804,8.2460170792951,12,8
"5006",14.6816866990846,7.98089622190469,12,8
"5007",19.1559681352109,6.19406679749451,12,8
"5008",17.1345123566798,4.50305535710429,12,8
"5009",25.3759786497239,7.66540071874256,12,8
"5010",24.2293503568501,7.30623312504206,12,8
"5011",30.1171728086112,5.70065230523784,12,8
"5012",23.4388803857989,9.12506678160032,12,8
"5013",23.017999748262,7.29993440241031,12,8
"5014",28.6453858570836,3.31840430148844,12,8
"5015",14.4588600653489,5.44396950674402,12,8
"5016",22.9837310305887,6.03882658723728,12,8
"5017",19.5876236764647,5.67458815728525,12,8
"5018",30.0258836909484,5.73456311910238,12,8
"5019",20.4847566955984,4.85285830258751,12,8
"5020",26.7042454605163,6.5784084657396,12,8
"5021",18.5976642462725,8.63840699652641,12,8
"5022",21.0178472530459,4.78412283953399,12,8
"5023",16.6761845711221,3.85656417407396,12,8
"5024",20.7143665391584,3.06209497252985,12,8
"5025",24.142814011539,7.62974093555617,12,8
"5026",24.9949223054622,9.40443758619463,12,8
"5027",16.487592468959,6.93639744253894,12,8
"5028",18.0691682390555,5.86275547019999,12,8
"5029",23.742487565823,9.58884681413166,12,8
"5030",20.7986779628419,6.43374662636343,12,8
"5031",25.801305565375,4.97951096695036,12,8
"5032",25.025576330157,6.32537818160912,12,8
"5033",19.8765900374471,7.81004943711988,12,8
"5034",22.0650331193651,6.7606090050851,12,8
"5035",22.5315566821958,9.01946791460706,12,8
"5036",19.2861120673785,3.94964456266117,12,8
"5037",15.4510579412376,5.62337042723445,12,8
"5038",22.3917212478359,2.89434354275791,12,8
"5039",22.7910006591267,4.15399416639769,12,8
"5040",25.6308462888958,8.1502117134798,12,8
"5041",18.0374791930722,6.07065176566268,12,8
"5042",18.1296649207091,4.2710271053679,12,8
"5043",21.6846602381163,6.91305763505621,12,8
"5044",19.5815569877378,8.32410566795342,12,8
"5045",25.9721055913085,7.16420060928039,12,8
"5046",24.7950438023032,4.7879342894631,12,8
"5047",25.4269222010983,4.92137830415325,12,8
"5048",23.9908300341987,6.86208550434061,12,8
"5049",21.3707231893932,7.49742411189728,12,8
"5050",17.1717837661031,7.16396610886798,12,8
"5051",20.6209810892294,8.41102511673555,12,8
"5052",19.9358569646733,6.12346551103948,12,8
"5053",27.5060324074722,5.74827141327173,12,8
"5054",23.2591296818539,6.9674271584417,12,8
"5055",22.5408493128814,4.08154283617262,12,8
"5056",20.0180890411076,5.57503235388043,12,8
"5057",17.9291331351106,3.47229880032243,12,8
"5058",19.8551401887502,7.33422255377886,12,8
"5059",22.4194058536819,5.13001040140342,12,8
"5060",21.3247157848581,6.44244158330558,12,8
"5061",23.7771298301397,3.79445566688242,12,8
"5062",22.8645828222003,8.21993028473118,12,8
"5063",24.3177860054679,7.12231124621918,12,8
"5064",17.4581974752306,6.60223244487556,12,8
"5065",23.5410050029425,5.70253695141487,12,8
"5066",28.4343810075372,6.32981338383177,12,8
"5067",21.1381395395656,4.28598788522183,12,8
"5068",27.0913292252466,10.6089170204976,12,8
"5069",19.8953502877494,5.15418554977697,12,8
"5070",19.0208888293872,5.96595837735076,12,8
"5071",21.6925252405453,4.94346614529689,12,8
"5072",24.484782470889,5.65081317894749,12,8
"5073",16.1273951525064,7.9931327005799,12,8
"5074",20.6595357214311,2.26700236199392,12,8
"5075",20.5071474392441,4.68424184358237,12,8
"5076",31.8549095083522,3.48478423428128,12,8
"5077",17.4630886644727,8.10076583788862,12,8
"5078",22.4181905079863,6.23430805706087,12,8
"5079",24.2644880367043,6.1374433048336,12,8
"5080",22.4082065994231,8.28323876162526,12,8
"5081",20.8816764459733,5.35590203341497,12,8
"5082",26.8133334445603,5.24736185673826,12,8
"5083",24.2863517220132,10.1060687248561,12,8
"5084",25.9214723344138,5.33984201927585,12,8
"5085",23.340025700555,3.16512432874732,12,8
"5086",24.1187817889444,6.44180785623867,12,8
"5087",17.970181647304,5.34897775927386,12,8
"5088",27.6137848182863,9.49340692568947,12,8
"5089",21.5565938179585,6.1348937504178,12,8
"5090",20.3782794796462,6.78108224830287,12,8
"5091",22.7059795036593,6.65887158698713,12,8
"5092",23.6977607030564,5.77112981194833,12,8
"5093",25.637437485548,6.09956053751733,12,8
"5094",22.545196668174,8.28442927574224,12,8
"5095",20.0888131735196,6.13531959905335,12,8
"5096",15.5597455742829,4.88430398127626,12,8
"5097",26.2982624342361,8.2536006331132,12,8
"5098",17.9644879359392,7.11508915721991,12,8
"5099",20.2639437431892,7.83513227746365,12,8
"5100",25.0664968686592,4.91717600973054,12,8
"5101",21.2925370318255,0.360232480433419,12,8
"5102",24.3990824193563,7.6218887049324,12,8
"5103",20.3233725160634,7.5604099906993,12,8
"5104",22.913662300874,6.49907475945314,12,8
"5105",17.8115490454994,4.58614461909881,12,8
"5106",25.9982230311602,3.17147418776611,12,8
"5107",18.6588150612612,7.67341510716665,12,8
"5108",14.6865490994017,4.63492544511662,12,8
"5109",23.7692198187943,6.36807149055315,12,8
"5110",20.5690668809443,5.89583773877704,12,8
"5111",23.2521893298593,7.6856352757141,12,8
"5112",21.0414355521616,5.24713515633567,12,8
"5113",20.272005252989,7.77762950996371,12,8
"5114",26.5478069167418,7.29620496504968,12,8
"5115",27.1972239141389,7.45942384733707,12,8
"5116",25.3213311107425,9.8589223837759,12,8
"5117",22.735917998063,8.24610108449867,12,8
"5118",20.5068500132449,6.06130334375803,12,8
"5119",25.5523730759991,5.37629653851444,12,8
"5120",24.817880720465,5.52636319246995,12,8
"5121",26.1527979194639,5.9453517329649,12,8
"5122",22.7453613025002,5.30320407114999,12,8
"5123",17.0502693536749,7.00482268724051,12,8
"5124",30.9872952342952,7.92145127281902,12,8
"5125",23.7499005903559,8.04372343051455,12,8
"5126",14.2606920879477,8.56876918276964,12,8
"5127",20.2896918568066,4.26003176016456,12,8
"5128",19.7654367942567,5.45779175300199,12,8
"5129",24.3368879615366,6.9311729916497,12,8
"5130",16.422686209431,8.38032413421507,12,8
"5131",17.8732710809517,6.02060561563242,12,8
"5132",24.9703066607655,10.2390318448442,12,8
"5133",19.9016001573518,9.11580425356999,12,8
"5134",24.9349335820523,7.56961788502714,12,8
"5135",23.6343623896666,8.69718100285091,12,8
"5136",22.0936972055512,7.31655494090873,12,8
"5137",22.1825783203878,5.55324998379445,12,8
"5138",21.9613274280774,11.0629035837179,12,8
"5139",27.5760152056978,6.13797912977602,12,8
"5140",20.9081871471338,5.54520103225149,12,8
"5141",20.1142569422817,4.53337396006908,12,8
"5142",25.1431750465127,8.88265475043463,12,8
"5143",23.3497044509453,8.82722887554851,12,8
"5144",26.2466997117867,3.51369071307259,12,8
"5145",14.0835509270767,5.62174939496722,12,8
"5146",26.6078724964082,3.19491901880195,12,8
"5147",20.8576708350242,5.72135287552497,12,8
"5148",23.1153369645085,5.30577401583631,12,8
"5149",21.7611540005601,2.26663256993229,12,8
"5150",21.4435361847131,7.00774621827072,12,8
"5151",15.9254413023682,6.33653522042124,12,8
"5152",19.4779302154947,6.84587366391074,12,8
"5153",33.5890468241878,8.61996956853904,12,8
"5154",19.2870234853314,4.37616350918973,12,8
"5155",18.8669285578877,9.4245253549135,12,8
"5156",18.5385626754598,7.35201981408528,12,8
"5157",20.045175835156,9.78617149170358,12,8
"5158",20.9425928110298,7.69931438610718,12,8
"5159",23.3306449269568,6.59356468708945,12,8
"5160",28.6793964444149,7.65488246760903,12,8
"5161",23.7921194247808,8.16387686684619,12,8
"5162",28.6417106296306,8.46737041227195,12,8
"5163",28.7985933689569,4.97437880930938,12,8
"5164",24.9467391495223,6.29753748498494,12,8
"5165",33.2888028341252,7.30318336092036,12,8
"5166",20.9085705362013,6.68228511538952,12,8
"5167",21.452359025871,7.11177515912458,12,8
"5168",20.19261988816,13.3517937939333,12,8
"5169",23.900389493108,7.26109643850526,12,8
"5170",14.5154539964457,8.13199335506482,12,8
"5171",19.2133519979689,7.2344081262295,12,8
"5172",15.9691284941523,6.26234301101461,12,8
"5173",18.3097860319057,7.93676378026396,12,8
"5174",20.3428732784791,8.23833951400304,12,8
"5175",23.1449930050347,5.38351224897411,12,8
"5176",26.9207041050225,6.08188569771267,12,8
"5177",19.0873979569954,5.18892811488334,12,8
"5178",19.0978718537999,7.54314393371747,12,8
"5179",21.188946801219,5.2464742278853,12,8
"5180",22.3265530812873,4.31128665319347,12,8
"5181",26.9701175301557,3.9772052287983,12,8
"5182",23.9508891917022,8.68657957025803,12,8
"5183",19.6891971847213,3.77337564372969,12,8
"5184",23.5307064399057,5.75627867485066,12,8
"5185",23.4028590147375,4.45285488640714,12,8
"5186",21.4593869048546,6.94847448256562,12,8
"5187",24.8369586367484,5.09032677834248,12,8
"5188",16.8011881370885,9.23406017398343,12,8
"5189",22.7832104179503,8.5151575010016,12,8
"5190",23.1923017142165,7.88301247340683,12,8
"5191",22.1982007114607,6.24803458338119,12,8
"5192",23.6671917140693,7.0311857817783,12,8
"5193",20.909736818039,8.80863588795735,12,8
"5194",25.0110484300164,4.95440657761345,12,8
"5195",19.0890121397331,5.27254183261946,12,8
"5196",24.4779099302985,8.58061037039464,12,8
"5197",23.5181168857623,5.12090054377854,12,8
"5198",19.5749452733502,5.37784331647947,12,8
"5199",17.4251126509388,6.35683923288309,12,8
"5200",25.9389483194525,6.3773032105736,12,8
"5201",25.6185514296484,1.24142894346217,12,8
"5202",22.1637647673733,5.2770088773642,12,8
"5203",15.1343904395548,8.99653797754824,12,8
"5204",16.3977422089687,4.16388319827002,12,8
"5205",22.3656917259667,8.34127845573743,12,8
"5206",20.7045813886758,8.82016047978252,12,8
"5207",19.8978210282274,6.76509432909674,12,8
"5208",23.6659631368753,3.68637937965949,12,8
"5209",24.8184419717989,7.58954396264822,12,8
"5210",16.8453470618376,8.23487266067474,12,8
"5211",17.8009308892886,6.92333207591174,12,8
"5212",21.4048632131703,8.34447854132842,12,8
"5213",27.9075822026418,5.13393786986175,12,8
"5214",17.0200799880763,9.31114837879746,12,8
"5215",23.7247200007109,6.56540087091953,12,8
"5216",21.6070828185372,7.26379212810595,12,8
"5217",19.7067822059368,5.9298382025995,12,8
"5218",27.8768645461,3.26740874851383,12,8
"5219",20.942048481408,9.24743402891451,12,8
"5220",30.7548306704647,11.5271608899628,12,8
"5221",24.4102219599903,6.03478237111363,12,8
"5222",20.4403440362637,6.4967946934892,12,8
"5223",17.7080356403991,6.99773450888427,12,8
"5224",25.0935841083447,7.18885685543504,12,8
"5225",27.8701207683882,6.31853446099418,12,8
"5226",17.777943837708,5.93289967484623,12,8
"5227",17.3470472397029,4.51891774288483,12,8
"5228",25.1104896413478,8.70244964063978,12,8
"5229",25.3441495104306,6.69580779182074,12,8
"5230",17.600524548003,6.79447207366545,12,8
"5231",16.3872769703796,6.34573138085067,12,8
"5232",14.25023652351,7.1951117861974,12,8
"5233",19.3107616246137,4.86607264949891,12,8
"5234",24.8429454790236,4.13464530161936,12,8
"5235",19.9033844980684,4.61925100634229,12,8
"5236",22.0481740056053,1.93275553114444,12,8
"5237",24.0858679807137,7.79946366106002,12,8
"5238",18.9319052062367,8.52590346388031,12,8
"5239",22.5161459520351,7.95313275971405,12,8
"5240",24.1735083243022,5.8459475091813,12,8
"5241",19.3520147837316,9.03888939775645,12,8
"5242",22.1773896373506,5.98637840627326,12,8
"5243",22.1748110384138,5.57164547438454,12,8
"5244",26.6125276684011,4.86645686500739,12,8
"5245",22.7072715862495,6.99135891741429,12,8
"5246",31.018207357796,9.28510302640156,12,8
"5247",19.0926964637966,7.0353955586124,12,8
"5248",22.2180989502935,6.30808435778697,12,8
"5249",17.6460171249524,5.48152441846486,12,8
"5250",25.011043234759,6.02627974299706,12,8
"5251",25.1646831019373,6.06813429913931,12,8
"5252",22.1385040612695,6.17616086477814,12,8
"5253",23.3039900861654,6.34570006041292,12,8
"5254",22.9667124178215,7.31401184088165,12,8
"5255",20.4352423747813,9.34931964530155,12,8
"5256",22.5133583483428,4.5544192765586,12,8
"5257",20.3846677513883,3.8671335240663,12,8
"5258",26.0208206078408,6.03836325990471,12,8
"5259",23.3835671913829,6.1862061960505,12,8
"5260",22.8506384363968,9.95864615516696,12,8
"5261",23.2981914210234,6.75982280549945,12,8
"5262",24.0893463435273,7.01667976743007,12,8
"5263",18.8326299426753,8.17460893319532,12,8
"5264",22.9956401632574,7.57704817025281,12,8
"5265",19.8060922220806,9.36878450394243,12,8
"5266",28.533492627553,8.17022593451966,12,8
"5267",25.5527961591361,5.33517746868801,12,8
"5268",19.0609645272835,7.55588158121802,12,8
"5269",20.7950149699224,5.06466811599591,12,8
"5270",23.2362908737486,4.71220848699532,12,8
"5271",19.1168781037462,7.33201687148783,12,8
"5272",25.0143520073648,7.20308087766373,12,8
"5273",19.7039506198028,5.97511943570814,12,8
"5274",23.3046742445536,7.80379759821653,12,8
"5275",28.1179244159594,7.96511755084825,12,8
"5276",23.5913672223493,8.73814371373372,12,8
"5277",18.4510775668544,5.8192071641807,12,8
"5278",24.8071600887847,4.93636546814989,12,8
"5279",28.0500993478521,8.19358782380821,12,8
"5280",22.3040046573258,7.16754695156274,12,8
"5281",24.3805874824443,4.97719530808711,12,8
"5282",23.1878965938896,8.86900718894922,12,8
"5283",19.4329998605932,4.12095127830513,12,8
"5284",18.2457120028842,7.8412884400787,12,8
"5285",22.6718644152494,9.34488628342579,12,8
"5286",26.1461541160241,7.19334683473148,12,8
"5287",22.0288256481271,2.45948855082477,12,8
"5288",22.1312314860801,4.86444244968504,12,8
"5289",28.6980455536888,7.13247885356932,12,8
"5290",24.3471727881889,7.11728704994558,12,8
"5291",14.1240491623581,9.01805148473762,12,8
"5292",23.335786158108,6.68080009540609,12,8
"5293",24.78238123022,7.05465436084479,12,8
"5294",20.3776283687649,3.67297055871849,12,8
"5295",23.8066254463914,7.45404941672458,12,8
"5296",24.756347112887,7.22094688958181,12,8
"5297",20.8864668709125,2.97682369999844,12,8
"5298",20.6328549185757,6.01635193557865,12,8
"5299",22.5371365975684,5.87380253181653,12,8
"5300",17.273275081796,6.73121816400894,12,8
"5301",23.2291719800647,8.06667481178973,12,8
"5302",23.5870735846471,5.95930427484544,12,8
"5303",24.8384844425988,2.85910881678692,12,8
"5304",19.4808418937171,8.75784031213652,12,8
"5305",18.1125494564164,5.88824190711866,12,8
"5306",24.0513765019141,4.95013730344523,12,8
"5307",25.5483488630891,6.08114173998776,12,8
"5308",18.8569657544918,7.09077111963806,12,8
"5309",24.0935856660054,2.92697984787277,12,8
"5310",20.0454566198819,6.58973522049444,12,8
"5311",21.8277013184584,5.56542515963009,12,8
"5312",17.9187445973792,7.9796661877618,12,8
"5313",21.3212507884101,0.19603041906696,12,8
"5314",25.3762895631211,6.42741161279295,12,8
"5315",30.2157477475686,4.78027901342872,12,8
"5316",18.7595886784158,6.30492433729281,12,8
"5317",20.208879320232,3.86405627538139,12,8
"5318",24.963541118773,6.63130492359137,12,8
"5319",17.7004235260524,8.47232583508046,12,8
"5320",28.6755522757877,7.33214981858182,12,8
"5321",16.6373486103567,6.29431569219874,12,8
"5322",27.0236706314359,7.45625474840587,12,8
"5323",25.0288550807407,7.80846057183852,12,8
"5324",17.6552782911068,5.11385388923111,12,8
"5325",24.3391016331625,7.42446040786847,12,8
"5326",22.0758174060569,7.9418566827349,12,8
"5327",19.9549069096659,5.87664892476147,12,8
"5328",17.0140317321439,7.57260169632431,12,8
"5329",21.7152224499603,6.19780100229824,12,8
"5330",15.215329195116,4.40852386921434,12,8
"5331",23.3354444594615,6.93595936182575,12,8
"5332",20.7879231340343,6.44120721964531,12,8
"5333",18.8281832630192,9.05950429713081,12,8
"5334",18.0742889136801,4.72713391746632,12,8
"5335",23.0986883512242,8.39970041770642,12,8
"5336",19.7111549231991,6.18520700266562,12,8
"5337",23.9972337496239,10.0980214268362,12,8
"5338",21.5270519108748,7.99303127118942,12,8
"5339",22.8471813226792,8.32704156588895,12,8
"5340",17.6949792597684,5.23116762189117,12,8
"5341",21.0730691899759,5.85538844673551,12,8
"5342",23.1086977427966,5.44366436468035,12,8
"5343",20.0080697002751,5.9716543638637,12,8
"5344",19.8363436509132,3.44200576197015,12,8
"5345",17.707123024326,5.98634590277123,12,8
"5346",18.4070064531471,7.97133349605562,12,8
"5347",26.1092635962357,3.09608276294854,12,8
"5348",23.2371433885348,5.09500594088899,12,8
"5349",18.9611252542529,5.87225889060045,12,8
"5350",25.1281698403246,6.26633505948334,12,8
"5351",20.4599480965298,3.22385206032698,12,8
"5352",24.1150088332981,6.78979231416282,12,8
"5353",25.2925841072866,6.8366599361538,12,8
"5354",18.7571231480133,4.94747463347258,12,8
"5355",19.7476926675303,6.55994671780068,12,8
"5356",19.2719402048014,7.77081336224511,12,8
"5357",26.8849098309119,7.08127596143506,12,8
"5358",28.6117116120825,5.11058356399483,12,8
"5359",21.7661926520698,6.9316429126414,12,8
"5360",21.9285188848716,5.28395213784751,12,8
"5361",24.5166252033485,3.4447424468319,12,8
"5362",22.0471139732372,8.76528140116496,12,8
"5363",21.0951671843733,4.97741137356575,12,8
"5364",23.7044932369027,5.00640048924141,12,8
"5365",19.2881389185045,6.54955263011502,12,8
"5366",21.4016171614452,2.07188902325866,12,8
"5367",24.7828571933464,3.62000227227565,12,8
"5368",23.7267627090389,6.29759460419855,12,8
"5369",19.0627909865921,6.00762234357087,12,8
"5370",23.4935619138324,9.26618748300648,12,8
"5371",20.5285620306085,6.94406206604101,12,8
"5372",21.9485626779486,8.91404213084352,12,8
"5373",23.3940770553944,2.83767338733792,12,8
"5374",24.241343988771,3.97753068988729,12,8
"5375",21.5886725825905,7.11291891379741,12,8
"5376",18.4975283473402,5.03510325911122,12,8
"5377",22.1639788829462,10.3812906851752,12,8
"5378",24.8158048117127,6.56836731412973,12,8
"5379",21.27861212101,6.17306516662691,12,8
"5380",24.1253643389963,7.58739804996142,12,8
"5381",20.0458223722661,6.79049502980411,12,8
"5382",21.8261750732318,8.82328587487706,12,8
"5383",22.8359380518197,5.76249841198288,12,8
"5384",19.7342814919373,7.7258349807428,12,8
"5385",22.3049092287137,6.08598545908985,12,8
"5386",21.6150930594587,8.90914159037756,12,8
"5387",17.3610907235902,6.50705029174838,12,8
"5388",18.8852861242602,2.0701922579766,12,8
"5389",20.6388707524263,4.75706352247224,12,8
"5390",28.9279665690571,7.76491885779044,12,8
"5391",19.6247727738466,4.59444742884618,12,8
"5392",23.6811111340171,6.48430226037039,12,8
"5393",23.2020648545887,4.54246923062055,12,8
"5394",21.1632093455421,8.27052063417708,12,8
"5395",16.1637032727774,9.00925450310428,12,8
"5396",23.6693809357866,7.36352826979897,12,8
"5397",17.8788017696045,4.44345975536525,12,8
"5398",24.7398544271396,4.28243219974254,12,8
"5399",29.4146625204615,6.29686098676616,12,8
"5400",19.2442594628812,6.29770205842186,12,8
"5401",29.8036502068007,5.34339124259148,12,8
"5402",18.2904682362959,6.65766570632035,12,8
"5403",25.7548430941909,5.87102210964744,12,8
"5404",25.1403546793164,8.43362947267886,12,8
"5405",21.9374954590227,5.67430238316542,12,8
"5406",20.0276314096775,7.23650973558216,12,8
"5407",23.05551123197,4.44430141720942,12,8
"5408",15.695833845455,9.43864526836746,12,8
"5409",31.5031218862095,8.56900985123973,12,8
"5410",20.331606444264,6.54244238768623,12,8
"5411",17.2701649104942,7.96148133994565,12,8
"5412",24.8143475676445,7.5659446367747,12,8
"5413",26.6278572383237,6.216432924165,12,8
"5414",20.5192376984161,5.50023832950431,12,8
"5415",24.2027196430097,8.48198334858953,12,8
"5416",17.8588848412977,8.34608924155233,12,8
"5417",24.7019106552901,6.8378922732935,12,8
"5418",25.7931605603423,2.88100229287945,12,8
"5419",20.2464519457711,4.58373279705422,12,8
"5420",13.796979410072,4.23967380165866,12,8
"5421",26.444771467852,9.03147558843646,12,8
"5422",22.0901590130624,4.690914761139,12,8
"5423",17.6824804119273,6.48872807855024,12,8
"5424",20.5941404226254,3.7266521206483,12,8
"5425",20.6068770706808,5.94003162533899,12,8
"5426",20.9376806998578,5.76752518919895,12,8
"5427",14.4347929890031,4.22054309711382,12,8
"5428",18.9003971297412,4.56565610857955,12,8
"5429",21.2978217764977,2.8119253991019,12,8
"5430",22.7254377587679,7.73505359191245,12,8
"5431",23.6220451764823,3.70456503056365,12,8
"5432",23.2203651462135,2.87350793218173,12,8
"5433",18.2382095205935,4.59840712064223,12,8
"5434",24.3758414368361,4.82212836548532,12,8
"5435",21.6927897532608,7.20670366135342,12,8
"5436",26.8644753239862,6.69509829627214,12,8
"5437",22.6623165312781,5.75854323317094,12,8
"5438",21.6145957778242,6.68572065063851,12,8
"5439",23.1471586437823,7.86371329919087,12,8
"5440",20.4885560002526,5.46824605471715,12,8
"5441",21.6111748970299,6.35387611427563,12,8
"5442",15.0142443491426,3.7107576166548,12,8
"5443",17.1034171327057,6.06116567365544,12,8
"5444",20.6659847537711,6.9770133229576,12,8
"5445",21.4203559856176,8.00253990402588,12,8
"5446",23.2867205826569,4.23584199491567,12,8
"5447",23.1470822933024,6.99023871810751,12,8
"5448",21.9018869310246,6.70280923428557,12,8
"5449",22.3826562370085,8.49865147485108,12,8
"5450",21.1942921548762,3.79757023859572,12,8
"5451",21.3701152425418,4.26075347246553,12,8
"5452",18.8366188609393,5.06795479906865,12,8
"5453",21.369083658685,10.0988739370511,12,8
"5454",24.5426407843436,5.45863335739874,12,8
"5455",20.0244081610085,4.40878250347177,12,8
"5456",23.1494926120584,6.34798159669254,12,8
"5457",18.5099052724245,6.33378088322287,12,8
"5458",22.756247466652,8.60813633104197,12,8
"5459",25.6179403988384,5.89269825227484,12,8
"5460",21.9711847484246,3.70265324088587,12,8
"5461",17.5541322612436,6.79692631578007,12,8
"5462",18.3490943056663,9.72956041725405,12,8
"5463",15.5671732242903,7.51668081784961,12,8
"5464",20.9698735006077,8.44708589674007,12,8
"5465",19.7460319876724,7.68549908376843,12,8
"5466",21.9497542584435,7.72595577700921,12,8
"5467",23.1148643411837,5.39680709935154,12,8
"5468",17.4588014125857,5.51322229592031,12,8
"5469",25.0384605565594,8.30345618513697,12,8
"5470",21.3567260695627,6.39214135613153,12,8
"5471",24.3972136259971,9.54283848037661,12,8
"5472",20.341639121417,5.45901151080111,12,8
"5473",18.4181855302134,4.76731174911017,12,8
"5474",24.238687006909,5.92209397366882,12,8
"5475",28.3659772893331,8.52139741464067,12,8
"5476",17.658569305805,9.17157689893384,12,8
"5477",21.944292795953,8.51893144443578,12,8
"5478",21.8532826469062,4.34590470394312,12,8
"5479",21.9266264619775,7.24052746693661,12,8
"5480",24.283398794852,7.18174442544525,12,8
"5481",14.0088265027385,7.72289496283509,12,8
"5482",27.0938830041846,7.14264284288931,12,8
"5483",25.3987526853973,7.18441889337859,12,8
"5484",20.7044627959188,6.8322247853707,12,8
"5485",25.7671631116075,7.12003303658401,12,8
"5486",23.278637587059,10.1078325753899,12,8
"5487",26.5182041870145,9.88615284131142,12,8
"5488",23.7306234738005,6.15053845718502,12,8
"5489",19.079915602607,7.40145423148225,12,8
"5490",18.8831399832787,6.3160492442681,12,8
"5491",22.8747312356049,5.66627786752453,12,8
"5492",19.1557479844759,6.9223028635432,12,8
"5493",22.2790098796611,4.97739660813649,12,8
"5494",24.4524713565802,9.21026129882368,12,8
"5495",23.2005706703432,7.10816521945261,12,8
"5496",20.2411333521417,8.85623533977685,12,8
"5497",20.403817631168,6.10264330697985,12,8
"5498",23.8823394038502,6.85288892207374,12,8
"5499",24.4960479866474,5.61026921355037,12,8
"5500",18.0297839973822,4.57050819400032,12,8
"5501",23.2067590925562,4.08614956709099,12,8
"5502",17.5035659595759,5.03110224384774,12,8
"5503",26.9448865952265,7.34316788323246,12,8
"5504",20.2912025485854,5.07491578818336,12,8
"5505",21.6293359308449,9.74639195953779,12,8
"5506",20.3498319749418,9.05571439669933,12,8
"5507",21.6762802072012,6.81396557835414,12,8
"5508",20.6382951744527,5.30452886542758,12,8
"5509",22.1208945694999,5.78994564336455,12,8
"5510",24.3179652119323,7.18009895546324,12,8
"5511",25.5940283811722,5.75711732561532,12,8
"5512",23.9822422990321,8.93478825009971,12,8
"5513",20.7547955996599,6.59542826551942,12,8
"5514",17.6733982257712,5.53218378695005,12,8
"5515",14.0122565266317,7.79104517945029,12,8
"5516",19.1281732691496,10.052988810507,12,8
"5517",22.6572461848081,6.04591402532443,12,8
"5518",24.316704123565,8.18573151481957,12,8
"5519",22.9166155215965,6.3759559047704,12,8
"5520",25.5195377453869,10.3308184092073,12,8
"5521",27.1939191036025,5.66215157409108,12,8
"5522",23.086026351856,8.24806445559149,12,8
"5523",22.2076129084415,4.75008880672074,12,8
"5524",22.5694853220045,8.64110444707193,12,8
"5525",20.6059125200196,4.22732755761919,12,8
"5526",18.8568837250636,7.30705205284061,12,8
"5527",23.0729936740204,5.37720501792523,12,8
"5528",25.4849569715832,6.87110006875163,12,8
"5529",20.2196318524602,6.28227635620174,12,8
"5530",19.0562839747408,5.17042713426657,12,8
"5531",18.1507991188805,6.42539860531443,12,8
"5532",21.2003811006626,8.02984998831975,12,8
"5533",23.2559506653453,4.29931895143222,12,8
"5534",14.8706812811669,4.21025713611051,12,8
"5535",18.4685485613121,6.67430040792391,12,8
"5536",19.4647950027113,7.28727248071351,12,8
"5537",24.1765293031272,8.24863200556208,12,8
"5538",22.3299868280125,6.73229147747634,12,8
"5539",19.6182225921988,6.48196785101841,12,8
"5540",20.911299402484,3.99884144341592,12,8
"5541",23.57069432311,5.38564734933749,12,8
"5542",26.5405115714209,4.63540675430082,12,8
"5543",24.4588787514349,3.71072083249674,12,8
"5544",16.7164579686159,6.84263396536154,12,8
"5545",19.1714654299383,8.2217793882585,12,8
"5546",28.269428772228,5.91336486760901,12,8
"5547",30.6441955555993,9.01959503648463,12,8
"5548",17.692845918581,7.71568113340226,12,8
"5549",22.1776355097843,4.4829502630691,12,8
"5550",25.0689617299678,9.62611745697881,12,8
"5551",26.2708606026344,2.24138505103262,12,8
"5552",23.1503609250835,4.8549124277923,12,8
"5553",29.3169666907289,6.46760491636297,12,8
"5554",22.3594616345673,8.53501469249413,12,8
"5555",23.2383075987888,4.21536978635461,12,8
"5556",23.8218636187131,6.98832230129561,12,8
"5557",21.5752632999534,6.02415263364026,12,8
"5558",17.122949678597,6.56365870741462,12,8
"5559",19.6027567298031,6.83299602496523,12,8
"5560",23.1044893369715,7.23381732738443,12,8
"5561",27.8534145412456,5.76332163872156,12,8
"5562",21.9353409936263,5.74227550457647,12,8
"5563",22.2469702666724,7.05962267839026,12,8
"5564",15.5222184200165,8.36123193725262,12,8
"5565",15.0734646591847,5.18008060856666,12,8
"5566",18.117814998264,10.3165316865132,12,8
"5567",16.0124773672486,6.00662608994112,12,8
"5568",17.4764215610726,7.24814906893341,12,8
"5569",21.8250791761138,6.31860831333029,12,8
"5570",23.1650523831797,3.57983585528942,12,8
"5571",17.8300534729095,8.09637808933456,12,8
"5572",15.5718379885881,5.11094880848656,12,8
"5573",23.0049420388323,1.94051153988322,12,8
"5574",17.2643305993821,4.3368508139947,12,8
"5575",26.316377424594,3.8795341429723,12,8
"5576",19.4203826009224,5.86750335171644,12,8
"5577",16.3258830542389,6.95600019633408,12,8
"5578",21.3481978250183,5.70213899604027,12,8
"5579",23.3349008397928,7.58291022776292,12,8
"5580",21.8536607292921,8.76900074113124,12,8
"5581",21.2532614826377,6.81407037682148,12,8
"5582",17.5178281780104,8.51047270957866,12,8
"5583",26.2501416275708,5.61359435086304,12,8
"5584",18.563718376466,8.23879087607548,12,8
"5585",23.4380154661124,5.73205764135397,12,8
"5586",23.5011914661303,4.70354878209904,12,8
"5587",26.3921635734979,5.5701176555089,12,8
"5588",27.1945131792144,7.9725235487502,12,8
"5589",22.4145567309257,4.83286346416808,12,8
"5590",18.6489272381836,3.67231608398968,12,8
"5591",22.0581318287144,10.0033888269304,12,8
"5592",22.3274022476967,8.13118933331905,12,8
"5593",22.4422418813224,5.14605318443094,12,8
"5594",23.6932418640233,8.46534111232638,12,8
"5595",17.437210137339,4.53765605606956,12,8
"5596",29.4867287937813,5.95594973547371,12,8
"5597",20.3093099608686,7.88369256097051,12,8
"5598",12.9083649496238,5.99548303220007,12,8
"5599",20.2696215486932,6.89270375311301,12,8
"5600",23.8498889942102,7.7352305933182,12,8
"5601",24.6535870865,8.1642433391836,12,8
"5602",20.3519008300684,7.31028651884614,12,8
"5603",23.6027736716504,8.86151546106299,12,8
"5604",22.356868405142,6.970155625656,12,8
"5605",26.6642273282662,10.3680496593278,12,8
"5606",24.2336264704757,6.10347130444405,12,8
"5607",17.9234035546581,8.42212297430637,12,8
"5608",29.357926044435,5.47693674270005,12,8
"5609",22.6824508844485,4.34632959888822,12,8
"5610",21.7558246491361,5.53806149271009,12,8
"5611",22.1030108047362,5.06176788583254,12,8
"5612",19.754696842787,7.72510171372377,12,8
"5613",22.0470175690556,8.11227990454939,12,8
"5614",24.9254643934191,5.07064368254884,12,8
"5615",22.1585981666348,10.6919575222875,12,8
"5616",20.7230098668153,9.37640627023265,12,8
"5617",19.4379783109185,6.82681298074418,12,8
"5618",19.8888647016264,8.56550024884411,12,8
"5619",20.5788135356782,6.69358628842347,12,8
"5620",19.9876041845922,4.94777687286205,12,8
"5621",29.6696243840333,5.69276691833544,12,8
"5622",21.6985729762422,6.51554647634028,12,8
"5623",18.2140769942827,5.253203263713,12,8
"5624",22.3374797770003,5.27017536367233,12,8
"5625",20.3225922737575,6.45966959629159,12,8
"5626",16.5933143939044,8.92603653865285,12,8
"5627",22.7861495431899,5.49658195042398,12,8
"5628",20.1907392070758,6.79117500104754,12,8
"5629",18.7424945397029,6.1868436998793,12,8
"5630",24.99683684194,5.62701871483279,12,8
"5631",25.0397904921454,9.10280541718227,12,8
"5632",24.1703647282902,4.44458449184177,12,8
"5633",24.5313668336627,6.63350577648015,12,8
"5634",21.7449301134982,8.44256427892696,12,8
"5635",21.4659259173992,7.04687420649711,12,8
"5636",26.2327326740569,4.15650617421428,12,8
"5637",19.2965919076495,8.2908667178233,12,8
"5638",23.5943487047097,3.00584339548972,12,8
"5639",17.2469389532928,6.97666355543013,12,8
"5640",19.2689086880244,8.23900665685905,12,8
"5641",22.9797363781873,6.36730259904444,12,8
"5642",24.9737696905801,7.74208157359952,12,8
"5643",17.539518293919,3.65168687309071,12,8
"5644",22.8277132583689,6.20084653598149,12,8
"5645",18.2894417043022,4.37103000012879,12,8
"5646",22.5510250112652,6.98565452395282,12,8
"5647",20.4150756714567,4.88871653584156,12,8
"5648",20.421700282992,3.38945288444721,12,8
"5649",18.4126197458337,6.36108399789894,12,8
"5650",22.2349828779827,1.53433510699701,12,8
"5651",29.6926756639749,5.75222795908216,12,8
"5652",20.8923712897903,9.78976491714058,12,8
"5653",25.4668312686812,7.58660030451706,12,8
"5654",22.3058651977575,6.40380019881096,12,8
"5655",21.3700132388767,5.57265715030222,12,8
"5656",17.8449572981635,4.83031780313357,12,8
"5657",15.1907673348009,8.10822516170522,12,8
"5658",23.6006504209569,5.35346935213987,12,8
"5659",23.510034757512,5.3797123726178,12,8
"5660",19.2740329273219,7.52000193154573,12,8
"5661",25.3507133703511,7.08233758919399,12,8
"5662",27.1464458031804,3.76961202968626,12,8
"5663",22.3670837679187,2.87655471896739,12,8
"5664",21.3105222473004,3.35026666841877,12,8
"5665",23.2579660527367,3.97833514992963,12,8
"5666",23.0058522468916,6.30580159211969,12,8
"5667",18.7292737756035,8.59357271080503,12,8
"5668",22.1026358539342,2.94695093905525,12,8
"5669",33.1208562822035,7.58185111359959,12,8
"5670",21.9310310323215,2.21884270785168,12,8
"5671",28.4061115751227,3.44531826244879,12,8
"5672",21.0488659259849,7.28760255438285,12,8
"5673",20.098028506266,3.87237122850608,12,8
"5674",20.5940588560025,6.45887405905316,12,8
"5675",16.8329901240715,7.35896494931086,12,8
"5676",19.931225518174,8.38936540774878,12,8
"5677",21.7751230201239,8.35537372418768,12,8
"5678",18.3846602063898,6.0934789946263,12,8
"5679",19.5689515364697,3.86326271474027,12,8
"5680",15.9739151929043,3.84386605485875,12,8
"5681",18.0139019955367,5.22565129996784,12,8
"5682",24.6741331257355,5.817487325218,12,8
"5683",24.403325432898,7.32011702032944,12,8
"5684",27.5519836482778,7.32502139064717,12,8
"5685",20.9871936651118,2.86037463137567,12,8
"5686",18.4665457743488,7.7546232476037,12,8
"5687",19.3437625163965,8.1680233177421,12,8
"5688",19.845544020188,6.32514865064226,12,8
"5689",19.5790353185888,8.63706088614001,12,8
"5690",23.1532813516648,6.44516027259418,12,8
"5691",23.8908885073529,4.4118750285177,12,8
"5692",17.9691892050214,4.92708025689057,12,8
"5693",24.9516981507165,8.36841947817101,12,8
"5694",21.0301837784672,6.377032238026,12,8
"5695",18.5052911140632,7.55673049534512,12,8
"5696",16.7136038579111,6.34548566896309,12,8
"5697",25.4919236695038,6.80789754968712,12,8
"5698",16.9309745837809,5.80280117938088,12,8
"5699",20.9068599154827,7.28681921804946,12,8
"5700",15.4532985749851,4.98592955799537,12,8
"5701",18.4469190793849,4.60531554450449,12,8
"5702",20.3760990942049,4.42602965686999,12,8
"5703",20.9507943329783,6.86770123874709,12,8
"5704",21.944613020714,6.21855408522626,12,8
"5705",22.3628634285684,8.45433639003789,12,8
"5706",17.085636019883,6.96690663673438,12,8
"5707",21.9405752571828,5.86679999689627,12,8
"5708",21.7349392040667,6.04561661720276,12,8
"5709",20.2103948127358,7.28246610480015,12,8
"5710",24.3481132328254,5.52062615331252,12,8
"5711",27.8807454952782,4.9666142054294,12,8
"5712",23.6626739778004,9.66819689790283,12,8
"5713",26.0684508070513,5.97229776436846,12,8
"5714",23.8770610534411,5.12950938681396,12,8
"5715",15.2601915974197,5.61417537274464,12,8
"5716",25.2092190813641,7.0078529990046,12,8
"5717",27.7367240548955,8.5059795282887,12,8
"5718",24.587329947861,5.32067123417881,12,8
"5719",24.3249470189295,6.56607357836821,12,8
"5720",27.7108673859336,5.84023395251883,12,8
"5721",22.5320197779984,7.59129162106302,12,8
"5722",25.5077872961339,8.63653260125377,12,8
"5723",23.2925519263005,6.13955994093149,12,8
"5724",24.0106346953492,7.14231620351083,12,8
"5725",21.6804753494105,7.67539201443736,12,8
"5726",27.8738392640089,8.11878990893778,12,8
"5727",21.8008892251995,7.84360053075594,12,8
"5728",18.5008758173494,6.53999392565354,12,8
"5729",24.6294593945539,6.39470319745221,12,8
"5730",24.6605156016737,7.88851321175954,12,8
"5731",18.46271509831,11.1775829790626,12,8
"5732",22.8353163279498,6.15281830899693,12,8
"5733",28.4035235695401,7.31442665736323,12,8
"5734",21.8074684900104,8.53432137995187,12,8
"5735",21.9765763416218,5.88741833426256,12,8
"5736",26.1338880811224,7.96212620268177,12,8
"5737",14.2640521755989,4.85161622525855,12,8
"5738",18.9998465746078,6.06852930127398,12,8
"5739",19.5104044584777,7.93009312511195,12,8
"5740",27.2211345089237,5.1024336558937,12,8
"5741",20.8934749263588,8.1677870593174,12,8
"5742",25.400244287228,7.00464121486268,12,8
"5743",19.5773059468231,5.92745699389493,12,8
"5744",27.5249674392599,1.73127045489184,12,8
"5745",31.8923510100298,6.36253584722456,12,8
"5746",28.0822015064972,7.78008524003764,12,8
"5747",19.2176403187502,7.64100873802679,12,8
"5748",22.833978966286,7.38306068275905,12,8
"5749",19.6433689511054,7.25189555156888,12,8
"5750",24.2768756423632,5.16829526959058,12,8
"5751",20.7233486967473,8.2141576829469,12,8
"5752",20.1316005078458,4.39168001974319,12,8
"5753",19.2599649881188,7.28785285518357,12,8
"5754",23.8803704579732,5.78167780398323,12,8
"5755",24.7397057492384,6.63490553024463,12,8
"5756",20.4921093029992,6.47268008312413,12,8
"5757",22.8083612002109,1.49820632544729,12,8
"5758",22.1230560394837,6.61018094125388,12,8
"5759",22.6846361563835,10.6499691022323,12,8
"5760",25.9605979432238,7.81839561716391,12,8
"5761",18.295135718841,6.99573939429618,12,8
"5762",27.5118833864615,6.76284550214496,12,8
"5763",19.9362427285123,5.70371086654147,12,8
"5764",23.637216599705,5.52281347058421,12,8
"5765",21.3594368418277,5.42219831790441,12,8
"5766",16.4612752915403,7.3268207340803,12,8
"5767",19.25313075907,5.08794092460593,12,8
"5768",22.8631367500842,7.36648716948632,12,8
"5769",19.8008627559712,6.07022503049583,12,8
"5770",23.8071447465152,5.61475594385809,12,8
"5771",17.5058707724406,6.51369893186741,12,8
"5772",27.1288187049384,9.2806602990732,12,8
"5773",23.7526850980309,7.80775800357768,12,8
"5774",23.7212819963095,7.44300564365942,12,8
"5775",25.1717371289552,6.20905614206961,12,8
"5776",24.112917576921,7.1077412943782,12,8
"5777",17.1355432122944,7.78495761545948,12,8
"5778",21.8396841133463,7.73075169086557,12,8
"5779",22.4609470105796,9.73123743495663,12,8
"5780",17.5574929936143,5.44887231037621,12,8
"5781",18.6857937419311,5.04516277728423,12,8
"5782",16.9690708437499,7.77096830159571,12,8
"5783",20.7537206674609,5.59276953204441,12,8
"5784",19.083780419177,7.16210671649395,12,8
"5785",25.3977804437646,5.98455571073882,12,8
"5786",21.9588506634106,5.30808502121222,12,8
"5787",18.8259714026004,9.02472717921965,12,8
"5788",25.13053472327,8.41380735422044,12,8
"5789",19.9699365408042,4.65054401799908,12,8
"5790",19.3867591472049,6.50769011436426,12,8
"5791",18.8200025339264,4.84638517212533,12,8
"5792",21.5514476022478,5.45066540314795,12,8
"5793",31.6016273732117,8.79124337583866,12,8
"5794",12.340458089547,8.2660275887432,12,8
"5795",18.9873829945685,3.08112367125188,12,8
"5796",24.4028857354107,5.52456656420516,12,8
"5797",18.03555404354,4.00186039306566,12,8
"5798",19.6799744262179,4.23546198765461,12,8
"5799",24.3838728384939,8.41538489577935,12,8
"5800",19.1636919278628,9.07188001534625,12,8
"5801",19.3488917580179,7.34449391741855,12,8
"5802",17.7036390936729,6.9964075417583,12,8
"5803",24.2728096386032,9.45215523522308,12,8
"5804",24.8122452337459,6.09598684878573,12,8
"5805",18.2292709183052,7.45049304077641,12,8
"5806",17.7356314844908,6.19448380012854,12,8
"5807",19.6385064517633,6.53613033886306,12,8
"5808",20.0764139875887,5.47682766681213,12,8
"5809",20.459484107663,5.26665342269502,12,8
"5810",23.6175213828123,8.63060439899975,12,8
"5811",20.550903900426,3.72543800931653,12,8
"5812",24.5085819084065,7.24510340679284,12,8
"5813",22.5364992480457,3.00828753919967,12,8
"5814",17.2129586260438,7.68654138621894,12,8
"5815",26.984063361451,4.97974462065564,12,8
"5816",23.4949133898106,5.87513879365959,12,8
"5817",23.7366443875272,6.35234820244407,12,8
"5818",28.8969363613208,9.08398076790218,12,8
"5819",21.2866802159317,7.62410005067132,12,8
"5820",25.2163239911261,6.00760434259027,12,8
"5821",14.1030263786554,5.44441483504288,12,8
"5822",23.7189410479085,7.09040984488331,12,8
"5823",16.7083447619375,8.15973025802005,12,8
"5824",21.1683580552098,4.66259422876887,12,8
"5825",15.3567822940368,5.94007151902233,12,8
"5826",16.0100157872836,4.0727477338668,12,8
"5827",25.1645307067689,6.35048053838995,12,8
"5828",22.3024055356852,5.32101526972034,12,8
"5829",26.09139332973,5.41646801290911,12,8
"5830",25.7906181124425,6.99253269123448,12,8
"5831",23.6600616964534,8.3203946656769,12,8
"5832",25.594539304033,7.73730478923163,12,8
"5833",16.379006614587,8.78652827892077,12,8
"5834",26.7103927865729,9.04277067183905,12,8
"5835",20.7104747150762,7.19814271192601,12,8
"5836",24.1172239784122,7.61677265095344,12,8
"5837",20.3088664377134,8.08514746893074,12,8
"5838",23.8670310751155,9.36517525090316,12,8
"5839",18.7549750283722,10.9087282467792,12,8
"5840",22.5653355054094,4.88106997588023,12,8
"5841",26.7503976799252,7.67588781383461,12,8
"5842",26.1829405990133,6.29257763237144,12,8
"5843",22.4921069590346,8.190933621615,12,8
"5844",24.5868531715735,7.69555541237747,12,8
"5845",22.6726078283264,4.35781529863562,12,8
"5846",18.4215605326445,7.18533390440313,12,8
"5847",14.5702869817361,6.1257962384383,12,8
"5848",17.0048913432703,7.37795289842636,12,8
"5849",27.8495367824997,6.7244121343803,12,8
"5850",20.460880853679,4.46648813766722,12,8
"5851",25.0505308657066,9.33505369972586,12,8
"5852",26.8135296997473,8.32969325650402,12,8
"5853",20.3250123832422,7.98538719138565,12,8
"5854",22.9938968285209,7.46510774906249,12,8
"5855",22.670702694858,7.23423546710957,12,8
"5856",20.0644292447679,5.42100200635434,12,8
"5857",18.6470149321929,4.13544396741025,12,8
"5858",18.2497276513678,5.69620838761599,12,8
"5859",19.466032585188,8.60522407725932,12,8
"5860",19.173270444168,3.88783210711328,12,8
"5861",23.8886126093859,10.5299798944484,12,8
"5862",22.9539229408828,7.0682483064552,12,8
"5863",28.6953139063564,9.28682038574166,12,8
"5864",21.4020958189562,7.51830089736804,12,8
"5865",21.0713635703235,6.51543094964928,12,8
"5866",26.2635885519185,8.09409290696221,12,8
"5867",20.6060665723498,6.76993600252193,12,8
"5868",18.5929483454257,5.24134853200716,12,8
"5869",19.9821412795947,5.73603729775457,12,8
"5870",22.3580416288868,7.18001895923753,12,8
"5871",13.6074872999347,5.79629908627515,12,8
"5872",22.0496112411859,4.3511981680723,12,8
"5873",20.5919824961778,2.99008380004091,12,8
"5874",27.794556422039,4.34602331988983,12,8
"5875",22.5984450176339,8.02252533464463,12,8
"5876",18.6939760956899,6.97734386677944,12,8
"5877",21.5408066938178,4.9373102191566,12,8
"5878",21.4769302317756,8.04696576165713,12,8
"5879",20.4427845546394,6.6820480368939,12,8
"5880",27.3603403852679,5.87870521968562,12,8
"5881",22.2057901024255,8.23515067987765,12,8
"5882",25.5558372431561,6.47568458544584,12,8
"5883",24.3197348596668,10.4993115384148,12,8
"5884",25.2078845507156,6.50864141904574,12,8
"5885",24.1156224994387,4.9329955349498,12,8
"5886",22.8421865433513,5.58332140793505,12,8
"5887",13.1925613567056,6.81021766247505,12,8
"5888",18.6821324340075,6.58151074977707,12,8
"5889",24.9190943121366,7.91301054171249,12,8
"5890",16.6943635029638,6.7720259769739,12,8
"5891",17.0674631804995,7.24896071094238,12,8
"5892",20.9724603682863,9.73639808045186,12,8
"5893",17.6356667074113,6.76886497319379,12,8
"5894",26.075595586584,7.23823957441568,12,8
"5895",22.9051477712006,7.8145468673495,12,8
"5896",25.5285560678117,5.35563492850191,12,8
"5897",18.6292064643018,4.41186495494733,12,8
"5898",21.55836047311,7.43211194194122,12,8
"5899",21.4736621149742,5.1444991157466,12,8
"5900",20.8514399903794,3.05890228556375,12,8
"5901",21.8565322383482,5.10388400147024,12,8
"5902",23.6765882809212,4.76929845917792,12,8
"5903",23.614599547842,9.25009958105233,12,8
"5904",21.2247545102947,4.15033128026312,12,8
"5905",23.5966501420862,4.65162134818372,12,8
"5906",22.5702223068181,2.00331566120946,12,8
"5907",18.7200072860744,5.71748792137257,12,8
"5908",21.3483812136271,8.99578542181311,12,8
"5909",17.2335735303645,6.65016851352341,12,8
"5910",17.6460435692895,4.89690672258048,12,8
"5911",21.7981309029232,6.46635346038138,12,8
"5912",22.6416347540492,11.1246210202825,12,8
"5913",20.9460253981206,5.52488585442722,12,8
"5914",16.9973829201489,5.96197558331923,12,8
"5915",22.7693789720965,6.52006835082808,12,8
"5916",30.131507818292,7.05769401482486,12,8
"5917",22.1823523706238,6.03218213688984,12,8
"5918",16.9976624710867,5.14277479995849,12,8
"5919",24.5588149863239,5.63558583689998,12,8
"5920",19.9934753499247,6.33125669404031,12,8
"5921",20.1726396857837,5.90646339944362,12,8
"5922",25.691053881663,8.01861082894117,12,8
"5923",18.5298848441461,5.7061258293646,12,8
"5924",21.6894568078949,6.17074838681832,12,8
"5925",22.3724739694535,5.28378062867717,12,8
"5926",19.0941260575616,8.39970970069135,12,8
"5927",24.3394266510012,6.8765670070078,12,8
"5928",20.5799647239531,8.1477480148646,12,8
"5929",22.913211885464,5.4686349711212,12,8
"5930",18.8285486519977,5.58787030165151,12,8
"5931",17.6312294507654,6.61587060597175,12,8
"5932",18.1295614303706,12.6404675203307,12,8
"5933",22.3232179633113,5.68593242843449,12,8
"5934",17.8845696463665,6.04865649221091,12,8
"5935",25.2040844524283,2.92273780542134,12,8
"5936",14.4240647446625,8.157929021444,12,8
"5937",23.8712922026487,7.78097692477886,12,8
"5938",22.2935411218604,4.86464233634626,12,8
"5939",20.3120194074378,8.11825152752381,12,8
"5940",19.233985396653,5.26337554672858,12,8
"5941",20.7954549654674,8.59848951952273,12,8
"5942",23.5127140525076,6.33349073878834,12,8
"5943",17.0733804498835,7.52593280938608,12,8
"5944",25.8104593910268,5.41933078127951,12,8
"5945",18.8434754462114,6.88131684772602,12,8
"5946",23.5995348752714,6.03915187486388,12,8
"5947",19.9775111703185,4.29728459677412,12,8
"5948",23.0425276781713,5.80383896442067,12,8
"5949",21.2285080997167,8.89946468378277,12,8
"5950",20.8967809713323,7.1869082899046,12,8
"5951",25.3915647722507,8.7203111359108,12,8
"5952",22.8672198603313,6.31048603890102,12,8
"5953",26.1358192393836,4.88631347978595,12,8
"5954",24.5701373886558,3.94900904258332,12,8
"5955",22.3167163366037,6.37194906787524,12,8
"5956",17.0493452612308,6.79582351291043,12,8
"5957",20.5045929449367,7.58756649779299,12,8
"5958",22.0699998461996,7.10221383055972,12,8
"5959",22.783413590776,4.02161550769787,12,8
"5960",20.0673292888656,5.18445938762836,12,8
"5961",20.2853403536,4.16681169827876,12,8
"5962",23.9204071773258,7.87991967837014,12,8
"5963",20.7787097850913,4.65891743268499,12,8
"5964",23.4594813244612,7.5788708706858,12,8
"5965",23.125532601634,5.5459120809342,12,8
"5966",20.5564751657968,2.15397198555194,12,8
"5967",26.3374109033834,6.8818692806513,12,8
"5968",19.2719608362441,6.41565662344123,12,8
"5969",29.3855183065913,5.02374131131767,12,8
"5970",19.137935064208,4.02319860537031,12,8
"5971",27.6426871357006,5.45340574703172,12,8
"5972",28.2386401774474,6.1974468845047,12,8
"5973",17.7023405509578,6.73061527186554,12,8
"5974",27.195303981469,3.54055345893932,12,8
"5975",21.9357387930208,7.46199735477423,12,8
"5976",20.4151441872413,7.56442539090524,12,8
"5977",18.6133228335116,2.47429455639982,12,8
"5978",25.3479747381854,6.58042443608736,12,8
"5979",21.1808471229675,3.7207011125589,12,8
"5980",21.7332833575414,7.78717649592509,12,8
"5981",24.5499393222909,6.92758145332967,12,8
"5982",20.4350564295929,8.09986158319012,12,8
"5983",25.5043223971102,7.73995528795608,12,8
"5984",21.8554891839594,6.16750769464648,12,8
"5985",19.3955624722896,7.2853784288373,12,8
"5986",26.5696716436558,5.49217209223048,12,8
"5987",33.6649154080269,4.44551220602597,12,8
"5988",19.156938985863,8.31194138476383,12,8
"5989",17.2061865163177,9.60806451899993,12,8
"5990",18.595089586834,4.6401858889359,12,8
"5991",18.0395544909394,5.73726804679664,12,8
"5992",23.4546521245904,8.04917822186407,12,8
"5993",28.4188669709554,9.81821409932495,12,8
"5994",25.7304115107102,7.59069975746497,12,8
"5995",21.0216234145675,9.2298310155426,12,8
"5996",21.4035086393368,7.77642010186131,12,8
"5997",26.1694909857002,5.6610682235322,12,8
"5998",23.5652803218547,4.47996656179537,12,8
"5999",18.1211745842529,2.91813532576113,12,8
"6000",24.8094875410632,5.96660487721203,12,8
