"X1","X2","component","subcomponent"
"5001",19.189900425465,27.195454256209,4,4.5
"5002",20.0636565915574,19.3797539110008,4,4.5
"5003",18.6939122614506,19.2158040065598,4,4.5
"5004",18.5703795433965,20.9396213666429,4,4.5
"5005",20.2355034277634,25.9733612743766,4,4.5
"5006",22.1673098792527,26.2541136864885,4,4.5
"5007",21.5978119276027,24.1666148073099,4,4.5
"5008",20.9827697344336,25.1618973156277,4,4.5
"5009",18.2740311859059,25.9910283947048,4,4.5
"5010",21.1150269420561,27.3504814325611,4,4.5
"5011",21.9981253966103,24.3591758820698,4,4.5
"5012",20.365001279775,24.7992887882676,4,4.5
"5013",21.1641776788805,25.5489355239549,4,4.5
"5014",21.9103468947535,22.9340813670028,4,4.5
"5015",19.0797218623193,24.3816404039916,4,4.5
"5016",18.3756662506093,25.5239402608367,4,4.5
"5017",21.3210003846714,31.1919221626535,4,4.5
"5018",18.8830059333502,23.6715428925576,4,4.5
"5019",19.7004515419649,31.9993203886467,4,4.5
"5020",20.1676784407919,28.7456308775952,4,4.5
"5021",20.7855417707195,27.5725432586271,4,4.5
"5022",23.0866670359955,26.3442202335886,4,4.5
"5023",21.8486823964295,23.4322647024746,4,4.5
"5024",21.9505548724799,21.9311915064172,4,4.5
"5025",18.7145701606251,29.8558449616031,4,4.5
"5026",22.2216407124323,24.9841590144727,4,4.5
"5027",20.9500579036178,21.6770946999895,4,4.5
"5028",22.4207101526774,26.6775278350691,4,4.5
"5029",21.5730327797193,26.7757025918098,4,4.5
"5030",20.1917848065298,26.7262993038245,4,4.5
"5031",19.6124773009819,24.3402601391917,4,4.5
"5032",20.3775362938767,21.9717611287918,4,4.5
"5033",18.8917658163961,29.3298934409173,4,4.5
"5034",22.1092644552063,25.893307492416,4,4.5
"5035",21.252592252038,19.5769635710265,4,4.5
"5036",20.0653712807962,27.9015324400941,4,4.5
"5037",20.3973225660985,26.985851514225,4,4.5
"5038",19.6686642332725,21.4444717101201,4,4.5
"5039",20.5188086319127,27.2015290684939,4,4.5
"5040",21.1708330418397,25.7549932929913,4,4.5
"5041",20.5850576439546,26.7281479425768,4,4.5
"5042",20.0586714501719,24.6754028230896,4,4.5
"5043",21.3497159029527,25.6600971952111,4,4.5
"5044",21.5514170107644,29.8350110037864,4,4.5
"5045",19.7496470726011,26.269176584222,4,4.5
"5046",19.341349871421,22.5545357917609,4,4.5
"5047",19.5252557078801,27.6317562084585,4,4.5
"5048",19.7601798786835,26.8938211694937,4,4.5
"5049",20.4589839371831,22.3655435293571,4,4.5
"5050",21.2535197023504,27.0665373722585,4,4.5
"5051",18.8442553812187,27.5995544141104,4,4.5
"5052",20.5740514991843,24.2304352127155,4,4.5
"5053",22.0977138462903,26.2381710838831,4,4.5
"5054",20.7594453404502,25.5391282661001,4,4.5
"5055",20.4194701560155,23.0241013975626,4,4.5
"5056",22.1097114149004,23.3664590611398,4,4.5
"5057",21.2524063292509,20.1039400112205,4,4.5
"5058",21.6063756048594,23.4786783016365,4,4.5
"5059",20.7653730005492,23.2042533768254,4,4.5
"5060",21.3982499668566,25.3036913881958,4,4.5
"5061",20.3093409168509,24.2080750616624,4,4.5
"5062",22.193955005323,24.9806944377556,4,4.5
"5063",20.899419866382,27.3881498710756,4,4.5
"5064",19.8971125227908,31.3044921780911,4,4.5
"5065",19.9102295832536,23.9140634730667,4,4.5
"5066",20.6828508399425,28.3094766688308,4,4.5
"5067",20.945106001774,26.7517103602493,4,4.5
"5068",22.5025485598049,28.6513537443363,4,4.5
"5069",20.1009825645546,23.7149934240466,4,4.5
"5070",21.7764319893942,25.8394824297391,4,4.5
"5071",19.7930441431137,24.187567888698,4,4.5
"5072",20.596958080328,23.4458984452721,4,4.5
"5073",21.4416977696305,22.9423237109774,4,4.5
"5074",17.6932429453563,28.7565364097548,4,4.5
"5075",21.7935130225486,25.4592854171723,4,4.5
"5076",19.5876877174294,24.470732130734,4,4.5
"5077",20.1646605132551,23.8867523666293,4,4.5
"5078",21.1088018891235,26.8557828064968,4,4.5
"5079",22.104742058642,26.4749919857918,4,4.5
"5080",21.1059163760689,23.0493432076793,4,4.5
"5081",18.7482709028712,24.1387287324113,4,4.5
"5082",21.0754895617606,21.342706338776,4,4.5
"5083",20.1634494800996,25.4050568246038,4,4.5
"5084",22.1749041424667,22.3621030298694,4,4.5
"5085",19.2220263644315,25.1421772070734,4,4.5
"5086",20.3516346659903,25.5987677738236,4,4.5
"5087",20.3471181753958,24.8087325269106,4,4.5
"5088",19.9611476980237,25.9655222256543,4,4.5
"5089",19.9162020547236,30.2737156189486,4,4.5
"5090",18.8080779811739,23.3483948023854,4,4.5
"5091",21.6336149218892,27.2299823093078,4,4.5
"5092",20.3556183209063,29.1945161535643,4,4.5
"5093",18.5718314613343,25.1522495905331,4,4.5
"5094",17.9984391548919,29.5329151236779,4,4.5
"5095",18.920903426713,22.176421355538,4,4.5
"5096",19.5825439620717,24.1534754781003,4,4.5
"5097",22.8447931712747,26.59651817286,4,4.5
"5098",21.0517194756448,24.7613972405348,4,4.5
"5099",20.2753430945444,23.9002342189315,4,4.5
"5100",20.4610369177308,25.7005153721629,4,4.5
"5101",21.0921578294805,25.4952418470111,4,4.5
"5102",21.4741886527624,28.5197022753046,4,4.5
"5103",17.5892471936717,20.3093010136906,4,4.5
"5104",18.353750020733,26.604857583116,4,4.5
"5105",20.0887799598583,25.5481054150478,4,4.5
"5106",21.7068673948408,22.6928394225819,4,4.5
"5107",19.4952845669904,24.0920983083743,4,4.5
"5108",20.884725825728,25.0313815226593,4,4.5
"5109",19.8781723378608,26.4144080828469,4,4.5
"5110",21.007554598849,26.8607339495372,4,4.5
"5111",20.6039454116195,28.0120754876627,4,4.5
"5112",20.2781987343918,27.7101150810076,4,4.5
"5113",19.708782384599,25.7636479012896,4,4.5
"5114",20.318721716087,21.1953388716264,4,4.5
"5115",20.2894782814948,25.315798903661,4,4.5
"5116",20.5509570484061,30.443383956481,4,4.5
"5117",20.8077411090837,19.6497997028538,4,4.5
"5118",19.8168006790672,24.1744796639811,4,4.5
"5119",22.2465198806362,23.5578033730837,4,4.5
"5120",21.1514304817575,24.5680096074063,4,4.5
"5121",19.6458348973988,26.1143145362988,4,4.5
"5122",19.2552871845584,26.6329708614636,4,4.5
"5123",18.6135277420963,24.2398943518987,4,4.5
"5124",18.5496402077581,24.530692859023,4,4.5
"5125",20.7829800409407,23.5180860056433,4,4.5
"5126",22.2802166114402,24.8375345586857,4,4.5
"5127",18.9396661369637,32.6728519951074,4,4.5
"5128",20.5903752206388,26.7802454592148,4,4.5
"5129",19.8195712565287,25.2197181623602,4,4.5
"5130",18.8277512201407,26.0821373977232,4,4.5
"5131",23.8067408389002,25.7044381228137,4,4.5
"5132",18.03080568224,28.3902480876591,4,4.5
"5133",18.3676396787909,29.2482941123168,4,4.5
"5134",21.0831918243626,21.9268920413775,4,4.5
"5135",20.4630907192544,29.0124212905774,4,4.5
"5136",18.7978346510196,25.4001114085294,4,4.5
"5137",20.9416205616559,18.4238694994376,4,4.5
"5138",21.3759657516356,23.8991316817219,4,4.5
"5139",20.3799620697142,27.582521690574,4,4.5
"5140",21.2743432243271,29.1445839645689,4,4.5
"5141",18.5737455144591,22.00265665205,4,4.5
"5142",21.6143163884384,25.9340036125226,4,4.5
"5143",20.3943558299583,29.6470391139244,4,4.5
"5144",19.9030976948276,23.5080210050188,4,4.5
"5145",19.9497282491485,24.2489412971897,4,4.5
"5146",19.2337922548186,24.58510593586,4,4.5
"5147",19.9971550061108,22.5692439989779,4,4.5
"5148",20.1979429088316,21.5154561113339,4,4.5
"5149",19.7965786293656,27.6248174249396,4,4.5
"5150",19.5002243954005,25.6239454108714,4,4.5
"5151",18.4800756779716,28.9798925420933,4,4.5
"5152",21.6687495227076,25.4622492645132,4,4.5
"5153",18.5030641598334,26.3851313407009,4,4.5
"5154",21.5513945110468,24.6393597247447,4,4.5
"5155",22.6775894519793,21.6100254794194,4,4.5
"5156",20.3574595330705,18.8513371037191,4,4.5
"5157",19.9775817463321,24.1220020059399,4,4.5
"5158",20.473055994034,26.1991649682893,4,4.5
"5159",21.3189673775714,26.6770531718042,4,4.5
"5160",19.5106892421856,27.9581265768744,4,4.5
"5161",20.0338674412827,19.6588476052554,4,4.5
"5162",21.151051261636,23.156180914486,4,4.5
"5163",19.7622786322244,23.0654806753846,4,4.5
"5164",21.2221212638983,29.0777019375066,4,4.5
"5165",19.0949903616507,16.751831627373,4,4.5
"5166",21.5386591964545,26.395937985057,4,4.5
"5167",20.5106724587866,23.4960159352287,4,4.5
"5168",19.7659135601195,33.475090182588,4,4.5
"5169",20.4601597928467,26.1491642111602,4,4.5
"5170",20.4921003167306,28.4315413522075,4,4.5
"5171",22.063719201418,26.7601165578486,4,4.5
"5172",21.9187538707817,26.319448224801,4,4.5
"5173",20.6836651259732,25.3773979214144,4,4.5
"5174",20.7687719842131,24.1005283491989,4,4.5
"5175",22.3613564859091,32.2011746831129,4,4.5
"5176",20.2791045312459,30.1935093086741,4,4.5
"5177",20.1312456419523,22.2897991370446,4,4.5
"5178",20.4539910441874,29.002733659024,4,4.5
"5179",20.1010250367441,21.6611181862681,4,4.5
"5180",20.7839533278303,25.6817431852671,4,4.5
"5181",19.5460169767684,26.1124546020538,4,4.5
"5182",20.9205075828587,29.8980461269557,4,4.5
"5183",20.4755904039103,26.9769952892853,4,4.5
"5184",19.377543314264,23.536374765116,4,4.5
"5185",20.2954622930756,29.1218147168604,4,4.5
"5186",20.9125995967773,27.5141779885108,4,4.5
"5187",20.9708678868726,19.0790446360749,4,4.5
"5188",19.20137748318,26.0011455105894,4,4.5
"5189",20.5948057715097,24.0617904241681,4,4.5
"5190",21.3710563361877,27.9078508591835,4,4.5
"5191",21.9028861428784,27.0064348873755,4,4.5
"5192",19.8226230984023,29.6352941306352,4,4.5
"5193",21.3970574984876,27.0707223291439,4,4.5
"5194",22.1277117214343,19.310911253364,4,4.5
"5195",21.4120855744944,25.9570083582148,4,4.5
"5196",20.076274820693,23.006558118385,4,4.5
"5197",19.6571077708194,29.6315140777972,4,4.5
"5198",19.7537580981713,25.4604738330904,4,4.5
"5199",20.8913566943989,24.4561153285431,4,4.5
"5200",20.9237665090267,27.3921449058769,4,4.5
"5201",20.0789584070114,28.3961088828682,4,4.5
"5202",24.0809262644818,27.7941148763765,4,4.5
"5203",20.2604489345017,30.8019502943383,4,4.5
"5204",20.8274981166835,19.2369216532156,4,4.5
"5205",22.7541738308319,27.9558078270349,4,4.5
"5206",20.7932031536257,27.044807397959,4,4.5
"5207",21.1020992784933,24.7564562805245,4,4.5
"5208",20.4435227000045,27.4993044269206,4,4.5
"5209",19.7056747822945,20.273423622043,4,4.5
"5210",19.2636855774563,32.3802744426714,4,4.5
"5211",19.4843020669588,23.5487106129768,4,4.5
"5212",21.9820092863456,25.1240684918401,4,4.5
"5213",20.7788063781079,28.7253870517837,4,4.5
"5214",19.479973888461,26.9977088799495,4,4.5
"5215",21.5915770330514,25.7010028263329,4,4.5
"5216",21.2679861868947,27.2281483440135,4,4.5
"5217",21.5953137564036,26.5123653226561,4,4.5
"5218",23.1086644201006,19.5763107381086,4,4.5
"5219",21.3945085859722,24.2953747424497,4,4.5
"5220",22.8088787683562,27.849370308586,4,4.5
"5221",19.090529648985,29.8571035557601,4,4.5
"5222",20.6055013031262,19.5110419788663,4,4.5
"5223",19.1703104292792,26.9192789835313,4,4.5
"5224",22.2681473634807,24.2886665844818,4,4.5
"5225",23.2503108879215,24.3671106111688,4,4.5
"5226",20.20712931577,27.4314732041099,4,4.5
"5227",20.2443361897896,24.1419163098551,4,4.5
"5228",20.1037062448097,28.3566588134731,4,4.5
"5229",22.711232601512,26.1505349285344,4,4.5
"5230",20.1157778940705,26.7126472001648,4,4.5
"5231",18.0186615099824,24.2218040068255,4,4.5
"5232",20.734153220681,22.6813330316274,4,4.5
"5233",19.741472411021,22.8990609253152,4,4.5
"5234",19.6177929695249,22.3689869133881,4,4.5
"5235",19.3245039580989,30.3231039450323,4,4.5
"5236",20.5370685350979,24.5463203623313,4,4.5
"5237",18.5336705855693,26.5034239071386,4,4.5
"5238",20.4106585997418,26.4112008761868,4,4.5
"5239",18.4530415521415,20.5297274390753,4,4.5
"5240",22.1535974056563,23.7633794010556,4,4.5
"5241",20.8261275652048,23.4097015717793,4,4.5
"5242",19.7884553328993,22.5394278185904,4,4.5
"5243",21.9131841636742,27.6250366462441,4,4.5
"5244",20.4679905270878,23.4358819793391,4,4.5
"5245",20.6930876761772,26.7569797588693,4,4.5
"5246",18.7021172250239,23.4812068644299,4,4.5
"5247",21.6975784758594,26.4698219370027,4,4.5
"5248",20.5245380561619,28.2859878692775,4,4.5
"5249",20.0273062476467,26.7763989895612,4,4.5
"5250",20.233350768599,29.6719499810349,4,4.5
"5251",20.0168725017433,22.4642902376882,4,4.5
"5252",17.7550792034377,27.4108288778758,4,4.5
"5253",21.5355624237192,25.600889529032,4,4.5
"5254",21.6793899061986,27.0757405206557,4,4.5
"5255",19.94573220206,27.5715083283492,4,4.5
"5256",20.2191226831887,28.3628010189185,4,4.5
"5257",20.2879566269956,30.9617149944544,4,4.5
"5258",22.4926164877398,25.0859064773497,4,4.5
"5259",19.4095471432893,24.8956768912717,4,4.5
"5260",21.1467171184714,23.5637750944162,4,4.5
"5261",20.9811244317497,25.8560736317912,4,4.5
"5262",20.2662793179206,30.3515395172894,4,4.5
"5263",19.3034365823117,25.3692678792344,4,4.5
"5264",22.992034659212,20.0958767625685,4,4.5
"5265",20.6066486154208,24.15243891744,4,4.5
"5266",19.7453977544104,25.3600677843406,4,4.5
"5267",21.0659271728878,24.7933374939858,4,4.5
"5268",20.8564797377473,27.8873062871873,4,4.5
"5269",20.2025849600862,27.3465362844856,4,4.5
"5270",20.01751310825,20.254077070445,4,4.5
"5271",19.582914472433,26.7831918089804,4,4.5
"5272",22.0441291183937,25.7945491689577,4,4.5
"5273",17.4871559560244,24.1213554734099,4,4.5
"5274",20.8087674511362,25.455372599817,4,4.5
"5275",21.8037371436126,28.8377927317359,4,4.5
"5276",20.9356159498592,27.8133273478171,4,4.5
"5277",22.2329638455982,24.2474995296934,4,4.5
"5278",20.5652324799508,25.8832300897985,4,4.5
"5279",20.6993796720932,28.3067981655027,4,4.5
"5280",21.2776711859264,27.0558972297411,4,4.5
"5281",22.738485525103,27.1966396595977,4,4.5
"5282",21.0912412876531,22.4628585934482,4,4.5
"5283",21.9740868343849,26.0001511537555,4,4.5
"5284",17.6734684103662,26.452796830559,4,4.5
"5285",22.117542700727,30.0645859089116,4,4.5
"5286",20.0807347528954,25.1261125766839,4,4.5
"5287",20.4715446725199,20.1840353084642,4,4.5
"5288",20.3865386219576,26.9922042350084,4,4.5
"5289",19.4623541804006,24.3147903728334,4,4.5
"5290",20.0710769153272,24.1598413995397,4,4.5
"5291",18.3610463068658,20.5577779203985,4,4.5
"5292",19.3994898509669,25.0355226472107,4,4.5
"5293",21.5518362654015,26.1508499322455,4,4.5
"5294",21.7999244404561,20.0052194844839,4,4.5
"5295",21.8834132969409,26.964015480235,4,4.5
"5296",22.5252801462841,25.9591029326146,4,4.5
"5297",20.5696810715803,23.8680476830424,4,4.5
"5298",20.2081844837913,29.4978262103995,4,4.5
"5299",20.8349827919601,26.4700758096805,4,4.5
"5300",19.4373773174869,27.6524404329228,4,4.5
"5301",19.2311868065384,26.9969759279384,4,4.5
"5302",18.8877571454631,25.1727570344066,4,4.5
"5303",18.4580778791571,26.1289620085363,4,4.5
"5304",21.3594148530363,27.8464955576922,4,4.5
"5305",19.7928835582267,26.5861984632244,4,4.5
"5306",19.6373456920763,25.9821289949098,4,4.5
"5307",19.5199050681529,26.6471827061156,4,4.5
"5308",21.747006778738,29.5090649798319,4,4.5
"5309",21.4675880483632,33.9999437118915,4,4.5
"5310",19.9657703578582,30.5971563548994,4,4.5
"5311",20.9863163027409,25.7427846463569,4,4.5
"5312",20.1806256223829,28.7438886524045,4,4.5
"5313",22.9622830384349,27.4548181712326,4,4.5
"5314",20.3697397641915,30.1147901079017,4,4.5
"5315",22.7752981184755,28.0722811192452,4,4.5
"5316",22.3757017101978,21.0612375765134,4,4.5
"5317",19.8844693440678,24.0428890892622,4,4.5
"5318",21.8622425609676,28.5602192366437,4,4.5
"5319",20.6890820390916,24.4356972068878,4,4.5
"5320",21.3616788444063,26.6889556761148,4,4.5
"5321",20.9769685155545,22.565767081779,4,4.5
"5322",19.8554342130024,24.0698172618088,4,4.5
"5323",21.0684376547516,26.7326047979109,4,4.5
"5324",20.4380928402409,23.3926206756495,4,4.5
"5325",17.245512631691,26.4510965234413,4,4.5
"5326",18.3862605698046,25.9483002382537,4,4.5
"5327",20.7771963973806,27.2990851592951,4,4.5
"5328",20.1588733092635,27.4957506462271,4,4.5
"5329",21.659910460681,24.2285693081969,4,4.5
"5330",20.4051227489508,20.6121353899341,4,4.5
"5331",21.2791185673869,23.0570315145851,4,4.5
"5332",22.2768008524532,24.285267790118,4,4.5
"5333",20.1718317432373,22.3619517990985,4,4.5
"5334",20.9811847657977,25.3654184289982,4,4.5
"5335",19.4485651879004,25.5122227144244,4,4.5
"5336",19.7932369131726,23.8811211344974,4,4.5
"5337",21.0700184501161,21.3069740758409,4,4.5
"5338",18.1031901409238,25.6315323749057,4,4.5
"5339",20.3659326308324,25.2393626148654,4,4.5
"5340",18.6502506075748,32.1799651862669,4,4.5
"5341",19.2754066943286,25.9078143568563,4,4.5
"5342",20.0806251286379,25.5504912855937,4,4.5
"5343",19.4661487426552,22.8170814156839,4,4.5
"5344",20.4353256791086,25.157430278772,4,4.5
"5345",19.1456814222351,25.5898049045008,4,4.5
"5346",21.838704349692,24.1539397697673,4,4.5
"5347",21.6659720368522,23.5381152219591,4,4.5
"5348",20.0470919974682,26.1186436952847,4,4.5
"5349",19.9086534217068,27.2539787263141,4,4.5
"5350",19.5720953435538,23.9005113366988,4,4.5
"5351",20.457643667114,25.3672466420649,4,4.5
"5352",19.8823652429925,20.593244755136,4,4.5
"5353",20.0114154851147,25.9175401870899,4,4.5
"5354",19.7672834345497,27.3888241135751,4,4.5
"5355",18.7535643841575,22.9426323611435,4,4.5
"5356",21.0950689432035,24.4097334616546,4,4.5
"5357",20.2225786060786,25.2645825583328,4,4.5
"5358",20.8943369177804,28.7624128559512,4,4.5
"5359",23.2900053990888,24.3549324371383,4,4.5
"5360",19.5079001280749,27.78027242877,4,4.5
"5361",22.4240290584313,28.3187096886276,4,4.5
"5362",20.8570814213226,23.0047848025417,4,4.5
"5363",18.4662830463813,26.7537601075154,4,4.5
"5364",21.0385794583743,25.3379803543122,4,4.5
"5365",19.5078307506868,28.3505311991847,4,4.5
"5366",21.782872903857,21.4843264945953,4,4.5
"5367",22.1436026133763,24.6854468425041,4,4.5
"5368",18.9171651230169,27.5649725476131,4,4.5
"5369",19.0664876189386,23.8078562424247,4,4.5
"5370",19.4598370971149,25.4717381550709,4,4.5
"5371",17.9602876695667,25.4932700800702,4,4.5
"5372",20.3673622705146,23.2759618767717,4,4.5
"5373",20.7822408220169,24.472392532884,4,4.5
"5374",20.6664870675906,26.4144353508522,4,4.5
"5375",19.212406737293,30.2695502558328,4,4.5
"5376",21.4606604859339,23.5621971900916,4,4.5
"5377",19.4369266989386,25.4107374043743,4,4.5
"5378",20.4410842308891,20.9401233608776,4,4.5
"5379",19.9787602152606,21.1914010525303,4,4.5
"5380",18.9344707393208,24.4148496046694,4,4.5
"5381",21.6371383473432,20.8721556982158,4,4.5
"5382",21.5286499132408,32.2710133673518,4,4.5
"5383",19.6653276959496,24.6638141217023,4,4.5
"5384",19.2970533710145,24.6355120331669,4,4.5
"5385",22.1841956737231,25.3235565872126,4,4.5
"5386",21.3254003915941,27.846951896629,4,4.5
"5387",21.8181210664353,25.8733189756338,4,4.5
"5388",21.0687948813718,22.448923906206,4,4.5
"5389",22.3140192346326,22.2577336916901,4,4.5
"5390",21.9011909993505,25.5628531764937,4,4.5
"5391",21.35908148671,22.4394590559989,4,4.5
"5392",23.1267365157488,24.4347894144643,4,4.5
"5393",20.7734241407448,28.4902760410535,4,4.5
"5394",22.2222467204511,23.540624875309,4,4.5
"5395",19.762364526403,29.5765056317845,4,4.5
"5396",19.3568504634951,26.4604659955354,4,4.5
"5397",21.3094480381822,26.3880122547393,4,4.5
"5398",20.8588166057406,22.1529215966689,4,4.5
"5399",18.860560471919,26.4406707122796,4,4.5
"5400",19.7229660128313,25.2481048197295,4,4.5
"5401",20.1889654568867,24.7765359103331,4,4.5
"5402",21.4702721048143,22.5609955992354,4,4.5
"5403",20.9931877311167,25.8684338437023,4,4.5
"5404",17.9158441795778,23.1644354560426,4,4.5
"5405",20.218019144312,26.0599576527604,4,4.5
"5406",18.197675998316,27.5091782822396,4,4.5
"5407",21.0380214899386,19.8820032080115,4,4.5
"5408",19.9660693293591,28.3545726541555,4,4.5
"5409",21.0851049058358,24.8774213923505,4,4.5
"5410",22.0540719253534,20.9908376441091,4,4.5
"5411",19.2123160271465,25.2039424928587,4,4.5
"5412",20.2231134903242,27.7896598619241,4,4.5
"5413",22.0974431178021,23.143504534613,4,4.5
"5414",20.2283378418497,23.4994498852692,4,4.5
"5415",19.0044912268068,23.8776398312687,4,4.5
"5416",20.0662275667267,27.3127312852575,4,4.5
"5417",19.453200495376,26.799913070481,4,4.5
"5418",23.0957746766455,26.604085551008,4,4.5
"5419",22.3858257655356,20.9707251843594,4,4.5
"5420",20.5040186776859,27.7594711397155,4,4.5
"5421",21.8899164845868,24.467548441915,4,4.5
"5422",21.0292154780885,27.350699923344,4,4.5
"5423",19.2438559969765,22.3512738016408,4,4.5
"5424",20.0323241925055,23.7403381839712,4,4.5
"5425",20.2265845389131,26.1484241221953,4,4.5
"5426",21.9111211710609,23.7086008406787,4,4.5
"5427",19.905155094475,24.5884887840339,4,4.5
"5428",20.1391969194157,24.9072402206273,4,4.5
"5429",20.6682623233461,22.2853795925384,4,4.5
"5430",20.5066794259733,27.6244014833618,4,4.5
"5431",20.5290442255477,21.5894736055629,4,4.5
"5432",20.812708469633,20.9614031483755,4,4.5
"5433",22.2311828753075,29.3271676591673,4,4.5
"5434",22.3817523484106,22.4009690674288,4,4.5
"5435",22.5299420104631,24.5049475827802,4,4.5
"5436",21.0117781257739,19.7289617878134,4,4.5
"5437",18.1565240583343,21.1946601773099,4,4.5
"5438",21.8099301497396,24.8898965507069,4,4.5
"5439",20.2429008930254,26.9685318449614,4,4.5
"5440",18.8531345522283,22.4177243566776,4,4.5
"5441",19.7030198159173,25.633955636403,4,4.5
"5442",21.8878397568501,25.3091883583756,4,4.5
"5443",19.863590306536,25.3170396606483,4,4.5
"5444",22.8099772330603,26.9781542868632,4,4.5
"5445",19.152832886806,27.63568455054,4,4.5
"5446",21.1378488492248,20.5969541167117,4,4.5
"5447",20.3087820547814,27.0910443725526,4,4.5
"5448",19.1851404670567,25.9620511448667,4,4.5
"5449",18.5776015923156,27.5671045121073,4,4.5
"5450",23.3437860620175,27.5998175328859,4,4.5
"5451",20.1774821731781,25.0129571742916,4,4.5
"5452",21.3687413131884,24.2438132136921,4,4.5
"5453",22.0909980249121,25.7160333083415,4,4.5
"5454",19.3084617554933,32.0146747920261,4,4.5
"5455",20.64185656609,25.270797918352,4,4.5
"5456",18.3868419457285,19.9955014175175,4,4.5
"5457",21.5131910299232,23.285364778335,4,4.5
"5458",19.43565577711,27.9251969049552,4,4.5
"5459",21.7387377737064,24.2781703627126,4,4.5
"5460",20.194840252194,25.000491640424,4,4.5
"5461",21.4446167765512,22.0462890062339,4,4.5
"5462",20.2789170272401,23.7866840499807,4,4.5
"5463",18.8943129738207,30.6662737916909,4,4.5
"5464",21.7063607196669,27.8584576796461,4,4.5
"5465",22.4721726440512,17.9858112267382,4,4.5
"5466",20.2795865670841,24.9260470224254,4,4.5
"5467",20.2677962132014,19.8374868683509,4,4.5
"5468",21.437274172986,24.7387488348564,4,4.5
"5469",20.5585643747458,27.8707719449763,4,4.5
"5470",19.1841780832259,25.0091745083595,4,4.5
"5471",22.7161560748067,25.0040999799722,4,4.5
"5472",19.8112248213176,29.2641557536813,4,4.5
"5473",19.0334351358797,26.7658742295178,4,4.5
"5474",21.6386220492752,29.6280632315856,4,4.5
"5475",19.1151301597657,25.3331864519262,4,4.5
"5476",22.0440625830513,24.2762638873455,4,4.5
"5477",22.1566274477619,22.94565376723,4,4.5
"5478",22.0039050215297,27.4881984755916,4,4.5
"5479",21.9771410365137,23.9524142936972,4,4.5
"5480",20.3042778317907,29.0679662396201,4,4.5
"5481",21.2080166321753,24.3934011281548,4,4.5
"5482",20.3500972250861,26.5717021887227,4,4.5
"5483",20.2558323651221,25.341402399823,4,4.5
"5484",22.137908914318,28.0760258060382,4,4.5
"5485",19.24631282823,31.4790538517921,4,4.5
"5486",18.6544376858511,26.0463058646711,4,4.5
"5487",21.6519613782717,23.4813991876118,4,4.5
"5488",21.0395788897531,30.2091170761352,4,4.5
"5489",20.966463903035,22.6578160092799,4,4.5
"5490",18.3883962811987,25.5397755306635,4,4.5
"5491",18.9005283927001,26.1068617724071,4,4.5
"5492",21.1569164136787,27.0179861569526,4,4.5
"5493",19.7587454107719,25.0373387130639,4,4.5
"5494",20.2558269836021,24.6013417201787,4,4.5
"5495",20.9880927883578,24.1926077361754,4,4.5
"5496",20.0962349688456,24.943451399425,4,4.5
"5497",19.8460766236235,22.621884115769,4,4.5
"5498",22.3809119485885,21.9134880580923,4,4.5
"5499",19.4191386257326,23.6911968808078,4,4.5
"5500",20.0326855486163,26.9159250227978,4,4.5
"5501",18.1086166214832,28.8941540519192,4,4.5
"5502",19.9712656598255,22.1118701310133,4,4.5
"5503",22.845534331448,24.9196228990267,4,4.5
"5504",19.169928019756,22.4272771814501,4,4.5
"5505",22.329597522528,19.7926434985062,4,4.5
"5506",20.093207239119,24.060574266989,4,4.5
"5507",20.2744478328553,32.2248138158253,4,4.5
"5508",21.5107827326634,28.0885994964521,4,4.5
"5509",22.0880027258527,28.6436514685236,4,4.5
"5510",18.4639647359014,29.8157844857163,4,4.5
"5511",17.282108982729,30.1809946709094,4,4.5
"5512",19.2500215278448,23.3928253387242,4,4.5
"5513",21.4177840936638,24.3143935057157,4,4.5
"5514",20.3872662496942,20.1158807200756,4,4.5
"5515",20.7045523561607,27.061300237137,4,4.5
"5516",21.0442907895497,25.5188921864728,4,4.5
"5517",20.2941007916011,29.4379061615556,4,4.5
"5518",18.602747561223,26.4054247255066,4,4.5
"5519",21.0916627966298,21.1025539681477,4,4.5
"5520",20.4355798253164,30.8831859317447,4,4.5
"5521",18.471286303999,20.9399200148107,4,4.5
"5522",18.4385531669856,24.8187200610641,4,4.5
"5523",19.2787328575965,28.5441660848634,4,4.5
"5524",20.1605100514015,26.5633014789144,4,4.5
"5525",21.591219056649,22.6198621851898,4,4.5
"5526",18.4480838767996,27.4299250909744,4,4.5
"5527",19.2833305725888,24.0028922100838,4,4.5
"5528",20.9305731776052,28.2215243354241,4,4.5
"5529",20.573695396111,26.6020234372864,4,4.5
"5530",19.1295736113726,26.7850728633287,4,4.5
"5531",20.655566369689,22.9728533315664,4,4.5
"5532",21.2608260301596,24.5851370854245,4,4.5
"5533",21.604290467771,24.505892631148,4,4.5
"5534",20.9255272799373,24.8716274055134,4,4.5
"5535",21.1750514705049,23.4996084812662,4,4.5
"5536",19.7821506016643,21.4663657276591,4,4.5
"5537",18.655481778512,29.3872721943529,4,4.5
"5538",20.1436534990442,28.0551671017479,4,4.5
"5539",19.8348029778894,25.2712326039558,4,4.5
"5540",20.9382305863696,24.1607795058267,4,4.5
"5541",18.3690785174807,25.6442967304274,4,4.5
"5542",19.6174474357917,30.201823855072,4,4.5
"5543",18.9074577324811,26.7872405315662,4,4.5
"5544",19.6261633099654,26.6943948392308,4,4.5
"5545",21.8728096987714,25.7266868283839,4,4.5
"5546",20.4667927213915,24.357652975214,4,4.5
"5547",20.2369824719976,26.1788862360163,4,4.5
"5548",21.3949281611933,26.695633021269,4,4.5
"5549",20.7094575609564,28.6953821857386,4,4.5
"5550",19.3263441186769,21.2875575381353,4,4.5
"5551",20.5951985700859,18.8425643745037,4,4.5
"5552",18.713164073133,25.1233184504393,4,4.5
"5553",21.8506490180557,25.0803804689483,4,4.5
"5554",19.0011221025837,28.1734420016282,4,4.5
"5555",22.0062470188283,28.4363745467164,4,4.5
"5556",20.213165245111,29.1003564858387,4,4.5
"5557",22.0386921392077,22.447429527399,4,4.5
"5558",20.507189285986,23.341067160508,4,4.5
"5559",19.9714099055091,22.2986623093408,4,4.5
"5560",21.9057981252419,28.3258578027745,4,4.5
"5561",19.573073780322,28.6428478756536,4,4.5
"5562",19.8438046956386,31.8273940355932,4,4.5
"5563",21.5285444977101,23.6331811143484,4,4.5
"5564",18.4440102442828,22.6793318039347,4,4.5
"5565",20.1801909782763,27.7730939786342,4,4.5
"5566",21.839953254937,22.6893451882808,4,4.5
"5567",20.8992889323377,28.3534389645962,4,4.5
"5568",20.5372395810604,26.4332972890477,4,4.5
"5569",21.5468789946707,23.5421850633248,4,4.5
"5570",20.3821597523277,26.8389260417405,4,4.5
"5571",24.4481742894852,19.3763720697952,4,4.5
"5572",21.2964762522597,23.9360068910683,4,4.5
"5573",22.0873740439681,24.6888483951753,4,4.5
"5574",20.1084251204537,24.68518438939,4,4.5
"5575",18.7285618323776,25.2258690949744,4,4.5
"5576",21.7369920373215,23.4361916325661,4,4.5
"5577",18.6984183618,29.6492539195452,4,4.5
"5578",23.207325921648,20.5716740675022,4,4.5
"5579",22.3772398827811,24.6545726908505,4,4.5
"5580",20.6658460363211,25.4414603973294,4,4.5
"5581",19.2078103402436,22.8347332840837,4,4.5
"5582",19.5279058456619,25.2114090515066,4,4.5
"5583",18.3677479772842,30.9573914252333,4,4.5
"5584",23.3262005333413,29.5647197084587,4,4.5
"5585",20.3206130441734,16.5018949945331,4,4.5
"5586",20.7711308612095,25.8780307933121,4,4.5
"5587",20.8095884012148,32.6406725192935,4,4.5
"5588",22.8059112543655,26.5731072042815,4,4.5
"5589",18.3215342151608,23.1264484464982,4,4.5
"5590",21.6810405172734,25.6203388593133,4,4.5
"5591",19.5519974835982,24.5726198327668,4,4.5
"5592",20.3353526948273,21.9094517581584,4,4.5
"5593",20.9798154210905,19.6538011565075,4,4.5
"5594",19.4036541392877,26.0219735118796,4,4.5
"5595",19.019501526451,21.636417590053,4,4.5
"5596",20.1967783206786,23.905392002475,4,4.5
"5597",22.7543590676625,29.9440231323132,4,4.5
"5598",19.349276930832,26.7980301877032,4,4.5
"5599",20.5914515229221,22.7186613436018,4,4.5
"5600",21.8830359847481,23.3403085745153,4,4.5
"5601",21.9270883413861,23.7900865940696,4,4.5
"5602",22.6732136518405,21.9602289072618,4,4.5
"5603",21.1803910410607,26.076828087121,4,4.5
"5604",22.1956834108665,22.0350918722742,4,4.5
"5605",18.2418318474961,24.6944559957522,4,4.5
"5606",20.7206458312347,25.665381299516,4,4.5
"5607",19.30177221576,17.2536796092292,4,4.5
"5608",20.6311263588804,26.2769672731703,4,4.5
"5609",21.7884355203822,24.149729864754,4,4.5
"5610",20.7186358453432,30.8301065992677,4,4.5
"5611",21.5201563676595,23.441362677662,4,4.5
"5612",19.2138935819991,23.5520102036207,4,4.5
"5613",21.0296225447123,24.9418573751033,4,4.5
"5614",22.0835548940414,26.0392176721355,4,4.5
"5615",24.100051682544,26.6017535056872,4,4.5
"5616",20.1978686030378,21.9266306993395,4,4.5
"5617",19.7446341277459,21.0165744950655,4,4.5
"5618",20.7116973048965,31.1825099351884,4,4.5
"5619",22.1621296429308,21.910865517815,4,4.5
"5620",20.5965491989806,28.6845763042858,4,4.5
"5621",19.87705700979,27.5130373458561,4,4.5
"5622",21.8653604906901,19.686704375918,4,4.5
"5623",20.9412548610541,20.8286467118273,4,4.5
"5624",22.4662107732483,23.9074285036562,4,4.5
"5625",20.9330124520888,25.509256103013,4,4.5
"5626",21.9829256091005,24.8629237161637,4,4.5
"5627",20.2249267363916,25.4823446492573,4,4.5
"5628",18.5756176037692,27.3478867962365,4,4.5
"5629",20.6710840091383,26.3359912214461,4,4.5
"5630",20.4743731162555,24.9889809591855,4,4.5
"5631",21.5377076953189,27.7362352627726,4,4.5
"5632",21.1035485827619,26.7111711444967,4,4.5
"5633",19.3514082309333,27.8070453939821,4,4.5
"5634",21.1501050071921,25.9890210806973,4,4.5
"5635",20.5862630922161,23.8057439031766,4,4.5
"5636",21.2278717539173,26.2591090273197,4,4.5
"5637",19.857599867808,24.7413329885284,4,4.5
"5638",22.771114452937,20.472620721939,4,4.5
"5639",20.2902458044409,23.4445064211792,4,4.5
"5640",18.9879205120586,24.341503385777,4,4.5
"5641",20.1705976816456,22.4066803230477,4,4.5
"5642",20.7944507383435,26.4877589349266,4,4.5
"5643",21.2356050257615,23.3858807760182,4,4.5
"5644",20.0439332710534,26.9736674027557,4,4.5
"5645",20.3530209299387,24.1949782779984,4,4.5
"5646",20.0103732461493,23.6285969464488,4,4.5
"5647",19.9076061282528,25.8574370181981,4,4.5
"5648",18.3899012271344,25.8314246638528,4,4.5
"5649",21.2353704567167,23.1512338963435,4,4.5
"5650",22.5968873354215,23.0373580904702,4,4.5
"5651",18.849973882725,23.227898746826,4,4.5
"5652",21.5424310261927,24.2774189976691,4,4.5
"5653",20.1614085996281,24.8151889048099,4,4.5
"5654",19.9643779884207,28.7786205060162,4,4.5
"5655",20.6297631427669,28.1702972647473,4,4.5
"5656",22.0730297587693,24.7517941786326,4,4.5
"5657",20.6034028640305,25.3451515400885,4,4.5
"5658",20.2559472105902,25.5737847174303,4,4.5
"5659",19.6073720304287,25.7135701401007,4,4.5
"5660",20.9384078632069,23.2928543432851,4,4.5
"5661",21.6344213103466,21.9300448972664,4,4.5
"5662",19.8778956710471,21.6509427368114,4,4.5
"5663",21.3678927265497,28.714914832475,4,4.5
"5664",20.4689808219083,28.1538674898473,4,4.5
"5665",21.3333526640419,24.3551086218655,4,4.5
"5666",20.1200162509687,28.1082320966919,4,4.5
"5667",19.8362884974865,26.5601052229189,4,4.5
"5668",20.4844424789402,23.5405701859635,4,4.5
"5669",20.098193465227,26.122958097926,4,4.5
"5670",21.0062698605536,25.8248297692259,4,4.5
"5671",18.855527740072,25.3005202960428,4,4.5
"5672",19.3491188761082,23.9764054692933,4,4.5
"5673",22.0666880659638,25.9845203573349,4,4.5
"5674",19.7994585393679,24.941246158197,4,4.5
"5675",18.9211176250911,27.4785834839737,4,4.5
"5676",19.4695529640962,24.9342313432515,4,4.5
"5677",21.9562425441162,21.7103608868829,4,4.5
"5678",20.1215299447941,21.5871349914227,4,4.5
"5679",21.452003111297,19.6828566002122,4,4.5
"5680",20.1411274173407,21.7094994722229,4,4.5
"5681",19.4243356826273,26.2878493105738,4,4.5
"5682",19.5609447545967,24.3785723929062,4,4.5
"5683",20.4993550378532,26.5951825285524,4,4.5
"5684",20.7599482391122,24.8665175847917,4,4.5
"5685",21.7165706011083,23.2808714887691,4,4.5
"5686",21.8507744799073,25.825619209174,4,4.5
"5687",19.4394424132877,21.9210384678444,4,4.5
"5688",20.0986599659238,28.2313997069223,4,4.5
"5689",19.2559382093355,22.6601617792759,4,4.5
"5690",23.0269572326676,30.2027095699071,4,4.5
"5691",21.8918696531864,25.5160495832042,4,4.5
"5692",21.7285312629824,30.5483054733511,4,4.5
"5693",20.1882521776509,23.6702616842504,4,4.5
"5694",20.3471016696724,22.4941885494852,4,4.5
"5695",20.5113172600826,26.5712021345976,4,4.5
"5696",21.7426080856181,24.9203089551487,4,4.5
"5697",19.5827136629757,22.1030328995437,4,4.5
"5698",20.3825503591535,27.9449313315276,4,4.5
"5699",21.613721024275,27.6918080017678,4,4.5
"5700",20.9629746874768,23.5522562665287,4,4.5
"5701",20.0348556357647,26.4860675197202,4,4.5
"5702",19.9474777367375,27.3475401335335,4,4.5
"5703",20.0718599000451,26.8392443536911,4,4.5
"5704",21.7178062331672,25.0970205662612,4,4.5
"5705",21.8340719664112,26.5932078776,4,4.5
"5706",22.3375414533474,25.7994866882118,4,4.5
"5707",19.4309397793632,25.3168093364819,4,4.5
"5708",20.7828803189125,24.0196065964269,4,4.5
"5709",19.9951534554284,25.3832932211367,4,4.5
"5710",22.7473599450564,22.4760063074592,4,4.5
"5711",19.2333359743345,25.4749600244112,4,4.5
"5712",19.4244391039043,30.9758117140913,4,4.5
"5713",20.0186154523053,24.140001721902,4,4.5
"5714",21.43940569316,25.3566605338602,4,4.5
"5715",18.9579774765266,24.9986923667557,4,4.5
"5716",18.8704352595296,28.3414815681804,4,4.5
"5717",17.4893300417627,27.0263722472776,4,4.5
"5718",20.3097968684635,26.2387612943101,4,4.5
"5719",21.1200677924698,27.2176179933581,4,4.5
"5720",19.9133296526088,24.7084008103336,4,4.5
"5721",21.425143841365,21.4190241736617,4,4.5
"5722",20.7693357486426,24.5289023154439,4,4.5
"5723",21.810986924855,21.6078520306682,4,4.5
"5724",21.013583012792,28.7247848773943,4,4.5
"5725",20.0961874219796,23.4963232669216,4,4.5
"5726",21.0264719398039,29.1358837656765,4,4.5
"5727",19.140496556485,22.2487203930514,4,4.5
"5728",20.7050508309095,21.9090095384739,4,4.5
"5729",20.0526738366645,26.2300734836233,4,4.5
"5730",18.986552092245,26.7496982095256,4,4.5
"5731",20.718115637527,25.9396722926611,4,4.5
"5732",21.2520392814897,25.1210758461837,4,4.5
"5733",20.0520065596351,22.0875887968248,4,4.5
"5734",22.7421974995747,22.6536638867476,4,4.5
"5735",20.8560570451223,24.5993731694917,4,4.5
"5736",18.3535024686612,22.1927513845046,4,4.5
"5737",20.811600269165,25.608083779979,4,4.5
"5738",20.2678848321932,25.5656252762521,4,4.5
"5739",20.7160674941147,25.8632906951713,4,4.5
"5740",20.8171750937025,23.6863440732073,4,4.5
"5741",19.5321207740881,23.999367062392,4,4.5
"5742",21.2257459498891,29.3320032268238,4,4.5
"5743",22.1823288012032,26.9695588998565,4,4.5
"5744",21.3519752528028,22.9488245703679,4,4.5
"5745",17.0615238130918,24.6119252956415,4,4.5
"5746",21.5129952767744,26.0646883340344,4,4.5
"5747",19.5366004969229,26.1981817329487,4,4.5
"5748",19.3394352774172,21.4657112452411,4,4.5
"5749",18.6091062388523,21.2669824963438,4,4.5
"5750",19.2280124860775,30.7014456547817,4,4.5
"5751",20.102850202012,27.9792362765774,4,4.5
"5752",17.6021372957128,25.0866121922746,4,4.5
"5753",20.7910334998273,29.0837043628769,4,4.5
"5754",18.6053099038966,24.2148942662976,4,4.5
"5755",20.2928626436958,25.8661527242512,4,4.5
"5756",19.4005432013308,26.3322535345179,4,4.5
"5757",22.4836803630688,21.4770863714551,4,4.5
"5758",21.4724630902145,25.535264568445,4,4.5
"5759",20.6565668736686,27.2035449836407,4,4.5
"5760",19.6371769926079,26.9517801494119,4,4.5
"5761",21.7285126995989,25.3630059561349,4,4.5
"5762",22.0753445044835,24.1040509056017,4,4.5
"5763",20.5441862507269,27.6035475595686,4,4.5
"5764",21.6790035856939,25.4533080920108,4,4.5
"5765",21.268277458269,20.9514893429462,4,4.5
"5766",20.4299324712554,27.1507215951528,4,4.5
"5767",21.2145963552073,22.4364979747329,4,4.5
"5768",18.6041491430892,22.1021762870411,4,4.5
"5769",20.5484757110524,21.7438287013945,4,4.5
"5770",21.5513058729375,23.566247559652,4,4.5
"5771",21.3330386961839,24.1320626422435,4,4.5
"5772",21.4898903906406,24.7946397903451,4,4.5
"5773",21.0935009542309,20.6676612179737,4,4.5
"5774",19.831855097578,18.1225289172334,4,4.5
"5775",21.6831316922137,27.9502101633815,4,4.5
"5776",19.2856239382719,27.6838913565815,4,4.5
"5777",21.0621087416168,28.0580238500618,4,4.5
"5778",19.9761517918972,29.9491534196433,4,4.5
"5779",20.2269712210231,24.4962686018766,4,4.5
"5780",21.810030416361,23.8076964162298,4,4.5
"5781",19.9500980210839,23.8412480955137,4,4.5
"5782",20.4077999183834,25.8584841498345,4,4.5
"5783",21.594634112161,31.2979453293244,4,4.5
"5784",23.8297475762827,29.5568590324931,4,4.5
"5785",20.6241544232831,27.613846955393,4,4.5
"5786",21.6346318974214,22.3857601539886,4,4.5
"5787",19.8014897408172,24.0028147768343,4,4.5
"5788",20.137593124875,27.0736487861544,4,4.5
"5789",18.5553079780232,26.6812034316509,4,4.5
"5790",20.6366807853547,20.6579760529436,4,4.5
"5791",19.2759312990479,27.439982201201,4,4.5
"5792",18.1071736038833,25.4228763304123,4,4.5
"5793",21.1531836137389,28.2110909055929,4,4.5
"5794",18.3571385158725,25.9706799440007,4,4.5
"5795",19.1676817899351,27.5007657084142,4,4.5
"5796",18.5422637763999,23.2237941287242,4,4.5
"5797",19.0411110514517,22.8338244882598,4,4.5
"5798",19.413908951342,24.7100556012506,4,4.5
"5799",19.1101948656952,29.2639841318603,4,4.5
"5800",20.3556484066196,27.3964140647271,4,4.5
"5801",21.6455346429169,26.3654708905835,4,4.5
"5802",19.757643830028,26.2938366263855,4,4.5
"5803",22.5799877027004,22.5104594791641,4,4.5
"5804",19.6962374795852,20.9041754075567,4,4.5
"5805",21.2543696582994,27.4090176824119,4,4.5
"5806",24.3247206478772,24.0974223356344,4,4.5
"5807",20.8427859717221,26.4652398818946,4,4.5
"5808",19.6719919072057,18.069139268394,4,4.5
"5809",19.5644642742874,26.0560759631097,4,4.5
"5810",21.0850957138264,33.5960138771431,4,4.5
"5811",21.0163476793996,22.9463227426672,4,4.5
"5812",21.0247602378662,20.7107619869649,4,4.5
"5813",19.8234354149301,26.4272359979983,4,4.5
"5814",22.1369550254773,22.073419414626,4,4.5
"5815",21.4074666913974,27.5919112644501,4,4.5
"5816",19.8749281428751,28.0141616364389,4,4.5
"5817",19.1722025082971,27.0876831889004,4,4.5
"5818",19.5270275618147,27.6719527636047,4,4.5
"5819",20.2100086422348,21.6916823359824,4,4.5
"5820",22.8563701116498,25.2921967456935,4,4.5
"5821",19.956130426708,32.5348662681342,4,4.5
"5822",21.2128305014802,22.0575317657586,4,4.5
"5823",20.7983397373094,22.1744971131548,4,4.5
"5824",20.035931653286,29.0088628927719,4,4.5
"5825",20.0775971482433,27.6877470090515,4,4.5
"5826",19.9815311601205,25.2345995805062,4,4.5
"5827",19.2418108207649,23.5485127462066,4,4.5
"5828",20.6722219662106,21.9162507966256,4,4.5
"5829",21.0263976416266,28.132554524586,4,4.5
"5830",19.0024936854153,23.0219599411163,4,4.5
"5831",20.3497849129209,27.4371351845625,4,4.5
"5832",19.6694442117962,23.4554349056633,4,4.5
"5833",19.9182770990817,25.5546669051293,4,4.5
"5834",20.3873000613061,28.4886554507993,4,4.5
"5835",20.8158393242667,22.8798538874889,4,4.5
"5836",21.8612464338022,24.4931948271076,4,4.5
"5837",22.1420370925411,23.4794849452386,4,4.5
"5838",19.8751242288838,22.3748671625625,4,4.5
"5839",21.8978819132737,27.3567618146551,4,4.5
"5840",20.8708174557298,22.5857506666736,4,4.5
"5841",21.6537227387394,27.4623752736872,4,4.5
"5842",19.9438268820146,22.9976880101387,4,4.5
"5843",19.701987979737,29.1230780483156,4,4.5
"5844",20.4198073890097,22.8340326188099,4,4.5
"5845",22.3537341510635,22.3760405511732,4,4.5
"5846",18.5704140026622,23.465840426878,4,4.5
"5847",21.3635855391463,26.8578688533456,4,4.5
"5848",19.3285623877542,24.8943777339991,4,4.5
"5849",20.6803279872573,23.9566171959576,4,4.5
"5850",22.4111184367081,23.5595502859346,4,4.5
"5851",21.8372908693832,24.4432285289149,4,4.5
"5852",20.202206487196,31.5451359657678,4,4.5
"5853",20.7718986625889,27.9324005082971,4,4.5
"5854",18.310716176075,29.6731297678641,4,4.5
"5855",18.7162017485166,25.3535073519986,4,4.5
"5856",19.4539572371191,22.8826968717043,4,4.5
"5857",21.5099022193275,23.5319871762978,4,4.5
"5858",20.5915007559482,30.016298558436,4,4.5
"5859",20.6242504488588,25.3150239938769,4,4.5
"5860",22.2107623478942,24.5227589784074,4,4.5
"5861",18.871289298581,24.0552756027634,4,4.5
"5862",19.3600720581988,16.6426951661945,4,4.5
"5863",22.3012596077145,25.149499268039,4,4.5
"5864",17.8577993835525,25.7111694635765,4,4.5
"5865",20.9025600352014,23.2439918689867,4,4.5
"5866",21.5850162761373,25.7250177246129,4,4.5
"5867",21.2874905184963,25.1117796207609,4,4.5
"5868",20.8216180305329,24.880257438379,4,4.5
"5869",20.3252753976863,21.3314592611722,4,4.5
"5870",20.5638276948115,26.6362942500457,4,4.5
"5871",19.6552197616615,21.7194708453974,4,4.5
"5872",20.2642492558307,21.4693151425246,4,4.5
"5873",18.9236168942227,24.3364103980409,4,4.5
"5874",20.8752543226833,24.1806277649078,4,4.5
"5875",23.5762697690935,20.8575298352939,4,4.5
"5876",20.681358426824,26.4682334814267,4,4.5
"5877",19.7157670088696,28.23074034965,4,4.5
"5878",20.9390091388035,24.9488668231709,4,4.5
"5879",22.1078665590637,24.9986320813072,4,4.5
"5880",21.7716551609989,28.5491800517596,4,4.5
"5881",20.428827547185,26.1847449492701,4,4.5
"5882",22.4239886842431,25.6428628427709,4,4.5
"5883",21.9249900321551,20.9731520524986,4,4.5
"5884",18.4102305793499,30.5924508584023,4,4.5
"5885",19.8783998582527,28.6711115550724,4,4.5
"5886",20.500645029181,30.3721506912633,4,4.5
"5887",22.3044862227729,29.443351974672,4,4.5
"5888",20.9843190528028,24.4084689439722,4,4.5
"5889",18.9868492045959,25.9024285502824,4,4.5
"5890",20.0856268999654,25.5478440723155,4,4.5
"5891",19.9711070544118,27.0477609151932,4,4.5
"5892",22.152387806404,21.8027627129424,4,4.5
"5893",20.8753582950847,19.9344440742406,4,4.5
"5894",20.0152710971205,27.5105792912873,4,4.5
"5895",19.9080902804723,22.9430829047364,4,4.5
"5896",19.9330709142291,26.3279606382942,4,4.5
"5897",21.9830645059294,21.6342071213878,4,4.5
"5898",22.7678415994018,24.9985740444868,4,4.5
"5899",18.603662056763,23.6457503621256,4,4.5
"5900",22.5847793413981,17.5756192288006,4,4.5
"5901",19.7046447675898,23.7772040866562,4,4.5
"5902",21.3911355512251,24.3746259307106,4,4.5
"5903",22.6875367724945,28.8456154972397,4,4.5
"5904",21.4339396385039,26.8476442617449,4,4.5
"5905",21.4043498647886,24.1209343708869,4,4.5
"5906",19.4283281480327,27.3373742741387,4,4.5
"5907",20.7035755071488,25.3034250225412,4,4.5
"5908",20.4446590851024,25.8693275577167,4,4.5
"5909",19.7127370963464,28.0474279374677,4,4.5
"5910",19.3142682733936,29.1717307295124,4,4.5
"5911",19.7153611317064,25.0032237694903,4,4.5
"5912",18.0918465266006,32.8862821464052,4,4.5
"5913",20.6171458693576,25.1223746844297,4,4.5
"5914",17.7025562804146,24.2085074052964,4,4.5
"5915",20.1610767886291,20.7634825208309,4,4.5
"5916",20.165043111458,27.526067025366,4,4.5
"5917",22.2386625997819,25.0425146257083,4,4.5
"5918",21.007596324478,28.7570828263986,4,4.5
"5919",21.5439799896201,26.6980286109438,4,4.5
"5920",21.5157073921867,25.9229742557646,4,4.5
"5921",18.8366809673729,31.7545916757716,4,4.5
"5922",21.7141491278599,23.1696753156647,4,4.5
"5923",21.1004851161242,26.183959145087,4,4.5
"5924",20.0972236412744,29.5589610867335,4,4.5
"5925",21.5128199538348,22.4086228973807,4,4.5
"5926",22.3419945216285,26.0499645789741,4,4.5
"5927",19.813438538933,21.9893507236598,4,4.5
"5928",21.6925529613155,23.9120642849123,4,4.5
"5929",19.6469277529944,28.3004060804063,4,4.5
"5930",20.8107272205003,25.6294193344138,4,4.5
"5931",20.0987341989051,25.0989617830992,4,4.5
"5932",20.7605403814618,23.3410268214535,4,4.5
"5933",20.9265315318318,24.8294769297186,4,4.5
"5934",18.7830731982786,24.5407331741264,4,4.5
"5935",22.7475341748699,25.5212206310409,4,4.5
"5936",19.3829594886154,25.2625458152161,4,4.5
"5937",21.0351003378843,29.1656245299799,4,4.5
"5938",20.8951024085217,29.1034178779654,4,4.5
"5939",20.0966393680695,21.438490485969,4,4.5
"5940",20.8272342166012,25.000426218514,4,4.5
"5941",19.5519653388923,28.8368081114627,4,4.5
"5942",20.8122629241263,29.0507106914927,4,4.5
"5943",19.3568081431755,26.472921637404,4,4.5
"5944",21.9640367036069,22.2946300058312,4,4.5
"5945",22.47246211909,22.6559869606321,4,4.5
"5946",21.5847426569999,23.6189017210338,4,4.5
"5947",19.6484101898537,26.7000061985259,4,4.5
"5948",21.8873320104379,25.2512926451144,4,4.5
"5949",21.151194850298,29.0291181893995,4,4.5
"5950",19.976390764744,23.0287746321008,4,4.5
"5951",19.5612984643142,22.9893333539224,4,4.5
"5952",20.441093289279,21.075884391019,4,4.5
"5953",21.2664535764572,20.1799166306817,4,4.5
"5954",21.9172815396371,27.9642212991185,4,4.5
"5955",21.7065606201738,25.7287464237487,4,4.5
"5956",19.1430127201241,25.6587922031185,4,4.5
"5957",19.7261271137564,28.5445629379372,4,4.5
"5958",21.256900972971,26.485766573799,4,4.5
"5959",21.5896491322576,27.1773047155806,4,4.5
"5960",19.3608060586311,27.2101410339989,4,4.5
"5961",21.3007768137637,26.7329023840786,4,4.5
"5962",20.2653455879627,23.5277790420008,4,4.5
"5963",20.9859026142998,27.450278308589,4,4.5
"5964",17.0386266723225,22.8784931509027,4,4.5
"5965",19.3733562131579,31.1996885637022,4,4.5
"5966",20.6093943348399,27.408534051604,4,4.5
"5967",23.7453418598601,29.0546735176506,4,4.5
"5968",21.2542129251551,26.9286409701442,4,4.5
"5969",22.2942232976054,27.6714050604323,4,4.5
"5970",21.0647705867198,20.6878014533268,4,4.5
"5971",18.1475414194951,24.2987545381286,4,4.5
"5972",21.3891883919728,22.8797055903792,4,4.5
"5973",19.3265061805172,20.2260513651391,4,4.5
"5974",20.5598091101983,29.3801609616284,4,4.5
"5975",20.8954969905911,24.1947244042932,4,4.5
"5976",21.8938626522063,28.1958745685044,4,4.5
"5977",19.6031767293845,22.6685179356353,4,4.5
"5978",22.2329880028843,24.7428851721745,4,4.5
"5979",19.3946876073776,26.6358035887126,4,4.5
"5980",18.7446475296929,23.9831605091771,4,4.5
"5981",20.4619371703484,25.760953461054,4,4.5
"5982",23.6094008600422,29.5967521051067,4,4.5
"5983",21.5901524736959,23.4330624088834,4,4.5
"5984",20.7233537403292,28.0439977501945,4,4.5
"5985",22.3236750836036,24.5344574255689,4,4.5
"5986",20.4361189408897,25.5180391146475,4,4.5
"5987",22.1021968713317,27.3605310248355,4,4.5
"5988",21.787678338407,26.9709661817013,4,4.5
"5989",22.1858462353025,21.0252730728578,4,4.5
"5990",20.2089530828521,22.2980615134362,4,4.5
"5991",18.5360104279914,25.5579166803262,4,4.5
"5992",20.9209778406498,21.6709828389468,4,4.5
"5993",21.2376531106646,27.0244824995341,4,4.5
"5994",21.0409465891701,28.3875798154944,4,4.5
"5995",18.1115422905828,30.8370738648674,4,4.5
"5996",22.1187734109874,21.7245274520577,4,4.5
"5997",21.0141263396567,19.1978967859299,4,4.5
"5998",21.8688986017825,26.0268198890765,4,4.5
"5999",22.9111231789055,29.1039215885184,4,4.5
"6000",19.4034651981603,24.0831938257874,4,4.5
