"X1","X2","component","subcomponent"
"5001",4.20576467711339,7.47953321290873,1,2
"5002",0.772244249772154,7.01002538461831,1,2
"5003",-2.791504369266,14.3636527876922,1,2
"5004",0.696443749019867,12.8265869635082,1,2
"5005",-0.688485400662645,3.08269570183595,1,2
"5006",1.9702516959207,1.39725449318826,1,2
"5007",3.19174969000879,5.11356680209892,1,2
"5008",1.19671357617864,1.48086656727646,1,2
"5009",3.94547417929973,4.12370288100375,1,2
"5010",-0.892528247372288,-1.29468487466917,1,2
"5011",-2.20119484793046,4.84314190101906,1,2
"5012",1.35202900914855,1.21469831719973,1,2
"5013",2.6489477814713,9.16230134756121,1,2
"5014",-0.381841756449848,6.40459462235728,1,2
"5015",2.05095614561522,13.0032202409282,1,2
"5016",1.03154587083528,4.5997390383624,1,2
"5017",0.946099450623138,6.95995244804242,1,2
"5018",4.25884478634833,3.45800180916361,1,2
"5019",1.25919760118322,4.04642676886888,1,2
"5020",-2.57132261646859,7.5354101701486,1,2
"5021",1.87880729058147,9.82258889255617,1,2
"5022",2.01303082669152,5.62291065527815,1,2
"5023",2.12104312782715,6.36640146166655,1,2
"5024",0.981195822610004,5.64836970331123,1,2
"5025",1.60473523637322,9.1966235950587,1,2
"5026",1.99648060606954,1.87878316839869,1,2
"5027",6.42617847887017,3.3297093132175,1,2
"5028",1.50098165824004,7.28927971205309,1,2
"5029",1.60857438999047,2.09910941650549,1,2
"5030",2.68724036233766,2.04857827107646,1,2
"5031",4.30107792767798,2.73388057659563,1,2
"5032",3.3118313729589,5.67403084667873,1,2
"5033",-2.17639030040725,10.7458692207242,1,2
"5034",1.49504189136739,4.43726554235695,1,2
"5035",2.59908322544828,8.36466158991566,1,2
"5036",-1.18770975438834,15.0156944585426,1,2
"5037",1.91801997870518,8.90299491816402,1,2
"5038",2.38045079786945,7.91596586390251,1,2
"5039",2.75180240242336,0.436284029174571,1,2
"5040",2.55562035760236,9.69718967528061,1,2
"5041",3.2235034921052,7.88903935122377,1,2
"5042",0.980786209422887,3.02614822573238,1,2
"5043",3.23316343101133,7.73651742406718,1,2
"5044",5.59285342620957,4.55067477805487,1,2
"5045",1.92883873726195,4.3587833349371,1,2
"5046",1.44241354129316,3.76082953644018,1,2
"5047",2.98729837468275,13.0451831656415,1,2
"5048",0.556548144801431,-0.271059186165377,1,2
"5049",0.262409302006437,7.62436232548382,1,2
"5050",2.77206828537781,1.53861235191462,1,2
"5051",-0.308611182094314,7.34520489925231,1,2
"5052",2.86339123300334,6.32494862509487,1,2
"5053",-0.783236915239717,8.96345576114922,1,2
"5054",0.4100836255755,10.1811309492007,1,2
"5055",1.55515560067068,9.59336533935915,1,2
"5056",-0.245987833666795,6.04094042564236,1,2
"5057",1.8688054530178,8.4446915410247,1,2
"5058",2.08631233291158,9.04661552004391,1,2
"5059",1.30168901918596,4.87055821872273,1,2
"5060",3.89994597362211,4.02519750533678,1,2
"5061",3.22973931354046,2.13150027627291,1,2
"5062",3.53079091067018,7.63174828292624,1,2
"5063",2.86313885854686,9.72382774907689,1,2
"5064",-0.207947924558876,3.51674072328352,1,2
"5065",-2.02939806350353,4.07997823259909,1,2
"5066",-0.502212448719013,3.6972462500459,1,2
"5067",0.576918846077066,8.16769710354857,1,2
"5068",0.364897686460365,2.86793947025656,1,2
"5069",1.82732709267173,11.0371753165052,1,2
"5070",1.85440531588459,10.9501047727137,1,2
"5071",0.676067141016014,4.59411092783316,1,2
"5072",3.01799937132439,11.9930119013547,1,2
"5073",-1.02352038048551,10.1526758490227,1,2
"5074",2.02484274107247,6.63401199141711,1,2
"5075",0.839003826009432,4.98385268805565,1,2
"5076",2.24670653746779,8.1232177483741,1,2
"5077",3.06089846872964,4.57533467752224,1,2
"5078",1.33349790061936,4.60338284284587,1,2
"5079",4.44745122760248,11.3153046524663,1,2
"5080",3.28631066800981,-4.01245468107862,1,2
"5081",0.813314085352312,2.8069360270329,1,2
"5082",2.13868989896369,6.85596406932632,1,2
"5083",-1.64109531500834,8.39229201405954,1,2
"5084",0.445571123009192,6.24863712113057,1,2
"5085",0.205382732871212,8.24754379233158,1,2
"5086",0.446037092589747,3.26905408316867,1,2
"5087",4.02300418975043,11.5904413447754,1,2
"5088",2.64446904992721,3.4152270187738,1,2
"5089",3.369540973404,10.3728113908149,1,2
"5090",1.31149682624907,8.06969510467137,1,2
"5091",3.3124970032384,2.92247486818046,1,2
"5092",0.370519375372561,5.28005313177799,1,2
"5093",0.623378744581873,6.38238578070684,1,2
"5094",-1.91321307692323,6.02059727617195,1,2
"5095",1.53735289583631,6.8954552917779,1,2
"5096",1.65152438285839,9.23915709102073,1,2
"5097",3.4496323858108,5.56760287213619,1,2
"5098",2.72826429500299,3.00272295962108,1,2
"5099",-0.781388011611184,-1.42330038925569,1,2
"5100",-0.0659807803838279,5.93888545745182,1,2
"5101",2.38559943959675,5.84086542888663,1,2
"5102",4.21920148613625,10.9644740725695,1,2
"5103",2.42088259285101,6.24873045168887,1,2
"5104",2.42164017686928,5.71560588100988,1,2
"5105",-1.63581654623948,5.81561285277895,1,2
"5106",0.0426015905534887,2.36913573066074,1,2
"5107",-0.241171953599175,11.6715297998258,1,2
"5108",3.12226578355924,2.29392053329627,1,2
"5109",1.61680956706138,0.14622138304672,1,2
"5110",2.68412865229047,4.44391598265136,1,2
"5111",-0.106053548505303,8.40075002490364,1,2
"5112",1.65053639544136,8.05978096144732,1,2
"5113",1.17311078849667,2.71353028903685,1,2
"5114",3.40039703725933,-2.79761950855661,1,2
"5115",0.964273938441597,9.20275535241105,1,2
"5116",1.79606578575281,9.34345481391295,1,2
"5117",-2.26902071254819,8.24561721391189,1,2
"5118",1.19800311805075,10.4767475084065,1,2
"5119",2.70803663174369,7.70225891514359,1,2
"5120",3.05797224578089,0.0544245722013645,1,2
"5121",-0.438537576532161,3.04372951998845,1,2
"5122",0.958123842820995,10.638089172361,1,2
"5123",4.94468480308237,3.88989513395207,1,2
"5124",1.10679138285111,11.7510493857283,1,2
"5125",0.918171902701973,5.92882405604584,1,2
"5126",1.00679411752684,11.340606217501,1,2
"5127",2.24919942467754,3.88518768176966,1,2
"5128",1.92932945664034,11.149097709861,1,2
"5129",-0.00607704542030918,7.75022303783752,1,2
"5130",5.07285303258468,9.74187504556738,1,2
"5131",2.95094444919281,8.02231347564984,1,2
"5132",1.10733065076313,10.9374260120192,1,2
"5133",3.9893788017352,3.10328080252355,1,2
"5134",1.70778256894489,3.43341426524078,1,2
"5135",3.47113156998646,9.82416590702802,1,2
"5136",2.19707002989435,7.34832597602026,1,2
"5137",1.49905113433977,8.92623803345456,1,2
"5138",-0.124547128746998,9.69408182588429,1,2
"5139",2.57588691567269,8.42667656673733,1,2
"5140",0.210022746616332,3.60202933836876,1,2
"5141",-1.3290187944668,10.9904525687323,1,2
"5142",3.9773520429195,4.41378419587722,1,2
"5143",0.60366499589084,9.31464937954858,1,2
"5144",3.1151303081262,6.99551106791738,1,2
"5145",2.26369022093641,5.40724757622155,1,2
"5146",3.16175411867074,4.00440227246439,1,2
"5147",2.78059461684489,0.800829457572565,1,2
"5148",0.399431044319387,10.4397375572902,1,2
"5149",2.0860032159514,3.49329793112786,1,2
"5150",2.82098117443091,6.33671685066146,1,2
"5151",-1.10766261140365,5.78040948208836,1,2
"5152",-1.67126497757576,4.76328925285765,1,2
"5153",1.67000059390612,8.86916324591388,1,2
"5154",2.10694029557069,4.73120117320246,1,2
"5155",-0.341578983815066,6.70889965417098,1,2
"5156",-0.251693703008954,9.17842891972571,1,2
"5157",3.63218130389102,11.632358157018,1,2
"5158",1.72714324875702,5.14363736819407,1,2
"5159",-0.651600692008653,4.51862510378605,1,2
"5160",1.52862871429658,10.380301056731,1,2
"5161",2.01565251082281,12.7006057022207,1,2
"5162",2.24180763729643,5.58793993013944,1,2
"5163",1.13150368143244,14.078430394176,1,2
"5164",0.623690685550848,7.07280660920602,1,2
"5165",0.219371208010723,2.46383329515815,1,2
"5166",0.0010003510319665,1.91097559712953,1,2
"5167",1.61297306315422,3.82237340464719,1,2
"5168",5.95791397523548,0.090739621568706,1,2
"5169",0.294140211912657,3.57336993713786,1,2
"5170",-2.89100707746943,9.10595075951995,1,2
"5171",0.91829602990273,8.68110216004928,1,2
"5172",0.768323232643018,6.11750269061114,1,2
"5173",4.67988680119617,4.23131537060311,1,2
"5174",0.771949637151449,3.0247089694708,1,2
"5175",1.15298052986852,4.28168787913378,1,2
"5176",0.580923120402185,5.42427349783021,1,2
"5177",-1.47485198415033,3.98810176596175,1,2
"5178",0.28833969411355,8.25379622732191,1,2
"5179",1.96244727135087,5.90943081603493,1,2
"5180",1.10612976444604,8.20908115002797,1,2
"5181",3.96667438926185,2.92400931596579,1,2
"5182",0.804043862015325,9.64676730879138,1,2
"5183",0.220220521840083,7.48665301606135,1,2
"5184",-0.974069138781765,6.57308089215137,1,2
"5185",0.740337859645952,4.46454679229297,1,2
"5186",0.747539307558279,6.28703463769306,1,2
"5187",1.33554574644533,6.76046919904012,1,2
"5188",1.70938805867015,8.88990720293855,1,2
"5189",3.325459383976,-0.118725608072824,1,2
"5190",1.71511087036175,1.17234665651143,1,2
"5191",-1.26504743019362,10.2953563970167,1,2
"5192",2.0503258745283,5.12669799809843,1,2
"5193",0.688260883311297,1.4584484178358,1,2
"5194",2.72703961366514,9.15616178629069,1,2
"5195",2.4046918033488,5.91810049452918,1,2
"5196",2.9840719545041,5.81288497645151,1,2
"5197",0.539134857141711,0.404517728418429,1,2
"5198",4.19209348555182,1.74466776544944,1,2
"5199",2.34012981422716,5.34244766110684,1,2
"5200",2.43981377685421,6.08322628566846,1,2
"5201",0.22207392905073,-1.23319292331714,1,2
"5202",-0.534172009384881,4.48213806251763,1,2
"5203",-0.0694191285080661,-0.471355880185787,1,2
"5204",0.297605785859135,9.00699934067339,1,2
"5205",-0.581863889666575,8.82536772829013,1,2
"5206",-0.329137480362309,2.27047178226995,1,2
"5207",0.827431769470091,5.50296354971257,1,2
"5208",4.17917821110257,4.72638341328194,1,2
"5209",2.8619470956594,9.06587536991496,1,2
"5210",-0.0423097005168944,6.2085436868571,1,2
"5211",3.93802308696883,6.2635831445174,1,2
"5212",-1.3775347780523,8.07908256281143,1,2
"5213",4.401819465373,8.51725733500698,1,2
"5214",3.30195110408847,5.50506660427038,1,2
"5215",-0.838526955595858,4.57996690272507,1,2
"5216",-0.460300037158078,2.64771809247867,1,2
"5217",0.411308393354501,15.8378796944863,1,2
"5218",1.13527223870998,3.97660438159566,1,2
"5219",-1.14012893812509,3.47774455114214,1,2
"5220",5.01896240363709,6.58690573387471,1,2
"5221",3.79911667803905,2.3111103775334,1,2
"5222",1.66810518289017,8.17461920338526,1,2
"5223",2.66215867391856,-0.179137392957815,1,2
"5224",3.21349583006898,3.13050246778418,1,2
"5225",3.90559153661012,6.88538920792207,1,2
"5226",4.20790635903836,1.14277545126481,1,2
"5227",1.56398058554907,7.89654900632895,1,2
"5228",-0.21275810728725,10.4698160378614,1,2
"5229",3.35167438718649,6.71657628133215,1,2
"5230",2.0278537395728,6.85625276724397,1,2
"5231",4.4069635417589,5.07123020696564,1,2
"5232",-1.52396151800557,8.15478521569445,1,2
"5233",1.68871872583885,12.6037413201336,1,2
"5234",1.80786867637211,2.17514034623801,1,2
"5235",0.0538391844264503,14.1973995790828,1,2
"5236",-0.531677236361632,6.85022444917396,1,2
"5237",3.21912624316812,4.74783803462673,1,2
"5238",1.77790174990953,7.74240977343849,1,2
"5239",2.14907360361996,9.71325098672626,1,2
"5240",-0.0504139196509543,7.78472041702143,1,2
"5241",4.69992876058956,7.42083778951759,1,2
"5242",1.62161211784798,7.50294001384434,1,2
"5243",1.05359914905515,7.63508457782343,1,2
"5244",2.15723567635285,4.48132162404355,1,2
"5245",-0.433269196367344,7.93172130138983,1,2
"5246",-2.25095527905569,5.49122010659516,1,2
"5247",-1.32621671540263,9.2282707682338,1,2
"5248",1.28197371342682,8.61022436060247,1,2
"5249",1.83960351258544,11.5640707610987,1,2
"5250",2.96268168309326,11.9023029947898,1,2
"5251",3.61167942248961,8.07241804556222,1,2
"5252",1.27576197289491,2.08093668383548,1,2
"5253",0.924925084845323,13.613191491816,1,2
"5254",0.205743456685666,6.42461996648365,1,2
"5255",2.49334787713616,9.85250326503016,1,2
"5256",1.24653783072417,-1.32588283536168,1,2
"5257",-0.467388052296679,2.61331621321462,1,2
"5258",0.806337112659459,4.44115721114216,1,2
"5259",2.27357118943298,9.17715209186868,1,2
"5260",-0.207913102810857,1.88302097158601,1,2
"5261",-1.64239381796879,8.13174372515636,1,2
"5262",-0.520022390736629,9.99747627415637,1,2
"5263",2.8617583544892,6.63545638827151,1,2
"5264",3.69111867556107,11.6484606231626,1,2
"5265",-2.31809092654915,4.72662972663386,1,2
"5266",1.51773314867611,8.85347818982233,1,2
"5267",-1.44723087060565,7.60444603818479,1,2
"5268",-0.808578447201548,2.78014684593548,1,2
"5269",2.33904347374113,2.75245356828495,1,2
"5270",1.06490668531826,2.15909015164516,1,2
"5271",-0.0331825332198163,5.39648578599613,1,2
"5272",1.42206329900808,-1.51746973246795,1,2
"5273",0.997392263727956,5.1439824412994,1,2
"5274",2.72836704608837,1.85126513411559,1,2
"5275",0.401511880156679,3.66907668083244,1,2
"5276",1.3741052351576,3.71489918632778,1,2
"5277",-0.211405737424495,2.82321725664887,1,2
"5278",-0.577192446982248,0.344714166548442,1,2
"5279",2.33851719858976,9.22094027743347,1,2
"5280",4.67267021218056,8.45843621379911,1,2
"5281",2.15851495802976,6.01661827123216,1,2
"5282",1.24536298621987,-2.28997556141047,1,2
"5283",1.19874798272278,6.41127052530463,1,2
"5284",1.04508653207961,5.2843122782297,1,2
"5285",3.03831695719901,4.571350518021,1,2
"5286",4.25791397111086,7.22975879079059,1,2
"5287",1.11908175598177,3.82463395645573,1,2
"5288",0.700193430696073,13.0201867417996,1,2
"5289",1.86932727811567,14.5368921252054,1,2
"5290",-0.252141843207508,5.60729953051717,1,2
"5291",0.388117585633359,6.75295240069477,1,2
"5292",0.847394691805938,7.05226958140968,1,2
"5293",3.37680854817624,8.86910892971602,1,2
"5294",2.9097449245372,7.87444150132106,1,2
"5295",1.48692579720617,10.0997331106218,1,2
"5296",1.41036318932936,4.65552836983828,1,2
"5297",0.628265543196619,3.16304643000044,1,2
"5298",0.0573584120276789,3.20299463393696,1,2
"5299",-0.328760174433729,6.41092021332685,1,2
"5300",0.980303800588376,9.90745476547929,1,2
"5301",1.1532477985729,-0.442832739399424,1,2
"5302",1.39550899474062,7.97166725092282,1,2
"5303",-2.36225139030857,4.85905392265095,1,2
"5304",3.83775719776969,8.24264512416256,1,2
"5305",3.36536743716147,8.33227431377819,1,2
"5306",0.480383239574755,6.46682773271467,1,2
"5307",1.88595862229593,5.59942840648197,1,2
"5308",1.83534423592398,2.54448122899653,1,2
"5309",0.237342863484451,0.966846744403962,1,2
"5310",1.28522509278961,3.17436920268663,1,2
"5311",2.67263365554617,3.64732126195568,1,2
"5312",2.26311816137356,5.16536071402547,1,2
"5313",2.35434820594839,10.2342429454254,1,2
"5314",-2.41294836254051,5.28724830575065,1,2
"5315",1.81977158283332,12.7217864735815,1,2
"5316",3.10665417245233,7.29770787410655,1,2
"5317",2.04815129684407,8.3235137084258,1,2
"5318",4.29667933155527,3.17138798475168,1,2
"5319",2.9835524541147,1.62122595470279,1,2
"5320",0.604477649469695,8.33855502069464,1,2
"5321",4.91091879439684,6.77305025539035,1,2
"5322",1.06828233350993,7.46894314863775,1,2
"5323",3.10138414937648,1.48451447055705,1,2
"5324",-0.530773467396124,0.251743814294538,1,2
"5325",-0.689240275035733,7.4501439909821,1,2
"5326",0.651009732577327,7.54273899168237,1,2
"5327",0.135365840867426,6.39427593785485,1,2
"5328",2.85310454438114,8.06503756700127,1,2
"5329",0.37668491404582,1.3171944271992,1,2
"5330",4.87685427479442,3.7257678795337,1,2
"5331",-0.322845755413611,3.04871470709165,1,2
"5332",4.41029368565111,4.72791135981618,1,2
"5333",2.39209383354019,8.73681868932157,1,2
"5334",0.480311109798828,8.70530192138487,1,2
"5335",3.9046875825554,7.96523730301231,1,2
"5336",4.07403223866298,7.4270047887599,1,2
"5337",0.724210428870251,4.98660334657034,1,2
"5338",-1.60692828923752,3.3673616479732,1,2
"5339",3.80621821167789,4.54433267254879,1,2
"5340",0.885394225504312,7.2560268446051,1,2
"5341",2.00720250184683,1.10461155806202,1,2
"5342",5.04510985483441,5.93895261251711,1,2
"5343",3.45279923291359,2.50604559907908,1,2
"5344",0.251569457163082,10.9488751436167,1,2
"5345",0.851104987893743,12.5573810370789,1,2
"5346",2.77046879634826,14.2601800088039,1,2
"5347",1.03750216219449,11.9861647542388,1,2
"5348",1.42371462685099,10.5711332085529,1,2
"5349",1.84788341915619,6.35144214897901,1,2
"5350",1.81138311126781,6.54067186858727,1,2
"5351",1.40270467057591,5.35586080928116,1,2
"5352",2.68198691675446,-0.401810416587728,1,2
"5353",0.302918487189566,4.03026731053778,1,2
"5354",-3.27970080968938,0.762513644011527,1,2
"5355",0.13062185731451,14.1466045142581,1,2
"5356",0.961354159424555,10.3642256033786,1,2
"5357",-0.257789224731188,7.29489530401364,1,2
"5358",3.53644638586525,9.25218036243466,1,2
"5359",-3.16618629626951,4.25533309799576,1,2
"5360",2.08869825730102,6.79737862861234,1,2
"5361",-0.0624151264237933,3.059846496105,1,2
"5362",6.03366744983701,10.8804258656747,1,2
"5363",0.0709936715637729,5.95460711369891,1,2
"5364",1.3732642281639,5.64639984719736,1,2
"5365",4.12486227364098,1.07562678642374,1,2
"5366",-0.0436780998190482,3.49791958849094,1,2
"5367",1.65779844023957,8.05008147287023,1,2
"5368",0.33139427561007,9.71311424366027,1,2
"5369",1.36800814152978,9.00050042302257,1,2
"5370",3.33102670332948,3.37310487509796,1,2
"5371",3.64137895069764,10.1063817820192,1,2
"5372",2.80011012032796,8.50383408272779,1,2
"5373",2.30731718878645,14.8999037470258,1,2
"5374",2.82792306960243,9.64720238512552,1,2
"5375",0.684124745090448,4.28606595793724,1,2
"5376",-0.0718488572502602,9.5266881555764,1,2
"5377",0.49807671377682,6.07036658938339,1,2
"5378",-0.363883536225462,7.51915896458813,1,2
"5379",2.76958519283223,5.2616523838128,1,2
"5380",0.287268348521219,8.41463745330399,1,2
"5381",1.57756588248492,2.05024212944113,1,2
"5382",4.99302527806144,3.16856327137959,1,2
"5383",4.19731501817065,7.91393197838056,1,2
"5384",3.95494410385693,6.21958827158797,1,2
"5385",3.35347401581237,10.9940663342962,1,2
"5386",1.19616082952064,5.70463794287082,1,2
"5387",3.34376624117647,13.0306343955577,1,2
"5388",2.61611953535364,2.36525332781979,1,2
"5389",2.03244918819194,6.3240788336917,1,2
"5390",1.30473293642262,5.35953857982329,1,2
"5391",0.976783405435072,11.099002881393,1,2
"5392",0.738745597264382,9.99333611195211,1,2
"5393",1.46397076750385,3.11765116664523,1,2
"5394",2.30186148275077,9.22842986344127,1,2
"5395",-1.2332269731577,6.13807824589633,1,2
"5396",0.245322257447287,4.81954418408777,1,2
"5397",2.62197460635323,3.60065777170311,1,2
"5398",3.23757313188747,3.47996882656712,1,2
"5399",3.16473747318657,6.38228296231736,1,2
"5400",3.48555440512841,7.98135956390978,1,2
"5401",2.41788108504409,3.74675441660823,1,2
"5402",1.00373087116991,7.87850885460637,1,2
"5403",0.707096179428412,6.06178296449188,1,2
"5404",0.199597332275234,4.42563999946328,1,2
"5405",2.11561155624687,6.58601508342732,1,2
"5406",-1.15334893188371,7.4766524407081,1,2
"5407",-0.717898585202165,6.64429628202149,1,2
"5408",2.98624494138326,1.64399016430833,1,2
"5409",1.2851762415669,3.35332798652762,1,2
"5410",0.229676759782216,6.40199359550042,1,2
"5411",4.54923587316948,4.18782126841442,1,2
"5412",1.40731191372563,6.30198692022945,1,2
"5413",3.1823751079713,6.86508234112772,1,2
"5414",5.41367118951854,4.33501960704367,1,2
"5415",0.921754166717317,11.0385132330556,1,2
"5416",-1.56769448939823,6.16237586311393,1,2
"5417",3.58045474582464,4.12818704943148,1,2
"5418",-2.5456722065875,10.1329668326098,1,2
"5419",0.888283972725561,7.8439136800072,1,2
"5420",2.74631518592559,5.70847334026544,1,2
"5421",1.84335519009063,1.93529301886601,1,2
"5422",3.69599787398851,5.74189568755272,1,2
"5423",-1.28859424538197,2.51234217309845,1,2
"5424",1.16493850418306,2.6354577272351,1,2
"5425",2.60987822854704,7.34868916741712,1,2
"5426",2.7180700887948,16.0871281187211,1,2
"5427",-0.485013709828955,13.2319337926336,1,2
"5428",1.75039316666404,5.9643829701179,1,2
"5429",2.53454389292632,9.0278379233629,1,2
"5430",2.71007767493951,5.73206736494137,1,2
"5431",1.09251043124907,8.67797494389248,1,2
"5432",0.790901409873927,7.92783950663481,1,2
"5433",4.0288276118421,8.28380360625142,1,2
"5434",0.303440382613043,6.20789245788755,1,2
"5435",-0.59586848582701,2.06265350937576,1,2
"5436",-1.6270756812438,9.76661862900622,1,2
"5437",1.82399517362921,7.84490517772133,1,2
"5438",0.722059106302076,2.73904497525666,1,2
"5439",3.05081332540831,6.73855296423999,1,2
"5440",3.10228017353993,6.87067618424532,1,2
"5441",1.81337534049288,6.46910141643457,1,2
"5442",2.96946130940846,3.11375428546236,1,2
"5443",1.23586029336332,1.07272152526344,1,2
"5444",1.73404866573394,8.84275789048347,1,2
"5445",1.52738902108934,9.60424297058252,1,2
"5446",-2.240621889647,6.60135826731822,1,2
"5447",1.95004220182792,4.05117100262957,1,2
"5448",1.68031056860426,-0.652730641546579,1,2
"5449",3.03745910597594,5.69990379932643,1,2
"5450",1.20198878356881,2.37356189785562,1,2
"5451",2.40494618103054,8.45090793443769,1,2
"5452",0.165441802154265,3.27288531442511,1,2
"5453",0.422660801552604,4.69013880248606,1,2
"5454",1.53232596051471,8.19295736389622,1,2
"5455",1.92191373021268,-0.42584504384155,1,2
"5456",3.89704387263408,5.1519140998226,1,2
"5457",0.165231651249409,7.11465348958342,1,2
"5458",1.047204119418,9.69589233959839,1,2
"5459",2.31814488749114,5.81298254544761,1,2
"5460",0.210735134340425,12.3488754892602,1,2
"5461",1.24736467011937,3.79126318725635,1,2
"5462",3.4409790371577,6.65378015169122,1,2
"5463",1.17690833676359,7.77117389247616,1,2
"5464",1.59558855580562,6.19993019766382,1,2
"5465",0.985889078089613,3.01998875265346,1,2
"5466",1.34193102658596,3.16892401640007,1,2
"5467",4.32205285551977,14.160775368952,1,2
"5468",0.960481288970709,2.57379088207772,1,2
"5469",5.72226605421862,8.1269553449963,1,2
"5470",2.42196428318511,8.10093612187285,1,2
"5471",1.82086836299935,6.39371504737665,1,2
"5472",1.74058105938841,-0.334910591275428,1,2
"5473",2.59394883012474,2.69235004156303,1,2
"5474",-1.033297842629,-0.965468764216069,1,2
"5475",4.1482270554944,4.92294021466818,1,2
"5476",1.33083919820224,8.10625680387372,1,2
"5477",0.77332468005487,7.20651261130032,1,2
"5478",1.73490868777453,6.6779487226984,1,2
"5479",0.0304300772633246,6.4260267566289,1,2
"5480",1.71647255940229,3.86411391125237,1,2
"5481",2.01102273695786,4.4772354617471,1,2
"5482",4.70847573173134,5.15801741594573,1,2
"5483",1.3851005846052,4.28081171782487,1,2
"5484",-0.330691913791802,5.25029249662907,1,2
"5485",0.619541266899136,7.23601600913237,1,2
"5486",0.300708285621534,10.718301569614,1,2
"5487",1.9107144978304,11.1392219776318,1,2
"5488",1.54288439953698,4.0329095903725,1,2
"5489",1.66606240993712,0.073276333956775,1,2
"5490",4.67577549327955,8.31518103517339,1,2
"5491",0.701954101059577,7.92064762768805,1,2
"5492",1.82902553912743,6.73675278966669,1,2
"5493",0.104024931035737,5.93358264549447,1,2
"5494",5.68203378685191,8.34125045415196,1,2
"5495",3.80564662774892,4.96889785280859,1,2
"5496",3.91011119060721,4.82470864383897,1,2
"5497",-2.06901553283806,6.6578012997625,1,2
"5498",0.970955196135042,5.11234220337006,1,2
"5499",1.86892471731691,6.11448330560798,1,2
"5500",-0.230112040176746,10.0310277246454,1,2
"5501",-1.55848854115963,2.90627599884245,1,2
"5502",0.990672204381385,1.13058601043019,1,2
"5503",1.66655693814888,5.57501149258206,1,2
"5504",-1.39673477646706,6.86354505026517,1,2
"5505",0.16740695200185,3.30332101872565,1,2
"5506",2.21071722386718,9.29713854920572,1,2
"5507",5.08995050744395,4.36167996977692,1,2
"5508",0.417649095223152,7.41130578969027,1,2
"5509",5.45352927873288,9.39722835312208,1,2
"5510",1.64996247958686,15.0898035595131,1,2
"5511",-1.18140684784058,6.27419190499021,1,2
"5512",2.38176123060005,-4.28015429799699,1,2
"5513",-1.29911837994211,7.1678410669537,1,2
"5514",2.10906799175129,3.68126551302026,1,2
"5515",5.61398522459908,6.90537709104319,1,2
"5516",-0.38198886120258,5.39292596466132,1,2
"5517",0.0743457588100123,7.28247070957932,1,2
"5518",0.934094573213214,11.0981990197281,1,2
"5519",2.91437775031076,9.55629223785103,1,2
"5520",1.03692191247795,0.108301575945953,1,2
"5521",3.57840552875424,6.24630408518924,1,2
"5522",0.920361109850265,3.49595548829938,1,2
"5523",2.87648165887837,2.78198671070851,1,2
"5524",2.81176635224676,7.03658187676898,1,2
"5525",-0.0143488712404329,8.38529163225849,1,2
"5526",1.77499939381108,11.7292727386094,1,2
"5527",1.55232303757323,5.50210236783011,1,2
"5528",2.87925433216204,6.24473330267966,1,2
"5529",-0.929619890602275,2.81983627699281,1,2
"5530",2.35110428295812,6.65903528816514,1,2
"5531",2.07249396749463,0.810652262094781,1,2
"5532",0.33984741290054,3.25874026176068,1,2
"5533",2.69174615266825,11.4687180981672,1,2
"5534",3.55392116925921,1.09213340287944,1,2
"5535",-2.20185887269486,7.6782118268441,1,2
"5536",0.673048861179149,5.96088681311204,1,2
"5537",1.42841539300754,4.45411670721262,1,2
"5538",0.0680740432790656,4.50274023557508,1,2
"5539",1.80201218129872,6.78769550060413,1,2
"5540",4.47023586828728,3.29095614389295,1,2
"5541",2.53701998612214,5.34098480870855,1,2
"5542",0.229126901024665,0.138264230546579,1,2
"5543",1.26292772259541,9.96906002282014,1,2
"5544",1.37561750218734,1.7804269217541,1,2
"5545",0.645256005781945,10.0643453167459,1,2
"5546",3.01719286394964,12.0100104173639,1,2
"5547",3.32654962902411,1.84703971589491,1,2
"5548",1.09867291880581,11.5424535757609,1,2
"5549",0.845993457048287,5.6129359929084,1,2
"5550",3.10076547668855,10.6714536814942,1,2
"5551",2.94243954519236,9.1277859505286,1,2
"5552",1.53654817976511,0.185731396790984,1,2
"5553",3.35782261892857,2.85107286455412,1,2
"5554",0.448629837233821,7.11144098989969,1,2
"5555",1.80617534959892,6.3304829203708,1,2
"5556",-0.37082039470534,8.72348051119851,1,2
"5557",1.46169253787713,7.62635634513847,1,2
"5558",3.614436052873,7.35333586365945,1,2
"5559",0.795125590838179,8.47490639891013,1,2
"5560",2.84145111843329,2.06044986469269,1,2
"5561",4.99414912503362,0.245852590276673,1,2
"5562",0.741168947175059,4.92284958512062,1,2
"5563",0.748879236353769,5.99496763721027,1,2
"5564",2.78619160447606,0.942282222331187,1,2
"5565",2.47896022448246,6.92583332640619,1,2
"5566",0.650759321884937,1.89241485245286,1,2
"5567",-0.0158099901758271,8.89693583430585,1,2
"5568",3.24289956832442,13.3666272299394,1,2
"5569",1.05312458582487,4.20834665041062,1,2
"5570",0.635690587657504,6.66287632396798,1,2
"5571",3.49459090835392,4.67002941235286,1,2
"5572",0.168664898142058,8.71139801603399,1,2
"5573",2.36521260023865,6.06112478872802,1,2
"5574",2.19709742516765,-0.121478629577771,1,2
"5575",0.769316446266023,6.90055157254114,1,2
"5576",0.685661889916238,3.06483968538764,1,2
"5577",1.03767557988865,6.86554656098917,1,2
"5578",2.73718731244041,2.10703042495975,1,2
"5579",0.338773575136845,9.86433597913576,1,2
"5580",-0.147400515741432,0.797269699397947,1,2
"5581",2.04727786559727,10.0016324945299,1,2
"5582",3.70323170394543,7.53848561305388,1,2
"5583",3.68962679498447,12.2599099892609,1,2
"5584",1.02919613873484,7.15290889533903,1,2
"5585",1.88124115893764,3.87244460293019,1,2
"5586",1.53630927071287,5.69913927628889,1,2
"5587",0.265365856649616,5.80368469991817,1,2
"5588",1.74307578435951,8.66337658269027,1,2
"5589",-0.721544359657945,7.93252028458896,1,2
"5590",3.16603212818554,0.391688968877872,1,2
"5591",1.13491986512611,6.07068082531792,1,2
"5592",-1.03978902984846,2.33989038146785,1,2
"5593",2.85129083728935,2.71838722209636,1,2
"5594",1.92892805401405,8.8145341289667,1,2
"5595",1.30099265586784,7.44605297148831,1,2
"5596",-0.465900403407183,10.2574893631011,1,2
"5597",1.22959160673041,5.144025528186,1,2
"5598",3.18673285780866,8.21751792497669,1,2
"5599",-1.53197857352639,11.6539717112437,1,2
"5600",0.719832539297298,7.31922613628827,1,2
"5601",2.49182681723834,2.05591385280007,1,2
"5602",1.91557707512282,5.7593544166414,1,2
"5603",1.3427304480181,8.97885810673247,1,2
"5604",0.804800244367259,6.38222284564328,1,2
"5605",-1.70782400621349,8.5972824660235,1,2
"5606",-0.993656838431941,7.59527205909077,1,2
"5607",1.11938432795479,8.53740314072019,1,2
"5608",1.00707577594945,1.15817246109017,1,2
"5609",1.76053593154859,7.19480122687638,1,2
"5610",2.77884678371045,4.26399235624942,1,2
"5611",1.98999522485045,10.1943013452475,1,2
"5612",0.648775429601532,4.19938012503096,1,2
"5613",3.71063838015924,13.486540804613,1,2
"5614",4.21974633588446,13.4442904068346,1,2
"5615",0.507595574244252,0.630452307302751,1,2
"5616",1.09614648721758,6.00123507424609,1,2
"5617",-1.74317965198371,7.39879435545265,1,2
"5618",2.24093553624886,8.51617603449845,1,2
"5619",-2.15805218193174,4.08895930559689,1,2
"5620",0.868839302964309,2.87130631965988,1,2
"5621",-1.1046698949725,4.49475866902786,1,2
"5622",2.50661429229018,-4.15120875813057,1,2
"5623",0.0146836028918622,9.10047248092998,1,2
"5624",5.14441369932577,8.62541145802248,1,2
"5625",5.08856457792202,9.91198601347438,1,2
"5626",0.173440386301561,7.68112570738805,1,2
"5627",0.590569187005976,7.32123404075755,1,2
"5628",2.44631971064716,0.447159530472587,1,2
"5629",-0.0973071320851744,6.72523279995822,1,2
"5630",-0.959729500710268,6.77642701692145,1,2
"5631",2.00086473211166,-1.93716469853124,1,2
"5632",0.166599565016704,1.25278825143598,1,2
"5633",3.09689204957448,4.20640720703751,1,2
"5634",1.4222300041362,6.53403938000467,1,2
"5635",1.83228683854454,8.54035795892055,1,2
"5636",3.82445456774731,4.56402191051296,1,2
"5637",-1.55608257879303,12.7242182752505,1,2
"5638",1.55317175061308,6.50108744307683,1,2
"5639",1.49760909332345,5.35547523199917,1,2
"5640",-0.321655160249735,4.24891233699648,1,2
"5641",1.87370911557244,0.631863364761319,1,2
"5642",-0.301531470989419,2.66921801331977,1,2
"5643",2.76516499456241,8.7134730627099,1,2
"5644",-0.023286134670838,5.54001789480207,1,2
"5645",0.790321977053748,11.2075998056028,1,2
"5646",4.0510126792301,10.1902038741524,1,2
"5647",1.6661231006377,2.96758270994822,1,2
"5648",0.450320637498621,5.31899501570876,1,2
"5649",2.9623188879056,2.93987224200148,1,2
"5650",-0.203292268885992,0.414696278595826,1,2
"5651",1.95052682092033,2.75036221605247,1,2
"5652",2.48195945683117,4.31749906121809,1,2
"5653",2.61006855837245,6.92468667338907,1,2
"5654",2.22697903256211,4.87471401533406,1,2
"5655",1.19221125013481,0.849332113653527,1,2
"5656",2.51972398705771,2.95636414138673,1,2
"5657",2.30259886318341,5.67605893577884,1,2
"5658",2.01263212504023,2.2059264159418,1,2
"5659",4.33763607031402,8.1307711649184,1,2
"5660",0.626095157999364,5.47997330874777,1,2
"5661",-0.183719221380983,7.40404986075335,1,2
"5662",-0.482472943513941,2.79466555893008,1,2
"5663",4.10281683876069,12.2403790810579,1,2
"5664",-0.485014435280775,5.84094457389583,1,2
"5665",1.9611829704532,3.87432268609181,1,2
"5666",3.07779608470679,5.81142509096112,1,2
"5667",1.77270339825422,11.9171257234845,1,2
"5668",-0.816327919981787,4.0695160904994,1,2
"5669",2.42025274117279,3.42861708987273,1,2
"5670",2.92127357063726,7.87567884752744,1,2
"5671",-0.410208604606585,7.38765552544881,1,2
"5672",5.60147786997483,5.06681162979013,1,2
"5673",2.89259934208438,8.75838049467458,1,2
"5674",1.76416050259979,-0.333066023526923,1,2
"5675",3.61819855044042,4.84134999514655,1,2
"5676",0.407058988569099,6.06541266233392,1,2
"5677",-1.34289740973942,-1.90257972476654,1,2
"5678",5.45509683880508,8.811992309609,1,2
"5679",-0.893788833946809,9.84775607671792,1,2
"5680",0.314801913735702,1.60413570860863,1,2
"5681",1.94115729846839,5.02598546634279,1,2
"5682",0.228374131962509,2.10563348458424,1,2
"5683",2.63690531953624,3.94703490974795,1,2
"5684",-0.0796917978794323,10.5092801459658,1,2
"5685",-1.44850160425488,4.24445657350945,1,2
"5686",4.5335444773422,5.18482521161624,1,2
"5687",1.25823573200256,-0.766680465316552,1,2
"5688",-0.143200660972944,3.18813584682557,1,2
"5689",4.33914706458259,7.11115091798761,1,2
"5690",1.10177627578965,7.19650882391096,1,2
"5691",-1.55020009124225,7.75155930922407,1,2
"5692",1.64905900885242,5.01479688145235,1,2
"5693",-0.483511737116425,6.40746125555857,1,2
"5694",3.0646405073572,7.6762891269347,1,2
"5695",0.251544567133898,7.65545935717969,1,2
"5696",4.14702306062839,4.07476720745251,1,2
"5697",2.58598129061506,5.70175284473322,1,2
"5698",-0.817682239496592,9.45396132602471,1,2
"5699",-0.822677936500593,5.97035039570241,1,2
"5700",1.13886103002689,2.75809606499779,1,2
"5701",2.1231905328027,7.19940077256723,1,2
"5702",1.15522628521237,2.81230887154772,1,2
"5703",3.69913060074101,2.49048774315949,1,2
"5704",-0.0763511797753746,7.30024993751142,1,2
"5705",3.49694952716472,9.9570181584552,1,2
"5706",-0.0815411123743595,9.60041444333025,1,2
"5707",0.461971052124961,5.67242272852234,1,2
"5708",2.28116486083786,4.07022318073587,1,2
"5709",0.197718501774838,5.81611070993554,1,2
"5710",3.7285998548267,4.06672942126523,1,2
"5711",2.67936696810335,1.58139356999683,1,2
"5712",-0.67051986193308,6.17313737727686,1,2
"5713",1.19366127539141,3.61549013730836,1,2
"5714",4.50114257220658,4.96927637608296,1,2
"5715",0.833891488445006,6.98713952686799,1,2
"5716",2.4282946045725,0.0793443577333486,1,2
"5717",1.21096013448205,5.87198771242579,1,2
"5718",1.10991143022377,-0.356725249323107,1,2
"5719",1.61726551011925,6.77620717847254,1,2
"5720",-1.18545267385867,3.32600733779555,1,2
"5721",3.78601779967807,8.93545322028262,1,2
"5722",3.9405600762021,15.1028873991626,1,2
"5723",2.64123261695913,7.67913404141202,1,2
"5724",1.42739038059512,1.74616479808523,1,2
"5725",5.63763183383891,5.91364401576213,1,2
"5726",1.01926288404754,5.6427492190681,1,2
"5727",3.32148353899439,-1.43398113658163,1,2
"5728",0.188830320611771,3.29723962612641,1,2
"5729",1.54787719339655,2.87704105932808,1,2
"5730",0.479232405743873,11.6916228625462,1,2
"5731",4.00235372669098,2.15861910798058,1,2
"5732",3.13672928259201,3.34978479315196,1,2
"5733",2.26633354598623,5.08546305691199,1,2
"5734",-1.28358962865356,4.00187234298847,1,2
"5735",3.5192358065684,4.85775490962501,1,2
"5736",1.48721885486164,11.2258419584537,1,2
"5737",3.30974714821048,6.54381675118206,1,2
"5738",4.08303037297205,5.12069720921878,1,2
"5739",2.58845108661483,3.35559167612433,1,2
"5740",1.24548000798451,4.32026085773548,1,2
"5741",-0.282237250156318,5.01596287184446,1,2
"5742",3.28093280928531,12.057451798212,1,2
"5743",3.27945724473996,10.097151152249,1,2
"5744",4.89142955925244,1.58356980608681,1,2
"5745",1.87543805665477,-2.87532725185744,1,2
"5746",4.0026764076132,0.268926922657425,1,2
"5747",2.57895507509944,5.8502731402235,1,2
"5748",-0.886272253514491,5.18778999210947,1,2
"5749",-1.85234826703712,13.0600170286887,1,2
"5750",1.31216139769325,12.1796597728244,1,2
"5751",1.44902116504406,7.25295422725314,1,2
"5752",2.91973352139342,6.12949779184675,1,2
"5753",1.97325442420083,5.6935762338338,1,2
"5754",0.113373594477427,6.88438549160454,1,2
"5755",-0.0526901828912911,1.90208943872422,1,2
"5756",0.327760263480363,7.00202503533648,1,2
"5757",0.914557536130243,7.04762311080199,1,2
"5758",2.06443634835855,8.82293657192541,1,2
"5759",2.43183090149628,8.32755919661543,1,2
"5760",3.11006593152203,5.6245753579354,1,2
"5761",2.27267599457206,7.53147091574891,1,2
"5762",1.68788510670081,15.5451443444149,1,2
"5763",-0.896427890292427,3.41641500080486,1,2
"5764",-0.505180603599941,12.6180245959222,1,2
"5765",0.287894063454047,12.0984580421014,1,2
"5766",1.16124511151416,5.8822708565615,1,2
"5767",3.86319334222631,10.6646053077875,1,2
"5768",0.606389631412935,4.27460250944864,1,2
"5769",5.94746169800627,1.85862228349436,1,2
"5770",3.91261646652492,2.65392652154699,1,2
"5771",-1.34929518093465,6.49259983963115,1,2
"5772",4.39941905715185,3.99654799544751,1,2
"5773",2.90049060114994,2.58445545896101,1,2
"5774",3.81167048767061,4.35749437100374,1,2
"5775",-1.48471180420507,6.57591415005866,1,2
"5776",1.88614198114369,2.11811383464834,1,2
"5777",2.39822558804504,6.11265824797586,1,2
"5778",3.74308085232935,4.06522097794852,1,2
"5779",-1.17888004689073,6.690934650464,1,2
"5780",5.41577941884376,6.22020518625689,1,2
"5781",1.6764471041959,4.23585761901623,1,2
"5782",1.28045128873857,6.82125368858042,1,2
"5783",0.858112668048873,-2.08386671525714,1,2
"5784",3.95412808448961,-0.387937177319875,1,2
"5785",2.47890393892715,5.45219731936659,1,2
"5786",0.681429035281207,4.83351797822835,1,2
"5787",1.72020407408957,0.170737075799266,1,2
"5788",-2.37613525428979,5.76189686556943,1,2
"5789",0.128404164186386,0.573612566931041,1,2
"5790",0.589361727158038,11.0091925921564,1,2
"5791",1.23195537841391,3.577669515655,1,2
"5792",4.24220961915027,4.72683273038976,1,2
"5793",1.9821865488441,9.82834033741904,1,2
"5794",-0.626867463793968,12.0081794512298,1,2
"5795",1.41729748622095,8.17989847708188,1,2
"5796",-1.4148859262827,7.12780857625818,1,2
"5797",2.91030804118118,8.89777790641333,1,2
"5798",1.63910136325898,8.89457486459787,1,2
"5799",4.56779696500863,3.37312762727496,1,2
"5800",1.84182428266796,4.24467746323414,1,2
"5801",-1.72659885646546,6.76919309878752,1,2
"5802",1.18154117541719,2.8703498192074,1,2
"5803",2.58272444795381,12.374368302426,1,2
"5804",1.50481916879181,10.9962569391908,1,2
"5805",1.72135978447438,8.45896383528952,1,2
"5806",-0.917866093316492,2.19786387391688,1,2
"5807",3.19696787631327,7.69589194307984,1,2
"5808",-1.29717671874745,11.1736359670046,1,2
"5809",2.9026888045696,4.98807163536857,1,2
"5810",-0.856061201096571,7.10733812496466,1,2
"5811",2.03623300753833,8.77901148995647,1,2
"5812",0.429685483107654,7.35801788814731,1,2
"5813",1.65741073549588,10.2833195895956,1,2
"5814",1.20840181872648,4.74675151696644,1,2
"5815",1.63134863977776,3.85123472906905,1,2
"5816",3.90812279809866,8.80235457142758,1,2
"5817",0.324395038439709,8.86179844317117,1,2
"5818",3.22819643343375,3.35876595430446,1,2
"5819",1.33608230820771,2.37346325417711,1,2
"5820",-0.00766454341313283,4.82124534136917,1,2
"5821",0.824670198409304,4.3715400905204,1,2
"5822",0.548068558601864,7.80917271193142,1,2
"5823",1.4350948681861,1.54585569584295,1,2
"5824",-2.09721016887914,4.71502117466254,1,2
"5825",-0.241309775990014,10.1846343384079,1,2
"5826",3.22735821994109,8.77947437116518,1,2
"5827",-0.0826520945975175,11.7585869361029,1,2
"5828",2.00907724751015,5.33619400752865,1,2
"5829",0.755863378189081,-0.39816140067826,1,2
"5830",1.90209395835616,5.07996103951112,1,2
"5831",-0.220698674677087,5.44620936580333,1,2
"5832",3.81350035088401,10.568664589726,1,2
"5833",-0.702457166828289,8.60389956635955,1,2
"5834",-1.45567122199401,8.37221902789445,1,2
"5835",2.55935067252785,5.61973706220985,1,2
"5836",-2.10512120045665,3.48104596716925,1,2
"5837",1.73223637546978,5.57287083090155,1,2
"5838",-3.2426514566536,5.95478413097174,1,2
"5839",-3.49521226202208,13.4375602054916,1,2
"5840",0.688227770020655,11.3920772985108,1,2
"5841",2.05340878184818,3.34323056973525,1,2
"5842",-0.589905072050463,4.93756922078501,1,2
"5843",1.3012297432627,7.13886240759123,1,2
"5844",0.103250336528697,14.9410199441265,1,2
"5845",0.237067234027348,3.04170335566944,1,2
"5846",1.0483912504893,5.76196253161875,1,2
"5847",-0.78135513740481,8.92941558581764,1,2
"5848",-0.0386262560973345,4.93110864635668,1,2
"5849",-0.146520742426634,7.79702080195112,1,2
"5850",-1.95138997411235,6.18539631725882,1,2
"5851",0.910731788648764,12.7671678666114,1,2
"5852",4.0403077358204,4.97666338166043,1,2
"5853",-0.148094317100621,5.49402512091603,1,2
"5854",2.19516740009858,10.2837182458929,1,2
"5855",0.195793007354617,4.99314235815295,1,2
"5856",0.802578209066979,4.32131220509464,1,2
"5857",2.64184266196663,-5.16796520519477,1,2
"5858",-1.12849492205545,5.42661336843131,1,2
"5859",-0.188520473028079,6.94060904182797,1,2
"5860",1.23449352865976,8.37804677653141,1,2
"5861",2.61378015435082,3.58510889731363,1,2
"5862",0.901014729075743,7.1400747046313,1,2
"5863",0.26115326290328,7.73681614587245,1,2
"5864",1.04375550037574,4.37816018975564,1,2
"5865",1.16800752703808,-0.399680857378097,1,2
"5866",0.579890663092969,9.58335225403771,1,2
"5867",3.29207945727774,-0.0374764346405714,1,2
"5868",0.592362187312295,5.20071414398948,1,2
"5869",2.43423301991085,5.32229385264206,1,2
"5870",3.68949686684557,6.75183525066142,1,2
"5871",3.62186443468169,7.269593913916,1,2
"5872",1.08780617489514,8.28242576863082,1,2
"5873",0.120853602470214,7.33715899571714,1,2
"5874",0.228059892820971,-0.385454974118173,1,2
"5875",1.7559975639491,9.43091034704132,1,2
"5876",2.54685839117374,5.03961109765253,1,2
"5877",1.07008644139352,8.78793965097854,1,2
"5878",2.50790721453986,8.69108249371065,1,2
"5879",4.03458692348078,7.4549949974453,1,2
"5880",-1.11919566645168,9.28305101687708,1,2
"5881",1.74874432555444,7.10110823048887,1,2
"5882",2.79004100698154,9.08891853427637,1,2
"5883",2.35886093742524,10.4712915796527,1,2
"5884",3.82484440124104,6.88918610289103,1,2
"5885",1.96253491654748,12.0151155723308,1,2
"5886",0.776367555611887,6.8203997671351,1,2
"5887",2.66629907498156,2.4414197827795,1,2
"5888",2.40664364793855,8.94916495212645,1,2
"5889",1.4302206032838,6.14014860755297,1,2
"5890",3.52756133902013,4.91762010368389,1,2
"5891",-1.05577263874555,11.2241822793855,1,2
"5892",2.93759526555612,6.24992323606647,1,2
"5893",0.553510241150933,7.93714183555643,1,2
"5894",4.55238995825687,0.793838854061713,1,2
"5895",-1.28657236743019,3.83790457315878,1,2
"5896",1.88267221445028,1.51663446962849,1,2
"5897",2.75243769267221,9.0249698428646,1,2
"5898",0.472283851703222,8.41764706038978,1,2
"5899",1.77635778415618,9.90587450750001,1,2
"5900",2.76564313458601,8.76242538382963,1,2
"5901",0.403104593981142,4.95583601589109,1,2
"5902",-1.67688442658791,6.31362641836218,1,2
"5903",1.27672301998191,0.718478838486044,1,2
"5904",2.03603410202139,3.75974220138937,1,2
"5905",-0.484474509501673,2.46579631773812,1,2
"5906",-1.94639400150783,5.13139023040305,1,2
"5907",1.67185487022343,6.54469545094699,1,2
"5908",2.28647260316308,6.93761264314415,1,2
"5909",2.80391972065767,7.00406878866957,1,2
"5910",-0.706315689395117,6.52116145580109,1,2
"5911",1.03799974184035,7.68619864012919,1,2
"5912",0.306983731709653,5.50409059428053,1,2
"5913",1.59589186504014,8.9421739693571,1,2
"5914",0.169664162341508,2.10731672301347,1,2
"5915",0.744280913796203,7.25522933078395,1,2
"5916",2.18939248298683,13.8901884464699,1,2
"5917",-0.982783852034976,12.096148161981,1,2
"5918",2.16662213088055,-3.36922802095268,1,2
"5919",3.27611158505443,10.0435230030912,1,2
"5920",1.49031390858516,0.536790716627737,1,2
"5921",0.908016798458683,11.5556514829155,1,2
"5922",1.07732922068718,8.93042363669209,1,2
"5923",2.97993505523802,8.44578920709473,1,2
"5924",6.20247482796788,8.28913835681017,1,2
"5925",0.186088893435702,11.6871898492835,1,2
"5926",0.795155439530451,1.09034052785754,1,2
"5927",0.290804296198438,4.33715315682494,1,2
"5928",2.25793180448806,9.72962326255143,1,2
"5929",-2.38919039438014,5.20555003167337,1,2
"5930",2.09046677091941,5.21129722191211,1,2
"5931",2.55867443108293,7.3527248504926,1,2
"5932",0.102485846004619,2.267168514164,1,2
"5933",0.649005304228573,7.01046931691998,1,2
"5934",-2.41366353050814,1.73286887602386,1,2
"5935",3.29254733459645,12.0524046638863,1,2
"5936",2.05232920694098,11.8221885565071,1,2
"5937",-1.94806434487125,5.04439439920012,1,2
"5938",2.1610622870817,2.26593301446057,1,2
"5939",3.47438531494456,8.71716949674778,1,2
"5940",3.81930147572536,3.41637009786378,1,2
"5941",0.571645697171445,10.8899889822918,1,2
"5942",-0.664736577381807,10.7736340842164,1,2
"5943",1.68385656905402,13.4143257492493,1,2
"5944",5.64687146085631,7.65415856210303,1,2
"5945",0.734059353189837,2.10658002861828,1,2
"5946",3.72215783904335,13.2656808165684,1,2
"5947",2.7921504792942,8.31235387936158,1,2
"5948",0.773220030532331,0.221432874270279,1,2
"5949",-0.244701105715467,2.32945713128994,1,2
"5950",1.20631512754298,7.54947686237411,1,2
"5951",1.11945025132357,8.49054826665911,1,2
"5952",3.77382230968641,7.87764808703148,1,2
"5953",2.45301096639328,11.8932249469486,1,2
"5954",3.2531837381485,2.78147064973337,1,2
"5955",-0.144332153847345,1.27718408372522,1,2
"5956",-0.386625963301416,5.5441165173663,1,2
"5957",3.62760526589196,8.08965055308113,1,2
"5958",0.691921107505907,5.28372035382125,1,2
"5959",0.0676188189908711,5.60391569996753,1,2
"5960",4.452376888922,-0.230361776782729,1,2
"5961",2.265371514105,6.29666667828274,1,2
"5962",2.25214933255181,12.0075141130029,1,2
"5963",2.51407078247827,6.26251094679449,1,2
"5964",1.65197749185544,7.27737385733773,1,2
"5965",1.96877860069651,9.61100205785281,1,2
"5966",3.84388789949927,-1.89253276878478,1,2
"5967",2.1266478409975,4.2231413015376,1,2
"5968",3.11537624660533,2.38564745903117,1,2
"5969",-1.54800632680161,9.27115213513512,1,2
"5970",1.6001844165801,5.03584325832583,1,2
"5971",2.48724335057265,6.75534463051244,1,2
"5972",0.746893406110109,8.24255620265538,1,2
"5973",-0.80830533764236,2.31434981781314,1,2
"5974",0.509166101249213,9.80842032568632,1,2
"5975",0.292407418912196,4.1007106364968,1,2
"5976",-0.0572633643812377,2.70091531964396,1,2
"5977",-0.315909523451444,6.43083382854028,1,2
"5978",1.5884774165111,5.86766900409228,1,2
"5979",1.81828242034189,-1.55072754891295,1,2
"5980",0.55376826445331,5.97245961593392,1,2
"5981",0.618858764766693,9.83636710549398,1,2
"5982",1.37637245973194,4.6959154499966,1,2
"5983",1.31128544199704,4.20494697039206,1,2
"5984",0.142879199871826,13.200766050298,1,2
"5985",-0.207226942190778,3.70081647939105,1,2
"5986",0.2497504645506,12.8781257712129,1,2
"5987",1.00772814520246,5.31368471979618,1,2
"5988",3.23130894633387,2.98891152469078,1,2
"5989",2.08937618228889,7.70950472855875,1,2
"5990",3.89533295093265,9.79341038369966,1,2
"5991",-3.32995127929741,4.78961665473469,1,2
"5992",0.910660801807175,1.63412967293399,1,2
"5993",2.91130047903097,6.49190317075383,1,2
"5994",3.06092636581549,6.00447550528075,1,2
"5995",3.9257367742823,11.9043334828681,1,2
"5996",-1.48805979150343,-0.589738925084701,1,2
"5997",1.2607212412906,5.71662729321402,1,2
"5998",-0.167420303786516,2.24565853360919,1,2
"5999",2.908822485702,11.8526637156293,1,2
"6000",-0.788885049515915,-1.49677636571117,1,2
