"X1","X2","component","subcomponent"
"5001",17.3707761375431,24.8506867180402,4,4
"5002",21.3491225414992,18.7799782142811,4,4
"5003",19.5324885679365,23.0828853547311,4,4
"5004",19.1612546511067,18.6883440012611,4,4
"5005",20.8373927985383,22.2649616762023,4,4
"5006",22.6920214864926,22.4798161804814,4,4
"5007",20.149427674575,17.0326496790188,4,4
"5008",21.3048127649216,17.1500645966914,4,4
"5009",16.4703165018499,24.8468473033636,4,4
"5010",20.5982675259619,17.917060633037,4,4
"5011",22.7682301546678,19.2322743832693,4,4
"5012",20.0052019956606,24.588504538628,4,4
"5013",19.3858938688446,18.7202924990729,4,4
"5014",22.4151042707352,16.6977330794919,4,4
"5015",19.0376468504799,22.3826499328484,4,4
"5016",17.7918396100075,23.4744439537384,4,4
"5017",18.8066945879986,25.510219208502,4,4
"5018",18.9830818914937,23.6069829812541,4,4
"5019",16.5792629306147,30.8158755013813,4,4
"5020",18.0766875418332,24.5011178915688,4,4
"5021",18.0431651157047,23.8393116421517,4,4
"5022",22.3830536882544,20.3626577708727,4,4
"5023",22.2531794223846,17.5956287776659,4,4
"5024",22.9331007803512,15.0323238843518,4,4
"5025",16.3384184023232,29.7385449392051,4,4
"5026",22.0066227360966,18.2692721096206,4,4
"5027",20.9813559758973,17.5261072318424,4,4
"5028",23.5734126750328,20.6524098385642,4,4
"5029",21.2760450864681,23.2614079947839,4,4
"5030",18.0446513130282,20.533252654708,4,4
"5031",19.5440660451,25.6954600178418,4,4
"5032",20.567532877069,18.7059033877035,4,4
"5033",17.9366389493205,27.629979926044,4,4
"5034",22.4012186239178,20.9715749510128,4,4
"5035",21.7306888240215,16.6079592381818,4,4
"5036",18.8619164555678,25.9220390341026,4,4
"5037",17.7141330989529,23.3662254223301,4,4
"5038",20.2346013015557,18.0660925737862,4,4
"5039",20.6257427918971,24.1210373493722,4,4
"5040",20.5154854745938,19.8691537442441,4,4
"5041",18.5089363340887,21.1624032805632,4,4
"5042",20.1866471865682,25.2910920168973,4,4
"5043",20.923647950934,20.4350710921784,4,4
"5044",20.7904616607081,24.8352582022172,4,4
"5045",19.8475473969612,27.2925500042832,4,4
"5046",19.079090084109,19.9712807727928,4,4
"5047",19.4288730595158,27.0768187499653,4,4
"5048",18.6006564926188,23.5721127227865,4,4
"5049",20.9037072198997,20.7792581911539,4,4
"5050",19.9442053471092,19.8886014719124,4,4
"5051",16.7956653195192,29.2681363773449,4,4
"5052",22.0239738455352,23.7479457229661,4,4
"5053",20.4627430613179,21.1543626727541,4,4
"5054",20.1571743114697,16.9498911059591,4,4
"5055",20.919277082463,19.4688324208907,4,4
"5056",22.0661781471956,16.101509813916,4,4
"5057",21.3962144223939,17.4308185623958,4,4
"5058",23.7795011530038,20.8813385029583,4,4
"5059",20.4544342089177,19.2266210168417,4,4
"5060",22.4088616591399,21.605118165716,4,4
"5061",21.5732252824206,22.0848150631388,4,4
"5062",22.3198743780008,18.0061936697615,4,4
"5063",20.1735210250062,21.8646957752542,4,4
"5064",17.9108687217538,27.6709803071037,4,4
"5065",20.8073660532854,21.107171432339,4,4
"5066",19.7456875780493,24.1226160701631,4,4
"5067",20.0270719029415,23.1464137168501,4,4
"5068",22.3041788608153,21.4367918753278,4,4
"5069",19.5863619801268,19.3452870791113,4,4
"5070",20.443011111123,22.6759729679694,4,4
"5071",19.6696576667962,19.36327259964,4,4
"5072",20.4600979589749,20.4592156292255,4,4
"5073",21.0056049984282,19.9366263070824,4,4
"5074",14.9927799262796,27.9633079158557,4,4
"5075",21.5221494140828,19.4493904762157,4,4
"5076",20.2611254555919,20.936249659946,4,4
"5077",20.3254069952703,19.1374323875817,4,4
"5078",20.6016781330991,22.4512721693625,4,4
"5079",21.2060223137665,18.4972164002378,4,4
"5080",21.8190182214513,19.9250695258837,4,4
"5081",16.7976425744671,22.7358687965697,4,4
"5082",23.3418703153525,16.6212280933642,4,4
"5083",19.4906766251508,24.9701240221942,4,4
"5084",23.2585584166352,17.095187827357,4,4
"5085",19.3999576134199,27.7476982255766,4,4
"5086",18.8483907067905,22.1233969190257,4,4
"5087",19.9390315952713,20.9508244117617,4,4
"5088",20.0643932893445,22.8932137158951,4,4
"5089",17.2047168788384,25.2518187576273,4,4
"5090",17.8171313351428,23.2970532192461,4,4
"5091",20.4315419680377,18.6147861133697,4,4
"5092",18.5807729962096,24.877808687241,4,4
"5093",16.865614934204,23.0467979807201,4,4
"5094",15.5479001514886,28.7260795738732,4,4
"5095",19.6255163928623,24.9583974928564,4,4
"5096",20.7139646835545,22.4729225180826,4,4
"5097",21.8698556067315,16.1498028357103,4,4
"5098",20.5671981329246,21.4471062497923,4,4
"5099",20.612570962826,19.4179822107398,4,4
"5100",20.3885875532146,21.7013442443344,4,4
"5101",21.1646317084701,25.8297187834414,4,4
"5102",20.413673474836,24.4194245737983,4,4
"5103",17.2464963040724,23.2137798643498,4,4
"5104",17.0230564194216,25.7685762558403,4,4
"5105",20.0633309693578,23.1840298646211,4,4
"5106",24.8078673448305,17.1299965391118,4,4
"5107",18.5007996863641,22.3002114548636,4,4
"5108",20.8011643841607,23.1677715074669,4,4
"5109",17.0459822434371,20.957974185687,4,4
"5110",19.8088138757158,20.7575491507741,4,4
"5111",19.2857595085446,25.7616270832511,4,4
"5112",18.6259081722473,22.3242568075368,4,4
"5113",19.3023632779066,21.0449263666858,4,4
"5114",22.2124113788102,16.125567708744,4,4
"5115",19.2648555852526,24.8193215727722,4,4
"5116",18.0505766684781,21.0987561163758,4,4
"5117",21.1163680175171,16.7736730325758,4,4
"5118",19.614037504733,22.7209105785973,4,4
"5119",21.3168120235455,18.2606061277474,4,4
"5120",21.0194291993814,16.7554967546103,4,4
"5121",18.3221893599214,26.4598365132969,4,4
"5122",18.6612748362373,21.9644868806393,4,4
"5123",19.3941416838921,24.5541488353939,4,4
"5124",18.1946303284808,20.0409803305903,4,4
"5125",22.067632830512,18.0630294894379,4,4
"5126",22.9102824715141,15.7259187883025,4,4
"5127",17.0840748851437,24.7042918938939,4,4
"5128",19.988798079086,24.6473052894321,4,4
"5129",19.3394241737167,22.4508036759544,4,4
"5130",18.113492779984,24.4923007588821,4,4
"5131",22.7626642308868,19.6234004251323,4,4
"5132",16.343500040443,29.5665191210088,4,4
"5133",15.5575765731034,28.1725074020498,4,4
"5134",22.6096080969861,20.9368422307937,4,4
"5135",18.5528870330085,24.5471883159814,4,4
"5136",18.6195472228511,25.4163016983773,4,4
"5137",22.2141048706723,17.448679318137,4,4
"5138",21.1938913771123,20.8804878620851,4,4
"5139",20.0519120928646,19.4196861477905,4,4
"5140",20.6916954011636,26.9415749797528,4,4
"5141",18.4981473902962,25.1391434525394,4,4
"5142",20.7630513952649,22.7271496188477,4,4
"5143",18.507446224262,25.3732277278305,4,4
"5144",20.3688179725272,21.8901075397486,4,4
"5145",19.3224300966797,22.6912049579388,4,4
"5146",17.7065012077966,21.085026883342,4,4
"5147",20.1494454714332,21.5866344400825,4,4
"5148",21.6096339320461,17.9430903053615,4,4
"5149",17.8364978709382,20.7890571654772,4,4
"5150",19.5069313997915,22.9159252457146,4,4
"5151",16.4524529534146,23.5807630981428,4,4
"5152",20.7080203182238,24.4519914156482,4,4
"5153",18.2596113280541,24.4205049771196,4,4
"5154",22.2674306867851,16.3319220552528,4,4
"5155",24.2482671358555,15.3985854697019,4,4
"5156",21.9518309744535,15.7894693042766,4,4
"5157",20.2225340749362,18.3161855584258,4,4
"5158",20.1363173465366,23.6128068531507,4,4
"5159",20.4890035392338,23.445751835526,4,4
"5160",18.1239093267909,22.3800187863683,4,4
"5161",21.6064407539148,15.9061626968456,4,4
"5162",21.9445369607224,19.9916456371598,4,4
"5163",19.3582297709158,23.0655414603333,4,4
"5164",20.1614856875503,25.8722622157141,4,4
"5165",21.3168331348176,18.1547721477762,4,4
"5166",18.8784235407846,16.8461337415176,4,4
"5167",21.4123001953945,18.7612119955985,4,4
"5168",17.4310394660002,33.4097915169017,4,4
"5169",18.9690817110228,23.404007221668,4,4
"5170",19.2753794535131,22.466032249554,4,4
"5171",19.6140881399299,23.8155574486036,4,4
"5172",20.0486640929442,22.1196788757719,4,4
"5173",19.1182060768761,21.0842190115568,4,4
"5174",21.1873149450003,21.3716315190256,4,4
"5175",20.454141423308,27.0668856139569,4,4
"5176",18.5049304581484,25.6986532575155,4,4
"5177",20.2640215580659,17.2677807186508,4,4
"5178",19.2896626612002,22.6707239068516,4,4
"5179",21.496150229001,16.6294625460588,4,4
"5180",20.0762085091277,19.2974219248026,4,4
"5181",17.9937473584376,21.3466673060358,4,4
"5182",17.9299529005001,24.9033956563387,4,4
"5183",19.7653524248104,23.1718476311724,4,4
"5184",19.8825534917367,23.6481597922801,4,4
"5185",17.3466090715194,27.4057737383163,4,4
"5186",19.8922885221127,24.2162161087327,4,4
"5187",21.6773726915102,16.0773012631253,4,4
"5188",17.6351886852402,26.9762962601764,4,4
"5189",20.8822951669685,22.5247566443357,4,4
"5190",18.4625898164493,22.2934486969302,4,4
"5191",22.3107387599383,21.6151571897041,4,4
"5192",16.883596336851,23.7819293970282,4,4
"5193",20.894354820584,23.7929055219319,4,4
"5194",23.1324134356633,10.0510811914014,4,4
"5195",21.553544119891,21.8960242690254,4,4
"5196",19.6269886693727,23.4499278255128,4,4
"5197",17.8882701050678,28.1687357202186,4,4
"5198",18.0521823949585,23.2723182166071,4,4
"5199",22.3062088939014,20.8027898396315,4,4
"5200",21.5111103397483,23.4734014029328,4,4
"5201",20.6643955447279,29.4985337449598,4,4
"5202",23.6451474562216,21.5416306086906,4,4
"5203",19.4264393837968,28.1203386593643,4,4
"5204",21.7156269769635,14.2143940036646,4,4
"5205",22.3728381207014,20.6052295390214,4,4
"5206",19.3368841717134,20.5291783009025,4,4
"5207",20.3570969099648,19.8079786948242,4,4
"5208",20.4323013192185,24.1596267561762,4,4
"5209",21.9276256822431,15.9402759087181,4,4
"5210",17.6369247919932,31.5623282942295,4,4
"5211",20.067737656197,21.1402029215733,4,4
"5212",21.6857215229432,20.4165759612045,4,4
"5213",17.459378202811,22.5849688408257,4,4
"5214",18.9244103680157,23.0323639797562,4,4
"5215",22.6610356720799,18.4240356389977,4,4
"5216",21.696462674838,23.1573123628389,4,4
"5217",20.8758839647707,19.2054109483629,4,4
"5218",25.7781085968521,14.4850245994214,4,4
"5219",20.8894257667883,19.3686290449243,4,4
"5220",22.0874013472698,20.7774055059048,4,4
"5221",15.8438557311594,27.9357993257551,4,4
"5222",21.2460361036784,14.5356034346898,4,4
"5223",19.8752710955421,23.4846316986552,4,4
"5224",21.1203230520436,15.9342413674995,4,4
"5225",22.8478946507466,16.6803487748616,4,4
"5226",19.1472710062565,23.7622601294946,4,4
"5227",20.1945681090094,24.1190076181452,4,4
"5228",17.375335694292,23.1029990850775,4,4
"5229",22.0457605278614,16.3920353987993,4,4
"5230",18.108422602473,24.48328564103,4,4
"5231",18.759575754621,22.8628017766203,4,4
"5232",20.711043453371,18.8490244253888,4,4
"5233",18.0743933411984,20.1389221838932,4,4
"5234",20.3739457955911,22.5420640810706,4,4
"5235",17.360047231749,28.5550939953818,4,4
"5236",20.0898798060306,17.9059290717478,4,4
"5237",17.6736243554509,28.0782160830945,4,4
"5238",19.0527638969647,23.889903108523,4,4
"5239",19.8750237394073,19.2969639421134,4,4
"5240",22.5219844651841,21.1580167606892,4,4
"5241",21.5392689116806,18.9875401315118,4,4
"5242",21.7045899694243,24.7930672383464,4,4
"5243",20.120773887697,19.2744098489601,4,4
"5244",21.005278526205,20.110148444857,4,4
"5245",19.1567359228934,23.4851901614071,4,4
"5246",18.8973035782543,23.6040732561582,4,4
"5247",21.6143228246851,17.7906913115875,4,4
"5248",18.0033757886238,22.5119462871667,4,4
"5249",20.1189450744346,25.5245730977611,4,4
"5250",17.5486114999121,26.0879114347245,4,4
"5251",20.4136159344405,19.655012118722,4,4
"5252",16.3908115058421,30.580912914539,4,4
"5253",18.6400119774633,21.7375023771241,4,4
"5254",19.6794113632666,21.750813550552,4,4
"5255",18.219238077835,25.222556750112,4,4
"5256",18.3698083975924,22.5961204326454,4,4
"5257",17.8495663352086,28.5881862282366,4,4
"5258",24.0161608180573,22.3305325274701,4,4
"5259",18.0050510853394,25.0746855899229,4,4
"5260",21.4357762292576,18.876632378426,4,4
"5261",20.9544810783332,20.3068823304827,4,4
"5262",17.8138914913215,22.0871286877795,4,4
"5263",17.4821481894197,24.9268834760621,4,4
"5264",25.2438875914013,9.38961537203504,4,4
"5265",20.9838705750448,21.9671028638343,4,4
"5266",19.5375304314961,25.522127089686,4,4
"5267",19.1522287718084,21.4781100023382,4,4
"5268",20.1025459400251,22.3111514863951,4,4
"5269",17.9584934421503,24.1830363508692,4,4
"5270",20.3281660259771,16.4245468927265,4,4
"5271",18.1052386082256,23.182265963788,4,4
"5272",22.3181072120464,22.3306619934135,4,4
"5273",16.4776037254851,23.1177726882865,4,4
"5274",19.8709279203139,21.5341661562885,4,4
"5275",20.3759095747498,24.0566664365395,4,4
"5276",19.4593798554842,24.2044776929066,4,4
"5277",22.1722800814424,16.841705423452,4,4
"5278",20.3977045285898,21.2487612855021,4,4
"5279",20.1621649044596,25.3542373418563,4,4
"5280",21.4018009315018,22.0350638663452,4,4
"5281",21.1906816766453,21.7715633136589,4,4
"5282",22.6564373965853,20.8506233316762,4,4
"5283",21.1077859197659,22.0722289458431,4,4
"5284",16.9953830957542,29.8289072277601,4,4
"5285",21.1662177767578,23.4469295655052,4,4
"5286",18.5480686761601,24.7167391169619,4,4
"5287",21.9308454159438,15.6637223233785,4,4
"5288",19.1218840017437,23.0730519971349,4,4
"5289",18.0782815081297,19.2191037572019,4,4
"5290",20.3877942136124,23.4255958457437,4,4
"5291",18.9022073301095,22.3244368539218,4,4
"5292",18.5250459916303,25.5279078986817,4,4
"5293",20.0380339847034,18.8447281043667,4,4
"5294",23.7119334755179,17.3245955156645,4,4
"5295",20.2803261018019,19.8018927305101,4,4
"5296",21.415248407503,18.5202311184396,4,4
"5297",20.5841742480834,22.7281753012512,4,4
"5298",18.6099565165836,25.900517792531,4,4
"5299",19.9578142542868,21.7981683422177,4,4
"5300",17.7469881085945,29.2874042631292,4,4
"5301",18.9989804325792,23.9989365640464,4,4
"5302",17.9939365608258,26.2759254905812,4,4
"5303",15.481899719702,24.8283901344111,4,4
"5304",20.2975431535392,18.3889235333946,4,4
"5305",19.0774456443683,30.0349537948294,4,4
"5306",19.4708120353391,22.7266668830494,4,4
"5307",17.4922161643383,26.493473033223,4,4
"5308",19.3798987281152,23.8915814016189,4,4
"5309",17.3873882525017,28.5641460713936,4,4
"5310",16.538787263249,27.4936835002559,4,4
"5311",20.0566915828183,20.3689199656895,4,4
"5312",19.0206297219017,20.0285845264381,4,4
"5313",22.3802359446803,21.3033758552309,4,4
"5314",19.291043730544,30.1466607825159,4,4
"5315",22.9640594307629,20.964530974551,4,4
"5316",24.5367253485957,13.2369130219769,4,4
"5317",20.382628464633,20.3676283289624,4,4
"5318",19.8427496042679,19.1681404021678,4,4
"5319",21.2541048292512,23.4997976733396,4,4
"5320",20.0854761438804,22.2057355472493,4,4
"5321",21.5457183915633,17.7414321342953,4,4
"5322",18.4463667520536,23.1651331982548,4,4
"5323",19.5202717414791,23.7753670837526,4,4
"5324",19.8915120150756,19.4105380308869,4,4
"5325",16.0043769568369,28.5072678224844,4,4
"5326",17.6047821248959,26.4189227086107,4,4
"5327",20.4282408397925,23.2865677496506,4,4
"5328",18.8997303570896,25.4652603867313,4,4
"5329",22.4714910125886,19.9195234669231,4,4
"5330",21.654263351956,17.849047705881,4,4
"5331",20.3673719739089,14.9004039321481,4,4
"5332",22.679741428954,16.3156513823792,4,4
"5333",20.8753585585789,23.1878235427586,4,4
"5334",21.3513322258125,22.1809077579504,4,4
"5335",18.145566124324,23.4961934024937,4,4
"5336",20.0147315153707,22.966649475625,4,4
"5337",21.6634673262959,14.3519009357494,4,4
"5338",16.2811233159825,23.7856687323061,4,4
"5339",19.669936765282,21.2207531374406,4,4
"5340",17.2351408800018,30.9307564699256,4,4
"5341",18.5701475154824,28.4857993530479,4,4
"5342",20.6640047349902,25.3039390627609,4,4
"5343",20.5084721339537,21.4243530957275,4,4
"5344",19.4211347232752,21.2451246692366,4,4
"5345",19.6009759528164,21.25548368986,4,4
"5346",22.775241842457,16.4792254045346,4,4
"5347",21.9636989666652,17.525512027943,4,4
"5348",18.9054059687312,25.3775231700746,4,4
"5349",19.2044579463388,25.9237691412796,4,4
"5350",19.1480545774549,21.8438233878289,4,4
"5351",20.1503918218609,21.278218330835,4,4
"5352",19.8604604760624,17.5048378074296,4,4
"5353",20.14712001238,25.0710989399799,4,4
"5354",17.7460754935399,22.441000101667,4,4
"5355",17.7657544880947,24.4928422667297,4,4
"5356",21.0284298754734,20.4342282049858,4,4
"5357",20.0909085085568,20.4462201308385,4,4
"5358",19.1194079161704,26.148690743842,4,4
"5359",25.7958518547276,15.3242529304222,4,4
"5360",17.2465307812044,27.4617722901123,4,4
"5361",21.1576107099179,21.9042382032389,4,4
"5362",20.1246458393259,14.6466941533147,4,4
"5363",17.7022448372112,27.5127370679719,4,4
"5364",20.0947779646839,17.5512641840451,4,4
"5365",17.9329969013732,26.0020590645208,4,4
"5366",22.7408241521932,21.8996628705493,4,4
"5367",22.2058372111541,16.7237293159615,4,4
"5368",17.0981652442611,25.7433512721249,4,4
"5369",19.2242081016786,24.9018691395104,4,4
"5370",19.0180480798955,25.4952730095938,4,4
"5371",15.6722285922596,25.0997283177885,4,4
"5372",21.2941565184063,20.0543728544928,4,4
"5373",21.3242508826814,21.1232457897728,4,4
"5374",19.3318328666616,25.3158577236994,4,4
"5375",16.556910351389,34.378956769205,4,4
"5376",20.5568267148236,17.9642355114749,4,4
"5377",18.6250441184489,26.4806730746707,4,4
"5378",22.5955366900882,21.2070860978649,4,4
"5379",20.919066164387,19.8844772565243,4,4
"5380",18.1952605664897,25.7421006913173,4,4
"5381",21.9730744241604,13.3216207764275,4,4
"5382",17.5217685150387,27.1410653754687,4,4
"5383",18.633754510752,22.1246877150599,4,4
"5384",18.7631033036335,24.786327969436,4,4
"5385",21.118004684485,16.016221916328,4,4
"5386",18.6618129809146,22.2137063154104,4,4
"5387",20.8523580750758,20.5770165801658,4,4
"5388",21.0938129900074,18.9663665689292,4,4
"5389",22.6256105663817,16.6582004764916,4,4
"5390",21.8815270332692,19.9956837203539,4,4
"5391",23.2538331558698,18.0199622088309,4,4
"5392",24.1215860134862,17.6828467774277,4,4
"5393",19.9384168526966,25.8790472037326,4,4
"5394",23.2554380619762,14.9029631833173,4,4
"5395",17.5179066150422,27.4412601937555,4,4
"5396",18.5975302528449,27.4640977345363,4,4
"5397",21.8201885849616,22.9727081160199,4,4
"5398",21.0818723077209,19.1283977217082,4,4
"5399",18.4782089324007,27.9795008070244,4,4
"5400",18.7899807636054,22.0793698180407,4,4
"5401",19.3763579225675,23.3146520138387,4,4
"5402",21.2077805617755,13.5144348116472,4,4
"5403",20.4345261854121,20.7539083126715,4,4
"5404",17.6933124004375,26.0830824961799,4,4
"5405",19.1384644439752,22.333157366138,4,4
"5406",17.3191686879976,30.1872514711331,4,4
"5407",23.6358274482336,10.2758364577499,4,4
"5408",18.2593609447729,24.0764214477154,4,4
"5409",21.2882819777597,19.9613614806226,4,4
"5410",22.4878986378872,12.6210069762773,4,4
"5411",17.5790016461245,20.5875038608517,4,4
"5412",20.6710320369667,25.465883337216,4,4
"5413",22.5768614615552,19.1107496613975,4,4
"5414",20.8943424810806,21.0285012406492,4,4
"5415",17.1689179805603,18.2223534453526,4,4
"5416",18.9125986000094,28.4177436559433,4,4
"5417",18.8155543152464,20.7321822204513,4,4
"5418",21.8120877987851,19.6414446384794,4,4
"5419",23.5521759069591,14.898773027325,4,4
"5420",19.6176284879324,22.1737274696823,4,4
"5421",22.0428663636224,16.5209588653854,4,4
"5422",19.9526722623652,24.4849920033177,4,4
"5423",18.5849063558653,21.4972873978337,4,4
"5424",19.4636591404907,21.6919008592264,4,4
"5425",18.9786509604816,22.1020535618122,4,4
"5426",24.287737174562,15.1183816054271,4,4
"5427",19.8587460744044,23.7803176656999,4,4
"5428",19.4467245563576,21.3485657221693,4,4
"5429",21.6412776934592,21.689516689762,4,4
"5430",20.5933200046018,25.9196441058626,4,4
"5431",20.9992070015924,18.8400969537849,4,4
"5432",20.7674646183191,17.8175946155321,4,4
"5433",20.5712865386688,22.3584414492947,4,4
"5434",22.2221699949875,13.997695604876,4,4
"5435",22.7352741332765,19.1070679188907,4,4
"5436",22.973126485299,13.2675531337936,4,4
"5437",15.9782913166128,22.0745146559344,4,4
"5438",21.1844934775959,19.3975396955239,4,4
"5439",18.7693603349344,27.1332459929768,4,4
"5440",19.9171640130247,21.0234071472327,4,4
"5441",18.9046800274941,20.3320821430054,4,4
"5442",20.7747173231322,19.1801866273867,4,4
"5443",18.8952827953276,18.4847008454387,4,4
"5444",22.6371735389684,16.5870479020279,4,4
"5445",17.2393520075826,27.1607551944359,4,4
"5446",21.9164256551238,12.8785954825055,4,4
"5447",19.2658350063572,21.5774552288306,4,4
"5448",18.5849315510523,25.0260461427625,4,4
"5449",17.3503279504115,29.8701620414317,4,4
"5450",22.0328463603995,19.3670830681687,4,4
"5451",19.8123196430782,21.871474949821,4,4
"5452",20.5208690434353,18.5075992293791,4,4
"5453",22.1839897628806,18.1029705280349,4,4
"5454",15.3693463070116,31.944462404163,4,4
"5455",18.6768567777161,25.0308464598762,4,4
"5456",18.3111928826958,20.9355041887767,4,4
"5457",21.7357122503395,17.8544976639055,4,4
"5458",18.2215053127197,26.4926603048542,4,4
"5459",20.8669720483074,19.1802373774607,4,4
"5460",20.4228664796537,22.2955046299196,4,4
"5461",20.677649211229,16.4324390364677,4,4
"5462",19.9580497236735,20.37201608628,4,4
"5463",15.2235221004339,33.8999229467168,4,4
"5464",21.0668518882674,22.8125755239367,4,4
"5465",24.8597847877656,10.013552686183,4,4
"5466",19.9925101361874,22.3453011043679,4,4
"5467",21.7675056360863,18.6076206916561,4,4
"5468",22.9775409122066,21.5312063315419,4,4
"5469",18.4097928321818,23.5602433230435,4,4
"5470",18.195482277174,22.7503973563472,4,4
"5471",21.9045370793551,11.7865168957557,4,4
"5472",18.4699897868742,28.5425213477456,4,4
"5473",16.840270988309,21.9588113759761,4,4
"5474",19.564688103317,24.9944094316126,4,4
"5475",18.7342735958536,25.87987419196,4,4
"5476",22.0645195581414,15.5828803540502,4,4
"5477",22.1547492839334,18.1421122162096,4,4
"5478",21.6235770713765,20.7057572898924,4,4
"5479",21.7716530592538,20.1512978952919,4,4
"5480",17.2514890591036,27.158340314587,4,4
"5481",22.1063475752467,19.0395388346307,4,4
"5482",18.8038115926649,26.6394580662596,4,4
"5483",19.1813978895029,21.9354907395652,4,4
"5484",19.2407514433514,23.2775175161637,4,4
"5485",16.958553009771,29.263794939604,4,4
"5486",17.0846364098594,21.9950101100607,4,4
"5487",22.029766816202,19.4655259883982,4,4
"5488",19.4816880791618,24.0190161475024,4,4
"5489",20.8985855482954,19.4764643567675,4,4
"5490",16.4476775712932,25.2178895998729,4,4
"5491",18.5175477395725,24.282332927591,4,4
"5492",20.1680431521159,18.707187574352,4,4
"5493",17.6220614910398,25.1687418002068,4,4
"5494",19.7797279918027,22.4898578281967,4,4
"5495",19.616933595606,19.7375840389854,4,4
"5496",20.5931817530579,23.0560504871052,4,4
"5497",21.4631627421921,21.574723803675,4,4
"5498",24.4794720043611,12.7033347803049,4,4
"5499",19.4910773563973,22.3354296384315,4,4
"5500",17.654852048335,25.2262431036439,4,4
"5501",16.0548301186274,30.701478056774,4,4
"5502",19.5186240075528,20.5839974627244,4,4
"5503",23.6511271257867,19.7784196074799,4,4
"5504",19.7212443224123,19.457732858269,4,4
"5505",23.3895659468759,13.4533681924931,4,4
"5506",19.0783166293732,22.1004189417916,4,4
"5507",17.7533070006311,29.4707842886482,4,4
"5508",19.5247848051521,22.828923849156,4,4
"5509",23.1670266683801,19.4363262677895,4,4
"5510",16.219071531507,28.9789258378525,4,4
"5511",14.6506523044609,32.5998801129198,4,4
"5512",18.594320353027,20.3617598096921,4,4
"5513",21.9915811664315,18.3009252607019,4,4
"5514",21.3363302880699,17.4775328556035,4,4
"5515",20.4280615099849,22.0945038399337,4,4
"5516",21.041401819203,18.7881127933985,4,4
"5517",19.6849789303382,28.7817316874503,4,4
"5518",16.7741795020424,27.2433875912386,4,4
"5519",21.2388814074909,17.2984315506104,4,4
"5520",19.4873707478118,26.0667095943769,4,4
"5521",19.0886205335194,21.65706314776,4,4
"5522",16.329669394502,24.9081155196418,4,4
"5523",17.0031745362741,24.0886253934268,4,4
"5524",17.9551928071484,24.1744208619701,4,4
"5525",22.5894531924117,18.7691087917087,4,4
"5526",16.5474645491839,24.4626111386913,4,4
"5527",18.2119277156303,22.1016452722608,4,4
"5528",19.3215750600781,29.1996685519181,4,4
"5529",20.1617205443883,27.2343294761107,4,4
"5530",20.1734955543616,26.0671816120789,4,4
"5531",21.1389830975879,19.3719827646499,4,4
"5532",20.0477449278806,18.5112511672458,4,4
"5533",20.9725395058966,18.9554725362462,4,4
"5534",21.2527361640797,21.9682998625076,4,4
"5535",22.9011518323879,20.7223987177252,4,4
"5536",20.0929200471371,19.7620311801753,4,4
"5537",16.9796751244288,27.5705481442193,4,4
"5538",18.5885782708707,23.9883525478328,4,4
"5539",18.628128838596,22.4531677327066,4,4
"5540",20.7581546376963,20.3889681042415,4,4
"5541",18.5621395594657,23.967641152031,4,4
"5542",16.4096932714965,29.3369764176808,4,4
"5543",17.956926597405,29.1772562619303,4,4
"5544",18.8737818654744,25.0972924006733,4,4
"5545",22.1828506819019,18.1911238008742,4,4
"5546",20.974544375886,20.5991591305576,4,4
"5547",20.3032377682521,26.5912685431262,4,4
"5548",18.7569560252314,20.5801748568523,4,4
"5549",18.3641563339251,23.6930287339519,4,4
"5550",18.9289030637407,17.9071621812513,4,4
"5551",22.4027860778855,14.5251395764675,4,4
"5552",16.5773349943278,23.9415276248027,4,4
"5553",23.6177913139668,18.0109948799131,4,4
"5554",15.9495965617084,27.0000104511219,4,4
"5555",19.814742183171,20.7018187434797,4,4
"5556",18.6393794530534,28.2263739775955,4,4
"5557",23.6248836402472,20.8696891817797,4,4
"5558",21.5632662042914,20.9787496638937,4,4
"5559",20.7213552052913,18.751112011234,4,4
"5560",20.9220916964007,21.379330972672,4,4
"5561",17.3649730916291,24.5518667206881,4,4
"5562",16.6221535261319,27.8242795636859,4,4
"5563",22.7450255971756,17.3215034507197,4,4
"5564",18.4482676115921,22.0930328082057,4,4
"5565",19.1023174601623,27.0734001624832,4,4
"5566",22.7018232425244,18.8345203463046,4,4
"5567",19.3746506272009,22.8558389326475,4,4
"5568",19.2627134612144,25.2658047829551,4,4
"5569",22.1981536018789,19.9522761014023,4,4
"5570",19.1583571809909,24.5536701441101,4,4
"5571",26.9083367619327,10.5232130276647,4,4
"5572",20.2958893990714,22.66259985866,4,4
"5573",22.7911287015517,15.8721278066633,4,4
"5574",19.7142563449922,24.4012313168671,4,4
"5575",18.3549572347468,25.6927941649109,4,4
"5576",22.5941370996819,17.2583431966799,4,4
"5577",18.6199969333321,30.4612476929087,4,4
"5578",24.6383409362111,10.9545303672888,4,4
"5579",23.0642706420487,18.8383001410301,4,4
"5580",20.2099073214747,22.3412188194051,4,4
"5581",17.8306259105834,23.6658860619821,4,4
"5582",18.3098839896918,26.5028972568097,4,4
"5583",16.5890867447774,33.3852765527674,4,4
"5584",21.7015265179396,19.1169059527789,4,4
"5585",22.3171394442155,13.6233836473297,4,4
"5586",20.539799749148,19.4049871573291,4,4
"5587",17.8424642574291,24.5219359438325,4,4
"5588",23.466997645494,18.7692191995593,4,4
"5589",19.0388757650588,24.3568256405069,4,4
"5590",21.283550285591,18.1046248846396,4,4
"5591",19.4062510676756,23.7886089359812,4,4
"5592",21.4797641236596,19.6680058784303,4,4
"5593",23.3513298262038,16.3575858602775,4,4
"5594",18.3565604472778,24.8788272455707,4,4
"5595",18.7620756910625,22.1772368747683,4,4
"5596",19.8697150979083,21.4507408319846,4,4
"5597",21.2617107004173,24.3260083300543,4,4
"5598",19.9104886462291,24.6384972080824,4,4
"5599",20.5512883553137,17.893745456446,4,4
"5600",23.3290378590471,19.1233345134855,4,4
"5601",22.4526525467942,20.4655970822085,4,4
"5602",24.60437628109,13.9627807962284,4,4
"5603",18.3608721901753,22.0044809404289,4,4
"5604",23.4556915886982,18.6849302038654,4,4
"5605",16.493865134136,24.4588972006789,4,4
"5606",20.8484583630789,21.3037501519436,4,4
"5607",21.6985319520435,16.735857669587,4,4
"5608",19.5915219508672,22.2820249788065,4,4
"5609",21.3929933919345,20.9409703549486,4,4
"5610",19.1547527514161,27.2250496188281,4,4
"5611",21.2719950581746,17.9588097072344,4,4
"5612",18.6438480504616,21.9911678051177,4,4
"5613",20.8131829731563,16.4234325567827,4,4
"5614",20.6308642631412,18.6512784223246,4,4
"5615",22.405534454647,16.9910087065428,4,4
"5616",20.4734016125771,19.7128139197374,4,4
"5617",21.9773086896686,19.558802908993,4,4
"5618",20.379558652391,26.1169760697261,4,4
"5619",23.7696963214166,15.124594445526,4,4
"5620",19.3879036019493,25.8078598634261,4,4
"5621",18.8728934540642,24.1669631546663,4,4
"5622",24.0129408612714,11.892009307546,4,4
"5623",21.5584889024401,18.0719534123919,4,4
"5624",23.520988956249,13.938212883913,4,4
"5625",20.067323694907,23.5872820297046,4,4
"5626",22.9678590883387,18.1908291930088,4,4
"5627",19.8269457668576,21.7033048841313,4,4
"5628",17.4364513765286,27.9237112348396,4,4
"5629",19.7992449456307,22.0929395814147,4,4
"5630",19.8157098627772,21.1655508500395,4,4
"5631",21.1961540517267,20.425143911346,4,4
"5632",20.9101759614104,21.3998128830815,4,4
"5633",17.4769080465147,25.9819179822847,4,4
"5634",21.7310040220316,22.8867762789768,4,4
"5635",20.9301703684571,22.8454644229693,4,4
"5636",20.1685131502433,20.21963379452,4,4
"5637",20.0340612453191,20.6845193440655,4,4
"5638",24.115214810095,10.7057330492652,4,4
"5639",19.8932598822827,18.5373342266319,4,4
"5640",20.422441672681,20.6166592282378,4,4
"5641",20.2686854366597,17.8384730937149,4,4
"5642",22.1673617680287,21.7584090129771,4,4
"5643",20.7647944208223,21.0487057077912,4,4
"5644",19.84235457532,30.4976753345905,4,4
"5645",19.6398997980061,20.961757986804,4,4
"5646",20.0825061449999,22.6082268927042,4,4
"5647",18.8024607782016,23.3806357176427,4,4
"5648",16.112527342194,28.0796461840822,4,4
"5649",21.2550225181379,19.0835515808561,4,4
"5650",22.9582844644325,11.5527701016275,4,4
"5651",18.9053506544612,22.6343976798145,4,4
"5652",22.1080123234545,22.8093416036774,4,4
"5653",19.5193626376589,21.0407582595088,4,4
"5654",18.3865425005215,28.0587024693844,4,4
"5655",19.0621499289776,23.8511008855019,4,4
"5656",21.9860606976339,20.510625252907,4,4
"5657",19.4212799974846,21.2869430137599,4,4
"5658",19.3563421254308,19.4107512467199,4,4
"5659",18.6411840191572,24.3787716674682,4,4
"5660",20.5333950890718,20.5168044458205,4,4
"5661",23.5062319350502,17.9851124186804,4,4
"5662",19.9988902119748,20.6329080682636,4,4
"5663",18.6899107809682,23.9540315657836,4,4
"5664",19.0568743891807,26.1712514672453,4,4
"5665",22.1487068772258,18.9396079924921,4,4
"5666",19.4231395090016,23.8472431294473,4,4
"5667",18.9798389031931,23.9538523881969,4,4
"5668",21.13940215244,21.7173249732818,4,4
"5669",19.6233132789122,25.0709270315621,4,4
"5670",22.1215695764043,21.4352902442035,4,4
"5671",18.6157763772629,27.402306935089,4,4
"5672",19.3108306479773,22.0124784402689,4,4
"5673",21.3872017852864,16.6423673681863,4,4
"5674",19.0429377295857,21.6201356511684,4,4
"5675",17.7142440950993,27.8645371746103,4,4
"5676",19.4807629019178,22.1581309685584,4,4
"5677",22.514484315417,15.5352318973953,4,4
"5678",19.0547032741931,21.3005411392861,4,4
"5679",21.8071323231934,13.807786309358,4,4
"5680",20.6138493521846,17.9209800483939,4,4
"5681",18.5297385714876,21.5135029006878,4,4
"5682",19.527287118711,23.2816776430203,4,4
"5683",20.1698183013276,19.009965920439,4,4
"5684",21.2371651372991,19.5105185450129,4,4
"5685",22.7661992876593,13.3247655033535,4,4
"5686",22.3946668380392,23.7373662772664,4,4
"5687",18.3725073190541,17.9179993171226,4,4
"5688",17.7018486625816,23.1256766932015,4,4
"5689",19.3481405234453,20.4661272562742,4,4
"5690",22.0166720191835,21.5834157455215,4,4
"5691",20.6745720593894,17.8195866581047,4,4
"5692",20.218078414349,22.5978365076174,4,4
"5693",19.9183214394075,21.1058211940967,4,4
"5694",20.2500746679869,18.1064826915785,4,4
"5695",19.7394207806491,23.2643164206159,4,4
"5696",21.2464940743419,22.8334786185859,4,4
"5697",19.7541047749216,19.2613070987406,4,4
"5698",18.7235301358262,26.3114329684022,4,4
"5699",20.4426077199566,20.1781576981163,4,4
"5700",20.8528556024305,19.0041215549067,4,4
"5701",20.3880610126504,23.7561930392808,4,4
"5702",20.0683144521786,26.2620924321904,4,4
"5703",19.2820024112206,21.3321006202241,4,4
"5704",20.5020626122968,19.8093732839792,4,4
"5705",20.8427486669026,21.5933458653494,4,4
"5706",21.7464740743608,20.159654570247,4,4
"5707",20.0771753631269,24.8110378704328,4,4
"5708",21.7460490642377,19.1819954892997,4,4
"5709",19.4467800056534,18.7422470065859,4,4
"5710",22.7668928575381,15.6167413781858,4,4
"5711",18.4414000888666,21.2783941401782,4,4
"5712",16.9696245164556,27.1563457384545,4,4
"5713",19.9503707318961,21.6749211384618,4,4
"5714",21.4777729365701,22.251653801134,4,4
"5715",18.7086649660924,25.562115213116,4,4
"5716",17.9328544532023,27.8246191604789,4,4
"5717",16.845966150541,31.5040423266183,4,4
"5718",19.2170333911292,21.3939301984077,4,4
"5719",21.0175937467379,24.0421719198101,4,4
"5720",18.5298892544024,23.0925511167775,4,4
"5721",22.8546258549198,13.6040210758859,4,4
"5722",20.9105484296952,20.4584150876527,4,4
"5723",22.2346913549661,13.1328050150963,4,4
"5724",20.0305975438149,24.2868572302286,4,4
"5725",19.1396435452935,17.7327046686564,4,4
"5726",18.3716348177632,22.1979935772031,4,4
"5727",19.1990677504052,16.3485094367897,4,4
"5728",20.5976257627669,19.3324488292237,4,4
"5729",19.2562205022611,22.7246210667567,4,4
"5730",18.5775275997212,27.1192529346512,4,4
"5731",18.5811872730423,21.1265257041349,4,4
"5732",20.4510510863575,19.936143839446,4,4
"5733",20.1649711183991,19.6126180085168,4,4
"5734",21.9233228324543,13.3807998155598,4,4
"5735",20.1496398937068,19.5437600644027,4,4
"5736",17.6604836516485,23.6898193045971,4,4
"5737",20.0329187670701,21.4903490340338,4,4
"5738",20.7092576595717,22.8968962897042,4,4
"5739",19.9202935895828,19.8122818492824,4,4
"5740",18.5849353731773,20.4530713155986,4,4
"5741",20.2849913955696,19.36447384869,4,4
"5742",20.3219506810965,26.2539892046037,4,4
"5743",22.0338315874415,20.5488182400337,4,4
"5744",23.0089545850851,20.3105080273683,4,4
"5745",16.880277622756,26.8853934642606,4,4
"5746",20.6466865449166,20.814414730732,4,4
"5747",18.8140053541687,25.9941864340221,4,4
"5748",20.5609296043895,20.7788244250765,4,4
"5749",19.7683034030433,24.7413240647997,4,4
"5750",17.1807797623617,30.9582418474699,4,4
"5751",18.9598308888146,26.384014548449,4,4
"5752",16.5173863240332,29.9751265183468,4,4
"5753",18.7631282497411,28.9591017679377,4,4
"5754",19.3483726037102,24.197026015824,4,4
"5755",18.1757238460016,24.9243424045461,4,4
"5756",18.0405299922182,26.5727323199347,4,4
"5757",22.263245494818,14.9593553077772,4,4
"5758",21.0999074612902,20.1633668958274,4,4
"5759",20.8295197039733,22.4754627595745,4,4
"5760",18.9396645679623,24.4108456154015,4,4
"5761",21.9563075726877,16.002376683197,4,4
"5762",21.911534815422,21.396479596501,4,4
"5763",20.404368950395,25.6221029941586,4,4
"5764",21.2303348197667,17.9872373137608,4,4
"5765",23.6153438697215,13.1278369751559,4,4
"5766",19.473947673745,24.3165223305072,4,4
"5767",21.2178559459739,18.2251431961302,4,4
"5768",19.4621349125882,23.7133210221273,4,4
"5769",23.4489003284584,18.2061174829813,4,4
"5770",22.1438608996328,18.1559900801536,4,4
"5771",22.3814126201714,22.0330342172161,4,4
"5772",21.8519324418588,16.2809899670739,4,4
"5773",23.6059488430482,18.2140494918731,4,4
"5774",22.2119375677753,18.0083692077076,4,4
"5775",21.3680153200352,22.6917450507504,4,4
"5776",18.4865484403488,26.2413759037989,4,4
"5777",18.99812112364,22.7984142728842,4,4
"5778",18.9740638397674,29.4475167527384,4,4
"5779",21.2107778341943,18.6551282999318,4,4
"5780",22.5190901272504,19.6924453902243,4,4
"5781",21.5832378785079,21.5572251126032,4,4
"5782",19.2526290934068,21.2273771134048,4,4
"5783",20.226273746116,26.3711053489272,4,4
"5784",21.0372434922459,20.518849664858,4,4
"5785",18.9071756252854,24.3492242368609,4,4
"5786",21.0900245778242,14.5362812961606,4,4
"5787",18.2218907431542,24.45529670298,4,4
"5788",18.8385193151412,23.647767287962,4,4
"5789",17.1565981691297,26.565857321399,4,4
"5790",22.5291058418938,18.1307089870445,4,4
"5791",17.3576944137232,24.6201114907154,4,4
"5792",16.389220938177,27.7710090689272,4,4
"5793",21.3549944687364,20.1477235137616,4,4
"5794",16.5594541248193,25.2727195085643,4,4
"5795",17.7159262171257,27.6585251097867,4,4
"5796",18.4547415422931,17.9151661197396,4,4
"5797",18.9528708877223,24.1972528094393,4,4
"5798",18.3373134836401,23.6261212880249,4,4
"5799",17.1153667432956,26.7276384333958,4,4
"5800",18.3737680860411,24.966346305927,4,4
"5801",22.6062201920607,19.5607179060093,4,4
"5802",19.3272648446819,24.2153178378558,4,4
"5803",23.3191737109903,14.9743901382508,4,4
"5804",21.7894329689991,22.3626873606135,4,4
"5805",19.9468314930073,21.4413355769775,4,4
"5806",24.9870318236288,13.5466934327774,4,4
"5807",20.2515242526014,23.0865263366419,4,4
"5808",22.5651380140278,17.1151197868567,4,4
"5809",18.6206515928311,25.3458867056163,4,4
"5810",18.3784012240139,28.0552596286957,4,4
"5811",20.5468720180081,22.1438158442471,4,4
"5812",22.285164510545,13.3420661104222,4,4
"5813",20.2081733341798,24.5660295726451,4,4
"5814",23.5709886797009,13.810686343884,4,4
"5815",20.1870725160501,22.3746868419682,4,4
"5816",19.921863840985,23.9584564538343,4,4
"5817",18.4197991061071,22.875818760945,4,4
"5818",18.211515724623,26.1112089788414,4,4
"5819",19.9649368088946,19.4214970949944,4,4
"5820",22.4887739832432,15.6619612818115,4,4
"5821",15.5989584878276,31.1512389200476,4,4
"5822",21.6026163879371,21.3269026848824,4,4
"5823",21.1068486679629,18.0148171453884,4,4
"5824",18.0300733492567,27.3257040476087,4,4
"5825",19.4539740202185,27.6533496210084,4,4
"5826",18.8870965452958,25.4897390987688,4,4
"5827",19.103363243564,21.4495393666703,4,4
"5828",21.4335408447515,20.5962317751817,4,4
"5829",19.2338020982586,20.3004858636993,4,4
"5830",19.701485107807,24.5739262209971,4,4
"5831",18.7543533116388,24.2284228735936,4,4
"5832",19.8510516127033,23.2710336429091,4,4
"5833",20.6486818761718,21.3212024864726,4,4
"5834",19.3984733057694,28.1875876573264,4,4
"5835",20.7030426180196,17.7552985773811,4,4
"5836",21.9602217425764,23.0676678690754,4,4
"5837",22.6979834918703,20.1140198367032,4,4
"5838",20.1093257305039,18.8412031723304,4,4
"5839",22.5882388901309,19.8286247073027,4,4
"5840",20.1599428722784,16.6373475578155,4,4
"5841",20.1704534531283,19.6450241287405,4,4
"5842",20.10474910863,18.9919028337974,4,4
"5843",17.6410864834109,27.921178254526,4,4
"5844",20.4240708269964,19.7325391852223,4,4
"5845",21.6694384928277,13.9510699562829,4,4
"5846",17.7789743007549,21.0569003463971,4,4
"5847",19.9156875212948,23.249756249183,4,4
"5848",18.6093816453489,21.5438566534297,4,4
"5849",19.3300545108488,18.5944471425509,4,4
"5850",23.3069638082253,14.3389180672612,4,4
"5851",20.9148948275903,18.1500614453165,4,4
"5852",16.8718484885873,28.8501251759723,4,4
"5853",19.1303483753144,27.0984913094352,4,4
"5854",15.0002558327555,29.2307953937361,4,4
"5855",17.8184279134248,27.0096845444108,4,4
"5856",19.8919174110952,23.6282487922115,4,4
"5857",22.17518520516,17.1381259827561,4,4
"5858",19.0040032302118,26.5841366823936,4,4
"5859",20.0256247953347,17.5916027918691,4,4
"5860",22.1135628488924,16.7074813652662,4,4
"5861",17.9501248265032,19.8153366869574,4,4
"5862",21.6490344134412,16.7295410928636,4,4
"5863",21.1724305575182,17.8987243017581,4,4
"5864",17.741494593772,23.9213364288941,4,4
"5865",21.0618329246478,19.5384487030469,4,4
"5866",21.6362172323448,22.7348666303692,4,4
"5867",20.4958907979063,21.1484746518623,4,4
"5868",20.4738858955497,16.8241841619151,4,4
"5869",21.353511331145,18.1665900029223,4,4
"5870",19.979749979884,21.0488125143892,4,4
"5871",19.779466220599,20.1916985057205,4,4
"5872",21.3443699527079,22.3716347522204,4,4
"5873",18.3592605939013,24.2617465726119,4,4
"5874",21.4329675198864,20.6646195065888,4,4
"5875",24.4495984018456,14.8331279454529,4,4
"5876",18.0117185183998,22.6053793694413,4,4
"5877",18.286077561205,24.8056371716212,4,4
"5878",20.5474222910674,19.3983348650134,4,4
"5879",22.035270332945,18.4573012443286,4,4
"5880",20.0284491738694,26.5543175785757,4,4
"5881",19.387815907566,22.0056371399165,4,4
"5882",22.4813422726976,17.2449629042843,4,4
"5883",23.0222007637483,14.8605900790205,4,4
"5884",15.7904320908706,29.7713508527298,4,4
"5885",18.1924006125711,25.1831178260161,4,4
"5886",19.8583736573806,25.2376167788391,4,4
"5887",21.1141913527224,23.760853676755,4,4
"5888",20.6839039650326,21.4184428628135,4,4
"5889",19.1728175978641,23.758503245899,4,4
"5890",17.0314377162809,24.2627604984353,4,4
"5891",18.4984355560785,26.9431202546624,4,4
"5892",23.1779548780596,14.3557462715158,4,4
"5893",22.4342612985768,16.3286291798978,4,4
"5894",19.8100788127199,24.7670866549074,4,4
"5895",21.4424000152143,19.4795451002738,4,4
"5896",19.2150053069665,22.0646403999138,4,4
"5897",22.7982267881171,17.8699865699968,4,4
"5898",22.8757577032352,16.9076233568692,4,4
"5899",19.4485242733647,22.4033839882311,4,4
"5900",24.1322005219277,14.4843787973659,4,4
"5901",18.6476248833817,22.8035299914486,4,4
"5902",21.6342913553375,19.4809239123268,4,4
"5903",22.4870957321648,21.6021737201984,4,4
"5904",20.4788846487124,18.6756947281744,4,4
"5905",21.8190923238802,18.7639761057762,4,4
"5906",18.6709856094053,29.6200855317498,4,4
"5907",20.8540489835678,20.1168725767688,4,4
"5908",19.3414040563517,19.2297916137842,4,4
"5909",18.4436811578537,23.5083443306693,4,4
"5910",17.8194034108182,27.545015987098,4,4
"5911",18.6346570597226,23.0159957227064,4,4
"5912",14.3785501952564,34.3732999721396,4,4
"5913",20.514072998516,18.4097485581592,4,4
"5914",17.8321892970904,26.6020844959841,4,4
"5915",19.534197547057,15.5422317977439,4,4
"5916",16.9912920067649,27.0774977643783,4,4
"5917",22.6250424211078,18.2526803225571,4,4
"5918",18.7477487636617,27.0353765878046,4,4
"5919",19.9835032976972,19.4050710233148,4,4
"5920",21.1265450507291,20.6141953260858,4,4
"5921",15.3714136276381,33.681208430072,4,4
"5922",23.0489535151982,14.8801092347686,4,4
"5923",21.3293890248526,23.6888619869869,4,4
"5924",17.4652094474587,31.6536936339553,4,4
"5925",21.161972293064,19.1389859504161,4,4
"5926",21.6197441531088,16.5101561392678,4,4
"5927",20.3630984258427,19.7131193078537,4,4
"5928",22.781691959919,19.704130949037,4,4
"5929",16.5158602331853,26.1611135996936,4,4
"5930",20.3633445157144,17.8901448877798,4,4
"5931",20.1156741320467,22.5433559087651,4,4
"5932",21.5430368400574,17.3791850995754,4,4
"5933",19.1005127881848,19.46872213537,4,4
"5934",19.0257740800951,22.5609710790333,4,4
"5935",22.0372536096153,18.7098991930364,4,4
"5936",19.6457959213,27.6360693791355,4,4
"5937",19.4355059556389,25.6406669187131,4,4
"5938",19.3634321761241,22.9295158323612,4,4
"5939",19.814219954456,23.3943415429348,4,4
"5940",21.5315745712633,19.1202334881013,4,4
"5941",18.5503510990401,27.8347593812037,4,4
"5942",18.1414859838419,27.049316843187,4,4
"5943",17.7913059233901,21.7569919925879,4,4
"5944",23.2162526867365,16.8952090372579,4,4
"5945",23.0949511841453,17.4310698696277,4,4
"5946",19.1019341775435,15.1195033056539,4,4
"5947",18.2670528745806,26.4712195307382,4,4
"5948",21.5943406035593,22.0736624786462,4,4
"5949",18.9177051404669,23.5000788299296,4,4
"5950",20.8835493079283,17.8399777729554,4,4
"5951",20.5315341419028,22.7847686975732,4,4
"5952",20.5471221330661,17.1907972249747,4,4
"5953",23.623551395811,13.8125032846117,4,4
"5954",20.3468678818897,23.666020071065,4,4
"5955",21.5357283682246,20.7913080875999,4,4
"5956",17.9063887306305,19.8845577678295,4,4
"5957",19.2247063919758,24.5478203924639,4,4
"5958",19.4784961987112,21.7401076441254,4,4
"5959",20.84392116823,19.8738427685853,4,4
"5960",16.8062755906152,24.0794173913404,4,4
"5961",18.9995041232481,22.7538837795222,4,4
"5962",21.1176293060436,20.8475408117083,4,4
"5963",18.6115774538301,25.0262163911361,4,4
"5964",16.2398508553642,26.8168521307246,4,4
"5965",17.16404590684,28.1190622947871,4,4
"5966",18.6864522764832,22.1485218882535,4,4
"5967",23.5364457224101,15.6376168401755,4,4
"5968",21.1292538476095,19.7960003901794,4,4
"5969",22.7939708458672,20.5238146725368,4,4
"5970",21.7587409026382,14.2564654643034,4,4
"5971",17.3198439233915,24.9599977951149,4,4
"5972",22.6263996175074,14.7058262812087,4,4
"5973",19.6613371109975,18.0441518827785,4,4
"5974",18.5903862209741,28.4000815983917,4,4
"5975",20.4036347219971,22.5959391085147,4,4
"5976",21.0648559793784,24.4966084031278,4,4
"5977",19.7102891341536,20.2519304499875,4,4
"5978",23.2509438843031,17.484647170685,4,4
"5979",17.8371210693507,21.8920468952156,4,4
"5980",17.2109379864624,24.8565807800043,4,4
"5981",19.9766452701236,20.4740432322739,4,4
"5982",20.3441437458572,19.2809764437799,4,4
"5983",21.5763835588089,15.3412202272999,4,4
"5984",19.8307430186919,21.1371301414485,4,4
"5985",22.1138266541979,15.9642881451532,4,4
"5986",19.4818216195236,21.735930567097,4,4
"5987",19.221849229242,25.1971570835805,4,4
"5988",21.4082070884746,19.563909911408,4,4
"5989",23.2350146965104,11.7181580715572,4,4
"5990",21.7561693131479,17.0801443839775,4,4
"5991",16.4398202758898,24.9920041229127,4,4
"5992",21.8449933455171,19.465897726907,4,4
"5993",20.2632354145988,21.8816041933404,4,4
"5994",20.3858531367324,22.0280965104586,4,4
"5995",14.8066116326069,34.2331149341334,4,4
"5996",23.973471617407,15.6784185932097,4,4
"5997",22.5008086573069,16.9188668013432,4,4
"5998",21.817207661572,20.1065299689452,4,4
"5999",20.9579283664472,21.5078728738016,4,4
"6000",17.6815287348773,19.5241327109584,4,4
