"X1","X2","component","subcomponent"
"5001",21.009024713387,29.5402217943779,4,5
"5002",18.7781906416157,19.9795296077205,4,5
"5003",17.8553359549647,15.3487226583885,4,5
"5004",17.9795044356864,23.1908987320247,4,5
"5005",19.6336140569884,29.6817608725509,4,5
"5006",21.6425982720128,30.0284111924956,4,5
"5007",23.0461961806305,31.300579935601,4,5
"5008",20.6607267039456,33.173730034564,4,5
"5009",20.0777458699619,27.135209486046,4,5
"5010",21.6317863581503,36.7839022320852,4,5
"5011",21.2280206385528,29.4860773808704,4,5
"5012",20.7248005638894,25.0100730379072,4,5
"5013",22.9424614889164,32.377578548837,4,5
"5014",21.4055895187718,29.1704296545136,4,5
"5015",19.1217968741588,26.3806308751348,4,5
"5016",18.9594928912112,27.5734365679349,4,5
"5017",23.8353061813441,36.8736251168049,4,5
"5018",18.7829299752068,23.7361028038611,4,5
"5019",22.8216401533151,33.182765275912,4,5
"5020",22.2586693397506,32.9901438636216,4,5
"5021",23.5279184257343,31.3057748751025,4,5
"5022",23.7902803837365,32.3257826963045,4,5
"5023",21.4441853704743,29.2689006272833,4,5
"5024",20.9680089646087,28.8300591284825,4,5
"5025",21.0907219189271,29.9731449840012,4,5
"5026",22.4366586887679,31.6990459193249,4,5
"5027",20.9187598313382,25.8280821681367,4,5
"5028",21.2680076303219,32.702645831574,4,5
"5029",21.8700204729706,30.2899971888356,4,5
"5030",22.3389183000314,32.919345952941,4,5
"5031",19.6808885568638,22.9850602605416,4,5
"5032",20.1875397106845,25.2376188698802,4,5
"5033",19.8468926834718,31.0298069557907,4,5
"5034",21.8173102864948,30.8150400338192,4,5
"5035",20.7744956800544,22.5459679038712,4,5
"5036",21.2688261060246,29.8810258460856,4,5
"5037",23.0805120332441,30.6054776061199,4,5
"5038",19.1027271649893,24.822850846454,4,5
"5039",20.4118744719282,30.2820207876156,4,5
"5040",21.8261806090857,31.6408328417384,4,5
"5041",22.6611789538205,32.2938926045903,4,5
"5042",19.9306957137756,24.059713629282,4,5
"5043",21.7757838549714,30.8851232982438,4,5
"5044",22.3123723608206,34.8347638053555,4,5
"5045",19.6517467482411,25.2458031641608,4,5
"5046",19.603609658733,25.137790810729,4,5
"5047",19.6216383562445,28.1866936669517,4,5
"5048",20.9197032647482,30.2155296162009,4,5
"5049",20.0142606544666,23.9518288675602,4,5
"5050",22.5628340575916,34.2444732726046,4,5
"5051",20.8928454429183,25.9309724508759,4,5
"5052",19.1241291528335,24.7129247024648,4,5
"5053",23.7326846312627,31.3219794950121,4,5
"5054",21.3617163694306,34.1283654262412,4,5
"5055",19.919663229568,26.5793703742345,4,5
"5056",22.1532446826051,30.6314083083637,4,5
"5057",21.1085982361079,22.7770614600453,4,5
"5058",19.4332500567151,26.0760181003148,4,5
"5059",21.0763117921807,27.1818857368091,4,5
"5060",20.3876382745733,29.0022646106757,4,5
"5061",19.0454565512812,26.331335060186,4,5
"5062",22.0680356326453,31.9551952057498,4,5
"5063",21.6253187077578,32.911603966897,4,5
"5064",21.8833563238278,34.9380040490785,4,5
"5065",19.0130931132217,26.7209555137944,4,5
"5066",21.6200141018358,32.4963372674985,4,5
"5067",21.8631401006065,30.3570070036484,4,5
"5068",22.7009182587946,35.8659156133448,4,5
"5069",20.6156031489825,28.0846997689819,4,5
"5070",23.1098528676655,29.0029918915087,4,5
"5071",19.9164306194312,29.011863177756,4,5
"5072",20.7338182016811,26.4325812613188,4,5
"5073",21.8777905408328,25.9480211148724,4,5
"5074",20.393705964433,29.5497649036538,4,5
"5075",22.0648766310143,31.4691803581289,4,5
"5076",18.914249979267,28.0052146015219,4,5
"5077",20.0039140312399,28.636072345677,4,5
"5078",21.615925645148,31.2602934436311,4,5
"5079",23.0034618035176,34.4527675713458,4,5
"5080",20.3928145306864,26.1736168894749,4,5
"5081",20.6988992312753,25.5415886682529,4,5
"5082",18.8091088081688,26.0641845841877,4,5
"5083",20.8362223350483,25.8399896270134,4,5
"5084",21.0912498682982,27.6290182323817,4,5
"5085",19.0440951154431,22.5366561885701,4,5
"5086",21.8548786251901,29.0741386286215,4,5
"5087",20.7552047555204,28.6666406420595,4,5
"5088",19.8579021067028,29.0378307354134,4,5
"5089",22.6276872306088,35.2956124802699,4,5
"5090",19.799024627205,23.3997363855247,4,5
"5091",22.8356878757406,35.8451785052459,4,5
"5092",22.130463645603,33.5112236198875,4,5
"5093",20.2780479884645,27.2577012003461,4,5
"5094",20.4489781582952,30.3397506734825,4,5
"5095",18.2162904605636,19.3944452182196,4,5
"5096",18.4511232405888,25.834028438118,4,5
"5097",23.819730735818,37.0432335100097,4,5
"5098",21.536240818365,28.0756882312773,4,5
"5099",19.9381152262627,28.3824862271233,4,5
"5100",20.533486282247,29.6996864999914,4,5
"5101",21.0196839504908,25.1607649105809,4,5
"5102",22.5347038306889,32.6199799768109,4,5
"5103",17.931998083271,17.4048221630313,4,5
"5104",19.6844436220445,27.4411389103918,4,5
"5105",20.1142289503589,27.9121809654744,4,5
"5106",18.6058674448511,28.255682306052,4,5
"5107",20.4897694476167,25.883985161885,4,5
"5108",20.9682872672954,26.8949915378517,4,5
"5109",22.7103624322845,31.8708419800068,4,5
"5110",22.2062953219822,32.9639187483003,4,5
"5111",21.9221313146945,30.2625238920743,4,5
"5112",21.9304892965362,33.0959733544783,4,5
"5113",20.1152014912914,30.4823694358935,4,5
"5114",18.4250320533638,26.2651100345088,4,5
"5115",21.3141009777371,25.8122762345498,4,5
"5116",23.0513374283341,39.7880117965862,4,5
"5117",20.4991142006503,22.5259263731318,4,5
"5118",20.0195638534014,25.6280487493649,4,5
"5119",23.1762277377269,28.8550006184199,4,5
"5120",21.2834317641337,32.3805224602024,4,5
"5121",20.9694804348763,25.7687925593006,4,5
"5122",19.8492995328795,31.3014548422878,4,5
"5123",17.8329138003005,23.9256398684036,4,5
"5124",18.9046500870354,29.0204053874557,4,5
"5125",19.4983272513693,28.9731425218488,4,5
"5126",21.6501507513664,33.949150329069,4,5
"5127",20.7952573887837,40.6414120963209,4,5
"5128",21.1919523621917,28.9131856289976,4,5
"5129",20.2997183393408,27.9886326487661,4,5
"5130",19.5420096602974,27.6719740365644,4,5
"5131",24.8508174469135,31.7854758204951,4,5
"5132",19.7181113240371,27.2139770543094,4,5
"5133",21.1777027844784,30.3240808225839,4,5
"5134",19.556775551739,22.9169418519613,4,5
"5135",22.3732944055002,33.4776542651735,4,5
"5136",18.9761220791882,25.3839211186815,4,5
"5137",19.6691362526395,19.3990596807381,4,5
"5138",21.558040126159,26.9177755013586,4,5
"5139",20.7080120465638,35.7453572333576,4,5
"5140",21.8569910474905,31.3475929493849,4,5
"5141",18.6493436386221,18.8661698515607,4,5
"5142",22.4655813816118,29.1408576061975,4,5
"5143",22.2812654356546,33.9208505000183,4,5
"5144",19.437377417128,25.125934470289,4,5
"5145",20.5770264016174,25.8066776364406,4,5
"5146",20.7610833018406,28.0851849883781,4,5
"5147",19.8448645407884,23.5518535578733,4,5
"5148",18.7862518856172,25.0878219173062,4,5
"5149",21.756659387793,34.460577684402,4,5
"5150",19.4935173910096,28.3319655760281,4,5
"5151",20.5076984025287,34.3790219860438,4,5
"5152",22.6294787271915,26.4725071133782,4,5
"5153",18.7465169916127,28.3497577042822,4,5
"5154",20.8353583353084,32.9467973942366,4,5
"5155",21.1069117681032,27.8214654891369,4,5
"5156",18.7630880916876,21.9132049031615,4,5
"5157",19.732629417728,29.927818453454,4,5
"5158",20.8097946415314,28.7855230834278,4,5
"5159",22.148931215909,29.9083545080824,4,5
"5160",20.8974691575803,33.5362343673804,4,5
"5161",18.4612941286505,23.4115325136651,4,5
"5162",20.3575655625496,26.3207161918123,4,5
"5163",20.1663274935329,23.0654198904359,4,5
"5164",22.2827568402463,32.2831416592992,4,5
"5165",16.8731475884837,15.3488911069698,4,5
"5166",24.1988948521245,35.9457422285964,4,5
"5167",19.6090447221787,28.230819874859,4,5
"5168",22.1007876542388,33.5403888482743,4,5
"5169",21.9512378746706,28.8943212006523,4,5
"5170",21.7088211799482,34.397050454861,4,5
"5171",24.513350262906,29.7046756670937,4,5
"5172",23.7888436486191,30.5192175738302,4,5
"5173",22.2491241750703,29.6705768312721,4,5
"5174",20.3502290234258,26.8294251793721,4,5
"5175",24.2685715485103,37.3354637522689,4,5
"5176",22.0532786043435,34.6883653598327,4,5
"5177",19.9984697258388,27.3118175554383,4,5
"5178",21.6183194271747,35.3347434111965,4,5
"5179",18.7058998444873,26.6927738264773,4,5
"5180",21.491698146533,32.0660644457316,4,5
"5181",21.0982865950991,30.8782418980718,4,5
"5182",23.9110622652173,34.8926965975727,4,5
"5183",21.1858283830102,30.7821429473982,4,5
"5184",18.8725331367913,23.424589737952,4,5
"5185",23.2443155146318,30.8378556954045,4,5
"5186",21.932910671442,30.8121398682889,4,5
"5187",20.264363082235,22.0807880090244,4,5
"5188",20.7675662811198,25.0259947610024,4,5
"5189",20.3073163760509,25.5988242040006,4,5
"5190",24.2795228559261,33.5222530214369,4,5
"5191",21.4950335258185,32.3977125850469,4,5
"5192",22.7616498599536,35.4886588642422,4,5
"5193",21.8997601763913,30.3485391363558,4,5
"5194",21.1230100072053,28.5707413153266,4,5
"5195",21.2706270290979,30.0179924474041,4,5
"5196",20.5255609720133,22.5631884112572,4,5
"5197",21.425945436571,31.0942924353757,4,5
"5198",21.4553338013842,27.6486294495736,4,5
"5199",19.4765044948963,28.1094408174547,4,5
"5200",20.3364226783051,31.310888408821,4,5
"5201",19.4935212692949,27.2936840207766,4,5
"5202",24.5167050727419,34.0465991440623,4,5
"5203",21.0944584852066,33.4835619293124,4,5
"5204",19.9393692564036,24.2594493027667,4,5
"5205",23.1355095409625,35.3063861150484,4,5
"5206",22.249522135538,33.5604364950155,4,5
"5207",21.8471016470219,29.7049338662248,4,5
"5208",20.4547440807905,30.838982097665,4,5
"5209",17.4837238823459,24.6065713353678,4,5
"5210",20.8904463629194,33.1982205911132,4,5
"5211",18.9008664777207,25.9572183043803,4,5
"5212",22.278297049748,29.8315610224757,4,5
"5213",24.0982345534049,34.8658052627417,4,5
"5214",20.0355374089064,30.9630537801427,4,5
"5215",20.522118394023,32.9779700136681,4,5
"5216",20.8395096989514,31.2989843251881,4,5
"5217",22.3147435480364,33.8193196969493,4,5
"5218",20.439220243349,24.6675968767958,4,5
"5219",21.899591405156,29.2221204399751,4,5
"5220",23.5303561894426,34.9213351112672,4,5
"5221",22.3372035668106,31.778407785765,4,5
"5222",19.964966502574,24.4864805230428,4,5
"5223",18.4653497630164,30.3539262684074,4,5
"5224",23.4159716749178,32.6430918014642,4,5
"5225",23.6527271250963,32.053872447476,4,5
"5226",21.2669876252834,31.1006862787251,4,5
"5227",20.2941042705699,24.1648250015649,4,5
"5228",22.8320767953275,33.6103185418687,4,5
"5229",23.3767046751627,35.9090344582694,4,5
"5230",22.1231331856679,28.9420087592996,4,5
"5231",17.2777472653439,25.5808062370308,4,5
"5232",20.757262987991,26.513641637866,4,5
"5233",21.4085514808436,25.6591996667371,4,5
"5234",18.8616401434588,22.1959097457055,4,5
"5235",21.2889606844488,32.0911138946828,4,5
"5236",20.9842572641652,31.1867116529149,4,5
"5237",19.3937168156878,24.9286317311826,4,5
"5238",21.7685533025189,28.9324986438506,4,5
"5239",17.0310593648758,21.7624909360373,4,5
"5240",21.7852103461286,26.368742041422,4,5
"5241",20.112986218729,27.8318630120469,4,5
"5242",17.8723206963743,20.2857883988345,4,5
"5243",23.7055944396514,35.9756634435282,4,5
"5244",19.9307025279706,26.7616155138213,4,5
"5245",22.2294394294611,30.0287693563315,4,5
"5246",18.5069308717935,23.3583404727016,4,5
"5247",21.7808341270338,35.1489525624179,4,5
"5248",23.0457003237,34.0600294513883,4,5
"5249",19.9356674208588,28.0282248813612,4,5
"5250",22.9180900372859,33.2559885273454,4,5
"5251",19.6201290690461,25.2735683566544,4,5
"5252",19.1193469010334,24.2407448412126,4,5
"5253",24.4311128699751,29.4642766809399,4,5
"5254",23.6793684491305,32.4006674907594,4,5
"5255",21.6722263262849,29.9204599065865,4,5
"5256",22.0684369687851,34.1294816051915,4,5
"5257",22.7263469187826,33.3352437606723,4,5
"5258",20.9690721574223,27.8412804272294,4,5
"5259",20.8140432012392,24.7166681926204,4,5
"5260",20.8576580076852,28.2509178104064,4,5
"5261",21.0077677851661,31.4052649330997,4,5
"5262",22.7186671445197,38.6159503467993,4,5
"5263",21.1247249752038,25.8116522824066,4,5
"5264",20.7401817270227,30.802138153102,4,5
"5265",20.2294266557968,26.3377749710457,4,5
"5266",19.9532650773246,25.1980084789952,4,5
"5267",22.9796255739672,28.1085649856333,4,5
"5268",21.6104135354694,33.4634610879795,4,5
"5269",22.4466764780222,30.5100362181021,4,5
"5270",19.7068601905229,24.0836072481635,4,5
"5271",21.0605903366405,30.3841176541729,4,5
"5272",21.770151024741,29.2584363445019,4,5
"5273",18.4967081865637,25.1249382585333,4,5
"5274",21.7466069819585,29.3765790433455,4,5
"5275",23.2315647124754,33.6189190269324,4,5
"5276",22.4118520442341,31.4221770027276,4,5
"5277",22.293647609754,31.6532936359348,4,5
"5278",20.7327604313119,30.5176988940948,4,5
"5279",21.2365944397268,31.2593589891491,4,5
"5280",21.153541440351,32.076730593137,4,5
"5281",24.2862893735606,32.6217160055365,4,5
"5282",19.5260451787208,24.0750938552202,4,5
"5283",22.840387749004,29.9280733616679,4,5
"5284",18.3515537249783,23.0766864333579,4,5
"5285",23.0688676246963,36.6822422523181,4,5
"5286",21.6134008296307,25.5354860364058,4,5
"5287",19.012243929096,24.70434829355,4,5
"5288",21.6511932421715,30.9113564728819,4,5
"5289",20.8464268526715,29.4104769884648,4,5
"5290",19.7543596170419,24.8940869533357,4,5
"5291",17.819885283622,18.7911189868753,4,5
"5292",20.2739337103035,24.5431373957398,4,5
"5293",23.0656385460997,33.4569717601244,4,5
"5294",19.8879154053942,22.6858434533034,4,5
"5295",23.48650049208,34.1261382299598,4,5
"5296",23.6353118850652,33.3979747467896,4,5
"5297",20.5551878950772,25.0079200648335,4,5
"5298",21.8064124509991,33.095134628268,4,5
"5299",21.7121513296334,31.1419832771434,4,5
"5300",21.1277665263792,26.0174766027164,4,5
"5301",19.4633931804977,29.9950152918304,4,5
"5302",19.7815777301004,24.069588578232,4,5
"5303",21.4342560386122,27.4295338826615,4,5
"5304",22.4212865525334,37.3040675819898,4,5
"5305",20.5083214720851,23.1374431316195,4,5
"5306",19.8038793488135,29.2375911067702,4,5
"5307",21.5475939719675,26.8008923790081,4,5
"5308",24.1141148293608,35.1265485580448,4,5
"5309",25.5477878442247,39.4357413523894,4,5
"5310",23.3927534524674,33.700629209543,4,5
"5311",21.9159410226635,31.1166493270244,4,5
"5312",21.3406215228642,37.4591927783709,4,5
"5313",23.5443301321895,33.6062604872344,4,5
"5314",21.4484357978389,30.0829194332874,4,5
"5315",22.5865368061881,35.1800312639393,4,5
"5316",20.2146780717999,28.8855621310498,4,5
"5317",19.3863102235027,27.7181498495621,4,5
"5318",23.8817355176673,37.9522980711197,4,5
"5319",20.124059248932,25.371596740436,4,5
"5320",22.6378815449323,31.1721758049802,4,5
"5321",20.4082186395457,27.3901020292627,4,5
"5322",21.2645016739513,24.9745013253628,4,5
"5323",22.6166035680242,29.6898425120692,4,5
"5324",20.9846736654063,27.3747033204122,4,5
"5325",18.4866483065451,24.3949252243982,4,5
"5326",19.1677390147133,25.4776777678968,4,5
"5327",21.1261519549686,31.3116025689396,4,5
"5328",21.4180162614374,29.5262409057228,4,5
"5329",20.8483299087733,28.5376151494707,4,5
"5330",19.1559821459455,23.3752230739872,4,5
"5331",22.190865160865,31.2136590970221,4,5
"5332",21.8738602759523,32.2548841978568,4,5
"5333",19.4683049278957,21.5360800554384,4,5
"5334",20.6110373057829,28.5499291000461,4,5
"5335",20.7515642514767,27.5282520263551,4,5
"5336",19.5717423109745,24.7955927933698,4,5
"5337",20.4765695739362,28.2620472159325,4,5
"5338",19.9252569658652,27.4773960175052,4,5
"5339",21.0619284963829,29.2579720922902,4,5
"5340",20.0653603351478,33.4291739026083,4,5
"5341",19.9806658731748,23.3298293606648,4,5
"5342",19.4972455222856,25.7970435084265,4,5
"5343",18.4238253513566,24.2098097356403,4,5
"5344",21.4495166349419,29.0697358883074,4,5
"5345",18.6903868916538,29.9241261191416,4,5
"5346",20.9021668569271,31.8286541350001,4,5
"5347",21.3682451070391,29.5507184159752,4,5
"5348",21.1887780262051,26.8597642204949,4,5
"5349",20.6128488970749,28.5841883113485,4,5
"5350",19.9961361096527,25.9571992855687,4,5
"5351",20.7648955123671,29.4562749532947,4,5
"5352",19.9042700099226,23.6816517028423,4,5
"5353",19.8757109578494,26.7639814341998,4,5
"5354",21.7884913755595,32.3366481254832,4,5
"5355",19.7413742802204,21.3924224555573,4,5
"5356",21.1617080109336,28.3852387183233,4,5
"5357",20.3542487036004,30.082944985827,4,5
"5358",22.6692659193903,31.3761349680604,4,5
"5359",20.78415894345,33.3856119438543,4,5
"5360",21.7692694749455,28.0987725674276,4,5
"5361",23.6904474069448,34.7331811740163,4,5
"5362",21.5895170033193,31.3628754517686,4,5
"5363",19.2303212555513,25.9947831470589,4,5
"5364",21.9823809520647,33.1246965245792,4,5
"5365",21.0826646000003,30.6990033338486,4,5
"5366",20.8249216555208,21.0689901186414,4,5
"5367",22.0813680155985,32.6471643690466,4,5
"5368",20.7361650017727,29.3865938231013,4,5
"5369",18.9087671361985,22.7138433453389,4,5
"5370",19.9016261143343,25.448203300548,4,5
"5371",20.2483467468738,25.8868118423519,4,5
"5372",19.4405680226228,26.4975508990506,4,5
"5373",20.2402307613524,27.8215392759952,4,5
"5374",22.0011412685196,27.5130129780051,4,5
"5375",21.867903123197,26.1601437424607,4,5
"5376",22.3644942570442,29.1601588687082,4,5
"5377",20.2488092794284,24.3408017340779,4,5
"5378",18.28663177169,20.6731606238904,4,5
"5379",19.0384542661341,22.4983248485363,4,5
"5380",19.673680912152,23.0875985180215,4,5
"5381",21.3012022705261,28.422690620004,4,5
"5382",25.5355313114429,37.4009613592348,4,5
"5383",20.6969008811473,27.2029405283447,4,5
"5384",19.8310034383954,24.4846960968979,4,5
"5385",23.2503866629613,34.6308912580973,4,5
"5386",23.9889878022737,33.4801974778477,4,5
"5387",22.7838840577949,31.1696213711019,4,5
"5388",21.0437767727362,25.9314812434829,4,5
"5389",22.0024279028836,27.8572669068886,4,5
"5390",21.9208549654318,31.1300226326334,4,5
"5391",19.4643298175501,26.858955903167,4,5
"5392",22.1318870180115,31.1867320515008,4,5
"5393",21.608431428793,31.1015048783745,4,5
"5394",21.1890553789261,32.1782865673007,4,5
"5395",22.0068224377638,31.7117510698135,4,5
"5396",20.1161706741453,25.4568342565346,4,5
"5397",20.7987074914028,29.8033163934588,4,5
"5398",20.6357609037603,25.1774454716295,4,5
"5399",19.2429120114374,24.9018406175348,4,5
"5400",20.6559512620573,28.4168398214184,4,5
"5401",21.0015729912059,26.2384198068275,4,5
"5402",21.732763647853,31.6075563868237,4,5
"5403",21.5518492768214,30.9829593747332,4,5
"5404",18.138375958718,20.2457884159052,4,5
"5405",21.2975738446488,29.7867579393827,4,5
"5406",19.0761833086345,24.831105093346,4,5
"5407",18.4402155316436,29.4881699582732,4,5
"5408",21.6727777139452,32.6327238605956,4,5
"5409",20.8819278339119,29.7934813040784,4,5
"5410",21.6202452128195,29.3606683119409,4,5
"5411",20.8456304081685,29.8203811248658,4,5
"5412",19.7751949436818,30.1134363866322,4,5
"5413",21.618024774049,27.1762594078286,4,5
"5414",19.5623332026188,25.9703985298892,4,5
"5415",20.8400644730534,29.5329262171849,4,5
"5416",21.2198565334439,26.2077189145717,4,5
"5417",20.0908466755057,32.8676439205107,4,5
"5418",24.379461554506,33.5667264635367,4,5
"5419",21.2194756241121,27.0426773413937,4,5
"5420",21.3904088674395,33.3452148097487,4,5
"5421",21.7369666055512,32.4141380184445,4,5
"5422",22.1057586938119,30.2164078433702,4,5
"5423",19.9028056380877,23.2052602054478,4,5
"5424",20.6009892445203,25.7887755087159,4,5
"5425",21.4745181173446,30.1947946825783,4,5
"5426",19.5345051675597,32.2988200759302,4,5
"5427",19.9515641145456,25.3966599023679,4,5
"5428",20.8316692824737,28.4659147190852,4,5
"5429",19.695246953233,22.8812424953148,4,5
"5430",20.4200388473449,29.3291588608609,4,5
"5431",20.0588814495029,24.3388502573408,4,5
"5432",20.8579523209469,24.105211681219,4,5
"5433",23.8910792119463,36.2958938690399,4,5
"5434",22.5413347018336,30.8042425299815,4,5
"5435",22.3246098876498,29.9028272466696,4,5
"5436",19.0504297662487,26.1903704418333,4,5
"5437",20.3347568000558,20.3148056986853,4,5
"5438",22.4353668218833,30.3822534058899,4,5
"5439",21.7164414511164,26.803817696946,4,5
"5440",17.7891050914319,23.8120415661226,4,5
"5441",20.5013596043406,30.9358291298007,4,5
"5442",23.000962190568,31.4381900893645,4,5
"5443",20.8318978177444,32.1493784758578,4,5
"5444",22.9827809271521,37.3692606716986,4,5
"5445",21.0663137660294,28.1106139066441,4,5
"5446",20.3592720433258,28.315312750918,4,5
"5447",21.3517291032056,32.6046335162747,4,5
"5448",19.785349383061,26.8980561469709,4,5
"5449",19.8048752342197,25.2640469827829,4,5
"5450",24.6547257636356,35.8325519976031,4,5
"5451",20.542644703278,28.1544393987622,4,5
"5452",22.2166135829415,29.9800271980051,4,5
"5453",21.9980062869437,33.3290960886481,4,5
"5454",23.247577203975,32.0848871798892,4,5
"5455",22.6068563544639,25.5107493768277,4,5
"5456",18.4624910087612,19.0554986462584,4,5
"5457",21.290669809507,28.7162318927645,4,5
"5458",20.6498062415003,29.3577335050562,4,5
"5459",22.6105034991054,29.3761033479644,4,5
"5460",19.9668140247343,27.7054786509285,4,5
"5461",22.2115843418735,27.6601389760002,4,5
"5462",20.5997843308067,27.2013520136813,4,5
"5463",22.5651038472076,27.4326246366649,4,5
"5464",22.3458695510665,32.9043398353555,4,5
"5465",20.0845605003368,25.9580697672933,4,5
"5466",20.5666629979808,27.506792940483,4,5
"5467",18.7680867903165,21.0673530450457,4,5
"5468",19.8970074337655,27.9462913381709,4,5
"5469",22.7073359173099,32.1813005669092,4,5
"5470",20.1728738892778,27.2679516603717,4,5
"5471",23.5277750702584,38.2216830641887,4,5
"5472",21.152459855761,29.985790159617,4,5
"5473",21.2265992834503,31.5729370830596,4,5
"5474",23.7125559952334,34.2617170315586,4,5
"5475",19.4959867236779,24.7864987118925,4,5
"5476",22.0236056079613,32.9696474206409,4,5
"5477",22.1585056115905,27.7491953182505,4,5
"5478",22.3842329716828,34.2706396612908,4,5
"5479",22.1826290137737,27.7535306921025,4,5
"5480",23.3570666044777,30.9775921646532,4,5
"5481",20.309685689104,29.7472634216788,4,5
"5482",21.8963828575074,26.5039463111859,4,5
"5483",21.3302668407413,28.7473140600808,4,5
"5484",25.0350663852847,32.8745340959126,4,5
"5485",21.5340726466889,33.6943127639802,4,5
"5486",20.2242389618428,30.0976016192816,4,5
"5487",21.2741559403413,27.4972723868254,4,5
"5488",22.5974697003445,36.399218004768,4,5
"5489",21.0343422577746,25.8391676617924,4,5
"5490",20.3291149911042,25.8616614614541,4,5
"5491",19.2835090458278,27.9313906172232,4,5
"5492",22.1457896752415,35.3287847395532,4,5
"5493",21.895429330504,24.905935625921,4,5
"5494",20.7319259754015,26.7128256121607,4,5
"5495",22.3592519811095,28.6476314333655,4,5
"5496",19.5992881846333,26.8308523117447,4,5
"5497",18.2289905050549,23.6690444278631,4,5
"5498",20.282351892816,31.1236413358797,4,5
"5499",19.3471998950678,25.046964123184,4,5
"5500",22.4105190488976,28.6056069419517,4,5
"5501",20.162403124339,27.0868300470645,4,5
"5502",20.4239073120983,23.6397427993022,4,5
"5503",22.0399415371093,30.0608261905734,4,5
"5504",18.6186117170998,25.3968215046311,4,5
"5505",21.26962909818,26.1319188045192,4,5
"5506",21.1080978488647,26.0207295921864,4,5
"5507",22.7955886650795,34.9788433430025,4,5
"5508",23.4967806601747,33.3482751437483,4,5
"5509",21.0089787833253,37.8509766692577,4,5
"5510",20.7088579402958,30.65264313358,4,5
"5511",19.9135656609971,27.7621092288991,4,5
"5512",19.9057227026626,26.4238908677562,4,5
"5513",20.8439870208962,30.3278617507295,4,5
"5514",19.4382022113185,22.7542285845477,4,5
"5515",20.9810432023365,32.0280966343404,4,5
"5516",21.0471797598963,32.2496715795471,4,5
"5517",20.9032226528639,30.094080635661,4,5
"5518",20.4313156204036,25.5674618597746,4,5
"5519",20.9444441857687,24.9066763856851,4,5
"5520",21.383788902821,35.6996622691125,4,5
"5521",17.8539520744786,20.2227768818613,4,5
"5522",20.5474369394693,24.7293246024864,4,5
"5523",21.5542911789189,32.9997067762999,4,5
"5524",22.3658272956545,28.9521820958587,4,5
"5525",20.5929849208863,26.4706155786709,4,5
"5526",20.3487032044154,30.3972390432575,4,5
"5527",20.3547334295472,25.9041391479069,4,5
"5528",22.5395712951322,27.2433801189301,4,5
"5529",20.9856702478336,25.9697173984621,4,5
"5530",18.0856516683837,27.5029641145785,4,5
"5531",20.1721496417902,26.573723898483,4,5
"5532",22.4739071324385,30.6590230036032,4,5
"5533",22.2360414296454,30.0563127260498,4,5
"5534",20.598318395795,27.7749549485191,4,5
"5535",19.4489511086219,26.2768182448072,4,5
"5536",19.4713811561915,23.1707002751428,4,5
"5537",20.3312884325952,31.2039962444866,4,5
"5538",21.6987287272178,32.121981655663,4,5
"5539",21.0414771171828,28.0892974752049,4,5
"5540",21.1183065350429,27.932590907412,4,5
"5541",18.1760174754958,27.3209523088238,4,5
"5542",22.8252016000869,31.0666712924633,4,5
"5543",19.8579888675573,24.3972248012021,4,5
"5544",20.3785447544565,28.2914972777883,4,5
"5545",21.5627687156409,33.2622498558935,4,5
"5546",19.9590410668969,28.1161468198705,4,5
"5547",20.1707271757431,25.7665039289063,4,5
"5548",24.0329002971553,32.8110911856857,4,5
"5549",23.0547587879877,33.6977356375254,4,5
"5550",19.723785173613,24.6679528950193,4,5
"5551",18.7876110622862,23.1599891725398,4,5
"5552",20.8489931519382,26.3051092760759,4,5
"5553",20.0835067221447,32.1497660579834,4,5
"5554",22.052647643459,29.3468735521345,4,5
"5555",24.1977518544855,36.1709303499532,4,5
"5556",21.7869510371686,29.9743389940819,4,5
"5557",20.4525006381681,24.0251698730182,4,5
"5558",19.4511123676808,25.7033846571224,4,5
"5559",19.221464605727,25.8462126074475,4,5
"5560",22.8895045540832,35.272384632877,4,5
"5561",21.7811744690149,32.7338290306191,4,5
"5562",23.0654558651452,35.8305085075006,4,5
"5563",20.3120633982446,29.9448587779772,4,5
"5564",18.4397528769736,23.2656307996637,4,5
"5565",21.2580644963903,28.4727877947852,4,5
"5566",20.9780832673495,26.5441700302571,4,5
"5567",22.4239272374745,33.8510389965448,4,5
"5568",21.8117657009064,27.6007897951403,4,5
"5569",20.8956043874624,27.1320940252474,4,5
"5570",21.6059623236645,29.124181939371,4,5
"5571",21.9880118170376,28.2295311119258,4,5
"5572",22.2970631054479,25.2094139234767,4,5
"5573",21.3836193863845,33.5055689836873,4,5
"5574",20.5025938959152,24.9691374619129,4,5
"5575",19.1021664300083,24.7589440250379,4,5
"5576",20.8798469749611,29.6140400684524,4,5
"5577",18.7768397902679,28.8372601461817,4,5
"5578",21.776310907085,30.1888177677156,4,5
"5579",21.6902091235135,30.470845240671,4,5
"5580",21.1217847511675,28.5417019752538,4,5
"5581",20.5849947699039,22.0035805061853,4,5
"5582",20.745927701632,23.9199208462036,4,5
"5583",20.146409209791,28.5295062976991,4,5
"5584",24.950874548743,40.0125334641385,4,5
"5585",18.3240866441313,19.3804063417364,4,5
"5586",21.0024619732709,32.3510744292951,4,5
"5587",23.7767125450006,40.7594090947545,4,5
"5588",22.1448248632369,34.3769952090037,4,5
"5589",17.6041926652628,21.8960712524895,4,5
"5590",22.0785307489559,33.1360528339869,4,5
"5591",19.6977438995209,25.3566307295525,4,5
"5592",19.1909412659951,24.1508976378866,4,5
"5593",18.6083010159773,22.9500164527375,4,5
"5594",20.4507478312977,27.1651197781886,4,5
"5595",19.2769273618395,21.0955983053377,4,5
"5596",20.5238415434488,26.3600431729654,4,5
"5597",24.2470074349076,35.5620379345721,4,5
"5598",18.7880652154348,28.957563167324,4,5
"5599",20.6316146905305,27.5435772307576,4,5
"5600",20.4370341104491,27.5572826355452,4,5
"5601",21.401524135978,27.1145761059307,4,5
"5602",20.742051022591,29.9576770182952,4,5
"5603",23.9999098919462,30.1491752338131,4,5
"5604",20.9356752330347,25.3852535406829,4,5
"5605",19.9897985608562,24.9300147908255,4,5
"5606",20.5928332993904,30.0270124470885,4,5
"5607",16.9050124794766,17.7715015488714,4,5
"5608",21.6707307668935,30.271909567534,4,5
"5609",22.1838776488299,27.3584893745595,4,5
"5610",22.2825189392702,34.4351635797073,4,5
"5611",21.7683176771444,28.9239156480897,4,5
"5612",19.7839391135367,25.1128526021237,4,5
"5613",21.2460621162682,33.4602821934239,4,5
"5614",23.5362455249416,33.4271569219464,4,5
"5615",25.794568910441,36.2124983048315,4,5
"5616",19.9223355934986,24.1404474789416,4,5
"5617",17.5119595658231,22.4743460811379,4,5
"5618",21.0438359574021,36.2480438006507,4,5
"5619",20.554562964445,28.697136590104,4,5
"5620",21.8051947960119,31.5612927451456,4,5
"5621",20.8812205655159,30.8591115370459,4,5
"5622",19.7177801201087,27.4813994442901,4,5
"5623",20.3240208196681,23.5853400112627,4,5
"5624",21.4114325902477,33.8766441233993,4,5
"5625",21.7987012092706,27.4312301763215,4,5
"5626",20.9979921298622,31.5350182393186,4,5
"5627",20.6229077059256,29.2613844143833,4,5
"5628",19.7147838310098,26.7720623576333,4,5
"5629",21.5429230726459,30.5790428614775,4,5
"5630",21.1330363697339,28.8124110683315,4,5
"5631",21.8792613389112,35.0473266141992,4,5
"5632",21.2969212041134,32.0225294059119,4,5
"5633",21.2259084153519,29.6321728056795,4,5
"5634",20.5692059923525,29.0912658824177,4,5
"5635",20.2423558159752,24.7660233833838,4,5
"5636",22.2872303575914,32.2985842601195,4,5
"5637",19.681138490297,28.7981466329913,4,5
"5638",21.427014095779,30.2395083946128,4,5
"5639",20.6872317265992,28.3516786157265,4,5
"5640",17.5533993514362,28.0663475433162,4,5
"5641",20.0725099266315,26.9748875523805,4,5
"5642",19.4215397086584,31.2171088568762,4,5
"5643",21.7064156307006,25.7230558442453,4,5
"5644",20.2455119667869,23.449659470921,4,5
"5645",21.0661420618713,27.4281985691927,4,5
"5646",19.9382403472988,24.6489670001934,4,5
"5647",21.012751478304,28.3342383187534,4,5
"5648",20.6672751120748,23.5832031436233,4,5
"5649",21.2157183952954,27.2189162118308,4,5
"5650",22.2354902064104,34.521946079313,4,5
"5651",18.7945971109889,23.8213998138375,4,5
"5652",20.9768497289309,25.7454963916607,4,5
"5653",20.8034545615972,28.5896195501111,4,5
"5654",21.5422134763198,29.4985385426479,4,5
"5655",22.1973763565561,32.4894936439928,4,5
"5656",22.1599988199046,28.9929631043581,4,5
"5657",21.7855257305764,29.4033600664171,4,5
"5658",21.1555522957496,31.7368181881408,4,5
"5659",20.5735600417003,27.0483686127331,4,5
"5660",21.343420637342,26.0689042407497,4,5
"5661",19.762610685643,25.8749773758524,4,5
"5662",19.7569011301193,22.6689774053593,4,5
"5663",24.0458746721312,33.4757980991665,4,5
"5664",21.8810872546359,30.1364835124493,4,5
"5665",20.517998450858,29.7706092512388,4,5
"5666",20.8168929929358,32.3692210639364,4,5
"5667",20.6927380917799,29.166358057641,4,5
"5668",19.8294828054404,25.3638153986451,4,5
"5669",20.5730736515417,27.17498916429,4,5
"5670",19.890970144703,30.2143692942483,4,5
"5671",19.0952791028812,23.1987336569965,4,5
"5672",19.387407104239,25.9403324983176,4,5
"5673",22.7461743466412,35.3266733464834,4,5
"5674",20.5559793491501,28.2623566652256,4,5
"5675",20.1279911550828,27.0926297933371,4,5
"5676",19.4583430262745,27.7103317179446,4,5
"5677",21.3980007728153,27.8854898763705,4,5
"5678",21.1883566153951,21.8737288435592,4,5
"5679",21.0968738994007,25.5579268910664,4,5
"5680",19.6684054824969,25.4980188960519,4,5
"5681",20.3189327937671,31.0621957204598,4,5
"5682",19.5946023904825,25.4754671427921,4,5
"5683",20.8288917743787,34.1803991366657,4,5
"5684",20.2827313409252,30.2225166245705,4,5
"5685",20.6669419145574,33.2369774741848,4,5
"5686",21.3068821217754,27.9138721410815,4,5
"5687",20.5063775075212,25.9240776185662,4,5
"5688",22.4954712692661,33.337122720643,4,5
"5689",19.1637358952257,24.8541963022776,4,5
"5690",24.0372424461516,38.8220033942928,4,5
"5691",23.1091672469834,33.2125125083036,4,5
"5692",23.2389841116157,38.4987744390849,4,5
"5693",20.4581829158942,26.2347021744041,4,5
"5694",20.4441286713578,26.8818944073919,4,5
"5695",21.2832137395162,29.8780878485794,4,5
"5696",22.2387220968943,27.0071392917115,4,5
"5697",19.4113225510298,24.9447587003468,4,5
"5698",22.0415705824807,29.578429694653,4,5
"5699",22.7848343285935,35.2054583054192,4,5
"5700",21.0730937725232,28.1003909781508,4,5
"5701",19.681650258879,29.2159420001596,4,5
"5702",19.8266410212964,28.4329878348765,4,5
"5703",20.8617173888697,32.3463880871581,4,5
"5704",22.9335498540376,30.3846678485432,4,5
"5705",22.8253952659198,31.5930698898507,4,5
"5706",22.9286088323339,31.4393188061766,4,5
"5707",18.7847041955995,25.8225808025309,4,5
"5708",19.8197115735874,28.8572177035541,4,5
"5709",20.5435269052035,32.0243394356875,4,5
"5710",22.7278270325748,29.3352712367327,4,5
"5711",20.0252718598023,29.6715259086441,4,5
"5712",21.879253691353,34.7952776897281,4,5
"5713",20.0868601727144,26.6050823053421,4,5
"5714",21.4010384497498,28.4616672665865,4,5
"5715",19.2072899869609,24.4352695203955,4,5
"5716",19.808016065857,28.8583439758818,4,5
"5717",18.1326939329845,22.548702167937,4,5
"5718",21.4025603457979,31.0835923902126,4,5
"5719",21.2225418382017,30.3930640669061,4,5
"5720",21.2967700508152,26.3242505038896,4,5
"5721",19.9956618278102,29.2340272714375,4,5
"5722",20.6281230675899,28.5993895432351,4,5
"5723",21.3872824947439,30.0828990462401,4,5
"5724",21.9965684817691,33.16271252456,4,5
"5725",21.0527312986658,29.2599418651867,4,5
"5726",23.6813090618446,36.0737739541499,4,5
"5727",19.0819253625648,28.1489313493132,4,5
"5728",20.8124758990522,24.4855702477242,4,5
"5729",20.8491271710678,29.73552590049,4,5
"5730",19.3955765847689,26.3801434844,4,5
"5731",22.8550440020117,30.7528188811874,4,5
"5732",22.053027476622,30.3060078529214,4,5
"5733",19.9390420008712,24.5625595851328,4,5
"5734",23.5610721666951,31.9265279579353,4,5
"5735",21.5624741965378,29.6549862745807,4,5
"5736",19.046521285674,20.6956834644122,4,5
"5737",21.59028177126,29.7258185259241,4,5
"5738",19.8265120048146,28.2343542628,4,5
"5739",21.5118413986466,31.9142995410602,4,5
"5740",23.0494148142277,26.919616830816,4,5
"5741",18.7792501526066,28.6342602760939,4,5
"5742",22.1295412186817,32.410017249044,4,5
"5743",22.3308260149649,33.3902995596794,4,5
"5744",19.6949959205204,25.5871411133675,4,5
"5745",17.2427700034276,22.3384571270223,4,5
"5746",22.3793040086322,31.3149619373369,4,5
"5747",20.2591956396771,26.4021770318753,4,5
"5748",18.1179409504448,22.1525980654058,4,5
"5749",17.4499090746612,17.7926409278879,4,5
"5750",21.2752452097933,30.4446494620935,4,5
"5751",21.2458695152093,29.5744580047058,4,5
"5752",18.6868882673925,20.1980978662024,4,5
"5753",22.8189387499134,29.208306957816,4,5
"5754",17.862247204083,24.2327625167712,4,5
"5755",22.4100014413901,26.8079630439563,4,5
"5756",20.7605564104435,26.0917747491011,4,5
"5757",22.7041152313195,27.994817435133,4,5
"5758",21.8450187191387,30.9071622410625,4,5
"5759",20.4836140433638,31.9316272077069,4,5
"5760",20.3346894172535,29.4927146834222,4,5
"5761",21.50071782651,34.7236352290728,4,5
"5762",22.239154193545,26.8116222147023,4,5
"5763",20.6840035510588,29.5849921249787,4,5
"5764",22.1276723516212,32.9193788702608,4,5
"5765",18.9212110468165,28.7751417107365,4,5
"5766",21.3859172687658,29.9849208597985,4,5
"5767",21.2113367644406,26.6478527533357,4,5
"5768",17.7461633735902,20.4910315519549,4,5
"5769",17.6480510936465,25.2815399198077,4,5
"5770",20.9587508462421,28.9765050391505,4,5
"5771",20.2846647721965,26.2310910672709,4,5
"5772",21.1278483394225,33.3082896136164,4,5
"5773",18.5810530654137,23.1212729440744,4,5
"5774",17.4517726273807,18.2366886267591,4,5
"5775",21.9982480643922,33.2086752760126,4,5
"5776",20.0846994361949,29.1264068093641,4,5
"5777",23.1260963595936,33.3176334272394,4,5
"5778",20.978239744027,30.4507900865481,4,5
"5779",19.243164607852,30.3374089038214,4,5
"5780",21.1009707054716,27.9229474422352,4,5
"5781",18.3169581636599,26.1252710784242,4,5
"5782",21.5629707433599,30.4895911862642,4,5
"5783",22.962994478206,36.2247853097216,4,5
"5784",26.6222516603195,38.5948684001281,4,5
"5785",22.3411332212808,30.8784696739251,4,5
"5786",22.1792392170185,30.2352390118166,4,5
"5787",21.3810887384802,23.5503328506887,4,5
"5788",21.4366669346088,30.4995302843468,4,5
"5789",19.9540177869167,26.7965495419028,4,5
"5790",18.7442557288157,23.1852431188427,4,5
"5791",21.1941681843725,30.2598529116866,4,5
"5792",19.8251262695895,23.0747435918974,4,5
"5793",20.9513727587414,36.2744582974242,4,5
"5794",20.1548229069258,26.6686403794371,4,5
"5795",20.6194373627446,27.3430063070417,4,5
"5796",18.6297860105067,28.5324221377087,4,5
"5797",19.1293512151812,21.4703961670804,4,5
"5798",20.490504419044,25.7939899144763,4,5
"5799",21.1050229880948,31.8003298303247,4,5
"5800",22.337528727198,29.8264818235273,4,5
"5801",20.6848490937731,33.1702238751577,4,5
"5802",20.1880228153742,28.3723554149153,4,5
"5803",21.8408016944106,30.0465288200775,4,5
"5804",17.6030419901712,19.4456634544999,4,5
"5805",22.5619078235915,33.3766997878464,4,5
"5806",23.6624094721255,34.6481512384915,4,5
"5807",21.4340476908427,29.8439534271473,4,5
"5808",16.7788458003836,19.0231587499312,4,5
"5809",20.5082769557437,26.7662652206032,4,5
"5810",23.7917902036388,39.1367681255905,4,5
"5811",21.4858233407911,23.7488296410873,4,5
"5812",19.7643559651875,28.0794578635077,4,5
"5813",19.4386974956805,28.2884424233515,4,5
"5814",20.7029213712536,30.3361524853679,4,5
"5815",22.6278608667447,32.809135686932,4,5
"5816",19.8279924447651,32.0698668190435,4,5
"5817",19.924605910487,31.2995476168558,4,5
"5818",20.8425393990064,29.232696548368,4,5
"5819",20.455080475575,23.9618675769704,4,5
"5820",23.2239662400563,34.9224322095756,4,5
"5821",24.3133023655884,33.9184936162207,4,5
"5822",20.8230446150232,22.7881608466348,4,5
"5823",20.4898308066559,26.3341770809212,4,5
"5824",22.0417899573153,30.692021737935,4,5
"5825",20.7012202762681,27.7221443970946,4,5
"5826",21.0759657749451,24.9794600622435,4,5
"5827",19.3802583979658,25.6474861257428,4,5
"5828",19.9109030876697,23.2362698180695,4,5
"5829",22.8189931849945,35.9646231854727,4,5
"5830",18.3035022630235,21.4699936612356,4,5
"5831",21.945216514203,30.6458474955315,4,5
"5832",19.487836810889,23.6398361684175,4,5
"5833",19.1878723219916,29.7881313237861,4,5
"5834",21.3761268168429,28.7897232442721,4,5
"5835",20.9286360305137,28.0044091975966,4,5
"5836",21.762271125028,25.9187217851398,4,5
"5837",21.586090693212,26.8449500537741,4,5
"5838",19.6409227272638,25.9085311527947,4,5
"5839",21.2075249364165,34.8848989220075,4,5
"5840",21.5816920391811,28.5341537755317,4,5
"5841",23.1369920243505,35.2797264186338,4,5
"5842",19.7829046553993,27.0034731864799,4,5
"5843",21.7628894760631,30.3249778421052,4,5
"5844",20.4155439510229,25.9355260523976,4,5
"5845",23.0380298092994,30.8010111460636,4,5
"5846",19.3618537045695,25.8747805073588,4,5
"5847",22.8114835569977,30.4659814575083,4,5
"5848",20.0477431301595,28.2448988145685,4,5
"5849",22.0306014636658,29.3187872493643,4,5
"5850",21.515273065191,32.7801825046081,4,5
"5851",22.759686911176,30.7363956125132,4,5
"5852",23.5325644858048,34.2401467555633,4,5
"5853",22.4134489498633,28.7663097071591,4,5
"5854",21.6211765193945,30.115464141992,4,5
"5855",19.6139755836084,23.6973301595863,4,5
"5856",19.015997063143,22.137144951197,4,5
"5857",20.8446192334951,29.9258483698396,4,5
"5858",22.1789982816846,33.4484604344783,4,5
"5859",21.222876102383,33.0384451958847,4,5
"5860",22.307961846896,32.3380365915485,4,5
"5861",19.7924537706587,28.2952145185693,4,5
"5862",17.0711097029564,16.5558492395255,4,5
"5863",23.4300886579108,32.4002742343199,4,5
"5864",17.9741041733331,27.501002498259,4,5
"5865",20.743287145755,26.9495350349265,4,5
"5866",21.5338153199298,28.7151688188567,4,5
"5867",22.0790902390862,29.0750845896595,4,5
"5868",21.1693501655161,32.9363307148429,4,5
"5869",19.2970394642277,24.496328519422,4,5
"5870",21.1479054097389,32.2237759857021,4,5
"5871",19.5309733027239,23.2472431850743,4,5
"5872",19.1841285589535,20.5669955328288,4,5
"5873",19.4879731945441,24.4110742234699,4,5
"5874",20.3175411254801,27.6966360232268,4,5
"5875",22.7029411363413,26.8819317251348,4,5
"5876",23.3509983352482,30.3310875934121,4,5
"5877",21.1454564565342,31.6558435276789,4,5
"5878",21.3305959865396,30.4993987813283,4,5
"5879",22.1804627851824,31.5399629182857,4,5
"5880",23.5148611481283,30.5440425249435,4,5
"5881",21.469839186804,30.3638527586237,4,5
"5882",22.3666350957887,34.0407627812574,4,5
"5883",20.8277793005619,27.0857140259767,4,5
"5884",21.0300290678292,31.4135508640748,4,5
"5885",21.5643991039343,32.1591052841286,4,5
"5886",21.1429164009814,35.5066846036875,4,5
"5887",23.4947810928235,35.1258502725891,4,5
"5888",21.2847341405731,27.398495025131,4,5
"5889",18.8008808113276,28.0463538546658,4,5
"5890",23.13981608365,26.8329276461958,4,5
"5891",21.4437785527451,27.152401575724,4,5
"5892",21.1268207347483,29.249779154369,4,5
"5893",19.3164552915927,23.5402589685835,4,5
"5894",20.2204633815211,30.2540719276672,4,5
"5895",18.3737805457303,26.4066207091991,4,5
"5896",20.6511365214918,30.5912808766747,4,5
"5897",21.1679022237416,25.3984276727788,4,5
"5898",22.6599254955684,33.0895247321044,4,5
"5899",17.7587998401613,24.8881167360201,4,5
"5900",21.0373581608684,20.6668596602354,4,5
"5901",20.7616646517979,24.7508781818638,4,5
"5902",21.1479797471127,29.2683279490944,4,5
"5903",22.8879778128243,36.089057274281,4,5
"5904",22.3889946282953,35.0195937953153,4,5
"5905",20.989607405697,29.4778926359975,4,5
"5906",20.1856706866602,25.0546630165277,4,5
"5907",20.5531020307298,30.4899774683136,4,5
"5908",21.547914113853,32.5088635016493,4,5
"5909",20.9817930348392,32.5865115442661,4,5
"5910",20.8091331359689,30.7984454719268,4,5
"5911",20.7960652036901,26.9904518162742,4,5
"5912",21.8051428579449,31.3992643206708,4,5
"5913",20.7202187401992,31.8350008107001,4,5
"5914",17.5729232637388,21.8149303146088,4,5
"5915",20.7879560302011,25.9847332439179,4,5
"5916",23.338794216151,27.9746362863537,4,5
"5917",21.852282778456,31.8323489288595,4,5
"5918",23.2674438852943,30.4787890649926,4,5
"5919",23.104456681543,33.9909861985728,4,5
"5920",21.9048697336443,31.2317531854434,4,5
"5921",22.3019483071076,29.8279749214712,4,5
"5922",20.3793447405216,31.4592413965608,4,5
"5923",20.8715812073958,28.6790563031871,4,5
"5924",22.7292378350901,27.4642285395118,4,5
"5925",21.8636676146056,25.6782598443452,4,5
"5926",23.0642448901481,35.5897730186803,4,5
"5927",19.2637786520234,24.2655821394659,4,5
"5928",20.6034139627119,28.1199976207876,4,5
"5929",22.7779952728034,30.439698561119,4,5
"5930",21.2581099252862,33.3686937810478,4,5
"5931",20.0817942657636,27.6545676574332,4,5
"5932",19.9780439228661,29.3028685433317,4,5
"5933",22.7525502754787,30.1902317240672,4,5
"5934",18.540372316462,26.5204952692195,4,5
"5935",23.4578147401244,32.3325420690454,4,5
"5936",19.1201230559308,22.8890222512967,4,5
"5937",22.6346947201296,32.6905821412468,4,5
"5938",22.4267726409193,35.2773199235697,4,5
"5939",20.3790587816829,19.4826394290032,4,5
"5940",20.1228938619391,30.8806189489267,4,5
"5941",20.5535795787444,29.8388568417216,4,5
"5942",23.4830398644107,31.0521045397984,4,5
"5943",20.922310362961,31.1888512822202,4,5
"5944",20.7118207204774,27.6940509744045,4,5
"5945",21.8499730540347,27.8809040516364,4,5
"5946",24.0675511364562,32.1183001364136,4,5
"5947",21.0297675051267,26.9287928663136,4,5
"5948",22.1803234173165,28.4289228115826,4,5
"5949",23.384684560129,34.5581575488694,4,5
"5950",19.0692322215597,28.2175714912463,4,5
"5951",18.5910627867256,23.1938980102716,4,5
"5952",20.3350644454919,24.9609715570634,4,5
"5953",18.9093557571033,26.5473299767518,4,5
"5954",23.4876951973845,32.2624225271719,4,5
"5955",21.8773928721231,30.6661847598976,4,5
"5956",20.3796367096178,31.4330266384074,4,5
"5957",20.2275478355371,32.5413054834104,4,5
"5958",23.0353057472308,31.2314255034725,4,5
"5959",22.3353770962853,34.4807666625759,4,5
"5960",21.9153365266471,30.3408646766573,4,5
"5961",23.6020495042792,30.711920988635,4,5
"5962",19.4130618698819,26.2080172722933,4,5
"5963",23.3602277747694,29.8743402260419,4,5
"5964",17.8374024892807,18.9401341710809,4,5
"5965",21.5826665194757,34.2803148326174,4,5
"5966",22.5323363931967,32.6685462149546,4,5
"5967",23.95423799731,42.4717301951257,4,5
"5968",21.3791720027007,34.0612815501091,4,5
"5969",21.7944757493435,34.8189954483279,4,5
"5970",20.3708002708013,27.1191374423503,4,5
"5971",18.9752389155986,23.6375112811423,4,5
"5972",20.1519771664382,31.0535848995497,4,5
"5973",18.991675250037,22.4079508474997,4,5
"5974",22.5292319994226,30.3602403248651,4,5
"5975",21.3873592591852,25.7935097000717,4,5
"5976",22.7228693250342,31.895140733881,4,5
"5977",19.4960643246154,25.0851054212832,4,5
"5978",21.2150321214654,32.0011231736641,4,5
"5979",20.9522541454044,31.3795602822097,4,5
"5980",20.2783570729234,23.10974023835,4,5
"5981",20.9472290705732,31.0478636898342,4,5
"5982",26.8746579742272,39.9125277664335,4,5
"5983",21.6039213885829,31.524904590467,4,5
"5984",21.6159644619664,34.9508653589404,4,5
"5985",22.5335235130093,33.1046267059847,4,5
"5986",21.3904162622558,29.300147662198,4,5
"5987",24.9825445134213,29.5239049660905,4,5
"5988",22.1671495883394,34.3780224519947,4,5
"5989",21.1366777740946,30.3323880741583,4,5
"5990",18.6617368525563,27.5159786428948,4,5
"5991",20.6322005800929,26.1238292377398,4,5
"5992",19.9969623357825,23.8760679509867,4,5
"5993",22.2120708067304,32.1673608057279,4,5
"5994",21.6960400416078,34.7470631205303,4,5
"5995",21.4164729485587,27.4410327956014,4,5
"5996",20.2640752045678,27.7706363109058,4,5
"5997",19.5274440220066,21.4769267705166,4,5
"5998",21.9205895419929,31.9471098092077,4,5
"5999",24.8643179913638,36.6999703032353,4,5
"6000",21.1254016614434,28.6422549406165,4,5
