"X1","X2","component","subcomponent"
"5001",6.6366221341115,15.4102943183803,8,6
"5002",4.67649515531009,17.5275009440848,8,6
"5003",8.45108333823409,20.8471172408816,8,6
"5004",6.94068611375568,24.876414570193,8,6
"5005",3.87616842472063,16.5455221550576,8,6
"5006",5.93071223973395,21.5221561004239,8,6
"5007",8.02136309789044,24.2244868680463,8,6
"5008",7.38961455862194,21.7971584189019,8,6
"5009",8.08764400476829,24.5787574186934,8,6
"5010",6.6251651229669,24.05086818828,8,6
"5011",6.23489642308946,23.429601130121,8,6
"5012",9.84963121961832,26.2980963645681,8,6
"5013",3.34589706790899,12.9691173361051,8,6
"5014",7.97011148570915,21.4624466288314,8,6
"5015",5.35564119910639,19.5641970954964,8,6
"5016",8.92247882696361,21.4295167447025,8,6
"5017",7.17487520209315,25.8525021608265,8,6
"5018",8.88334926646887,21.0428393880121,8,6
"5019",9.43468608028185,22.0189999445426,8,6
"5020",7.31103740803501,22.7648411091212,8,6
"5021",12.1062225911853,32.7204005840131,8,6
"5022",7.92734869022703,26.0006237902407,8,6
"5023",9.78086500627374,31.0470144309274,8,6
"5024",9.9414502697955,22.5427523817727,8,6
"5025",8.26579329867026,22.6999100986286,8,6
"5026",9.15562693986559,23.4010077380905,8,6
"5027",10.9591715211432,27.6071936554498,8,6
"5028",8.54419227087644,20.7406907848052,8,6
"5029",12.0342019405709,25.0282987592229,8,6
"5030",8.51493314018913,27.135715878196,8,6
"5031",5.99333729606767,24.6048992103879,8,6
"5032",8.54355306124246,22.8453989483343,8,6
"5033",3.99653880974736,21.275862491993,8,6
"5034",6.78090681108988,18.494712826289,8,6
"5035",9.92344857417022,22.1238687933999,8,6
"5036",9.81770815539777,25.2663816230047,8,6
"5037",6.11156161403943,15.7215653431422,8,6
"5038",6.41677879261138,17.6757963573777,8,6
"5039",10.005461268719,28.6324924756711,8,6
"5040",5.05433669538382,20.4188320218828,8,6
"5041",8.8196125870776,27.7909730485503,8,6
"5042",8.761631518522,22.9735807236693,8,6
"5043",5.93411867054352,19.4300444966308,8,6
"5044",11.524887867253,19.7103000035898,8,6
"5045",9.2072258277797,25.4682159252347,8,6
"5046",7.28973035128845,18.0547362702616,8,6
"5047",10.3373981380328,24.2120769991523,8,6
"5048",7.54893179633293,22.6817232296424,8,6
"5049",9.55419640593956,30.1349765764627,8,6
"5050",8.76905318929105,23.7979301984884,8,6
"5051",11.7614233252219,32.1624430299867,8,6
"5052",7.60416258715712,25.7564391224585,8,6
"5053",6.96086997779041,21.6125591550822,8,6
"5054",4.58012107240561,19.0592605670123,8,6
"5055",6.45443600505542,23.5416194417343,8,6
"5056",8.59353066606579,20.2485129164873,8,6
"5057",9.76163425684557,19.6226563259964,8,6
"5058",6.14212527313875,24.7843326282268,8,6
"5059",9.78803796724912,25.6599134855652,8,6
"5060",7.35618527900605,22.5496856740711,8,6
"5061",10.7039394757778,23.0346102053723,8,6
"5062",7.54051171714477,19.5723076276244,8,6
"5063",9.10881788173551,27.9595042514209,8,6
"5064",5.0793647090898,21.2243024795356,8,6
"5065",9.46925125588096,22.7078102870094,8,6
"5066",7.0176615195976,22.2623053207261,8,6
"5067",8.23370250883625,20.7937417656124,8,6
"5068",7.05766142263496,21.923157035932,8,6
"5069",10.0731345528826,19.6726727287263,8,6
"5070",9.58110662587728,25.4702238188938,8,6
"5071",10.5643475524278,25.1640611175631,8,6
"5072",10.8385840369512,27.0619380537303,8,6
"5073",6.04882186906765,23.6058829524904,8,6
"5074",6.49160910186962,23.3213620263426,8,6
"5075",9.65485952261141,21.6862879294836,8,6
"5076",6.68248276106881,24.9349452562857,8,6
"5077",11.8244344445736,31.7749482162763,8,6
"5078",6.86169076846481,25.6948324253985,8,6
"5079",6.84341981073763,21.7677034392014,8,6
"5080",8.96592917217945,25.4458880054586,8,6
"5081",10.6052501548579,29.0293442754137,8,6
"5082",8.87933543683951,26.7773531873343,8,6
"5083",8.8571857156763,19.2282435081168,8,6
"5084",10.315516352877,28.6250354037842,8,6
"5085",10.3488396895444,27.1980576207577,8,6
"5086",6.74711855034103,15.7582273958086,8,6
"5087",5.35128972261298,17.45512220891,8,6
"5088",7.54420501785888,21.0855552060717,8,6
"5089",8.95040087931959,25.3920743036946,8,6
"5090",8.25225204865128,20.310472406004,8,6
"5091",8.61362473665904,20.4285438866726,8,6
"5092",8.66651014388215,23.6995403608737,8,6
"5093",9.31938798709457,24.2086819043363,8,6
"5094",10.5478160864117,29.6763159875118,8,6
"5095",5.78240606690107,23.6325928391927,8,6
"5096",8.65083209790489,26.2241767842095,8,6
"5097",11.7524595391583,28.2016135291876,8,6
"5098",6.26163341251011,21.8642439755574,8,6
"5099",8.4011479120254,21.4792629236687,8,6
"5100",8.42891267933442,28.4923020813158,8,6
"5101",6.92679970775322,20.1488633832946,8,6
"5102",9.60871089133557,17.8395998542138,8,6
"5103",7.30096821687055,19.0849574186778,8,6
"5104",7.55767975470494,23.0657831647812,8,6
"5105",8.9338032188671,23.4392915733359,8,6
"5106",4.69991293600672,16.5473923188543,8,6
"5107",7.95884033349844,25.6070945626671,8,6
"5108",6.41287821074435,16.9771606567357,8,6
"5109",10.4236472056782,26.5714404504145,8,6
"5110",6.60239908215485,21.4152413740495,8,6
"5111",7.58704730359245,25.8900679316093,8,6
"5112",7.07885425655771,15.9614155958288,8,6
"5113",8.50693282098503,24.1155227836213,8,6
"5114",10.4720816541846,21.1353373030943,8,6
"5115",10.9041201150954,21.6678377922725,8,6
"5116",5.56990941652449,21.4903502388596,8,6
"5117",9.49426128063152,26.4529998152217,8,6
"5118",8.42317147104639,23.0924385835046,8,6
"5119",10.2726878977557,17.4858426784505,8,6
"5120",6.56264529327615,17.5884966057559,8,6
"5121",5.08011565963194,17.1031816349863,8,6
"5122",10.8858713755723,22.7770897209293,8,6
"5123",8.4290386840811,23.5454367975337,8,6
"5124",8.62436513765292,24.849109556268,8,6
"5125",7.20255028764893,18.2730207684107,8,6
"5126",7.86862423155697,23.613720614761,8,6
"5127",7.98121823843347,19.2459846923659,8,6
"5128",6.49866426213632,22.8768719738422,8,6
"5129",10.9152755552738,25.0093039047207,8,6
"5130",9.48025078685964,22.4904615914856,8,6
"5131",7.62633958149557,23.0684867879359,8,6
"5132",9.24116852629236,20.5262781094899,8,6
"5133",7.83369630183503,21.3376239832126,8,6
"5134",10.3242057730595,28.8616625787722,8,6
"5135",6.70305228464953,22.2167976636332,8,6
"5136",7.57309784851607,22.6740123847896,8,6
"5137",10.7690468613527,28.67601191029,8,6
"5138",6.2019214070197,20.0957953712671,8,6
"5139",7.54079284488065,22.5196537248521,8,6
"5140",9.56492301598857,28.0917239726233,8,6
"5141",6.52374586043106,18.1389683815405,8,6
"5142",13.9772206811031,29.5402107818043,8,6
"5143",5.91615407365355,14.2939556202224,8,6
"5144",9.66628556887627,27.0326304963285,8,6
"5145",9.90810960635754,21.9073056230989,8,6
"5146",8.1258339049454,22.9264085863237,8,6
"5147",9.28903299592722,17.3368360863028,8,6
"5148",10.2902650800891,28.2032752554502,8,6
"5149",7.60732036067367,18.2525704536172,8,6
"5150",10.7859218369309,24.6243940264993,8,6
"5151",7.3320705761116,22.9190866345483,8,6
"5152",7.9666484807754,21.0441570625525,8,6
"5153",9.54330793065312,23.6046951130951,8,6
"5154",9.27940017299036,24.4841769763717,8,6
"5155",8.42902241342132,16.5043837531376,8,6
"5156",9.76143346575117,24.3775117218456,8,6
"5157",8.09849107240781,21.6741738157493,8,6
"5158",8.64082271893915,24.6016086655265,8,6
"5159",9.80846158721635,28.685058352424,8,6
"5160",9.17909366892112,25.0934383114364,8,6
"5161",4.68556956830305,21.8272049656982,8,6
"5162",4.51802621775797,16.7186310846754,8,6
"5163",5.67589106753203,17.4872163428809,8,6
"5164",8.73063894411898,24.0824069157645,8,6
"5165",9.65396392344205,27.0767652626979,8,6
"5166",7.82764576688747,23.8982328813666,8,6
"5167",13.1083775302477,31.5332380653373,8,6
"5168",7.95624952297763,21.7819801320154,8,6
"5169",8.28695060721943,17.5686826481656,8,6
"5170",8.05852655085186,17.7676983436615,8,6
"5171",4.97996850338701,16.0340983162055,8,6
"5172",9.0240640519482,22.3821073411394,8,6
"5173",10.2127189220524,25.5888238202106,8,6
"5174",12.3483065160135,31.7724353438241,8,6
"5175",8.28374073829282,26.7210886720413,8,6
"5176",11.2971181323476,25.2252780317209,8,6
"5177",10.9978361257626,27.4289132219037,8,6
"5178",5.43747466603934,19.0170520052521,8,6
"5179",8.33811564012342,25.4020642180734,8,6
"5180",6.15193900114398,20.3925451149529,8,6
"5181",8.58239457757311,19.5693587402568,8,6
"5182",7.51338429527133,21.625403695256,8,6
"5183",7.69522372782736,19.3911336750974,8,6
"5184",7.23898294676839,21.7153275792918,8,6
"5185",8.76716943355613,22.6048493548753,8,6
"5186",8.04961133705784,28.1933196319217,8,6
"5187",7.59348939314023,22.6280123581865,8,6
"5188",8.12994424236762,20.2134944366973,8,6
"5189",7.08576607340719,19.9674910619107,8,6
"5190",10.3514260998921,28.1722962292308,8,6
"5191",5.80008493110127,19.5937480351889,8,6
"5192",7.8264205615083,25.6920794661612,8,6
"5193",7.27030184448316,20.8188227068865,8,6
"5194",9.18366375393728,28.0665792783642,8,6
"5195",7.9872489300494,19.2013979949588,8,6
"5196",6.72819235377974,23.8622507393058,8,6
"5197",7.42747916059573,21.7167377410792,8,6
"5198",9.33268451545208,23.116065415028,8,6
"5199",8.52810700896371,23.0859280371742,8,6
"5200",6.62010503195434,20.83738200967,8,6
"5201",11.802123104287,31.9700083181675,8,6
"5202",10.7247172345026,26.9963985977279,8,6
"5203",10.3751591322716,19.2003070103627,8,6
"5204",5.38613533416347,16.7950502991031,8,6
"5205",9.09365479829649,25.4043647106077,8,6
"5206",8.38744640919808,21.6623910480331,8,6
"5207",5.82915108575293,18.1059610161995,8,6
"5208",7.9920179939066,23.0936882800305,8,6
"5209",11.1130014748365,28.3384697944234,8,6
"5210",10.0958751438874,22.8821641294091,8,6
"5211",6.86196438110195,18.9164730980406,8,6
"5212",7.76012404955395,20.1928053985113,8,6
"5213",7.71778242988039,23.3830263759482,8,6
"5214",10.2774491459479,22.4151665146886,8,6
"5215",6.27220368976526,20.3822714761752,8,6
"5216",8.43635490352836,23.1403309704667,8,6
"5217",7.34484352383593,18.071182295408,8,6
"5218",10.5142741893277,21.8477668493941,8,6
"5219",6.2095154562,20.0770862057739,8,6
"5220",6.6606872546884,23.3209626524644,8,6
"5221",9.25021056423127,25.7213557923354,8,6
"5222",4.02402825914163,15.6592953414126,8,6
"5223",10.4283744851773,25.630243261525,8,6
"5224",9.87477241891758,26.2441192731993,8,6
"5225",9.68375694201902,25.0010636618489,8,6
"5226",6.01510541222287,20.9598386751782,8,6
"5227",8.955238640526,26.7806271897977,8,6
"5228",6.23435523057405,19.8273165289933,8,6
"5229",8.62001162982763,25.3350050093422,8,6
"5230",10.4892729403719,26.7066707700199,8,6
"5231",9.04952003829343,27.384675102755,8,6
"5232",9.97195611344813,25.9105682124022,8,6
"5233",6.70191514729168,21.7766600769761,8,6
"5234",6.40408941471446,24.7073138341816,8,6
"5235",5.16296997411182,22.2515425877682,8,6
"5236",5.19113096518565,19.0635394455211,8,6
"5237",9.31996863443905,22.0085066619912,8,6
"5238",4.60077141487327,15.1520023457215,8,6
"5239",8.45693642527762,22.8007035237467,8,6
"5240",4.28936108259499,13.7297865821625,8,6
"5241",7.84393500302445,21.7494618441307,8,6
"5242",9.5297692214007,26.5712816414241,8,6
"5243",10.3247100208879,27.6932111244507,8,6
"5244",7.53769563497195,26.663683353732,8,6
"5245",6.26698134452187,18.9839933686224,8,6
"5246",8.20928267465409,22.7116692379838,8,6
"5247",11.0300859187269,23.0755995286877,8,6
"5248",8.14056909179996,20.2326508349406,8,6
"5249",7.55671706557647,22.4810945816182,8,6
"5250",6.89155106253497,24.555419212668,8,6
"5251",7.93703568998995,23.6427819204678,8,6
"5252",6.15497453356746,21.4635408777796,8,6
"5253",6.23967230506219,20.7300360193242,8,6
"5254",5.37049426826722,19.6359094591684,8,6
"5255",6.04451219895422,18.6640238432148,8,6
"5256",7.15178784776337,23.5297269268779,8,6
"5257",9.33882327388443,25.9445048306442,8,6
"5258",5.67427337286904,24.3347493486407,8,6
"5259",7.97893650673209,25.5248143383095,8,6
"5260",11.1767006879775,25.8418873316892,8,6
"5261",8.4602333893989,21.4483066584239,8,6
"5262",8.68124810845754,20.9449262745626,8,6
"5263",7.44713831378594,22.0397192192508,8,6
"5264",8.59364958506089,22.6274395789746,8,6
"5265",10.187876456834,30.5928988673389,8,6
"5266",5.10470504477833,17.0459715612731,8,6
"5267",9.44813977736319,23.6724646216737,8,6
"5268",10.2246064512661,29.8756934644689,8,6
"5269",7.94396844546133,21.9057026300999,8,6
"5270",9.20332643364349,25.1814909465032,8,6
"5271",5.7056681753282,17.6470921936173,8,6
"5272",6.36102807999345,15.7036313384525,8,6
"5273",8.49886632438866,24.1267660885692,8,6
"5274",11.4430788871264,19.9236204008283,8,6
"5275",6.19802286219434,17.276709771207,8,6
"5276",7.29617737127452,18.6006133301476,8,6
"5277",9.57932065645051,24.856609682982,8,6
"5278",7.0902873390621,20.3171781352312,8,6
"5279",7.08530984921485,22.7326312328148,8,6
"5280",8.51896025147875,22.228678857815,8,6
"5281",6.01601273429832,18.7523455185843,8,6
"5282",9.95111615877486,24.4577192368295,8,6
"5283",9.43870134383805,22.4239282572441,8,6
"5284",8.80788095458145,28.3096295189959,8,6
"5285",8.2541705165884,19.6752412895315,8,6
"5286",3.65707447711438,17.2973469535788,8,6
"5287",5.73624576366018,18.5160629779407,8,6
"5288",9.64465715628336,32.4680056569887,8,6
"5289",11.9767002843173,28.0839568257981,8,6
"5290",9.41287165123879,22.792831640663,8,6
"5291",7.32303722429085,17.8192729930033,8,6
"5292",8.29484469430476,21.3656740254707,8,6
"5293",5.85298181613598,20.8537407403044,8,6
"5294",9.18186598975936,26.2085460238773,8,6
"5295",8.17969844027619,23.5058944278647,8,6
"5296",7.4267680572926,25.0943010712051,8,6
"5297",7.4367264962685,21.0289005373464,8,6
"5298",9.61083071512277,26.6342771990453,8,6
"5299",7.57439520012707,23.511187510154,8,6
"5300",7.6842041653442,20.1256954492286,8,6
"5301",6.54175592614426,21.3901784734957,8,6
"5302",7.81918579119971,24.6287954467466,8,6
"5303",7.97276245862444,23.379946630247,8,6
"5304",8.30714330193663,22.9244251306987,8,6
"5305",7.13463526150578,20.2752431828488,8,6
"5306",3.35473510452027,17.980103888728,8,6
"5307",8.81249042348015,23.4961583638587,8,6
"5308",9.47027600137333,21.5172853296398,8,6
"5309",9.92584799148552,23.7432528270197,8,6
"5310",6.97175951387191,22.4176453617751,8,6
"5311",8.52858570634221,22.4862404244007,8,6
"5312",8.34091117773354,26.1615944552554,8,6
"5313",7.32602921213508,23.2828026452538,8,6
"5314",4.15839382008237,15.493522425333,8,6
"5315",9.59160910103262,22.6670803717312,8,6
"5316",9.59464251785425,27.4972369910819,8,6
"5317",6.92345735829234,25.0087742285036,8,6
"5318",11.6171439571774,29.2184604755191,8,6
"5319",4.875781496931,11.7378064406697,8,6
"5320",11.2536981739883,28.6292098226704,8,6
"5321",10.4378616204175,18.2368142394296,8,6
"5322",6.36040881469978,21.0066039572385,8,6
"5323",9.04015197788624,27.1363025080555,8,6
"5324",13.6153985758278,27.2786257877356,8,6
"5325",5.26264570613203,19.1637163595546,8,6
"5326",7.92990831438447,19.2491441429928,8,6
"5327",9.76021408412349,28.9139450815793,8,6
"5328",4.1494567564009,19.751149779444,8,6
"5329",7.7433957547032,24.909007452155,8,6
"5330",8.6748264698094,24.2164046672334,8,6
"5331",13.5720100422095,29.7394453575917,8,6
"5332",9.56546700405901,23.636952091604,8,6
"5333",6.40670596782482,17.6448859720117,8,6
"5334",5.90602072518429,19.0741954941362,8,6
"5335",9.87497994904689,29.7462233951704,8,6
"5336",6.65937818736635,19.9890363601282,8,6
"5337",6.97046778457065,23.7090465223859,8,6
"5338",2.87903962011943,19.4348529126823,8,6
"5339",7.67675946445887,23.3942672798352,8,6
"5340",6.12570483100628,20.5580289221047,8,6
"5341",8.42523832838377,21.714170532472,8,6
"5342",12.2362168947407,28.4174461197947,8,6
"5343",11.9433013983792,28.4649628631825,8,6
"5344",11.4175156606973,27.0255661081443,8,6
"5345",6.45390652302367,19.0114713107002,8,6
"5346",5.56002307202467,20.6771959784367,8,6
"5347",7.70415258447275,23.3953490048473,8,6
"5348",8.83888917724058,24.2325980939182,8,6
"5349",5.10531828944837,20.3154271915888,8,6
"5350",10.8654880829287,24.7649264162085,8,6
"5351",5.00660874749858,18.6124551653917,8,6
"5352",10.5400676040861,28.6621024907967,8,6
"5353",9.16296561915155,23.6912714351058,8,6
"5354",8.1112123707432,26.7944043936401,8,6
"5355",9.65057199763401,26.4208777953987,8,6
"5356",4.7656257721322,15.017944918423,8,6
"5357",8.07062096699564,22.0108620282001,8,6
"5358",6.5547881188041,18.634578525316,8,6
"5359",7.52099165457681,20.6905070316678,8,6
"5360",6.27951601433858,19.2212782081913,8,6
"5361",9.94858512815006,22.9066442217809,8,6
"5362",9.14854292059823,24.0434624269747,8,6
"5363",7.23385250790232,24.2055723012459,8,6
"5364",5.34690113357489,16.7295522753189,8,6
"5365",7.12899545077766,23.8004541685617,8,6
"5366",9.05140382430069,26.25970858631,8,6
"5367",8.96833947853585,27.3892993922161,8,6
"5368",11.0405425444223,31.695595365801,8,6
"5369",8.11676792961596,18.7856166553407,8,6
"5370",5.97871475773008,19.878352657134,8,6
"5371",7.58231818150359,25.0594597340045,8,6
"5372",4.83707737382905,19.9035596012548,8,6
"5373",7.09189170413913,26.704570476288,8,6
"5374",6.93481327423547,26.2880002645848,8,6
"5375",10.0336644591749,21.9548124438509,8,6
"5376",5.96261915525978,17.6466047958581,8,6
"5377",8.3580124089926,21.9889002071116,8,6
"5378",6.10449775762164,20.8349344286764,8,6
"5379",7.92735773130094,22.991199791433,8,6
"5380",6.70783114137958,17.7390871670025,8,6
"5381",12.261158431311,25.0400689437766,8,6
"5382",9.22557009028018,22.1402621854445,8,6
"5383",9.40048344533499,27.2206912819011,8,6
"5384",7.12024616418218,23.9281065152456,8,6
"5385",5.5084418310023,20.9897870498495,8,6
"5386",7.20913000540986,27.4956376703454,8,6
"5387",6.08623686840041,19.6897314655534,8,6
"5388",6.39611689537596,22.507164075317,8,6
"5389",6.31732994901756,19.063770710003,8,6
"5390",7.56728008788687,22.5658727590662,8,6
"5391",7.57968289772003,18.1224392014375,8,6
"5392",7.98979871043042,23.7083247354222,8,6
"5393",8.04537621360163,25.7757317861027,8,6
"5394",7.87087084500596,24.2353498797702,8,6
"5395",10.6070154116845,27.5742985999175,8,6
"5396",6.90344316285573,27.1051465055996,8,6
"5397",5.96925943397657,19.6336696315992,8,6
"5398",9.33941506331005,23.5532709210388,8,6
"5399",9.58222841930983,24.7487261233529,8,6
"5400",8.29719667526219,26.5421550886238,8,6
"5401",8.88658571858982,24.2038460350341,8,6
"5402",9.02164856378517,26.9990301605789,8,6
"5403",10.4077549504719,26.4140950712057,8,6
"5404",8.08730483950463,24.8096579655959,8,6
"5405",6.90368863658172,22.0720042528184,8,6
"5406",4.83562161864793,17.733389461356,8,6
"5407",9.24933292851327,26.4095202639574,8,6
"5408",7.59280181737709,25.9217670195492,8,6
"5409",10.4648230047479,21.9316042893741,8,6
"5410",8.82666405054362,22.5212495316782,8,6
"5411",9.54150985040127,23.7315243599932,8,6
"5412",7.4203584776373,19.1372980256384,8,6
"5413",6.91099538501496,22.307927918786,8,6
"5414",8.17133193696051,23.1111134609221,8,6
"5415",4.86483835555393,22.9772479266091,8,6
"5416",7.76081929178921,22.1422896786193,8,6
"5417",9.02809106277569,25.3190805705721,8,6
"5418",7.95577302685124,23.9638961964262,8,6
"5419",8.64289046389213,25.9859584734153,8,6
"5420",11.0806111373814,29.6456300618166,8,6
"5421",7.37864434605404,20.8191874024055,8,6
"5422",5.46918426414435,15.8033441584553,8,6
"5423",9.99193337572325,31.935685514116,8,6
"5424",8.19985399442048,23.650612199139,8,6
"5425",5.90850809914772,28.1449866834282,8,6
"5426",7.37827629275255,20.5166492310101,8,6
"5427",9.32169694459898,20.3734604541201,8,6
"5428",9.86186293067556,25.9355629464022,8,6
"5429",7.52707831028906,19.3232015831732,8,6
"5430",6.00586090903637,19.5938917263623,8,6
"5431",5.41354457417306,19.3970629666526,8,6
"5432",5.59678249569024,22.2418861828695,8,6
"5433",6.3583110820317,20.5109854358209,8,6
"5434",4.61791406195753,19.3580753793998,8,6
"5435",8.34415489541817,23.3529356036826,8,6
"5436",9.23841952065125,23.8358435915898,8,6
"5437",7.07884854631136,23.5827881952847,8,6
"5438",9.16094402429767,29.0154761562576,8,6
"5439",10.7331346286798,27.2991125674489,8,6
"5440",6.63813708694632,22.4259414490821,8,6
"5441",4.7381383216759,14.8517680486247,8,6
"5442",10.3896280256263,26.9285700008907,8,6
"5443",3.51117485547577,9.76174268368888,8,6
"5444",10.6880146501954,19.3965893720171,8,6
"5445",6.28031215919654,22.434562453146,8,6
"5446",10.1153217922024,26.4658523032464,8,6
"5447",9.16114110880489,24.4368352335382,8,6
"5448",3.12200950455042,13.4485812181681,8,6
"5449",9.19454951938928,27.0673586244149,8,6
"5450",6.94545824811211,20.0850703926726,8,6
"5451",7.03646619908992,17.8052933551394,8,6
"5452",8.27304930834195,25.0792716354086,8,6
"5453",10.2547185644546,26.328041676335,8,6
"5454",6.82974743456976,18.1099438861867,8,6
"5455",5.43468447586002,18.2960918534501,8,6
"5456",5.39054874714744,14.4966469874645,8,6
"5457",7.03844637626977,24.4091853370759,8,6
"5458",8.575849062781,21.8925564206543,8,6
"5459",8.71799866859984,24.4152287610501,8,6
"5460",7.92601783873371,18.4126664924823,8,6
"5461",9.1473665627751,23.1112511884486,8,6
"5462",7.06861303557751,24.4516665829194,8,6
"5463",7.70925640139508,23.7041656116858,8,6
"5464",8.97002625344034,24.3254949754787,8,6
"5465",8.25950537627312,27.8328218417575,8,6
"5466",9.7817749482823,29.3414268865702,8,6
"5467",5.25091545012506,18.4138717526842,8,6
"5468",9.07429522593951,27.0570742748131,8,6
"5469",8.3791256768023,24.1164015539012,8,6
"5470",3.85237651334796,18.5664921319415,8,6
"5471",9.0331293368763,26.8885635179139,8,6
"5472",9.8694271598243,25.2373069358327,8,6
"5473",8.96551832076272,26.0403648432506,8,6
"5474",8.03992153090185,21.6384809860464,8,6
"5475",7.91725328130159,25.054944518973,8,6
"5476",6.70310157266303,22.0632587807818,8,6
"5477",12.4067268878357,28.3022153518691,8,6
"5478",6.39035047268731,20.0592885812807,8,6
"5479",8.74576083539062,21.3863478299075,8,6
"5480",4.77598792097141,18.3283443520964,8,6
"5481",10.0301441138258,26.301160685234,8,6
"5482",9.6561548372135,23.6318548057662,8,6
"5483",8.54692313524735,27.0505092451388,8,6
"5484",7.29476056537974,25.398482193302,8,6
"5485",7.71257260915597,24.8242118173369,8,6
"5486",5.93730671266016,21.824509105559,8,6
"5487",10.0314536071441,20.6101361575383,8,6
"5488",7.16602708830808,22.5775222424883,8,6
"5489",8.33574755092359,24.6531305126518,8,6
"5490",9.2182952412903,16.2082302749836,8,6
"5491",7.45502636496669,18.9148543021556,8,6
"5492",7.51430273576246,22.8855612781538,8,6
"5493",9.15154144830687,20.1828024657802,8,6
"5494",4.76702972842935,21.6924824956454,8,6
"5495",10.9661744822015,22.1943871170373,8,6
"5496",10.1840672099785,25.2776638542228,8,6
"5497",6.35242804429087,22.3054295859007,8,6
"5498",8.1088800291594,23.6189837296522,8,6
"5499",8.47640929837879,22.7690010230061,8,6
"5500",7.78409252687838,20.1103233044484,8,6
"5501",6.94720859595653,13.4220618288455,8,6
"5502",7.55705085763834,24.4668376724561,8,6
"5503",8.8270861364165,24.3688063499009,8,6
"5504",8.00564075524988,19.7057961171139,8,6
"5505",6.13493767885706,17.8724742162991,8,6
"5506",5.62241359509813,12.0207386971947,8,6
"5507",7.08578376569997,19.7493261315876,8,6
"5508",10.1003001008872,21.34589532319,8,6
"5509",10.417671133211,29.7712102949528,8,6
"5510",7.57048157407122,19.9121425957736,8,6
"5511",5.58099947863642,23.8844196448661,8,6
"5512",9.98704507418562,22.7994078614079,8,6
"5513",8.31219691144339,19.7207867323592,8,6
"5514",7.36784844175346,26.8934716601048,8,6
"5515",7.10356207120833,20.3143920375055,8,6
"5516",9.05125849562439,28.2105539179341,8,6
"5517",7.09838354590252,25.2813961198275,8,6
"5518",5.53351040404196,19.5115330491877,8,6
"5519",6.87860479942556,21.1356950068423,8,6
"5520",7.3761457259823,19.721751717725,8,6
"5521",7.35101241280498,17.7474738419419,8,6
"5522",9.25970148627075,25.9892373911777,8,6
"5523",8.69899027268352,17.7250089568848,8,6
"5524",7.79748730822086,26.3585172634037,8,6
"5525",8.76998749942946,24.1925573231785,8,6
"5526",11.228519919735,30.8576306480423,8,6
"5527",7.81383547966036,23.8108197663505,8,6
"5528",6.53251705057138,22.0409554721307,8,6
"5529",8.49156420166286,24.369467537597,8,6
"5530",9.42142394169057,24.7182867666548,8,6
"5531",9.15102797377612,21.035464974482,8,6
"5532",8.29384322778944,16.3395680925949,8,6
"5533",5.45480972263563,19.389715700411,8,6
"5534",10.2408698963482,25.4959058390358,8,6
"5535",9.15186725170162,25.7690830352374,8,6
"5536",13.0323846439859,25.3509412871841,8,6
"5537",7.81838000022443,21.4653638371461,8,6
"5538",9.5462032586895,28.0378349621236,8,6
"5539",5.40536056644904,18.1390016842399,8,6
"5540",10.5118750268213,29.1965321578493,8,6
"5541",8.65055797143274,21.6254413134321,8,6
"5542",7.17709419485412,24.973703274017,8,6
"5543",8.6630450479314,23.7065499500346,8,6
"5544",6.52997379144855,22.5769534099783,8,6
"5545",8.13283959597796,26.8314687021448,8,6
"5546",6.99638290379751,20.2947611023054,8,6
"5547",6.48585794066983,23.1555092953828,8,6
"5548",5.47578676283355,15.779214453893,8,6
"5549",10.8827642194542,24.6640022949527,8,6
"5550",7.59102024252502,20.4831380692699,8,6
"5551",9.403444380284,20.9705038244672,8,6
"5552",7.97463260647057,24.5508770952832,8,6
"5553",8.25884956307108,21.802584562069,8,6
"5554",6.93297247701953,29.5151003318062,8,6
"5555",11.3356175458203,24.9267517284023,8,6
"5556",9.03979969213278,23.2272056616922,8,6
"5557",6.27800931738652,18.7179621199223,8,6
"5558",8.45017267889642,25.6104526299746,8,6
"5559",8.08964047266006,23.3828906793662,8,6
"5560",4.81746597231252,17.92328557933,8,6
"5561",6.18212088623012,18.4859929095473,8,6
"5562",8.81928231058559,22.2345458602691,8,6
"5563",9.39674344433911,24.8649427852675,8,6
"5564",10.2628314857101,22.6290981423889,8,6
"5565",14.232208838436,31.0393475597976,8,6
"5566",7.73790480933897,28.3166267598668,8,6
"5567",6.99925171241723,19.4232358746255,8,6
"5568",9.11325563908164,25.8294350145493,8,6
"5569",8.43894675903381,22.1767658440932,8,6
"5570",10.071778446197,25.8746595099653,8,6
"5571",10.0615769777685,23.9132362248344,8,6
"5572",12.037454021862,29.6901492731265,8,6
"5573",11.4568696160331,27.3926221476881,8,6
"5574",8.63775295472511,22.4853518390587,8,6
"5575",9.51049556651661,23.0188799925062,8,6
"5576",6.70203942382982,21.725045742974,8,6
"5577",10.2746599710581,24.9596434492144,8,6
"5578",9.32101654327463,25.6812639633261,8,6
"5579",9.23510666437849,25.6588580140648,8,6
"5580",9.63285259118947,25.5744743065031,8,6
"5581",10.9855978252641,28.841954446547,8,6
"5582",9.9948182837779,24.9577641064783,8,6
"5583",8.2138412375001,16.7160283960886,8,6
"5584",8.48560147054463,21.5198832248059,8,6
"5585",7.97656112557521,22.6431504123296,8,6
"5586",10.1021649199716,28.4922777021839,8,6
"5587",9.92292581455518,24.1131706781229,8,6
"5588",9.80266675492269,22.1743498801522,8,6
"5589",7.81458060780776,23.9268331721735,8,6
"5590",9.21006310822187,21.11545667784,8,6
"5591",9.71550032716725,22.108011833588,8,6
"5592",8.96146489487099,22.8339983641449,8,6
"5593",10.0660911269264,24.2066658502081,8,6
"5594",9.06540096732168,23.6001598828888,8,6
"5595",7.22949993476492,25.485715741675,8,6
"5596",5.49295764199712,18.6184139666946,8,6
"5597",8.46901477009824,21.4499881565486,8,6
"5598",9.68897161537804,21.612963959349,8,6
"5599",6.02796706705659,20.0678634617326,8,6
"5600",8.62972954955657,20.2045707875877,8,6
"5601",9.99292970292655,26.3652528458704,8,6
"5602",8.73116490919089,23.2024406497342,8,6
"5603",7.38685870616706,23.4088879394717,8,6
"5604",7.82235955542816,24.512314447351,8,6
"5605",4.21838255732632,17.2524865580824,8,6
"5606",4.81090951192909,13.8864663201248,8,6
"5607",9.89654040767119,22.0447173978287,8,6
"5608",11.8886411952756,27.2152152531715,8,6
"5609",7.68563733622687,23.3765745226547,8,6
"5610",9.77742105766893,28.4131605040389,8,6
"5611",4.15881421505582,16.7440684938295,8,6
"5612",10.2702213969646,23.23121237935,8,6
"5613",7.97572949603008,19.0847604115809,8,6
"5614",11.4312656543594,26.9953874266766,8,6
"5615",6.17886901924388,20.5531337255773,8,6
"5616",8.50647789600516,26.5350867339072,8,6
"5617",7.56317117791973,21.8171049218604,8,6
"5618",9.05209619799073,24.5413128382553,8,6
"5619",5.94188921004107,19.5021890364733,8,6
"5620",6.43163876378107,24.0878162721867,8,6
"5621",12.445791603793,27.2986038171188,8,6
"5622",4.81618006041387,16.6813954731374,8,6
"5623",9.23062079474674,26.9136222472097,8,6
"5624",6.80815651531333,21.6183786186472,8,6
"5625",9.34095822721597,23.531261710187,8,6
"5626",10.888872954444,27.9015208162386,8,6
"5627",10.9897097414753,26.7914308370761,8,6
"5628",9.39729099132931,24.2057665068413,8,6
"5629",5.73148530801741,20.4677775434306,8,6
"5630",8.03701137023665,24.3185780112916,8,6
"5631",8.24991483365636,21.6583918463698,8,6
"5632",10.705870590455,27.0004145084294,8,6
"5633",6.95060187252763,21.9739924978681,8,6
"5634",5.21221973567791,19.6549982294302,8,6
"5635",6.86640419025642,22.2688882491649,8,6
"5636",4.72841691427943,16.7364802866233,8,6
"5637",7.36128934674898,23.5918633999605,8,6
"5638",5.31827848571814,10.4649117082876,8,6
"5639",10.2979024301255,30.2917062096175,8,6
"5640",6.73167498095767,20.8929794783656,8,6
"5641",5.68058217205579,11.9690950856707,8,6
"5642",5.55408804645657,17.3224200873424,8,6
"5643",7.74967957003767,20.366597302544,8,6
"5644",7.86978663688427,24.5960112930708,8,6
"5645",8.91709605690918,22.3744880986755,8,6
"5646",12.7402453695429,26.9477831894253,8,6
"5647",9.11976715212974,17.7618848734145,8,6
"5648",6.25504993981683,16.3411567922972,8,6
"5649",9.535002276878,27.2740126074106,8,6
"5650",7.48021695390871,21.4986544289331,8,6
"5651",8.28985653165199,24.3896071547652,8,6
"5652",4.99678931106626,22.6099805783797,8,6
"5653",6.58221203008245,15.7064099561685,8,6
"5654",10.3357818443906,25.5999565158256,8,6
"5655",9.8771867331007,29.7013518347819,8,6
"5656",8.40428318123218,22.9003913808467,8,6
"5657",10.3875848107255,24.3408594374931,8,6
"5658",9.98090589195138,24.5999983499174,8,6
"5659",7.23103245476092,23.4138822660873,8,6
"5660",6.41171556379669,23.873140923917,8,6
"5661",5.52205062009064,20.9913302450054,8,6
"5662",9.66699310051197,22.7311175414157,8,6
"5663",7.57610423476151,22.9731305604592,8,6
"5664",9.67545186980119,27.4530052142934,8,6
"5665",10.3986860668795,28.9222247669298,8,6
"5666",5.41549972111475,16.9773351825214,8,6
"5667",13.2332397399744,29.1438559576755,8,6
"5668",10.7195035232851,21.4784580593132,8,6
"5669",9.72972151444565,29.1115116276021,8,6
"5670",10.9265144394132,30.150465365052,8,6
"5671",7.69441226095598,21.6737392684521,8,6
"5672",5.17309376293361,14.1227866142154,8,6
"5673",6.35143264998493,17.9282985924466,8,6
"5674",8.55578815510382,25.3745106503642,8,6
"5675",12.442217191447,28.1876566877945,8,6
"5676",8.46612643956781,25.8132584329737,8,6
"5677",10.17894078896,20.5258025226501,8,6
"5678",6.84449639131088,25.9763926508135,8,6
"5679",10.7310191524761,26.6729568259541,8,6
"5680",7.94567530727298,22.4428010434312,8,6
"5681",9.91533543612345,29.0333119496542,8,6
"5682",11.2616031462475,27.0575022023695,8,6
"5683",7.1175010890028,22.359013411993,8,6
"5684",6.43026288927393,19.4157144839162,8,6
"5685",7.65386457869073,20.334171708577,8,6
"5686",9.53704041926109,21.687310827158,8,6
"5687",8.80856743309263,26.2258038990947,8,6
"5688",6.88046607917168,21.5271757923157,8,6
"5689",6.59837092620926,18.8901117632383,8,6
"5690",9.02754476384106,23.1054809097235,8,6
"5691",6.96264925608545,19.1942655357165,8,6
"5692",9.74184315814481,25.7314969894106,8,6
"5693",6.64404210513873,25.9529091612823,8,6
"5694",8.24573046292919,21.5938095156038,8,6
"5695",5.50067189223001,17.4742902204451,8,6
"5696",6.99597239653902,22.7914934835459,8,6
"5697",8.95023555069606,25.3205920469758,8,6
"5698",7.26444064908067,20.9383076125706,8,6
"5699",8.66242017660566,25.8133252801603,8,6
"5700",8.2863831575115,24.9745764724844,8,6
"5701",8.19992483655841,21.7481712369763,8,6
"5702",10.9786403455166,29.3859117576243,8,6
"5703",7.91876764875585,16.1162260437453,8,6
"5704",6.00156340064265,22.3261616831232,8,6
"5705",5.6888266328345,16.4111209748196,8,6
"5706",4.68696976663593,15.683263792003,8,6
"5707",5.44346048950651,22.6770578507254,8,6
"5708",8.8350719573836,24.8594521599746,8,6
"5709",8.69246175104349,27.3023542578877,8,6
"5710",10.9083157005128,28.1076218566541,8,6
"5711",6.25752929175318,18.7867323083407,8,6
"5712",6.83168228568418,19.7446005524713,8,6
"5713",9.13021859302001,26.1266980833073,8,6
"5714",5.25355180600017,16.2371353716506,8,6
"5715",8.53412884446825,21.3348501207888,8,6
"5716",10.375967886227,28.1555482214657,8,6
"5717",8.60268020685302,24.0828983411134,8,6
"5718",6.16786291610857,21.8731453246771,8,6
"5719",9.7433060730368,24.1767785898946,8,6
"5720",7.2500668523576,21.1339892880889,8,6
"5721",8.34616092689259,23.8786590371297,8,6
"5722",9.09575075183013,28.7514787828776,8,6
"5723",6.57834444037682,19.6768371794199,8,6
"5724",7.60083413830748,18.2065028599181,8,6
"5725",7.19771921376152,22.966246120484,8,6
"5726",11.7769457840577,25.1544770428191,8,6
"5727",8.62160113966928,24.1508522691214,8,6
"5728",10.3021301931162,31.1441363059274,8,6
"5729",8.91899881596268,22.8226084031282,8,6
"5730",8.25347733825206,19.2462270596125,8,6
"5731",8.85137636928357,22.1566679545785,8,6
"5732",5.73599848764737,15.7990864866864,8,6
"5733",3.04474765120592,14.4202261109135,8,6
"5734",7.92255580086284,25.6830662832985,8,6
"5735",8.00352114677071,22.5864437414148,8,6
"5736",5.89316714423301,19.5488528970177,8,6
"5737",9.82798748139305,27.6167557745618,8,6
"5738",8.40200802062965,22.1478066267854,8,6
"5739",4.57746912442246,19.296687319234,8,6
"5740",6.41481122967816,21.2169208740611,8,6
"5741",10.7700829493458,25.2416479109184,8,6
"5742",10.0740635129902,26.0676544405773,8,6
"5743",2.78628103647384,12.1666674701883,8,6
"5744",6.9747105738707,19.8374280064635,8,6
"5745",7.98530010295204,20.4725632950814,8,6
"5746",9.87996123232101,22.6450828632026,8,6
"5747",8.83137460379037,25.7057127258371,8,6
"5748",10.5745801053292,26.1902425779012,8,6
"5749",8.0943182623894,19.879008805123,8,6
"5750",5.64620749278908,15.6192830289847,8,6
"5751",7.75326507986533,23.1296353073378,8,6
"5752",7.8852994798356,24.8533373065326,8,6
"5753",4.20116067799,18.744114764498,8,6
"5754",6.77349635194428,22.378836520591,8,6
"5755",7.36534838378776,21.9984715259566,8,6
"5756",11.3505425439304,25.0224439805031,8,6
"5757",5.91902366109657,21.0644493272657,8,6
"5758",5.4705861424747,19.6485236928415,8,6
"5759",8.06098963911508,22.6865062344661,8,6
"5760",11.5135417180772,24.2131608239137,8,6
"5761",7.13824445049197,22.3801880799152,8,6
"5762",2.10814592695539,13.7757127050712,8,6
"5763",9.15880913783482,22.9582811634464,8,6
"5764",4.25923504352385,15.4747806983715,8,6
"5765",6.87247581754001,19.4805359238328,8,6
"5766",8.54927948984371,24.1756019056622,8,6
"5767",7.23286912066438,22.1694837854285,8,6
"5768",4.75056685166887,15.4101282002481,8,6
"5769",6.24095123589211,23.8290167278696,8,6
"5770",7.6536048392389,18.6279201944456,8,6
"5771",8.81320733835413,23.2596512021699,8,6
"5772",11.3092510134226,28.4237385566036,8,6
"5773",7.85863303621617,22.2078294206969,8,6
"5774",8.67147019620246,23.5651412982987,8,6
"5775",7.61708238994724,19.9273387310947,8,6
"5776",5.68202450808342,12.7456831217349,8,6
"5777",10.520342657992,29.0538156249583,8,6
"5778",7.04441438532924,23.3966622437428,8,6
"5779",9.64472991958119,25.4313172478828,8,6
"5780",9.12493510762018,20.2665388432038,8,6
"5781",7.97280284093129,27.6464432923301,8,6
"5782",10.9910424119324,26.968616882371,8,6
"5783",8.49720082368532,20.8813758768752,8,6
"5784",10.0339186819823,24.6529522951516,8,6
"5785",8.5273566988283,21.6387907013909,8,6
"5786",3.13686089094898,10.7446477949924,8,6
"5787",7.72499997432587,21.8432131975887,8,6
"5788",9.43982945986551,26.0072951423457,8,6
"5789",10.7367421130613,27.2712754164371,8,6
"5790",8.53545902137225,22.7607132519841,8,6
"5791",6.99550650168505,19.4051543730223,8,6
"5792",8.91386202870374,21.1224142762541,8,6
"5793",11.3629841393314,24.9302388935486,8,6
"5794",4.7905623842917,23.0429547364569,8,6
"5795",6.19457217307935,19.8358025299474,8,6
"5796",6.21896301914718,16.0431477298517,8,6
"5797",6.16260822731482,19.6897554501764,8,6
"5798",10.1097931849572,26.5798164117815,8,6
"5799",8.94454341376685,24.321976668641,8,6
"5800",8.60993995463849,24.2917691365836,8,6
"5801",7.45890151154331,25.8485297391002,8,6
"5802",7.65156923003443,24.2128360957911,8,6
"5803",9.65927197670902,21.953851291182,8,6
"5804",6.20539050045218,20.3118278679238,8,6
"5805",8.53877172422994,21.7055336818187,8,6
"5806",5.77986319968465,20.0154432384464,8,6
"5807",10.9259828372659,30.7744757306719,8,6
"5808",9.11422302028892,22.0805172769383,8,6
"5809",9.86829019166794,23.8599398337561,8,6
"5810",11.3600698174194,25.0973726879976,8,6
"5811",9.92875784696113,29.3689302318559,8,6
"5812",9.2445797042663,23.9404216172335,8,6
"5813",7.74169311276474,21.0303443409916,8,6
"5814",4.3814401578313,21.0279666345884,8,6
"5815",11.136112452997,28.0506498053254,8,6
"5816",6.51014484305904,23.8820364326739,8,6
"5817",9.64501640603092,21.4237504752777,8,6
"5818",9.39442507777845,26.329126395443,8,6
"5819",7.95127046211003,17.9382746685873,8,6
"5820",8.31940886933674,21.2926672985307,8,6
"5821",8.76088475877391,22.8865621356064,8,6
"5822",4.61716476834901,21.2291623533099,8,6
"5823",6.9529522344857,22.3042109055486,8,6
"5824",10.7767761996626,30.487791899546,8,6
"5825",9.34438923698515,25.9569335897644,8,6
"5826",7.72805365967543,24.7579968790889,8,6
"5827",7.04466948961206,20.1542031574814,8,6
"5828",11.2936789266518,29.056098832163,8,6
"5829",7.94794805107125,23.4205116002121,8,6
"5830",11.4723647253399,25.4198304078206,8,6
"5831",10.7071633696771,28.1389243973838,8,6
"5832",9.13808810219743,21.5751209116203,8,6
"5833",6.78625982031383,21.211269517445,8,6
"5834",5.85327034324454,20.5492216504356,8,6
"5835",9.23738927201412,25.7498940672368,8,6
"5836",4.16124195673807,18.7387874822276,8,6
"5837",7.73990335839599,21.2060113462921,8,6
"5838",10.4595210665383,23.983741780613,8,6
"5839",8.45493753867175,17.5281836774017,8,6
"5840",6.05985869532223,18.5207662604368,8,6
"5841",10.2032985656037,28.5622159401516,8,6
"5842",6.68260455325316,16.6188652847771,8,6
"5843",9.06820338857821,28.5740919693708,8,6
"5844",9.93657016851076,28.5272404946161,8,6
"5845",10.6504367670577,26.4622397088706,8,6
"5846",8.3600984069969,20.9838162945406,8,6
"5847",7.69102251709195,21.3976746288833,8,6
"5848",8.32128077087194,21.6467935954715,8,6
"5849",10.2853644677664,29.8573635874053,8,6
"5850",8.46205431688915,21.1274294798869,8,6
"5851",4.18789366956903,16.519710230911,8,6
"5852",6.47961570296739,16.4560608125677,8,6
"5853",3.6709881162529,16.7388335397542,8,6
"5854",8.02673182369131,19.2067086307317,8,6
"5855",8.18634266079883,21.6511922645382,8,6
"5856",6.4276778083854,22.0056701480082,8,6
"5857",4.99108357791506,20.9039670781796,8,6
"5858",7.04030248067573,21.635804810599,8,6
"5859",5.46711533078531,20.1296632628121,8,6
"5860",9.29413295994747,15.0159027172801,8,6
"5861",8.42535010161985,23.0331210893284,8,6
"5862",9.49509506288127,27.2351349647415,8,6
"5863",5.80085236193536,18.3931479054252,8,6
"5864",9.02291620081362,23.5872482823006,8,6
"5865",8.55477266896595,20.8114976889773,8,6
"5866",10.1802691784576,22.7955596156627,8,6
"5867",7.29628352349439,19.4622226794464,8,6
"5868",9.26458301458229,24.7082482581673,8,6
"5869",3.85802977082838,17.9594134765027,8,6
"5870",6.04864725275053,22.612030593239,8,6
"5871",4.46133080312654,13.9757465919138,8,6
"5872",5.27036335612456,20.9803390397791,8,6
"5873",7.28200945234608,23.4899913531887,8,6
"5874",8.79428503945109,24.8428905438952,8,6
"5875",8.91515558037613,27.0762952665089,8,6
"5876",8.95415481269766,23.1815883370526,8,6
"5877",7.14973056615068,20.9807259156186,8,6
"5878",6.31988546553585,18.8519981817541,8,6
"5879",5.59520579741007,15.7027387848549,8,6
"5880",4.46693679568886,17.8483261329881,8,6
"5881",8.36866547112637,23.2409922514711,8,6
"5882",3.48141372903092,16.9093743195494,8,6
"5883",6.88173036403471,19.7340389612191,8,6
"5884",5.49658875825091,14.3782066926028,8,6
"5885",7.92070233278589,18.7706085278866,8,6
"5886",6.34344171720624,20.2069879012417,8,6
"5887",8.28556826127227,19.4982772983748,8,6
"5888",7.2546364768843,24.625120524138,8,6
"5889",7.11888394602436,19.7390876008016,8,6
"5890",10.7426409754989,31.7894435914108,8,6
"5891",6.35717628836127,16.9454877507548,8,6
"5892",6.80162434527213,14.5452449230139,8,6
"5893",8.08489335996772,20.1214024649686,8,6
"5894",6.18033037169453,18.9676281314659,8,6
"5895",6.64253351605145,18.609569473302,8,6
"5896",7.51312687016653,21.4825521865223,8,6
"5897",6.83233700006967,23.6490684567254,8,6
"5898",10.116158793806,23.8579178551004,8,6
"5899",7.94021094445167,24.6629833205906,8,6
"5900",4.84478073272145,18.1992760227911,8,6
"5901",7.58567948731367,26.2092546411077,8,6
"5902",11.7212467745783,29.5090477056197,8,6
"5903",9.1321317186183,24.6425941429102,8,6
"5904",10.910417769859,26.7244541479468,8,6
"5905",8.0066018834671,23.2741923147717,8,6
"5906",8.1136466339176,23.2339113172378,8,6
"5907",9.16049147531366,23.7842599960288,8,6
"5908",8.80995717293992,23.5003995720849,8,6
"5909",8.46088862494464,28.2542246082946,8,6
"5910",6.11260902339486,21.2125587256414,8,6
"5911",8.98122472562807,20.0340884215513,8,6
"5912",8.25846162980433,25.0626734298267,8,6
"5913",10.7208222477185,26.5656964382671,8,6
"5914",6.21333331103891,15.9527324139405,8,6
"5915",5.93570954370738,19.8666126393498,8,6
"5916",3.92076256821057,18.8908611604296,8,6
"5917",6.62100516535651,15.6422061104593,8,6
"5918",5.55561747686629,19.9515401760448,8,6
"5919",7.0315638617333,23.311562206472,8,6
"5920",11.6460482094561,32.2375168059189,8,6
"5921",4.66179523500154,20.8043932182747,8,6
"5922",7.99296118514486,24.9174691233873,8,6
"5923",7.3997071236107,18.9934673855418,8,6
"5924",8.22770988954757,23.8804935949489,8,6
"5925",4.10781924125654,14.6550712864447,8,6
"5926",10.1989106343107,26.3607282782128,8,6
"5927",5.99420943271088,14.7638671512089,8,6
"5928",9.12211814574339,19.4300383282229,8,6
"5929",8.81199000192679,20.7839575462436,8,6
"5930",6.83422394751829,19.8022469177007,8,6
"5931",8.65323484376833,19.9475876607964,8,6
"5932",8.29106094769471,20.5436758857522,8,6
"5933",8.4350797500815,20.2424888364738,8,6
"5934",9.33611476804314,22.0031875467878,8,6
"5935",8.05951218835385,22.8816469890202,8,6
"5936",9.04728577303676,19.8045246724148,8,6
"5937",3.42819858315809,15.1671936949492,8,6
"5938",4.67231834074027,21.1140930722793,8,6
"5939",6.68701796336037,21.6411673825815,8,6
"5940",7.97716427152283,22.3058493979131,8,6
"5941",9.54826635859532,26.5070766449106,8,6
"5942",8.45466471119443,21.5111490318465,8,6
"5943",6.14507252923846,17.2920458333115,8,6
"5944",8.08648844506624,21.1330706302517,8,6
"5945",4.25702492638534,20.4240334365786,8,6
"5946",10.6369874295866,24.7760468722493,8,6
"5947",8.293861442456,25.1535185198888,8,6
"5948",2.89538100635764,19.1745889149761,8,6
"5949",8.9044643298943,22.0605199678304,8,6
"5950",10.8967659863357,26.4026575729549,8,6
"5951",12.3908441015022,25.7411649387815,8,6
"5952",11.2664766510099,27.9763216826161,8,6
"5953",12.8046006956946,25.7547819894467,8,6
"5954",6.84564410347023,20.9367028426693,8,6
"5955",8.94526638003609,24.6973074381331,8,6
"5956",5.85356505223149,20.978205376674,8,6
"5957",5.63875935693858,15.9632413634138,8,6
"5958",10.0938143252694,25.2951969627898,8,6
"5959",6.43980188819523,16.6655860892519,8,6
"5960",8.79460182391646,22.7124758452732,8,6
"5961",7.53876075871963,25.9654402548239,8,6
"5962",7.16894452625411,18.8146554479811,8,6
"5963",5.7825502007336,16.5317809480846,8,6
"5964",8.79203194507039,25.9582873756792,8,6
"5965",7.6543971028473,22.0833454461317,8,6
"5966",7.83743791761251,25.1528240133414,8,6
"5967",3.57565173170408,20.2113375650042,8,6
"5968",6.36922839125112,20.0139268008819,8,6
"5969",7.32329275673769,18.9882511603522,8,6
"5970",8.07178162238294,25.7935340796126,8,6
"5971",8.01059654449573,23.0175695995739,8,6
"5972",7.29493877039138,21.0110366706442,8,6
"5973",8.5324842323901,27.4061348523055,8,6
"5974",6.22937778473786,21.7136182815895,8,6
"5975",6.39674858505535,14.0995696215415,8,6
"5976",7.22254019170707,24.2597894848357,8,6
"5977",9.24001100884244,25.9189709315571,8,6
"5978",6.43546177221709,17.4867332598763,8,6
"5979",6.01955655419461,16.6040793605271,8,6
"5980",10.178383932809,25.573045059261,8,6
"5981",9.90545052358504,26.3800781449286,8,6
"5982",8.41303085782326,26.4630168306454,8,6
"5983",6.74311789387758,18.6897773785237,8,6
"5984",9.00503301015556,26.085753534136,8,6
"5985",9.37909370166142,21.5120025535753,8,6
"5986",9.46494832405748,24.8348241748007,8,6
"5987",6.41371421758244,19.0495314052857,8,6
"5988",10.4691912690096,25.6642874871863,8,6
"5989",6.13954870715395,17.7297905433203,8,6
"5990",7.66777885374946,24.2209712169072,8,6
"5991",8.90961272227888,24.4948656687711,8,6
"5992",11.6442313565434,30.3258636098851,8,6
"5993",7.60349414018329,22.2603707544052,8,6
"5994",8.2357448760355,25.3223186121724,8,6
"5995",7.45794203227128,25.2829506571227,8,6
"5996",10.4185424420821,21.600693942651,8,6
"5997",7.9150572932894,23.0147423794828,8,6
"5998",8.60144052345918,25.1301262104489,8,6
"5999",8.67835426697181,24.4644215662646,8,6
"6000",9.30454426869776,26.4915380820249,8,6
